%12/6/2014 12:24:34 PM
%Duration	ID1		ID2		ID3		ID4		ID5		ID6		ID7		ID8
3000.000000	2.422333	3.385544	6.389618	8.630753	4.997253	11.911392	37.717819	26.979446
%Tau		Tau1		Tau2		Tau3		Tau4		Tau5		Tau6		Tau7		Tau8
%		0.000001	0.000002	0.000002	0.000002	0.000002	0.000029	0.000051	0.000051
%Delaytime	D1		D2		D3		D4		D5		D6		D7		D8
0.00000000	9.49271584	18.05993652	13.79000282	8.99854088	9.77598190	2.49965906	2.41468167	3.37790465
0.00000020	4.27172232	3.00998926	2.77784228	2.86500645	2.44399548	1.63770771	1.67652726	1.65152407
0.00000040	0.94927162	1.50499463	1.58733845	1.97725785	2.17244029	1.74545157	1.50043166	1.34274054
0.00000060	0.94927162	1.00332975	1.38892114	1.53338373	1.08622015	1.50841498	1.48837030	1.33806193
0.00000080	1.42390740	2.25749207	1.98417306	1.89655352	0.95044267	1.70235407	1.45942307	1.47373962
0.00000100	1.42390740	1.75582707	1.38892114	1.37197483	1.62933028	1.40067101	1.49078250	1.35209763
0.00000120	1.42390740	1.50499463	1.09129524	1.57373583	1.08622015	1.44376862	1.44012487	1.34741902
0.00000140	0.94927162	1.25416219	1.68654716	1.65444028	0.40733257	1.65925646	1.51972973	1.49245369
0.00000160	0.94927162	1.75582707	1.19050384	1.49303150	1.08622015	1.12053680	1.47872114	1.43163276
0.00000180	1.89854324	0.25083244	1.19050384	1.41232705	1.35777521	1.37912226	1.39911628	1.45502543
0.00000200	1.89854324	2.00665951	0.89287788	1.57373583	0.67888761	1.48686612	1.48113346	1.45034695
0.00000220	0.00000000	1.75582707	2.08338189	1.97725785	1.08622015	1.24982953	1.61139596	1.38016880
0.00000240	0.47463581	1.75582707	0.89287788	1.17021382	0.95044267	1.37912226	1.40152860	1.54391766
0.00000260	1.89854324	0.75249732	1.38892114	1.41232705	1.22199774	1.22828078	1.47872114	1.62813139
0.00000280	1.89854324	0.50166488	0.79366922	1.57373583	1.35777521	1.61615884	1.55591381	1.47373962
0.00000300	1.42390740	1.75582707	1.98417306	1.33162272	0.40733257	1.37912226	1.60174692	1.33806193
0.00000340	0.71195370	1.00332975	1.53773415	1.49303150	1.15410900	1.75622594	1.49560702	1.50882864
0.00000380	1.42390740	1.37957847	1.48812985	1.43250322	1.35777521	1.29292715	1.44133103	1.43865061
0.00000420	0.71195370	1.88124335	1.24010825	1.15003777	1.22199774	1.27137828	1.45098007	1.48777521
0.00000460	0.71195370	1.50499463	1.53773415	1.41232705	0.95044267	1.44376862	1.36775672	1.49245369
0.00000500	1.18658948	1.37957847	1.04169095	1.21056604	1.15410900	1.64848208	1.40394080	1.52052498
0.00000540	1.18658948	1.37957847	1.09129524	0.90792453	1.42566407	1.49764061	1.47992730	1.43397200
0.00000580	0.71195370	1.50499463	0.99208653	1.47285533	1.62933028	1.31447589	1.46907210	1.43865061
0.00000620	2.61049700	1.37957847	1.19050384	1.21056604	1.49355280	1.65925646	1.42806351	1.46906102
0.00000700	1.18658948	1.00332975	1.68654716	1.53338373	1.56144154	1.38450944	1.45218623	1.46789145
0.00000780	1.30524850	1.19145405	1.24010825	1.37197483	1.49355280	1.30370152	1.44072795	1.45970392
0.00000860	1.06793058	1.56770277	1.04169095	1.40223897	1.42566407	1.46531737	1.43107891	1.43865061
0.00000940	0.94927162	0.81520545	1.06649303	1.32153463	1.25594211	1.42760706	1.38826108	1.39654374
0.00001020	0.94927162	1.56770277	1.14089954	1.22065413	1.12016463	1.34679902	1.46726286	1.44566834
0.00001100	1.77988422	1.31687033	1.58733845	1.41232705	1.25594211	1.59461010	1.41117764	1.45151651
0.00001180	1.18658948	1.50499463	1.16570175	1.32153463	1.76510787	1.36834788	1.45399547	1.40707040
0.00001260	0.71195370	1.37957847	1.16570175	1.39215100	1.08622015	1.49764061	1.38584876	1.43163276
0.00001420	1.54256630	1.19145405	1.20290494	1.45267928	1.30685866	1.38450944	1.41358995	1.41233373
0.00001580	1.30524850	1.28551626	1.19050384	1.32657862	1.54446936	1.29292715	1.45459843	1.40005267
0.00001740	1.42390740	1.31687033	1.12849844	1.36693084	1.37474740	1.50033414	1.41178071	1.40824008
0.00001900	0.71195370	1.16009998	1.17810273	1.30640256	1.47658062	1.38181579	1.38886416	1.41174901
0.00002060	0.77128315	1.00332975	1.25250924	1.34171069	1.20502555	1.26868474	1.37800896	1.38309288
0.00002220	1.54256630	1.31687033	1.26491034	1.19543397	1.59538591	1.31986308	1.35539389	1.36905730
0.00002380	0.94927162	1.37957847	1.14089954	1.26100636	1.32383084	1.43299425	1.39157796	1.37139654
0.00002540	1.18658948	1.47364056	1.28971255	1.31144655	1.23896992	1.34679902	1.30895770	1.36671805
0.00002860	1.35046136	1.28718138	1.30088007	1.39688420	1.43161774	1.33782494	1.30738938	1.32120705
0.00003180	1.17431426	1.16160274	1.25084627	1.36914825	1.27066660	1.28549278	1.30090976	1.28623903
0.00003500	1.08624065	1.13020802	1.26960897	1.24307573	1.23678219	1.28415096	1.29744387	1.27778852
0.00003820	1.40917706	1.25578666	1.22582936	1.14978194	1.16901326	1.35929465	1.27274215	1.27662289
0.00004140	1.43853498	0.92614269	1.20081246	1.18003941	1.19450784	1.20363998	1.27741361	1.25564206
0.00004460	1.43853498	1.24008930	1.34465969	1.19264662	1.07590413	1.23316061	1.25013840	1.25798917
0.00004780	1.29174566	1.22439206	1.18204975	1.34393382	1.10979092	1.31095254	1.23989141	1.26702261
0.00005100	1.23287404	1.00462937	1.15703285	1.15482485	1.13520598	1.21031642	1.23763096	1.21340442
0.00005740	1.00019026	1.25256777	1.14193046	1.21358407	1.16821945	1.20537293	1.21278107	1.18856657
0.00006380	1.16198575	1.10288978	1.18260205	1.12914991	1.09626389	1.24698377	1.20682526	1.19935989
0.00007020	1.13256836	1.05562317	1.05745888	1.10516489	1.31636322	1.18322515	1.17251277	1.16333377
0.00007660	1.14727712	1.14227879	1.14818764	1.11020565	1.21054626	1.15705061	1.14438260	1.14174736
0.00008300	1.11785972	1.03198981	1.01991606	1.13540888	1.19361556	1.16913116	1.12736547	1.14335179
0.00008940	1.05902493	1.09501207	1.13567328	1.07996166	1.07933319	1.06913090	1.11816800	1.13270438
0.00009580	1.02960765	0.97684526	1.10125899	1.13414872	1.17245209	1.15503716	1.12872243	1.13460052
0.00010220	1.11785972	1.31559002	0.96360165	1.08626246	1.04123902	1.10067463	1.09306347	1.10659647
0.00011500	1.08328140	1.07905650	1.04890239	1.11264932	1.07094646	1.08848786	1.08423162	1.08564878
0.00012780	1.09801996	1.00423145	1.10674047	1.09813368	1.03292465	1.07538569	1.06143224	1.06704021
0.00014060	1.01695812	1.10662365	1.03952324	1.09560931	1.07305884	1.02532864	1.06335425	1.06091034
0.00015340	0.92852694	1.03179848	0.98950106	1.04638255	1.05193555	1.03675103	1.05894506	1.06836724
0.00016620	1.04643512	0.99635506	1.05046558	1.03628480	1.03926170	1.04279816	1.04904342	1.04523385
0.00017900	1.03169656	1.01210773	0.97699547	1.09624040	1.12171829	1.07370591	1.03807712	1.04516089
0.00019180	1.06117368	0.92153001	0.99262744	1.05016923	1.00764525	1.06396329	1.03238654	1.02493358
0.00020460	0.92115766	1.12237632	0.98950106	1.00725365	1.05616021	1.01054668	1.02587640	1.02302337
0.00023020	0.94695008	1.01098335	1.04007685	1.03139842	1.04850376	1.04843318	1.01418555	1.02160501
0.00025580	0.97274250	0.98934752	1.00401855	1.00938773	1.02416921	1.02305436	1.01821733	1.02679098
0.00028140	1.01695812	0.99534041	0.96723849	1.03778565	1.00300872	0.99549055	1.01122689	1.02306581
0.00030700	0.91747308	1.00517571	0.94923967	1.02169347	1.02945936	1.01767612	0.99513638	1.01495814
0.00033260	1.00221956	0.91272318	0.96958613	0.97531021	1.00512469	1.04187846	1.00089288	1.01158547
0.00035820	1.07591212	1.03664899	1.00552499	1.02110028	1.06225812	1.00991738	0.99219704	1.00906551
0.00038380	1.03169656	1.00714290	0.99848235	1.01222754	0.97126788	0.99380982	0.99806666	1.00030053
0.00040940	0.98748106	1.06222093	0.97891963	1.02642643	0.98925436	1.03515553	0.99888664	1.00824928
0.00046060	0.92484230	1.00003731	0.98088330	1.00590503	0.94675487	0.99412942	1.00105691	0.99635184
0.00051180	0.96353096	0.96074313	1.00275016	0.98682457	1.00648868	0.98645234	1.00592673	0.99368882
0.00056300	1.05196202	0.98637563	0.99415958	1.00842810	0.99162012	0.98409843	1.00773537	0.99697208
0.00061420	1.01682925	0.99718255	0.99455005	0.98402262	0.96889108	1.00646043	1.00384486	0.99702692
0.00066540	0.99104005	1.00307727	0.99259764	1.00058067	0.98686290	1.00679672	0.99858886	1.00863361
0.00071660	1.02603960	1.07774317	0.97307372	1.01946640	1.01963496	1.00371337	1.00125468	0.99938482
0.00076780	1.02972376	0.93332356	0.99142623	0.99636978	0.99095702	1.01335406	1.00850749	0.98962420
0.00081900	0.92288303	1.03746283	0.97748303	1.00204623	1.01896811	0.98695672	1.00767851	0.99952543
0.00092140	1.02458704	1.02740049	1.00081933	0.99608529	1.02064848	0.98145461	1.00836122	1.00403929
0.00102380	0.96285385	1.02552819	1.00335550	1.00141156	1.01192272	0.99381495	1.00039172	0.99426764
0.00112620	1.00523782	0.99847597	1.01941252	0.98625416	0.98574549	0.99925429	1.00702858	0.99992669
0.00122860	0.96285385	1.03192246	0.99925864	1.00306928	0.99076945	0.98776686	1.00255835	0.99290544
0.00133100	1.03472233	0.95765156	1.00433099	1.00906909	1.02382147	0.99441844	0.99562043	0.99969685
0.00143340	1.03208899	1.07864916	0.99925864	1.01565921	1.00213933	0.98653287	0.99989611	0.99795419
0.00153580	1.01458037	0.99552476	1.00101447	0.99813288	1.02831662	0.99530095	1.00165737	1.00763011
0.00163820	0.99338567	1.01716661	1.01525617	0.99734336	0.99552894	0.99584728	1.00429988	0.99880219
0.00184300	1.06107736	1.01600957	1.00189424	0.99402606	0.98238069	1.00195360	0.99971783	1.00199652
0.00204780	0.95961398	0.98737437	0.99766791	0.98661041	0.98271209	0.99940652	1.00260627	1.00518942
0.00225260	0.99717438	1.01714575	0.98742080	1.00750697	1.02597940	0.99635249	0.99961162	1.00203836
0.00245740	0.99439937	1.00109231	1.00238109	0.99681824	0.99428833	1.01228404	1.00150919	1.00187302
0.00266220	1.00549960	1.00478363	1.00243950	0.99516451	0.99375910	1.00345087	0.99615163	1.00116313
0.00286700	0.99301183	0.98814112	1.00569284	1.01780057	1.01936364	1.00264668	1.00104773	1.00230289
0.00307180	1.01693332	1.00481689	1.00240052	1.00479043	0.99713135	1.00201046	1.00077915	0.99508792
0.00327660	1.00108278	0.98841590	1.01547515	1.01220131	0.99078107	1.00614750	1.00351262	1.00065982
0.00368620	0.99865127	1.01728153	1.00234222	1.01178300	1.00349176	0.99301279	1.00467014	1.00133371
0.00409580	1.00464630	0.99573994	1.00741315	0.99480426	0.99396169	1.00050128	1.00150394	1.00426066
0.00450540	1.00222778	1.00701988	1.00177765	0.99742478	1.00077689	1.00429702	0.99941730	1.00242782
0.00491500	0.99204350	0.99955082	0.99217188	1.00046420	1.00044239	1.00278687	1.00044572	1.00122535
0.00532460	1.01416123	1.00456107	1.02109885	0.99794286	0.99031800	0.99023145	0.99835366	1.00187254
0.00573420	0.99669451	1.01427352	1.00268292	1.00986063	0.99574226	0.99510843	0.99731380	1.00453508
0.00614380	0.99229562	1.02226472	1.00641108	0.99221444	0.99150991	1.00385106	0.99648678	1.00047541
0.00655340	1.01184630	1.01710117	0.99331874	0.99728668	1.00149727	0.99625182	0.99895382	0.99878979
0.00737260	1.02362406	1.00929773	0.98955506	1.00040865	1.01473272	0.99454969	1.00158751	0.99632430
0.00819180	0.99861819	1.00951946	0.99429548	0.99795538	1.00118864	1.00334930	1.00364244	1.00071919
0.00901100	0.98657548	0.99276268	0.99487889	1.00188947	1.00452983	0.99742538	0.99808890	0.99713653
0.00983020	0.99350613	1.00424254	1.00059676	1.00018907	0.99565637	0.99661261	0.99847829	1.00499010
0.01064940	1.00738668	0.99782681	0.99000794	0.99929547	1.00466228	1.00306010	0.99945337	0.99730772
0.01146860	0.98287356	1.00212526	1.00083947	1.00757790	1.00579190	1.00101042	0.99909592	1.00334632
0.01228780	0.98598742	0.98877084	1.00515854	1.00065267	0.99241430	0.99884504	0.99992812	1.00157881
0.01310700	0.99628222	1.00068188	1.00309598	1.00098073	0.99277711	0.99795759	1.00115025	1.00282598
0.01474540	0.99887514	1.00278521	0.99839473	1.00113249	1.00222230	0.99750906	1.00055611	0.99966162
0.01638380	1.00219274	0.99987483	0.99989063	1.00160050	1.00147367	1.00024176	1.00156307	1.00039208
0.01802220	1.00495791	0.99175340	0.99917394	1.00464654	0.99812353	0.99966097	0.99889094	0.99970376
0.01966060	1.00485432	0.99696475	0.99458796	1.00285339	1.00468493	0.99819022	1.00065732	0.99903482
0.02129900	0.99372709	1.00671935	1.00050294	1.00034642	1.00588691	1.00016141	0.99983752	0.99953353
0.02293740	1.00308347	0.98638433	0.99663109	0.99588758	1.00026011	1.00188482	0.99722159	1.00033307
0.02457580	0.99024719	1.00595713	0.99748451	1.01280344	1.00525594	1.00180292	1.00098133	1.00077820
0.02621420	1.00607800	1.00699544	1.00031090	0.99993187	0.99468696	1.00116372	0.99861318	1.00307989
0.02949100	0.99649560	1.00294113	1.00038207	1.00340796	0.99831229	1.00166368	1.00096643	0.99819434
0.03276780	0.99822158	1.00184214	1.00448155	1.00137722	0.99852914	0.99870926	1.00162172	0.99844593
0.03604460	0.99658960	1.00117028	1.00179017	0.99827534	0.99692136	1.00009251	1.00092804	0.99978250
0.03932140	1.00311923	0.99791718	1.00080574	1.00391138	0.99975622	1.00251114	1.00030649	0.99905050
0.04259820	0.99763846	1.00346935	0.99931413	1.00142300	0.99449420	0.99899030	1.00060499	1.00114465
0.04587500	0.99901432	1.00228691	0.99924606	1.00001252	0.99788851	1.00154305	1.00020754	0.99926639
0.04915180	0.99965274	1.00020266	1.00000358	0.99831116	1.00226974	0.99802172	1.00085747	0.99884516
0.05242860	1.00262082	0.99663198	0.99825978	1.00196850	1.00072157	1.00269806	1.00059259	1.00184727
0.05898220	1.00236118	0.99547130	0.99753970	0.99796861	0.99825674	0.99821049	0.99928498	1.00079548
0.06553581	1.00098503	0.99302316	0.99853402	1.00355172	0.99557233	1.00048161	1.00174379	1.00042236
0.07208940	0.99841344	0.99793500	1.00103951	0.99752712	0.99439603	1.00181198	1.00014019	1.00076902
0.07864300	1.00458622	1.00140166	1.00118423	0.99956429	1.00445151	1.00039971	0.99984068	1.00111270
0.08519660	1.00257528	0.99894440	0.99649185	1.00053346	0.99714142	0.99872684	1.00009251	1.00072992
0.09175020	0.99578524	0.99354583	1.00156522	0.99929976	0.99806666	1.00127590	0.99998701	0.99994195
0.09830380	1.00088584	0.99130547	1.00166154	1.00046015	0.99597311	1.00115311	0.99972147	1.00019145
0.10485740	0.99780691	1.00044549	0.99851960	0.99807400	1.00037766	1.00011313	1.00004089	0.99932081
0.11796460	0.99739832	1.00455844	0.99947631	1.00014532	0.99964046	0.99848819	0.99996787	0.99990892
0.13107181	1.00093150	1.00071001	0.99902755	0.99902511	1.00238299	0.99995017	0.99929082	1.00093853
0.14417900	0.99990219	1.00412428	0.99748600	1.00149012	1.00040853	1.00144160	0.99886042	1.00017965
0.15728620	1.00127339	1.00107551	1.00007319	1.00195801	1.00081408	0.99961478	1.00007403	1.00042975
0.17039341	0.99995929	1.00024104	1.00102544	0.99815100	0.99902081	1.00163305	0.99889529	0.99996400
0.18350060	0.99954993	1.00203514	0.99814004	0.99915141	0.99881935	1.00013399	1.00004148	1.00016558
0.19660780	0.99902874	1.00043046	0.99829960	0.99770838	1.00021684	1.00120366	0.99996316	1.00022912
0.20971501	1.00106001	0.99946463	1.00167358	0.99875605	0.99863333	0.99939781	0.99930233	1.00043106
0.23592941	0.99686867	0.99808168	1.00063992	0.99998260	1.00111890	1.00067794	1.00020027	0.99978280
0.26214382	0.99782676	0.99907154	1.00305247	1.00054646	1.00158715	1.00026190	1.00047553	0.99996084
0.28835821	1.00084674	1.00312924	1.00008523	1.00103951	1.00012314	1.00002563	0.99982983	0.99997759
0.31457260	0.99933863	1.00248206	1.00104523	1.00236988	0.99890733	1.00053585	1.00012493	0.99959147
0.34078699	1.00258684	1.00151479	1.00015759	1.00001788	1.00030494	1.00032008	1.00019753	0.99969834
0.36700141	0.99984884	0.99803418	0.99962729	0.99993682	1.00009644	0.99980575	0.99991369	0.99985790
0.39321581	0.99864906	0.99823731	1.00113750	0.99963534	0.99983817	0.99981385	0.99942178	1.00088263
0.41943020	0.99746913	0.99874663	1.00074649	1.00068605	1.00030100	1.00049472	1.00039756	0.99990523
0.47185901	0.99979681	1.00127506	1.00005662	0.99942261	0.99877667	1.00020373	0.99959767	0.99961084
0.52428782	1.00125158	0.99981230	0.99937606	0.99911934	0.99997336	1.00003803	1.00013030	1.00022507
0.57671660	0.99851549	1.00046480	0.99982834	0.99935567	0.99982762	0.99983591	1.00013125	1.00000095
0.62914538	1.00068212	1.00249493	1.00102162	1.00026882	0.99871475	0.99976820	0.99991143	1.00027359
0.68157423	1.00113487	0.99897939	1.00121105	1.00139880	1.00071049	0.99977273	1.00038683	0.99972230
0.73400301	1.00037265	0.99935162	0.99990225	1.00072289	0.99855191	0.99934548	0.99998772	0.99995840
0.78643179	1.00001228	0.99833745	0.99815094	1.00005460	1.00124061	0.99989170	0.99983007	1.00035715
0.83886063	1.00181425	1.00003159	1.00029826	0.99912053	1.00024569	0.99953443	0.99938875	1.00027990
0.94371825	1.00077999	0.99970078	1.00012732	0.99950999	0.99914247	1.00025749	0.99987113	1.00047636
1.04857588	1.00008523	0.99865288	0.99968648	0.99963975	0.99954623	1.00007927	0.99965733	0.99989712
1.15343344	1.00064564	0.99905318	0.99958736	1.00003064	1.00112724	1.00004447	1.00061738	0.99997294
1.25829101	0.99985528	1.00076056	1.00020850	0.99971670	0.99986196	1.00032771	0.99994302	0.99994445
1.36314869	0.99992579	0.99781942	1.00025165	1.00040054	1.00002337	1.00017262	0.99986327	1.00008547
1.46800625	0.99866515	1.00016129	0.99963635	1.00083447	1.00025320	1.00024223	1.00033081	1.00015950
1.57286382	0.99997491	0.99997777	1.00037026	1.00058949	1.00171721	1.00036049	0.99937642	1.00022995
1.67772150	0.99934304	0.99850971	0.99930203	0.99994534	1.00032580	0.99985605	1.00021672	1.00003231
1.88743675	1.00080574	0.99900424	1.00009918	0.99971324	0.99996156	1.00011396	1.00004256	1.00011766
2.09715199	1.00044596	0.99934322	0.99967253	0.99943793	0.99992830	1.00004113	0.99990726	0.99999565
2.30686712	0.99926966	1.00051677	0.99921864	0.99978620	0.99927711	1.00006771	0.99988478	1.00005531
2.51658225	0.99981916	1.00035453	0.99995404	1.00027692	0.99968004	0.99995691	1.00025344	1.00006628
2.72629738	1.00000322	1.00102103	0.99969929	0.99987906	1.00014794	0.99968022	0.99992937	1.00003195
2.93601274	1.00080967	1.00076747	0.99947155	1.00013638	0.99998295	0.99982667	0.99986261	1.00000846
3.14572787	1.00157285	1.00032222	1.00005865	0.99997336	1.00083578	0.99959195	1.00034976	1.00013185
3.35544300	0.99856436	1.00078011	0.99958020	0.99973994	0.99978358	1.00046563	0.99985898	1.00001848
3.77487350	1.00130868	0.99898171	0.99948078	1.00013626	0.99957120	1.00038135	1.00025606	1.00002682
4.19430399	0.99779081	1.00080156	0.99951005	0.99984413	1.00008690	0.99951285	0.99984223	1.00000930
4.61373425	1.00226533	0.99888861	1.00110710	0.99984562	1.00038016	0.99968725	1.00002182	0.99999332
5.03316450	1.00000000	1.00000000	1.00000000	1.00000000	1.00000000	1.00000000	1.00000000	1.00000000
5.45259476	0.00000000	0.00000000	0.00000000	0.00000000	0.00000000	0.00000000	0.00000000	0.00000000
5.87202549	0.00000000	0.00000000	0.00000000	0.00000000	0.00000000	0.00000000	0.00000000	0.00000000
6.29145575	0.00000000	0.00000000	0.00000000	0.00000000	0.00000000	0.00000000	0.00000000	0.00000000
6.71088600	0.00000000	0.00000000	0.00000000	0.00000000	0.00000000	0.00000000	0.00000000	0.00000000
7.54974699	0.00000000	0.00000000	0.00000000	0.00000000	0.00000000	0.00000000	0.00000000	0.00000000
8.38860798	0.00000000	0.00000000	0.00000000	0.00000000	0.00000000	0.00000000	0.00000000	0.00000000
9.22746849	0.00000000	0.00000000	0.00000000	0.00000000	0.00000000	0.00000000	0.00000000	0.00000000
10.06632900	0.00000000	0.00000000	0.00000000	0.00000000	0.00000000	0.00000000	0.00000000	0.00000000
10.90518951	0.00000000	0.00000000	0.00000000	0.00000000	0.00000000	0.00000000	0.00000000	0.00000000
11.74405098	0.00000000	0.00000000	0.00000000	0.00000000	0.00000000	0.00000000	0.00000000	0.00000000
12.58291149	0.00000000	0.00000000	0.00000000	0.00000000	0.00000000	0.00000000	0.00000000	0.00000000
13.42177200	0.00000000	0.00000000	0.00000000	0.00000000	0.00000000	0.00000000	0.00000000	0.00000000
15.09949398	0.00000000	0.00000000	0.00000000	0.00000000	0.00000000	0.00000000	0.00000000	0.00000000
16.77721596	0.00000000	0.00000000	0.00000000	0.00000000	0.00000000	0.00000000	0.00000000	0.00000000
18.45493698	0.00000000	0.00000000	0.00000000	0.00000000	0.00000000	0.00000000	0.00000000	0.00000000
20.13265800	0.00000000	0.00000000	0.00000000	0.00000000	0.00000000	0.00000000	0.00000000	0.00000000
21.81037903	0.00000000	0.00000000	0.00000000	0.00000000	0.00000000	0.00000000	0.00000000	0.00000000
23.48810196	0.00000000	0.00000000	0.00000000	0.00000000	0.00000000	0.00000000	0.00000000	0.00000000
25.16582298	0.00000000	0.00000000	0.00000000	0.00000000	0.00000000	0.00000000	0.00000000	0.00000000
26.84354401	0.00000000	0.00000000	0.00000000	0.00000000	0.00000000	0.00000000	0.00000000	0.00000000
30.19898796	0.00000000	0.00000000	0.00000000	0.00000000	0.00000000	0.00000000	0.00000000	0.00000000
33.55443192	0.00000000	0.00000000	0.00000000	0.00000000	0.00000000	0.00000000	0.00000000	0.00000000
36.90987396	0.00000000	0.00000000	0.00000000	0.00000000	0.00000000	0.00000000	0.00000000	0.00000000
40.26531601	0.00000000	0.00000000	0.00000000	0.00000000	0.00000000	0.00000000	0.00000000	0.00000000
43.62075806	0.00000000	0.00000000	0.00000000	0.00000000	0.00000000	0.00000000	0.00000000	0.00000000
46.97620392	0.00000000	0.00000000	0.00000000	0.00000000	0.00000000	0.00000000	0.00000000	0.00000000
50.33164597	0.00000000	0.00000000	0.00000000	0.00000000	0.00000000	0.00000000	0.00000000	0.00000000
53.68708801	0.00000000	0.00000000	0.00000000	0.00000000	0.00000000	0.00000000	0.00000000	0.00000000
60.39797592	0.00000000	0.00000000	0.00000000	0.00000000	0.00000000	0.00000000	0.00000000	0.00000000
67.10886383	0.00000000	0.00000000	0.00000000	0.00000000	0.00000000	0.00000000	0.00000000	0.00000000
73.81974792	0.00000000	0.00000000	0.00000000	0.00000000	0.00000000	0.00000000	0.00000000	0.00000000
80.53063202	0.00000000	0.00000000	0.00000000	0.00000000	0.00000000	0.00000000	0.00000000	0.00000000
87.24151611	0.00000000	0.00000000	0.00000000	0.00000000	0.00000000	0.00000000	0.00000000	0.00000000
93.95240784	0.00000000	0.00000000	0.00000000	0.00000000	0.00000000	0.00000000	0.00000000	0.00000000
100.66329193	0.00000000	0.00000000	0.00000000	0.00000000	0.00000000	0.00000000	0.00000000	0.00000000
107.37417603	0.00000000	0.00000000	0.00000000	0.00000000	0.00000000	0.00000000	0.00000000	0.00000000
120.79595184	0.00000000	0.00000000	0.00000000	0.00000000	0.00000000	0.00000000	0.00000000	0.00000000
134.21772766	0.00000000	0.00000000	0.00000000	0.00000000	0.00000000	0.00000000	0.00000000	0.00000000
147.63949585	0.00000000	0.00000000	0.00000000	0.00000000	0.00000000	0.00000000	0.00000000	0.00000000
161.06126404	0.00000000	0.00000000	0.00000000	0.00000000	0.00000000	0.00000000	0.00000000	0.00000000
174.48303223	0.00000000	0.00000000	0.00000000	0.00000000	0.00000000	0.00000000	0.00000000	0.00000000
187.90481567	0.00000000	0.00000000	0.00000000	0.00000000	0.00000000	0.00000000	0.00000000	0.00000000
201.32658386	0.00000000	0.00000000	0.00000000	0.00000000	0.00000000	0.00000000	0.00000000	0.00000000
214.74835205	0.00000000	0.00000000	0.00000000	0.00000000	0.00000000	0.00000000	0.00000000	0.00000000
241.59190369	0.00000000	0.00000000	0.00000000	0.00000000	0.00000000	0.00000000	0.00000000	0.00000000
268.43545532	0.00000000	0.00000000	0.00000000	0.00000000	0.00000000	0.00000000	0.00000000	0.00000000
295.27899170	0.00000000	0.00000000	0.00000000	0.00000000	0.00000000	0.00000000	0.00000000	0.00000000
322.12252808	0.00000000	0.00000000	0.00000000	0.00000000	0.00000000	0.00000000	0.00000000	0.00000000
348.96606445	0.00000000	0.00000000	0.00000000	0.00000000	0.00000000	0.00000000	0.00000000	0.00000000
375.80963135	0.00000000	0.00000000	0.00000000	0.00000000	0.00000000	0.00000000	0.00000000	0.00000000
402.65316772	0.00000000	0.00000000	0.00000000	0.00000000	0.00000000	0.00000000	0.00000000	0.00000000
429.49670410	0.00000000	0.00000000	0.00000000	0.00000000	0.00000000	0.00000000	0.00000000	0.00000000
483.18380737	0.00000000	0.00000000	0.00000000	0.00000000	0.00000000	0.00000000	0.00000000	0.00000000
536.87091064	0.00000000	0.00000000	0.00000000	0.00000000	0.00000000	0.00000000	0.00000000	0.00000000
590.55798340	0.00000000	0.00000000	0.00000000	0.00000000	0.00000000	0.00000000	0.00000000	0.00000000
644.24505615	0.00000000	0.00000000	0.00000000	0.00000000	0.00000000	0.00000000	0.00000000	0.00000000
697.93212891	0.00000000	0.00000000	0.00000000	0.00000000	0.00000000	0.00000000	0.00000000	0.00000000
751.61926270	0.00000000	0.00000000	0.00000000	0.00000000	0.00000000	0.00000000	0.00000000	0.00000000
805.30633545	0.00000000	0.00000000	0.00000000	0.00000000	0.00000000	0.00000000	0.00000000	0.00000000
858.99340820	0.00000000	0.00000000	0.00000000	0.00000000	0.00000000	0.00000000	0.00000000	0.00000000
966.36761475	0.00000000	0.00000000	0.00000000	0.00000000	0.00000000	0.00000000	0.00000000	0.00000000
1073.74182129	0.00000000	0.00000000	0.00000000	0.00000000	0.00000000	0.00000000	0.00000000	0.00000000
1181.11596680	0.00000000	0.00000000	0.00000000	0.00000000	0.00000000	0.00000000	0.00000000	0.00000000
1288.49011230	0.00000000	0.00000000	0.00000000	0.00000000	0.00000000	0.00000000	0.00000000	0.00000000
1395.86425781	0.00000000	0.00000000	0.00000000	0.00000000	0.00000000	0.00000000	0.00000000	0.00000000
1503.23852539	0.00000000	0.00000000	0.00000000	0.00000000	0.00000000	0.00000000	0.00000000	0.00000000
1610.61267090	0.00000000	0.00000000	0.00000000	0.00000000	0.00000000	0.00000000	0.00000000	0.00000000
1717.98681641	0.00000000	0.00000000	0.00000000	0.00000000	0.00000000	0.00000000	0.00000000	0.00000000
1932.73522949	0.00000000	0.00000000	0.00000000	0.00000000	0.00000000	0.00000000	0.00000000	0.00000000
2147.48364258	0.00000000	0.00000000	0.00000000	0.00000000	0.00000000	0.00000000	0.00000000	0.00000000
2362.23193359	0.00000000	0.00000000	0.00000000	0.00000000	0.00000000	0.00000000	0.00000000	0.00000000
2576.98022461	0.00000000	0.00000000	0.00000000	0.00000000	0.00000000	0.00000000	0.00000000	0.00000000
2791.72851562	0.00000000	0.00000000	0.00000000	0.00000000	0.00000000	0.00000000	0.00000000	0.00000000
3006.47705078	0.00000000	0.00000000	0.00000000	0.00000000	0.00000000	0.00000000	0.00000000	0.00000000
3221.22534180	0.00000000	0.00000000	0.00000000	0.00000000	0.00000000	0.00000000	0.00000000	0.00000000
3435.97363281	0.00000000	0.00000000	0.00000000	0.00000000	0.00000000	0.00000000	0.00000000	0.00000000
0	0	0	0	0	0	0	0	0
