%12/5/2014 1:30:00 PM
%Duration	ID1		ID2		ID3		ID4		ID5		ID6		ID7		ID8
3000.000000	1.173019	1.420975	1.306534	3.376007	3.843307	9.956360	11.119843	11.224747
%Tau		Tau1		Tau2		Tau3		Tau4		Tau5		Tau6		Tau7		Tau8
%		0.000002	0.000002	0.000001	0.000002	0.000002	0.000025	0.000022	0.000070
%Delaytime	D1		D2		D3		D4		D5		D6		D7		D8
0.00000000	16.50869179	15.34241772	28.10969543	8.43977356	4.90539408	2.92544389	3.65309358	2.80043364
0.00000020	0.00000000	2.19177413	3.12329960	3.06900859	0.49053940	1.64110267	1.60135615	1.73966324
0.00000040	6.60347700	4.38354826	3.12329960	1.53450429	1.22634852	2.71138716	1.55131376	1.61237085
0.00000060	0.00000000	2.19177413	6.24659920	3.83626080	1.22634852	1.49839807	1.65139854	1.69723248
0.00000080	0.00000000	4.38354826	3.12329960	2.30175638	3.43377590	1.71245503	1.40118659	2.20640206
0.00000100	3.30173850	4.38354826	0.00000000	0.76725215	0.49053940	2.14056873	1.10093236	1.82452488
0.00000120	0.00000000	2.19177413	0.00000000	3.83626080	1.22634852	1.42704582	1.45122898	1.78209400
0.00000140	0.00000000	6.57532215	12.49319839	1.53450429	1.22634852	1.99786413	1.65139854	1.48507833
0.00000160	0.00000000	0.00000000	3.12329960	1.53450429	1.47161818	1.64110267	1.55131376	1.52750921
0.00000180	0.00000000	0.00000000	0.00000000	1.53450429	1.47161818	2.14056873	1.45122898	2.03667903
0.00000200	3.30173850	0.00000000	0.00000000	1.53450429	0.73580909	2.14056873	2.60220361	1.56993997
0.00000220	6.60347700	2.19177413	0.00000000	3.06900859	1.96215761	1.85515952	1.80152559	1.31535518
0.00000240	0.00000000	4.38354826	0.00000000	1.53450429	2.45269704	1.35569358	2.00169516	1.61237085
0.00000260	3.30173850	0.00000000	0.00000000	1.53450429	1.96215761	2.28327322	2.10177994	1.56993997
0.00000280	0.00000000	0.00000000	0.00000000	0.76725215	2.45269704	2.06921649	1.15097475	2.16397142
0.00000300	3.30173850	2.19177413	6.24659920	2.30175638	1.71688795	1.78380728	1.65139854	1.52750921
0.00000340	1.65086925	4.38354826	1.56164980	1.53450429	1.34898341	1.85515952	2.07675862	1.63358617
0.00000380	1.65086925	1.09588706	1.56164980	1.53450429	2.69796681	1.89083576	1.72646201	1.59115541
0.00000420	0.00000000	5.47943497	0.00000000	3.06900859	1.59425306	1.24866509	1.47625017	1.56993997
0.00000460	1.65086925	1.09588706	1.56164980	1.53450429	1.34898341	1.64110267	1.82654679	1.54872465
0.00000500	0.00000000	2.19177413	4.68494940	3.45263457	1.83952284	2.21192098	1.75148320	1.67601705
0.00000540	0.00000000	1.09588706	1.56164980	1.15087819	1.47161818	1.56975043	1.85156798	1.37900138
0.00000580	0.00000000	1.09588706	0.00000000	1.15087819	1.34898341	1.81948340	1.75148320	1.61237085
0.00000620	3.30173850	1.09588706	0.00000000	0.76725215	1.22634852	1.64110267	1.50127137	1.44264758
0.00000700	0.82543463	1.09588706	1.56164980	1.15087819	1.04239619	1.96218801	1.58884549	1.79270172
0.00000780	1.65086925	0.00000000	0.78082490	1.53450429	1.34898341	1.67677879	1.55131376	1.81391716
0.00000860	0.82543463	1.09588706	1.56164980	1.34269130	1.28766596	1.85515952	1.85156798	1.52750921
0.00000940	1.65086925	1.64383054	3.12329960	1.15087819	1.41030085	1.56975043	1.73897266	1.68662477
0.00001020	1.65086925	0.54794353	0.78082490	0.95906520	1.71688795	1.35569358	1.61386669	1.51690149
0.00001100	0.82543463	2.73971748	0.78082490	2.30175638	1.10371363	1.39136970	1.48876071	1.72905552
0.00001180	0.00000000	1.09588706	0.78082490	0.76725215	0.85844398	1.60542655	1.78901505	1.71844780
0.00001260	2.47630382	2.19177413	0.78082490	1.72631729	1.59425306	1.67677879	2.03922701	1.64419389
0.00001420	1.65086925	2.46574569	0.78082490	2.58947611	1.41030085	1.76596916	1.72646201	1.55933225
0.00001580	2.06358647	1.91780221	2.34247470	1.53450429	1.47161818	1.94434988	1.54505849	1.45325530
0.00001740	2.47630382	0.82191527	1.56164980	1.72631729	0.98107880	1.96218801	1.63888788	1.56463611
0.00001900	0.82543463	0.27397177	1.56164980	1.34269130	1.37964213	1.71245503	1.62012196	1.52220535
0.00002060	2.06358647	2.46574569	0.78082490	1.24678469	1.37964213	1.72137403	1.57007968	1.51159763
0.00002220	2.06358647	2.73971748	0.78082490	1.43859780	1.22634852	1.72137403	1.41369724	1.48507833
0.00002380	1.65086925	1.09588706	0.39041245	1.82222390	1.41030085	1.70353591	1.52003729	1.59645927
0.00002540	1.23815191	1.64383054	0.00000000	1.24678469	1.31832469	1.53407431	1.67641973	1.32596290
0.00002860	1.53263545	1.59358299	1.24398541	1.86284590	1.46015513	1.77015948	1.55613387	1.50579560
0.00003180	1.09473956	2.02819657	1.45131624	1.86284590	1.34783554	1.66041911	1.44995844	1.58445656
0.00003500	1.75158334	1.73845410	1.24398541	1.60411727	1.58852041	1.45525241	1.63244748	1.53107941
0.00003820	3.06527090	1.30384064	1.65864718	2.27681160	1.50829208	1.57930672	1.54949796	1.53950739
0.00004140	1.31368756	1.44871175	1.45131624	1.55237162	1.47620082	1.71767497	1.62912953	1.44960916
0.00004460	1.31368756	1.59358299	1.65864718	1.60411727	1.42806375	1.62701988	1.49641025	1.51141417
0.00004780	1.31368756	1.15896940	1.45131624	1.81110013	1.39597249	1.57930672	1.48977423	1.58445656
0.00005100	2.62737513	1.30384064	1.65864718	1.24189723	1.31574416	1.52205086	1.55945194	1.50298619
0.00005740	1.96374226	1.00729418	1.44354224	1.28521216	1.44388449	1.44372368	1.40289903	1.46757853
0.00006380	1.52735507	0.93534452	1.64976251	1.97922683	1.21254385	1.46743011	1.40289903	1.46339345
0.00007020	1.20006466	1.94263864	1.75287271	1.36232495	1.39602089	1.48165405	1.43916667	1.45920837
0.00007660	1.41825831	1.36704206	1.64976251	1.97922683	1.30029368	1.45320630	1.34025490	1.39782679
0.00008300	1.96374226	0.79144537	1.13421178	1.69648015	1.30029368	1.53854954	1.39960194	1.41177714
0.00008940	1.85464537	0.79144537	1.54665244	1.59366310	1.34815729	1.46743011	1.42268145	1.38527143
0.00009580	1.30916142	1.00729418	1.54665244	1.36232495	1.29231644	1.45083559	1.39630497	1.45502329
0.00010220	1.09096789	1.29509246	1.64976251	1.64507163	1.41995263	1.39631069	1.43422115	1.44107294
0.00011500	1.67249417	1.43016720	1.17943215	1.47500336	1.31795061	1.52227700	1.44486356	1.43118274
0.00012780	1.13297999	0.92960864	1.48711014	1.38599455	1.29810190	1.40120006	1.35885978	1.34728098
0.00014060	1.29483426	1.78770900	1.17943215	1.64030540	1.41335559	1.48466086	1.36465096	1.35976231
0.00015340	1.40273714	1.28715038	1.17943215	1.64030540	1.31013298	1.48230982	1.34663045	1.32786572
0.00016620	1.29483426	1.39441299	1.23071182	1.53858101	1.34983397	1.34595144	1.33516276	1.35074806
0.00017900	1.02507710	1.03687119	0.92303389	1.53883731	1.46099675	1.40590215	1.32041860	1.32370532
0.00019180	1.78039706	0.96536285	1.23071182	1.39894295	1.32204330	1.40707767	1.35154510	1.29596925
0.00020460	1.45668852	1.21564209	0.97431356	1.55155492	1.42526591	1.33772290	1.33680093	1.35490847
0.00023020	1.45071232	1.47801602	1.22660744	1.47032499	1.43737578	1.41019678	1.30177319	1.35218155
0.00025580	1.74622786	1.31774926	1.32882476	1.23052943	1.37213039	1.40902889	1.33838558	1.38671219
0.00028140	1.34325218	1.58486056	1.17549884	1.28732312	1.28513658	1.38917518	1.33472431	1.33533967
0.00030700	1.34325218	1.33555663	1.37993336	1.26208150	1.23175395	1.40377355	1.31967258	1.31810057
0.00033260	1.12833178	1.31774926	1.27771604	1.39460003	1.33061063	1.40669322	1.33269024	1.27810597
0.00035820	1.69249773	1.22871208	1.55881357	1.33780634	1.24954820	1.34538031	1.35918975	1.34085619
0.00038380	1.39698231	1.60266805	1.37993336	1.29363358	1.26141095	1.38567162	1.33681464	1.35533702
0.00040940	1.18206191	1.21124220	1.22660744	1.34411681	1.36224473	1.35238743	1.35552835	1.35602665
0.00046060	1.43593192	1.40861654	1.03081715	1.36816990	1.29596603	1.36746788	1.30592835	1.31752288
0.00051180	1.44922757	1.32888353	1.31122887	1.32109976	1.31365168	1.37501168	1.31685495	1.32746911
0.00056300	1.66195822	1.47063112	1.31122887	1.38385987	1.35688329	1.39045954	1.33810103	1.33432853
0.00061420	1.43593192	1.39089811	1.19665551	1.46230996	1.30099916	1.39249063	1.33263779	1.32992136
0.00066540	1.32956660	1.39975727	1.42580235	1.34934187	1.31770384	1.36753666	1.31503379	1.34197772
0.00071660	1.17001855	1.27572823	1.28576815	1.38699794	1.34619999	1.37130880	1.34174323	1.32225537
0.00076780	1.42263627	1.36432040	1.24757707	1.39327395	1.29019022	1.36057270	1.34099019	1.30304742
0.00081900	1.20990562	1.19599521	1.19665551	1.44034398	1.35111320	1.34838593	1.33491969	1.34557915
0.00092140	1.47392309	1.29950202	1.40650392	1.43114555	1.30929661	1.34323537	1.33204353	1.34359348
0.00102380	1.61933243	1.36557829	1.07071698	1.36269951	1.31810355	1.35376322	1.31494284	1.33477569
0.00112620	1.32190406	1.29069173	1.36215472	1.39692259	1.35577762	1.35736871	1.32027423	1.32206845
0.00122860	1.41443729	1.14532375	1.42551064	1.37358868	1.30978596	1.37409782	1.31811643	1.33281422
0.00133100	1.35495162	1.40081906	1.24811387	1.35181034	1.30024064	1.35794556	1.31223619	1.32408106
0.00143340	1.43426585	1.46689546	1.33681226	1.30669808	1.28458107	1.39630723	1.31193435	1.32877183
0.00153580	1.30868506	1.42724967	1.40016830	1.41092288	1.29828322	1.37366521	1.31400144	1.32075489
0.00163820	1.27563739	1.29950202	1.16575098	1.35803270	1.31198537	1.38044333	1.32134557	1.32080579
0.00184300	1.30051887	1.36235106	1.31547666	1.36415792	1.32055867	1.35870337	1.32449281	1.29875207
0.00204780	1.35649061	1.27488065	1.27780187	1.40359783	1.31007612	1.35955811	1.31637216	1.31089258
0.00225260	1.36636794	1.37109804	1.32803488	1.37289000	1.31787717	1.36677694	1.30990255	1.31856632
0.00245740	1.25113213	1.33829665	1.22442937	1.41852415	1.32019293	1.35353339	1.32181215	1.30478752
0.00266220	1.38612270	1.29273188	1.22128975	1.34349859	1.32043672	1.36547256	1.31841207	1.31811655
0.00286700	1.38612270	1.25335932	1.30291843	1.39532030	1.30227160	1.37526524	1.30782127	1.31333351
0.00307180	1.40258491	1.33429170	1.22756886	1.39841413	1.30592895	1.36330521	1.31172168	1.30202007
0.00327660	1.31039619	1.30585599	1.23070848	1.36979616	1.30141628	1.38299072	1.30742121	1.31428266
0.00368620	1.34670937	1.31679749	1.39460409	1.36648107	1.29713523	1.34260094	1.30685651	1.30954063
0.00409580	1.36477494	1.23646522	1.27604723	1.34080684	1.31825244	1.35123241	1.30700588	1.32765245
0.00450540	1.30565107	1.26503825	1.24952781	1.38625085	1.30380619	1.35659766	1.30541778	1.32604623
0.00491500	1.32535911	1.34756434	1.29320669	1.40549064	1.31618845	1.35907650	1.30559659	1.32035255
0.00532460	1.30729342	1.32584703	1.31660616	1.38731515	1.33379412	1.34360278	1.30758774	1.31998146
0.00573420	1.39645195	1.30014408	1.21520877	1.33691895	1.30064654	1.35633111	1.31598032	1.30993605
0.00614380	1.37838018	1.27624834	1.29675496	1.31894231	1.30975223	1.36048901	1.30571473	1.33385777
0.00655340	1.29787886	1.25886965	1.32328296	1.35385323	1.30938613	1.35034847	1.30846727	1.32682085
0.00737260	1.27204537	1.26905978	1.32268417	1.35295069	1.30894279	1.35585058	1.30792809	1.31925488
0.00819180	1.26796305	1.29264593	1.27858388	1.34558034	1.28965688	1.34412146	1.30771208	1.31440055
0.00901100	1.33209693	1.25821126	1.28633749	1.34465659	1.30640161	1.35432243	1.29865134	1.31273651
0.00983020	1.28227603	1.29263079	1.31114936	1.34792578	1.29799783	1.34905982	1.29975891	1.30869126
0.01064940	1.26679754	1.27424192	1.29796803	1.33978629	1.30271244	1.35286605	1.29874122	1.31806529
0.01146860	1.33753669	1.29858017	1.26969755	1.36956275	1.31359553	1.35683620	1.30517054	1.31410182
0.01228780	1.30854702	1.29677331	1.32908273	1.35793042	1.30536628	1.35874367	1.30544043	1.31718469
0.01310700	1.31263626	1.27188742	1.29106462	1.34820497	1.32212639	1.35174131	1.30345309	1.31501913
0.01474540	1.31108999	1.31308460	1.31748450	1.31925261	1.29620564	1.35436082	1.29758120	1.30965149
0.01638380	1.34402621	1.30042398	1.32095766	1.35628533	1.29626596	1.35884738	1.30316091	1.30944383
0.01802220	1.32416427	1.31614482	1.30990040	1.35347354	1.30181086	1.34478307	1.30324876	1.30991602
0.01966060	1.35723066	1.30751967	1.28247404	1.36722636	1.29945576	1.34982169	1.30128551	1.31198549
0.02129900	1.36175787	1.30266345	1.31153619	1.36523843	1.29706824	1.35763311	1.29974020	1.31182969
0.02293740	1.28573060	1.32029104	1.34439218	1.36448300	1.30895650	1.35418999	1.30010378	1.31611383
0.02457580	1.30004525	1.28907514	1.31124008	1.34466612	1.30312586	1.34825802	1.29977334	1.30988514
0.02621420	1.30289721	1.30257046	1.31258321	1.35311723	1.29762578	1.35614932	1.29873312	1.30938458
0.02949100	1.30114627	1.28616560	1.29927099	1.34922493	1.30904889	1.34657276	1.29655766	1.31167221
0.03276780	1.29314709	1.28695703	1.28644919	1.36029851	1.30147314	1.34767330	1.29859245	1.31230283
0.03604460	1.33988619	1.29049611	1.28652585	1.35403299	1.31168413	1.34822178	1.29929888	1.30407453
0.03932140	1.33850694	1.28437877	1.30356038	1.36364710	1.29646873	1.35098362	1.30430555	1.30916584
0.04259820	1.30514503	1.28382051	1.31292582	1.35273623	1.29932761	1.34794736	1.30327761	1.31171691
0.04587500	1.31170046	1.32085073	1.29909515	1.34340298	1.29999971	1.35194063	1.30106425	1.31367755
0.04915180	1.29641724	1.29842222	1.30440593	1.34444845	1.29573357	1.34513068	1.30363071	1.31250560
0.05242860	1.32396793	1.31312668	1.31882572	1.34816039	1.30550575	1.36033559	1.30475807	1.31013966
0.05898220	1.31252384	1.28573620	1.30291808	1.36304545	1.29899013	1.34933996	1.30082905	1.30909193
0.06553581	1.31233382	1.30084383	1.32148123	1.35484028	1.29696178	1.34884262	1.29849625	1.31145906
0.07208940	1.35092437	1.30978298	1.30257642	1.34762228	1.29783916	1.34973478	1.29959953	1.31200755
0.07864300	1.33344078	1.29708004	1.30183685	1.34887409	1.29951465	1.35130310	1.30225945	1.30981648
0.08519660	1.29809260	1.28943789	1.30123746	1.34772325	1.30180609	1.35444903	1.30368531	1.31186783
0.09175020	1.32888472	1.28585696	1.31261444	1.35574675	1.30331051	1.35624921	1.30066049	1.31458342
0.09830380	1.31922626	1.31930542	1.29624248	1.37251759	1.30505776	1.35312545	1.30284083	1.31214356
0.10485740	1.32288444	1.28037083	1.30398631	1.37568808	1.30589747	1.35034120	1.30009520	1.31066453
0.11796460	1.34641409	1.30360138	1.29807115	1.35460508	1.31287014	1.35610473	1.30641353	1.31579578
0.13107181	1.32957399	1.31025887	1.30287099	1.35223770	1.30608082	1.35511601	1.30620837	1.31455469
0.14417900	1.32624853	1.29491615	1.29890525	1.35646904	1.30271721	1.35334313	1.30236936	1.31238437
0.15728620	1.31625509	1.29728067	1.31263661	1.35353708	1.29895520	1.34967685	1.30012453	1.30974746
0.17039341	1.30884409	1.28809488	1.29150426	1.35194099	1.30089879	1.34762645	1.29903471	1.30686629
0.18350060	1.32207847	1.29219663	1.29857421	1.33860135	1.29469430	1.34914792	1.29726160	1.30331862
0.19660780	1.31621933	1.28749657	1.28836906	1.35437262	1.29442322	1.34403062	1.29272294	1.30107772
0.20971501	1.30765712	1.29297900	1.29083753	1.34348416	1.29029775	1.34254932	1.29244673	1.29776788
0.23592941	1.31276333	1.28392971	1.29953587	1.33587170	1.28763843	1.33808255	1.28826380	1.29562283
0.26214382	1.31961322	1.28233290	1.28341901	1.33685589	1.27945769	1.33334005	1.28542030	1.28826380
0.28835821	1.29678869	1.28156841	1.28262603	1.33137751	1.27185726	1.33169222	1.27843857	1.28347981
0.31457260	1.29366446	1.26652288	1.28165674	1.33150625	1.26622736	1.32516921	1.27487695	1.27727938
0.34078699	1.29921484	1.26745808	1.26337981	1.32049656	1.26248848	1.32097316	1.27026820	1.27073455
0.36700141	1.28234112	1.26502120	1.26814556	1.31734717	1.25645375	1.31667674	1.26419568	1.26417387
0.39321581	1.28154659	1.25863636	1.25127244	1.31855178	1.24917424	1.31066728	1.26018035	1.25849271
0.41943020	1.28389704	1.25095105	1.24973190	1.30911076	1.23817742	1.30783653	1.25313234	1.25195718
0.47185901	1.27070832	1.24076188	1.23630798	1.29626787	1.22014248	1.29428303	1.23837006	1.23617184
0.52428782	1.25225174	1.22720265	1.22651970	1.28559875	1.20547128	1.28561723	1.22783470	1.22412753
0.57671660	1.24974036	1.21442842	1.21694624	1.27723062	1.19106460	1.27350736	1.21854758	1.21154308
0.62914538	1.22727680	1.21103036	1.20791364	1.26592600	1.17648935	1.26387846	1.20607889	1.20044053
0.68157423	1.21906543	1.19087183	1.18848336	1.25527680	1.15830827	1.25309253	1.19431508	1.18823397
0.73400301	1.21544313	1.17518175	1.17609298	1.24692738	1.14699078	1.24079561	1.18342853	1.17492449
0.78643179	1.19192207	1.15893877	1.16074216	1.23520339	1.12841833	1.23179150	1.17271042	1.16249156
0.83886063	1.18721044	1.15211987	1.15396035	1.22328901	1.11144924	1.22096765	1.16093314	1.15001416
0.94371825	1.15436542	1.13280118	1.13009095	1.20539761	1.08422720	1.20025694	1.13989651	1.12588239
1.04857588	1.13155901	1.10943937	1.10330141	1.18419003	1.05109656	1.17869473	1.11466849	1.09845245
1.15343344	1.10262871	1.07933736	1.08518863	1.15880108	1.01999700	1.15299320	1.09190023	1.07308817
1.25829101	1.07300508	1.05257392	1.05819988	1.13481152	0.98854125	1.13025081	1.06829679	1.04837620
1.36314869	1.04663503	1.02983916	1.03003216	1.11155379	0.96316320	1.10447752	1.04731691	1.02498794
1.46800625	1.02363920	1.00662804	1.01658857	1.08497274	0.94518936	1.07951128	1.02852154	1.00710440
1.57286382	1.00171578	0.99409962	0.99782538	1.06064451	0.93279237	1.05719161	1.01488662	0.99399322
1.67772150	0.99376434	0.98139584	0.99295014	1.05282283	0.92470461	1.04735446	1.01003408	0.99011034
1.88743675	0.97471976	0.96561509	0.98372161	1.03359437	0.91935712	1.02721322	1.00366926	0.98701340
2.09715199	0.96198511	0.96199024	0.97179657	1.01969397	0.91312957	1.02321160	1.00112522	0.98042858
2.30686712	0.95195216	0.94945109	0.97285545	1.00813556	0.90920770	1.02278817	0.99768639	0.97830242
2.51658225	0.94972950	0.95262319	0.96363688	1.00135863	0.90926260	1.01210487	0.99587303	0.97967339
2.72629738	0.95133317	0.95447320	0.96217710	0.98101664	0.90990973	1.01237130	0.99758834	0.97609055
2.93601274	0.95111573	0.97381669	0.97008079	0.97924548	0.90910167	1.01302183	0.99360973	0.97191727
3.14572787	0.95888460	0.97345632	0.96645927	0.98846620	0.91206795	1.01922798	0.99217945	0.97003984
3.35544300	0.96978712	0.97538781	0.96037674	0.99298126	0.91832346	1.02291930	0.98699611	0.97781593
3.77487350	0.96262532	0.94078660	0.99690521	0.98916095	0.93955147	1.00244260	0.99124193	0.97830522
4.19430399	0.00000000	0.93467337	0.99884391	0.00000000	0.97758019	0.00000000	0.99254715	0.98572618
4.61373425	0.00000000	0.00000000	0.00000000	0.00000000	0.00000000	0.00000000	0.00000000	0.00000000
5.03316450	0.00000000	0.00000000	0.00000000	0.00000000	0.00000000	0.00000000	0.00000000	0.00000000
5.45259476	0.00000000	0.00000000	0.00000000	0.00000000	0.00000000	0.00000000	0.00000000	0.00000000
5.87202549	0.00000000	0.00000000	0.00000000	0.00000000	0.00000000	0.00000000	0.00000000	0.00000000
6.29145575	0.00000000	0.00000000	0.00000000	0.00000000	0.00000000	0.00000000	0.00000000	0.00000000
6.71088600	0.00000000	0.00000000	0.00000000	0.00000000	0.00000000	0.00000000	0.00000000	0.00000000
7.54974699	0.00000000	0.00000000	0.00000000	0.00000000	0.00000000	0.00000000	0.00000000	0.00000000
8.38860798	0.00000000	0.00000000	0.00000000	0.00000000	0.00000000	0.00000000	0.00000000	0.00000000
9.22746849	0.00000000	0.00000000	0.00000000	0.00000000	0.00000000	0.00000000	0.00000000	0.00000000
10.06632900	0.00000000	0.00000000	0.00000000	0.00000000	0.00000000	0.00000000	0.00000000	0.00000000
10.90518951	0.00000000	0.00000000	0.00000000	0.00000000	0.00000000	0.00000000	0.00000000	0.00000000
11.74405098	0.00000000	0.00000000	0.00000000	0.00000000	0.00000000	0.00000000	0.00000000	0.00000000
12.58291149	0.00000000	0.00000000	0.00000000	0.00000000	0.00000000	0.00000000	0.00000000	0.00000000
13.42177200	0.00000000	0.00000000	0.00000000	0.00000000	0.00000000	0.00000000	0.00000000	0.00000000
15.09949398	0.00000000	0.00000000	0.00000000	0.00000000	0.00000000	0.00000000	0.00000000	0.00000000
16.77721596	0.00000000	0.00000000	0.00000000	0.00000000	0.00000000	0.00000000	0.00000000	0.00000000
18.45493698	0.00000000	0.00000000	0.00000000	0.00000000	0.00000000	0.00000000	0.00000000	0.00000000
20.13265800	0.00000000	0.00000000	0.00000000	0.00000000	0.00000000	0.00000000	0.00000000	0.00000000
21.81037903	0.00000000	0.00000000	0.00000000	0.00000000	0.00000000	0.00000000	0.00000000	0.00000000
23.48810196	0.00000000	0.00000000	0.00000000	0.00000000	0.00000000	0.00000000	0.00000000	0.00000000
25.16582298	0.00000000	0.00000000	0.00000000	0.00000000	0.00000000	0.00000000	0.00000000	0.00000000
26.84354401	0.00000000	0.00000000	0.00000000	0.00000000	0.00000000	0.00000000	0.00000000	0.00000000
30.19898796	0.00000000	0.00000000	0.00000000	0.00000000	0.00000000	0.00000000	0.00000000	0.00000000
33.55443192	0.00000000	0.00000000	0.00000000	0.00000000	0.00000000	0.00000000	0.00000000	0.00000000
36.90987396	0.00000000	0.00000000	0.00000000	0.00000000	0.00000000	0.00000000	0.00000000	0.00000000
40.26531601	0.00000000	0.00000000	0.00000000	0.00000000	0.00000000	0.00000000	0.00000000	0.00000000
43.62075806	0.00000000	0.00000000	0.00000000	0.00000000	0.00000000	0.00000000	0.00000000	0.00000000
46.97620392	0.00000000	0.00000000	0.00000000	0.00000000	0.00000000	0.00000000	0.00000000	0.00000000
50.33164597	0.00000000	0.00000000	0.00000000	0.00000000	0.00000000	0.00000000	0.00000000	0.00000000
53.68708801	0.00000000	0.00000000	0.00000000	0.00000000	0.00000000	0.00000000	0.00000000	0.00000000
60.39797592	0.00000000	0.00000000	0.00000000	0.00000000	0.00000000	0.00000000	0.00000000	0.00000000
67.10886383	0.00000000	0.00000000	0.00000000	0.00000000	0.00000000	0.00000000	0.00000000	0.00000000
73.81974792	0.00000000	0.00000000	0.00000000	0.00000000	0.00000000	0.00000000	0.00000000	0.00000000
80.53063202	0.00000000	0.00000000	0.00000000	0.00000000	0.00000000	0.00000000	0.00000000	0.00000000
87.24151611	0.00000000	0.00000000	0.00000000	0.00000000	0.00000000	0.00000000	0.00000000	0.00000000
93.95240784	0.00000000	0.00000000	0.00000000	0.00000000	0.00000000	0.00000000	0.00000000	0.00000000
100.66329193	0.00000000	0.00000000	0.00000000	0.00000000	0.00000000	0.00000000	0.00000000	0.00000000
107.37417603	0.00000000	0.00000000	0.00000000	0.00000000	0.00000000	0.00000000	0.00000000	0.00000000
120.79595184	0.00000000	0.00000000	0.00000000	0.00000000	0.00000000	0.00000000	0.00000000	0.00000000
134.21772766	0.00000000	0.00000000	0.00000000	0.00000000	0.00000000	0.00000000	0.00000000	0.00000000
147.63949585	0.00000000	0.00000000	0.00000000	0.00000000	0.00000000	0.00000000	0.00000000	0.00000000
161.06126404	0.00000000	0.00000000	0.00000000	0.00000000	0.00000000	0.00000000	0.00000000	0.00000000
174.48303223	0.00000000	0.00000000	0.00000000	0.00000000	0.00000000	0.00000000	0.00000000	0.00000000
187.90481567	0.00000000	0.00000000	0.00000000	0.00000000	0.00000000	0.00000000	0.00000000	0.00000000
201.32658386	0.00000000	0.00000000	0.00000000	0.00000000	0.00000000	0.00000000	0.00000000	0.00000000
214.74835205	0.00000000	0.00000000	0.00000000	0.00000000	0.00000000	0.00000000	0.00000000	0.00000000
241.59190369	0.00000000	0.00000000	0.00000000	0.00000000	0.00000000	0.00000000	0.00000000	0.00000000
268.43545532	0.00000000	0.00000000	0.00000000	0.00000000	0.00000000	0.00000000	0.00000000	0.00000000
295.27899170	0.00000000	0.00000000	0.00000000	0.00000000	0.00000000	0.00000000	0.00000000	0.00000000
322.12252808	0.00000000	0.00000000	0.00000000	0.00000000	0.00000000	0.00000000	0.00000000	0.00000000
348.96606445	0.00000000	0.00000000	0.00000000	0.00000000	0.00000000	0.00000000	0.00000000	0.00000000
375.80963135	0.00000000	0.00000000	0.00000000	0.00000000	0.00000000	0.00000000	0.00000000	0.00000000
402.65316772	0.00000000	0.00000000	0.00000000	0.00000000	0.00000000	0.00000000	0.00000000	0.00000000
429.49670410	0.00000000	0.00000000	0.00000000	0.00000000	0.00000000	0.00000000	0.00000000	0.00000000
483.18380737	0.00000000	0.00000000	0.00000000	0.00000000	0.00000000	0.00000000	0.00000000	0.00000000
536.87091064	0.00000000	0.00000000	0.00000000	0.00000000	0.00000000	0.00000000	0.00000000	0.00000000
590.55798340	0.00000000	0.00000000	0.00000000	0.00000000	0.00000000	0.00000000	0.00000000	0.00000000
644.24505615	0.00000000	0.00000000	0.00000000	0.00000000	0.00000000	0.00000000	0.00000000	0.00000000
697.93212891	0.00000000	0.00000000	0.00000000	0.00000000	0.00000000	0.00000000	0.00000000	0.00000000
751.61926270	0.00000000	0.00000000	0.00000000	0.00000000	0.00000000	0.00000000	0.00000000	0.00000000
805.30633545	0.00000000	0.00000000	0.00000000	0.00000000	0.00000000	0.00000000	0.00000000	0.00000000
858.99340820	0.00000000	0.00000000	0.00000000	0.00000000	0.00000000	0.00000000	0.00000000	0.00000000
966.36761475	0.00000000	0.00000000	0.00000000	0.00000000	0.00000000	0.00000000	0.00000000	0.00000000
1073.74182129	0.00000000	0.00000000	0.00000000	0.00000000	0.00000000	0.00000000	0.00000000	0.00000000
1181.11596680	0.00000000	0.00000000	0.00000000	0.00000000	0.00000000	0.00000000	0.00000000	0.00000000
1288.49011230	0.00000000	0.00000000	0.00000000	0.00000000	0.00000000	0.00000000	0.00000000	0.00000000
1395.86425781	0.00000000	0.00000000	0.00000000	0.00000000	0.00000000	0.00000000	0.00000000	0.00000000
1503.23852539	0.00000000	0.00000000	0.00000000	0.00000000	0.00000000	0.00000000	0.00000000	0.00000000
1610.61267090	0.00000000	0.00000000	0.00000000	0.00000000	0.00000000	0.00000000	0.00000000	0.00000000
1717.98681641	0.00000000	0.00000000	0.00000000	0.00000000	0.00000000	0.00000000	0.00000000	0.00000000
1932.73522949	0.00000000	0.00000000	0.00000000	0.00000000	0.00000000	0.00000000	0.00000000	0.00000000
2147.48364258	0.00000000	0.00000000	0.00000000	0.00000000	0.00000000	0.00000000	0.00000000	0.00000000
2362.23193359	0.00000000	0.00000000	0.00000000	0.00000000	0.00000000	0.00000000	0.00000000	0.00000000
2576.98022461	0.00000000	0.00000000	0.00000000	0.00000000	0.00000000	0.00000000	0.00000000	0.00000000
2791.72851562	0.00000000	0.00000000	0.00000000	0.00000000	0.00000000	0.00000000	0.00000000	0.00000000
3006.47705078	0.00000000	0.00000000	0.00000000	0.00000000	0.00000000	0.00000000	0.00000000	0.00000000
3221.22534180	0.00000000	0.00000000	0.00000000	0.00000000	0.00000000	0.00000000	0.00000000	0.00000000
3435.97363281	0.00000000	0.00000000	0.00000000	0.00000000	0.00000000	0.00000000	0.00000000	0.00000000
0	0	0	0	0	0	0	0	0
