%12/11/2014 2:19:38 PM
%Duration	ID1		ID2		ID3		ID4		ID5		ID6		ID7		ID8
3000.000000	2.250671	3.223419	7.925034	12.454987	6.265640	47.807693	35.066605	31.642914
%Tau		Tau1		Tau2		Tau3		Tau4		Tau5		Tau6		Tau7		Tau8
%		0.000002	0.000001	0.000004	0.000009	0.000003	0.000032	0.000029	0.000025
%Delaytime	D1		D2		D3		D4		D5		D6		D7		D8
0.00000000	8.62834263	29.05138206	10.59298229	6.25098467	8.46537590	1.71633387	2.51394701	3.08601570
0.00000020	0.66371870	4.20480537	1.72068751	2.03661108	1.93998194	1.47136343	1.67596471	1.72043788
0.00000040	1.99115610	2.29353023	2.09708786	1.45184159	1.23453391	1.43900883	1.43012130	1.60954404
0.00000060	2.65487480	2.29353023	1.77445900	1.49217057	0.79362899	1.45903790	1.36667788	1.51766062
0.00000080	0.66371870	2.67578530	1.34428716	1.63332176	0.70544797	1.44054949	1.43805182	1.45429277
0.00000100	1.99115610	0.76451004	1.29051566	1.75430858	0.88180995	1.40357280	1.39575613	1.39092493
0.00000120	0.66371870	1.14676511	1.29051566	1.43167710	1.32271492	1.43900883	1.38253868	1.43528247
0.00000140	0.00000000	1.52902007	1.18297267	1.77447307	0.88180995	1.37892175	1.49620831	1.45746112
0.00000160	1.32743740	1.52902007	1.18297267	1.65348625	1.41089594	1.55456090	1.39575613	1.30537832
0.00000180	0.66371870	1.52902007	1.02165818	1.63332176	1.49907696	1.48214829	1.58872998	1.46696639
0.00000200	2.65487480	0.38225502	1.07542968	1.23003244	0.96999097	1.50834012	1.48563433	1.47330308
0.00000220	0.00000000	1.14676511	1.39805865	1.41151261	1.93998194	1.38200307	1.43540823	1.50498712
0.00000240	1.32743740	0.00000000	1.77445900	1.29052591	1.32271492	1.46366000	1.37460828	1.43211401
0.00000260	0.66371870	1.52902007	1.29051566	1.06871676	2.02816296	1.44363093	1.44069529	1.51132381
0.00000280	0.00000000	2.29353023	1.29051566	1.37118375	1.76361990	1.45133436	1.48299086	1.49231350
0.00000300	0.66371870	1.52902007	1.45183003	1.45184159	1.32271492	1.35889268	1.47770393	1.48597670
0.00000340	0.99557805	1.72014761	1.15608692	1.59299290	1.23453391	1.35427058	1.38650393	1.43845081
0.00000380	2.65487480	1.91127515	1.42494440	1.51233494	1.10226250	1.42206120	1.45259094	1.48122418
0.00000420	1.32743740	1.33789265	1.20985842	1.41151261	1.23453391	1.35118926	1.42483437	1.34339893
0.00000460	0.99557805	0.76451004	1.42494440	1.46192384	1.80771041	1.41820943	1.43144310	1.30062568
0.00000500	0.99557805	0.76451004	1.18297267	1.49217057	1.41089594	1.38893628	1.49620831	1.52716589
0.00000540	2.65487480	1.72014761	1.58625877	1.59299290	1.27862442	1.46597099	1.42219090	1.39092493
0.00000580	0.66371870	1.33789265	1.39805865	1.18970358	1.49907696	1.33963406	1.40104306	1.47963989
0.00000620	0.99557805	0.95563757	1.45183003	1.23003244	1.05817199	1.33193052	1.33627784	1.43528247
0.00000700	1.32743740	1.43345630	1.37117290	1.53249943	1.25657916	1.38701034	1.36073005	1.38538015
0.00000780	1.49336708	1.24232888	1.47871578	1.40647149	1.36680543	1.36081862	1.40236485	1.38141966
0.00000860	1.16150773	0.86007380	1.47871578	1.40143037	1.54316747	1.38624001	1.34288657	1.36874616
0.00000940	1.65929675	0.86007380	1.39805865	1.24011469	1.41089594	1.31575322	1.33892131	1.39171696
0.00001020	1.16150773	1.24232888	1.20985842	1.42663598	1.12430775	1.36004817	1.34288657	1.39330125
0.00001100	0.99557805	1.33789265	1.18297267	1.24011469	1.27862442	1.32191598	1.35940826	1.35211205
0.00001180	1.16150773	0.47781879	1.41150153	1.26532030	1.34476018	1.34233022	1.39113009	1.37587500
0.00001260	1.49336708	1.43345630	1.07542968	1.55770504	1.43294120	1.32153082	1.41161704	1.41072738
0.00001420	1.24447250	1.14676511	1.32412279	1.36362207	1.28964710	1.29456866	1.31975615	1.34933972
0.00001580	0.91261321	0.90785569	1.31740141	1.41907430	1.16839814	1.30843496	1.30158222	1.32240844
0.00001740	1.49336708	1.48123825	1.19641554	1.26532030	1.31169236	1.27685070	1.30951262	1.30656636
0.00001900	1.57633185	1.24232888	1.08887255	1.28800535	1.41089594	1.28493941	1.28968656	1.28914022
0.00002060	1.24447250	1.33789265	1.23002267	1.37118375	1.32271492	1.25951791	1.28638220	1.26854563
0.00002220	1.41040218	1.24232888	1.06870830	1.37370431	1.15737557	1.25701427	1.27911270	1.30022967
0.00002380	1.82522643	1.05120134	1.06198680	1.28044367	0.98101360	1.24719238	1.26787794	1.25626814
0.00002540	0.66371870	1.19454694	1.15608692	1.23759413	1.15737557	1.23968148	1.23780835	1.22933686
0.00002860	0.86956120	1.07705772	1.08067071	1.22522390	1.20407224	1.20230091	1.21851957	1.22979999
0.00003180	0.95237654	1.14886153	1.20484710	1.29825890	1.17108393	1.18493485	1.22955954	1.16563833
0.00003500	0.91096884	1.17279613	1.21155941	1.25418603	1.20957029	1.18895793	1.18523479	1.18967414
0.00003820	1.32504559	0.95738465	1.27532566	1.18870640	1.14359367	1.15803182	1.17304134	1.17576909
0.00004140	0.78674585	0.88558078	1.09745133	1.24537146	1.03363276	1.15803182	1.17024016	1.16325462
0.00004460	1.49067628	1.43607688	1.16121757	1.13959670	1.22056627	1.14488101	1.13843834	1.15411699
0.00004780	1.07659960	1.02918851	1.20149100	1.18996572	1.05012691	1.14065742	1.12261987	1.14140379
0.00005100	1.03519189	0.88558078	1.16457367	1.18870640	0.99514639	1.10495687	1.12047768	1.13723230
0.00005740	1.30316699	0.95651048	1.08028579	1.21884096	1.12697613	1.10690141	1.08628631	1.12542510
0.00006380	0.80672240	1.07607436	1.02988374	1.21380174	1.09124279	1.09051740	1.06147432	1.08280826
0.00007020	0.86877799	1.15976894	1.06348515	1.16341043	1.01983178	1.09633112	1.08274174	1.06036830
0.00007660	1.26179659	1.06423938	1.09204638	1.17285883	1.12703788	1.07955492	1.07862020	1.07288539
0.00008300	1.30316699	0.98053521	1.06348515	1.07522559	1.06656265	1.07907450	1.05718791	1.04695725
0.00008940	1.24111140	1.02836621	1.04836452	1.12876642	1.12978673	1.05442667	1.04886234	1.06404400
0.00009580	1.11700022	1.12402821	1.01980329	1.14766312	0.97584987	1.06904054	1.06254601	1.04289520
0.00010220	0.97220391	1.01640844	0.98452175	1.15585172	0.97584987	1.06241775	1.02883136	1.03753066
0.00011500	0.92409497	0.94988161	1.06141627	1.12737882	1.03643847	1.04651380	1.03875279	1.03983033
0.00012780	1.03830898	0.99767441	1.04717469	1.12170255	1.05980647	1.02629375	1.01714134	1.02536309
0.00014060	0.92409497	1.01559663	0.99942356	1.05802941	1.00894678	1.03652847	1.01738882	1.03453588
0.00015340	0.90332884	1.02157080	1.04717469	1.05395734	0.97183293	1.03833175	1.01738882	1.02154529
0.00016620	1.01754284	0.93793339	1.06476724	1.06531060	1.08729827	1.02260780	1.01009834	1.02704895
0.00017900	1.04869211	1.05144131	0.99607259	1.06215692	0.98282963	1.01996315	1.01496506	1.00924885
0.00019180	0.99677664	1.00364852	1.00863874	1.07508695	1.01169598	1.01529884	1.01587248	1.01336420
0.00020460	0.90332884	0.96780390	1.01785386	1.05392969	0.97320753	1.01522672	1.01657355	1.01861989
0.00023020	0.95423907	0.96647996	1.00704932	1.01972139	0.98400164	1.00824273	1.00642252	1.01556468
0.00025580	0.93868083	1.07697237	1.01840329	1.05713677	0.98675215	1.00714827	1.00207269	0.99814355
0.00028140	1.10982156	0.97554010	0.99661922	1.02558517	1.01975846	1.00619090	1.01258266	1.00714099
0.00030700	0.98535556	0.98150671	1.00914383	1.04640925	1.04038751	1.00270545	1.00314438	0.99879837
0.00033260	1.06314683	0.96957350	1.00034678	1.00554991	1.02113378	1.00959647	1.00229788	1.01578772
0.00035820	0.99572778	1.09487224	1.02590001	1.02293015	1.00875640	0.99803442	1.00686181	1.01153493
0.00038380	1.04240251	0.99940652	1.02464330	1.01046693	1.05826592	1.00857174	0.99692857	1.01311755
0.00040940	0.91275042	1.01133966	1.00788713	1.00794280	1.02732241	1.01032019	1.00619280	1.00864148
0.00046060	0.97140336	1.00089812	0.97826928	0.99900728	1.00655687	1.00441825	1.00530624	1.01000822
0.00051180	1.00242054	0.95614862	0.99671137	1.00764596	1.03373325	1.00679076	1.00451183	1.00517607
0.00056300	0.98164499	1.01879799	1.01745880	1.01386893	1.01005220	0.99693418	1.01215887	1.00550866
0.00061420	1.08552277	1.00984812	1.00383675	0.99134028	1.04032624	1.00126588	1.00758255	1.00741863
0.00066540	0.87776721	1.01133966	0.99180651	1.01518142	0.99491525	1.00623202	1.00097668	1.00706983
0.00071660	1.05955338	0.99642318	0.98275381	0.99446511	1.00380480	0.99573177	1.00091481	1.00395977
0.00076780	1.04397166	1.02327287	1.02583182	1.00675309	1.03270125	1.00097346	1.00552189	0.99705428
0.00081900	0.98164499	0.99791485	0.99524128	1.00646448	0.97903651	1.00112391	0.99793530	1.00335526
0.00092140	1.00443792	0.96879864	1.00740921	0.99508405	0.99860591	0.99863976	1.00542831	1.00620639
0.00102380	1.06139052	0.99570972	0.99975103	0.99203891	1.02187324	0.99928373	1.00136316	1.00395107
0.00112620	0.99134517	1.02785349	1.00117695	0.98526651	1.01895022	0.99824917	1.00221717	1.00064230
0.00122860	1.02240562	1.00916529	0.98670053	0.99465096	1.00983703	0.99604100	1.00320005	0.99928337
0.00133100	1.02887654	0.97926408	0.98275632	0.99324685	1.00077879	0.99707383	0.99791151	1.00411022
0.00143340	1.03534746	0.94188756	1.00191116	0.99378598	1.00290430	0.99857068	1.00203240	1.00196433
0.00153580	0.96546143	1.06149232	1.01030326	1.00787950	1.00381899	0.99995440	0.99899644	1.00055158
0.00163820	1.01722884	1.00094247	0.98875630	0.99335295	1.00485063	1.00259471	1.00721407	1.00175560
0.00184300	1.01665366	1.00577402	0.98935366	1.00152159	1.00278497	1.00339389	0.99912226	0.99867415
0.00204780	1.03992105	1.00540066	1.00489771	0.99636292	0.99628639	1.00392985	1.00054455	1.00277901
0.00225260	1.05931056	1.01361406	0.99528772	1.00040722	0.98654592	1.00332618	1.00419855	1.00071836
0.00245740	0.98692322	1.03053188	1.00459206	1.00861943	0.99562216	1.00090849	1.00440085	1.00376809
0.00266220	1.05737162	1.00028801	0.99530756	0.99503994	1.00046515	1.00193608	0.99991143	1.00237334
0.00286700	0.99015480	0.99730098	1.00576627	0.99916220	0.99092788	1.00127840	1.00391388	1.00173414
0.00307180	0.99015480	0.99767441	1.00024343	0.99716330	0.99144346	0.99965602	1.00020874	0.99972749
0.00327660	1.02650261	0.99356717	1.00655389	1.00290430	1.00190198	0.99852222	1.00519264	1.00239301
0.00368620	0.98568487	1.00466716	0.99038136	1.00160694	1.00585687	1.00058568	1.00149417	1.00052464
0.00409580	1.00103688	1.02441823	1.00766563	0.99528140	0.99223536	0.99875456	1.00216460	1.00102866
0.00450540	1.00217819	1.00406432	0.99813038	0.99512738	0.99538213	1.00148642	1.00028563	1.00297832
0.00491500	0.96892297	1.00917768	1.00304246	1.00233519	1.00902033	1.00222313	0.99804759	1.00327599
0.00532460	0.98829496	1.00257051	0.99702716	0.99900866	1.00326014	0.99716669	0.99914277	1.00092554
0.00573420	1.01556814	0.99995619	1.00745559	0.99797857	0.99740589	1.00218368	1.00201786	1.00224805
0.00614380	0.96357876	0.97724992	1.00172913	1.00285673	0.99151582	0.99662369	1.00255930	1.00099921
0.00655340	1.00667751	1.01381910	1.00666952	0.99782759	1.00071645	0.99905813	1.00332391	1.00450182
0.00737260	0.99409527	1.01595747	1.00495052	0.99308312	0.99618393	1.00006962	1.00047052	1.00385082
0.00819180	1.01674354	1.00228322	1.00154173	0.99676335	0.99797714	0.99916309	0.99910760	1.00248551
0.00901100	1.01271844	1.00280237	0.99562526	0.99960446	0.99409693	1.00035799	0.99980325	1.00335526
0.00983020	0.98925525	0.99617761	0.99706000	1.00080752	1.00850177	1.00035429	1.00053060	0.99835896
0.01064940	0.99928367	0.99543011	1.00436187	0.99739432	0.99549794	1.00012994	1.00104880	1.00226104
0.01146860	1.01580036	0.99314779	0.99761820	0.99851525	0.99280053	0.99901581	1.00005436	1.00124156
0.01228780	1.03585744	0.99909484	0.99624574	0.99527299	0.99350226	1.00079918	1.00090051	1.00049651
0.01310700	1.00384557	0.98763871	1.00507689	0.99306899	1.00346065	0.99989855	1.00234449	1.00202239
0.01474540	1.00287855	1.00437379	1.00439286	1.00331283	1.00492287	1.00017226	1.00151658	1.00096691
0.01638380	0.99544585	1.00306380	0.99621648	1.00153542	0.99902827	1.00036883	1.00129902	1.00053012
0.01802220	0.99219674	0.99385405	1.00634098	0.99574810	1.00011837	1.00121772	1.00044608	1.00174057
0.01966060	1.00727975	0.99167031	0.99994582	0.99893790	1.00353897	0.99881607	0.99879199	1.00103855
0.02129900	0.99517137	0.99357414	1.00366771	0.99878460	0.99338228	0.99912351	1.00147545	1.00186253
0.02293740	1.00292301	1.01479661	1.00414395	1.00312722	1.00376725	0.99975914	1.00038183	1.00105143
0.02457580	1.00214803	1.00136340	1.00044775	1.00259304	0.99985522	0.99984491	0.99881440	1.00142503
0.02621420	1.02850842	0.99427515	1.00852406	0.99887598	0.99790335	1.00110221	1.00070393	0.99992430
0.02949100	0.99392694	0.99722826	0.99839234	1.00214648	0.99969220	1.00005722	0.99997330	1.00021219
0.03276780	1.00098848	1.00299060	1.00342119	1.00137091	1.00012946	0.99981940	1.00041819	1.00234616
0.03604460	0.99737161	1.00225067	0.99746376	0.99784297	1.00005829	0.99965000	1.00038528	1.00255680
0.03932140	1.00385368	1.00260806	1.00170171	1.00012398	0.99992031	1.00072742	1.00069046	1.00247693
0.04259820	1.00922215	0.99832225	0.99987680	1.00000966	0.99740082	1.00084686	1.00065899	1.00221980
0.04587500	0.99625146	0.99998212	0.99955517	0.99969244	0.99851030	0.99982357	1.00074041	1.00092113
0.04915180	0.99118382	1.00661039	0.99937099	0.99868244	0.99578130	1.00009120	1.00057638	1.00289512
0.05242860	1.01066744	1.00401759	1.00070512	1.00099659	1.00344670	1.00015175	1.00024259	1.00163126
0.05898220	1.00817084	0.99961650	1.00068438	1.00079691	1.00088465	0.99998945	1.00090599	1.00144720
0.06553581	1.00354075	0.99483591	1.00049067	1.00183570	0.99607790	0.99992949	0.99966061	1.00081313
0.07208940	0.99301320	0.99868417	1.00146377	1.00013888	1.00225651	1.00098598	1.00070798	1.00109243
0.07864300	1.00702703	0.99910742	1.00131464	1.00135541	0.99881023	0.99953753	1.00090551	1.00094497
0.08519660	0.99363220	1.00444448	0.99737138	1.00151622	0.99963176	1.00002027	1.00012112	1.00103462
0.09175020	0.99896294	1.00663912	0.99965304	1.00006604	0.99974829	0.99964505	1.00055838	1.00198507
0.09830380	1.00544834	1.00139225	1.00194335	0.99978429	1.00023961	0.99993503	1.00009787	1.00215423
0.10485740	1.00454748	1.00429845	0.99956858	1.00102973	0.99964297	1.00015318	1.00088513	1.00151980
0.11796460	1.00111008	0.99326885	1.00020623	0.99923807	0.99822682	1.00010872	1.00062406	1.00163198
0.13107181	0.99881661	1.00711977	0.99957716	0.99959487	0.99701744	1.00032425	1.00052774	1.00232863
0.14417900	1.00076139	0.99768478	0.99806076	1.00076377	1.00035620	1.00023699	1.00020182	1.00111246
0.15728620	1.00243664	0.99453253	1.00055969	0.99875212	1.00222552	0.99955690	1.00041401	1.00178337
0.17039341	0.99806917	0.99928600	1.00219822	1.00016296	1.00096202	0.99971342	1.00072277	1.00237453
0.18350060	1.00137758	0.99816364	1.00149965	0.99821854	1.00092685	1.00016105	1.00026941	1.00151765
0.19660780	0.99805790	0.99788398	1.00047982	1.00070333	0.99994242	0.99997985	1.00117779	1.00168121
0.20971501	0.99806023	0.99949253	1.00060511	1.00084174	1.00105286	0.99991810	1.00028539	1.00136340
0.23592941	0.99905056	0.99998176	1.00078344	0.99971855	1.00116396	1.00002372	1.00034523	1.00122905
0.26214382	0.99825710	1.00155425	0.99946207	0.99978882	0.99988890	1.00014305	1.00051844	1.00159776
0.28835821	0.99601650	1.00041831	0.99974871	1.00043797	1.00103784	1.00026536	1.00087178	1.00109231
0.31457260	0.99636829	1.00162256	1.00048733	0.99972761	0.99962115	1.00010681	1.00042474	1.00167656
0.34078699	1.00013888	1.00184047	1.00001109	1.00018442	1.00060141	0.99988723	1.00036681	1.00080109
0.36700141	1.00059557	0.99983007	0.99937928	1.00091243	1.00002074	1.00040960	1.00037062	1.00086832
0.39321581	0.99448705	1.00227058	1.00027955	0.99992788	1.00090659	1.00023758	0.99985474	1.00088322
0.41943020	0.99779576	0.99991339	0.99929279	1.00063121	0.99965459	1.00006628	1.00043952	1.00108814
0.47185901	0.99949253	1.00026143	0.99912709	1.00037146	0.99900818	1.00023115	1.00007474	1.00107348
0.52428782	1.00221014	0.99942780	0.99948192	1.00041020	1.00055277	1.00004196	0.99991757	1.00046468
0.57671660	1.00125802	1.00075138	0.99975884	0.99972588	1.00076938	0.99987626	1.00008237	1.00096762
0.62914538	1.00156724	0.99991709	1.00082767	0.99980283	0.99903595	0.99972898	0.99976814	1.00052989
0.68157423	0.99973130	1.00251949	0.99804002	0.99965596	0.99983650	1.00039971	0.99976110	1.00043809
0.73400301	1.00297534	1.00046647	0.99839914	1.00021076	1.00103641	0.99997008	1.00007856	1.00081754
0.78643179	0.99998885	0.99857795	1.00052345	1.00027752	1.00004566	1.00024307	0.99975681	1.00052190
0.83886063	1.00163186	1.00000370	0.99992394	1.00051403	0.99965143	1.00013161	1.00006425	1.00007200
0.94371825	0.99799824	1.00066400	0.99963033	1.00035822	1.00024617	0.99988937	0.99998927	1.00041699
1.04857588	0.99918383	1.00094986	0.99924487	0.99999505	1.00035477	0.99986297	0.99970359	1.00055873
1.15343344	0.99987394	1.00043833	1.00000298	0.99987745	0.99983346	1.00002491	0.99978465	1.00074255
1.25829101	1.00278163	0.99852169	0.99902719	1.00055802	1.00038481	0.99987328	0.99971330	1.00033772
1.36314869	1.00035727	1.00110543	0.99957335	0.99997056	0.99983758	0.99984127	1.00003767	1.00020063
1.46800625	1.00033545	0.99979615	0.99968874	0.99969828	1.00060046	0.99996734	0.99961722	1.00017011
1.57286382	0.99779129	0.99775332	0.99901026	1.00028110	0.99977428	1.00019300	0.99927449	1.00007391
1.67772150	0.99690777	0.99819922	1.00028777	0.99999058	1.00054455	1.00006485	0.99994206	0.99964005
1.88743675	0.99954009	0.99992412	1.00072908	1.00009453	1.00037169	1.00018036	0.99945503	0.99993366
2.09715199	1.00182354	1.00001192	1.00007319	1.00012863	1.00039577	1.00003588	0.99992776	0.99975872
2.30686712	0.99665141	0.99980783	0.99988997	0.99975884	1.00004184	1.00013459	1.00014532	0.99955261
2.51658225	1.00138450	0.99889141	0.99974096	0.99986130	0.99987221	1.00005269	1.00019503	0.99927729
2.72629738	1.00135207	0.99934900	1.00032890	1.00006282	1.00006974	1.00002825	1.00027311	0.99925685
2.93601274	0.99611616	0.99909049	1.00045800	1.00040865	0.99944270	1.00002134	0.99993199	0.99976134
3.14572787	1.00064397	1.00060570	1.00022912	1.00024605	1.00026214	0.99989378	1.00001979	0.99950165
3.35544300	1.00303304	0.99835980	0.99916774	0.99961495	1.00046551	0.99988836	1.00008976	0.99975091
3.77487350	0.99963742	1.00045955	1.00077331	0.99999988	1.00001407	0.99996650	0.99987102	0.99984187
4.19430399	0.99600077	1.00015473	0.99882734	1.00015152	1.00026608	0.99999362	0.99986756	0.99992645
4.61373425	1.00425267	0.99991030	1.00094008	0.99986356	0.99998444	1.00000191	1.00021791	0.99989057
5.03316450	1.00000000	1.00000000	1.00000000	1.00000000	1.00000000	1.00000000	1.00000000	1.00000000
5.45259476	0.00000000	0.00000000	0.00000000	0.00000000	0.00000000	0.00000000	0.00000000	0.00000000
5.87202549	0.00000000	0.00000000	0.00000000	0.00000000	0.00000000	0.00000000	0.00000000	0.00000000
6.29145575	0.00000000	0.00000000	0.00000000	0.00000000	0.00000000	0.00000000	0.00000000	0.00000000
6.71088600	0.00000000	0.00000000	0.00000000	0.00000000	0.00000000	0.00000000	0.00000000	0.00000000
7.54974699	0.00000000	0.00000000	0.00000000	0.00000000	0.00000000	0.00000000	0.00000000	0.00000000
8.38860798	0.00000000	0.00000000	0.00000000	0.00000000	0.00000000	0.00000000	0.00000000	0.00000000
9.22746849	0.00000000	0.00000000	0.00000000	0.00000000	0.00000000	0.00000000	0.00000000	0.00000000
10.06632900	0.00000000	0.00000000	0.00000000	0.00000000	0.00000000	0.00000000	0.00000000	0.00000000
10.90518951	0.00000000	0.00000000	0.00000000	0.00000000	0.00000000	0.00000000	0.00000000	0.00000000
11.74405098	0.00000000	0.00000000	0.00000000	0.00000000	0.00000000	0.00000000	0.00000000	0.00000000
12.58291149	0.00000000	0.00000000	0.00000000	0.00000000	0.00000000	0.00000000	0.00000000	0.00000000
13.42177200	0.00000000	0.00000000	0.00000000	0.00000000	0.00000000	0.00000000	0.00000000	0.00000000
15.09949398	0.00000000	0.00000000	0.00000000	0.00000000	0.00000000	0.00000000	0.00000000	0.00000000
16.77721596	0.00000000	0.00000000	0.00000000	0.00000000	0.00000000	0.00000000	0.00000000	0.00000000
18.45493698	0.00000000	0.00000000	0.00000000	0.00000000	0.00000000	0.00000000	0.00000000	0.00000000
20.13265800	0.00000000	0.00000000	0.00000000	0.00000000	0.00000000	0.00000000	0.00000000	0.00000000
21.81037903	0.00000000	0.00000000	0.00000000	0.00000000	0.00000000	0.00000000	0.00000000	0.00000000
23.48810196	0.00000000	0.00000000	0.00000000	0.00000000	0.00000000	0.00000000	0.00000000	0.00000000
25.16582298	0.00000000	0.00000000	0.00000000	0.00000000	0.00000000	0.00000000	0.00000000	0.00000000
26.84354401	0.00000000	0.00000000	0.00000000	0.00000000	0.00000000	0.00000000	0.00000000	0.00000000
30.19898796	0.00000000	0.00000000	0.00000000	0.00000000	0.00000000	0.00000000	0.00000000	0.00000000
33.55443192	0.00000000	0.00000000	0.00000000	0.00000000	0.00000000	0.00000000	0.00000000	0.00000000
36.90987396	0.00000000	0.00000000	0.00000000	0.00000000	0.00000000	0.00000000	0.00000000	0.00000000
40.26531601	0.00000000	0.00000000	0.00000000	0.00000000	0.00000000	0.00000000	0.00000000	0.00000000
43.62075806	0.00000000	0.00000000	0.00000000	0.00000000	0.00000000	0.00000000	0.00000000	0.00000000
46.97620392	0.00000000	0.00000000	0.00000000	0.00000000	0.00000000	0.00000000	0.00000000	0.00000000
50.33164597	0.00000000	0.00000000	0.00000000	0.00000000	0.00000000	0.00000000	0.00000000	0.00000000
53.68708801	0.00000000	0.00000000	0.00000000	0.00000000	0.00000000	0.00000000	0.00000000	0.00000000
60.39797592	0.00000000	0.00000000	0.00000000	0.00000000	0.00000000	0.00000000	0.00000000	0.00000000
67.10886383	0.00000000	0.00000000	0.00000000	0.00000000	0.00000000	0.00000000	0.00000000	0.00000000
73.81974792	0.00000000	0.00000000	0.00000000	0.00000000	0.00000000	0.00000000	0.00000000	0.00000000
80.53063202	0.00000000	0.00000000	0.00000000	0.00000000	0.00000000	0.00000000	0.00000000	0.00000000
87.24151611	0.00000000	0.00000000	0.00000000	0.00000000	0.00000000	0.00000000	0.00000000	0.00000000
93.95240784	0.00000000	0.00000000	0.00000000	0.00000000	0.00000000	0.00000000	0.00000000	0.00000000
100.66329193	0.00000000	0.00000000	0.00000000	0.00000000	0.00000000	0.00000000	0.00000000	0.00000000
107.37417603	0.00000000	0.00000000	0.00000000	0.00000000	0.00000000	0.00000000	0.00000000	0.00000000
120.79595184	0.00000000	0.00000000	0.00000000	0.00000000	0.00000000	0.00000000	0.00000000	0.00000000
134.21772766	0.00000000	0.00000000	0.00000000	0.00000000	0.00000000	0.00000000	0.00000000	0.00000000
147.63949585	0.00000000	0.00000000	0.00000000	0.00000000	0.00000000	0.00000000	0.00000000	0.00000000
161.06126404	0.00000000	0.00000000	0.00000000	0.00000000	0.00000000	0.00000000	0.00000000	0.00000000
174.48303223	0.00000000	0.00000000	0.00000000	0.00000000	0.00000000	0.00000000	0.00000000	0.00000000
187.90481567	0.00000000	0.00000000	0.00000000	0.00000000	0.00000000	0.00000000	0.00000000	0.00000000
201.32658386	0.00000000	0.00000000	0.00000000	0.00000000	0.00000000	0.00000000	0.00000000	0.00000000
214.74835205	0.00000000	0.00000000	0.00000000	0.00000000	0.00000000	0.00000000	0.00000000	0.00000000
241.59190369	0.00000000	0.00000000	0.00000000	0.00000000	0.00000000	0.00000000	0.00000000	0.00000000
268.43545532	0.00000000	0.00000000	0.00000000	0.00000000	0.00000000	0.00000000	0.00000000	0.00000000
295.27899170	0.00000000	0.00000000	0.00000000	0.00000000	0.00000000	0.00000000	0.00000000	0.00000000
322.12252808	0.00000000	0.00000000	0.00000000	0.00000000	0.00000000	0.00000000	0.00000000	0.00000000
348.96606445	0.00000000	0.00000000	0.00000000	0.00000000	0.00000000	0.00000000	0.00000000	0.00000000
375.80963135	0.00000000	0.00000000	0.00000000	0.00000000	0.00000000	0.00000000	0.00000000	0.00000000
402.65316772	0.00000000	0.00000000	0.00000000	0.00000000	0.00000000	0.00000000	0.00000000	0.00000000
429.49670410	0.00000000	0.00000000	0.00000000	0.00000000	0.00000000	0.00000000	0.00000000	0.00000000
483.18380737	0.00000000	0.00000000	0.00000000	0.00000000	0.00000000	0.00000000	0.00000000	0.00000000
536.87091064	0.00000000	0.00000000	0.00000000	0.00000000	0.00000000	0.00000000	0.00000000	0.00000000
590.55798340	0.00000000	0.00000000	0.00000000	0.00000000	0.00000000	0.00000000	0.00000000	0.00000000
644.24505615	0.00000000	0.00000000	0.00000000	0.00000000	0.00000000	0.00000000	0.00000000	0.00000000
697.93212891	0.00000000	0.00000000	0.00000000	0.00000000	0.00000000	0.00000000	0.00000000	0.00000000
751.61926270	0.00000000	0.00000000	0.00000000	0.00000000	0.00000000	0.00000000	0.00000000	0.00000000
805.30633545	0.00000000	0.00000000	0.00000000	0.00000000	0.00000000	0.00000000	0.00000000	0.00000000
858.99340820	0.00000000	0.00000000	0.00000000	0.00000000	0.00000000	0.00000000	0.00000000	0.00000000
966.36761475	0.00000000	0.00000000	0.00000000	0.00000000	0.00000000	0.00000000	0.00000000	0.00000000
1073.74182129	0.00000000	0.00000000	0.00000000	0.00000000	0.00000000	0.00000000	0.00000000	0.00000000
1181.11596680	0.00000000	0.00000000	0.00000000	0.00000000	0.00000000	0.00000000	0.00000000	0.00000000
1288.49011230	0.00000000	0.00000000	0.00000000	0.00000000	0.00000000	0.00000000	0.00000000	0.00000000
1395.86425781	0.00000000	0.00000000	0.00000000	0.00000000	0.00000000	0.00000000	0.00000000	0.00000000
1503.23852539	0.00000000	0.00000000	0.00000000	0.00000000	0.00000000	0.00000000	0.00000000	0.00000000
1610.61267090	0.00000000	0.00000000	0.00000000	0.00000000	0.00000000	0.00000000	0.00000000	0.00000000
1717.98681641	0.00000000	0.00000000	0.00000000	0.00000000	0.00000000	0.00000000	0.00000000	0.00000000
1932.73522949	0.00000000	0.00000000	0.00000000	0.00000000	0.00000000	0.00000000	0.00000000	0.00000000
2147.48364258	0.00000000	0.00000000	0.00000000	0.00000000	0.00000000	0.00000000	0.00000000	0.00000000
2362.23193359	0.00000000	0.00000000	0.00000000	0.00000000	0.00000000	0.00000000	0.00000000	0.00000000
2576.98022461	0.00000000	0.00000000	0.00000000	0.00000000	0.00000000	0.00000000	0.00000000	0.00000000
2791.72851562	0.00000000	0.00000000	0.00000000	0.00000000	0.00000000	0.00000000	0.00000000	0.00000000
3006.47705078	0.00000000	0.00000000	0.00000000	0.00000000	0.00000000	0.00000000	0.00000000	0.00000000
3221.22534180	0.00000000	0.00000000	0.00000000	0.00000000	0.00000000	0.00000000	0.00000000	0.00000000
3435.97363281	0.00000000	0.00000000	0.00000000	0.00000000	0.00000000	0.00000000	0.00000000	0.00000000
0	0	0	0	0	0	0	0	0
