%12/5/2014 10:15:08 PM
%Duration	ID1		ID2		ID3		ID4		ID5		ID6		ID7		ID8
3000.000000	2.326965	3.337860	5.016327	8.640289	3.967285	11.005402	22.182465	28.429031
%Tau		Tau1		Tau2		Tau3		Tau4		Tau5		Tau6		Tau7		Tau8
%		0.000001	0.000001	0.000002	0.000006	0.000002	0.000025	0.000045	0.000048
%Delaytime	D1		D2		D3		D4		D5		D6		D7		D8
0.00000000	5.25595665	18.58353043	12.76458073	7.85337591	12.70191193	2.73870683	3.17911386	3.45539474
0.00000020	2.62797832	3.82602119	3.10167384	2.00900316	2.39311385	1.87238133	1.58239675	1.62943971
0.00000040	3.67916942	1.91301060	2.02801752	1.87202573	0.55225706	1.34140754	1.53227556	1.59259307
0.00000060	2.10238266	1.36643612	1.78942728	1.09581995	0.73634273	1.28551555	1.46067393	1.46977103
0.00000080	1.57678688	1.36643612	1.67013204	1.41543412	1.28859985	1.36935341	1.32463074	1.52299392
0.00000100	1.05119133	1.36643612	1.43154180	1.59807074	1.65677118	1.45319140	1.41055274	1.58440495
0.00000120	1.57678688	1.91301060	1.55083692	0.91318327	3.12945676	1.48113739	1.51079512	1.41654801
0.00000140	1.57678688	1.09314895	1.19295144	1.59807074	3.12945676	1.36935341	1.39623249	1.64172184
0.00000160	1.57678688	1.36643612	0.83506602	1.23279738	2.20902824	1.31346154	1.38907230	1.48205316
0.00000180	1.05119133	0.54657447	1.67013204	1.55241156	1.28859985	1.81648934	1.33895111	1.52299392
0.00000200	1.05119133	1.36643612	1.78942728	1.96334398	2.02494264	1.67675936	1.49647474	1.38379550
0.00000220	1.57678688	1.36643612	1.43154180	1.50675237	2.20902824	1.48113739	1.38907230	1.41245401
0.00000240	0.00000000	0.27328724	1.19295144	1.64372993	1.84085691	1.34140754	1.58239675	1.40835989
0.00000260	0.52559566	1.36643612	1.90872240	1.05016077	1.10451412	1.42524540	1.66115856	1.42473626
0.00000280	1.05119133	2.18629789	1.19295144	1.59807074	1.10451412	1.56497538	1.53227556	1.46977103
0.00000300	0.52559566	0.27328724	1.31224668	1.91768491	1.84085691	1.70470536	1.60387731	1.49842942
0.00000340	1.83958471	1.09314895	0.71577090	1.43826365	0.92042845	1.48113739	1.33537102	1.48614728
0.00000380	1.05119133	1.22979248	1.43154180	1.66655946	0.73634273	1.42524540	1.44635367	1.43087733
0.00000420	1.31398916	2.18629789	1.43154180	1.32411575	0.82838559	1.43921840	1.43203330	1.48819423
0.00000460	0.00000000	1.50307977	0.65612334	1.36977494	1.56472838	1.60689437	1.50005484	1.42678320
0.00000500	1.05119133	1.22979248	1.43154180	1.20996785	1.74881399	1.38332641	1.39981258	1.45339465
0.00000540	2.36518049	1.36643612	1.49118936	1.32411575	1.01247132	1.34140754	1.49289465	1.48000610
0.00000580	1.05119133	1.09314895	1.72977960	1.43826365	1.38064265	1.38332641	1.25302911	1.35309005
0.00000620	1.57678688	1.09314895	1.19295144	1.75787783	0.82838559	1.67675936	1.40697265	1.50457060
0.00000700	1.97098362	1.50307977	1.13330388	1.22138262	1.42666411	1.29250205	1.40697265	1.48512375
0.00000780	0.91979235	1.22979248	1.37189424	1.31270099	1.15053558	1.66977286	1.46962416	1.44623005
0.00000860	2.10238266	1.36643612	1.49118936	1.35836005	1.05849266	1.49511039	1.48752463	1.49331188
0.00000940	1.31398916	1.29811430	1.31224668	1.66655946	1.33462119	1.61388087	1.38012207	1.51480579
0.00001020	1.05119133	1.57140160	1.22277522	1.36977494	1.65677118	1.45319140	1.41234279	1.38788962
0.00001100	1.44538808	1.43475795	1.04383254	1.39260447	1.38064265	1.35538042	1.34969139	1.41450107
0.00001180	1.31398916	1.22979248	0.92453742	1.24421215	1.19655693	1.36236691	1.37117183	1.44418299
0.00001260	1.05119133	1.50307977	1.22277522	1.28987134	1.70279264	1.49511039	1.32463074	1.43190086
0.00001420	1.05119133	1.50307977	1.19295144	1.36406755	1.61074972	1.35188723	1.34790134	1.39914823
0.00001580	1.70818579	1.19563162	1.43154180	1.30128610	1.26558912	1.41476572	1.41323781	1.35718405
0.00001740	1.31398916	1.36643612	1.28242290	1.27274919	1.38064265	1.38681972	1.39533746	1.40119529
0.00001900	0.91979235	1.16147065	1.28242290	1.39831185	1.31161046	1.33092773	1.35327148	1.37100160
0.00002060	1.05119133	1.16147065	1.26751101	1.25562704	1.33462119	1.45319140	1.37922704	1.36537218
0.00002220	1.31398916	1.02482712	1.20786333	1.31840837	1.33462119	1.35887372	1.35685158	1.37202501
0.00002380	1.24828970	0.95650530	1.40171802	1.24991965	1.33462119	1.38681972	1.33895111	1.32340801
0.00002540	1.37968862	1.19563162	1.25259912	1.18143082	1.15053558	1.42524540	1.29151499	1.35871935
0.00002860	1.24562168	1.18242669	1.21579039	1.33562481	1.27034605	1.29599524	1.30794001	1.29949880
0.00003180	1.47507823	0.99392384	1.26768398	1.28414464	0.99567658	1.32743454	1.30303967	1.25427449
0.00003500	0.95060599	1.01106048	1.12683022	1.36994493	1.35045791	1.28900874	1.28967512	1.28800118
0.00003820	0.88504696	1.07960689	1.06010997	1.18976426	1.35045791	1.30298173	1.26472807	1.27982497
0.00004140	0.85226744	1.18242669	1.07493663	1.25554442	1.32756877	1.27678239	1.30660355	1.23817766
0.00004460	1.24562168	1.13101685	1.06010997	1.32704473	1.13301134	1.18421125	1.19701457	1.20675051
0.00004780	1.18006265	1.19956326	1.20096374	1.14686406	1.09867764	1.24184990	1.20055974	1.24201024
0.00005100	0.72114938	1.11388016	1.22320378	1.23266435	1.17878950	1.22962356	1.23085213	1.23332298
0.00005740	1.07768726	1.21070421	1.12526810	1.19154203	1.27326035	1.27272987	1.20219183	1.19289804
0.00006380	1.24097323	1.14201176	1.05099297	1.14868081	1.06678569	1.17402124	1.17880714	1.17271614
0.00007020	1.15933025	0.98745376	0.88387400	1.17439759	1.08399200	1.15480363	1.12246144	1.15764368
0.00007660	1.04503012	1.21070421	1.11041307	1.03724170	1.03810871	1.15393019	1.15341818	1.13094747
0.00008300	1.12667298	1.09907901	1.15126443	1.09157562	1.11840439	1.21511459	1.10019028	1.12532723
0.00008940	0.78377253	0.97886723	0.98785919	1.12015092	1.13561058	1.11815000	1.10820794	1.13925016
0.00009580	0.81642973	0.95310754	1.15869200	1.10586321	0.96928382	1.14526558	1.09684968	1.10450673
0.00010220	1.20831597	0.95310754	1.00271416	1.09871948	1.01516712	1.15927863	1.07279694	1.09301078
0.00011500	1.14269674	1.11902928	0.99456847	1.09051692	1.11342287	1.10456300	1.07311475	1.06971633
0.00012780	0.98761648	1.03756738	1.14328897	1.07266307	1.07621348	1.06135809	1.04837894	1.05156600
0.00014060	1.02842700	1.00326765	1.03732562	1.05909407	0.97889626	1.08056033	1.04982746	1.04031801
0.00015340	0.92231953	0.98183030	1.04662061	1.03409863	1.05617750	1.04739285	1.04358768	1.06076896
0.00016620	0.97945434	0.96039295	0.97040135	1.07694793	1.03327942	1.05524826	1.04024506	1.03756988
0.00017900	1.02026498	0.96896791	0.94809330	1.00696063	1.07916093	0.99938738	1.01439488	1.01986694
0.00019180	0.82437408	1.06757963	0.99456847	1.03909767	0.96466112	1.06834066	1.02754283	1.03246927
0.00020460	0.93048161	1.04614234	1.04662061	1.00053322	1.02191103	1.02644503	1.04436767	1.03355575
0.00023020	1.01958489	1.07829833	1.04880822	1.03168046	1.02323723	1.00486696	1.02402365	1.01706243
0.00025580	1.08483827	0.95610547	1.06274271	1.05485070	1.08611774	1.00549126	1.00956154	1.01173949
0.00028140	1.06852496	0.96896791	1.03208673	0.99410582	1.01752079	1.03083062	1.01422334	0.99364674
0.00030700	0.99511480	0.99040526	0.97541946	0.98982090	1.00465894	1.00658345	0.99879891	1.00200450
0.00033260	1.02366316	1.03756738	0.94940829	0.99767661	1.01331353	1.02936506	1.01288688	1.01254618
0.00035820	1.03181994	1.00541139	1.00235963	0.96589667	0.96035671	0.97387719	1.02341115	1.00277114
0.00038380	0.98695815	0.97754282	0.97449046	1.02267206	0.93606198	1.00773787	1.00542521	1.00049472
0.00040940	1.02366316	1.02899241	0.99678576	1.00231862	1.04038644	1.02106369	0.99451125	1.01117647
0.00046060	1.08234692	0.94513708	0.98364753	0.98018873	1.02403259	0.99873090	0.99299848	1.01396716
0.00051180	1.08438909	1.02023315	1.00273395	1.00249827	1.03697741	0.99998027	0.99915099	1.00504315
0.00056300	0.91284728	1.06304228	0.99295795	1.00321209	0.97551626	1.00438130	0.99937367	1.00520289
0.00061420	0.97002786	0.97079045	1.00319946	0.99553764	1.00553215	0.98438764	1.01256955	1.00231075
0.00066540	0.99657601	0.96873873	1.00413048	0.99839330	1.00267351	1.00001109	1.00685024	1.00509107
0.00071660	0.83932936	1.02774274	1.01710033	0.98540342	0.99695623	0.98747724	1.00842142	0.99945056
0.00076780	0.95164841	0.95479232	1.01942778	0.98326164	0.96979898	0.99446982	1.00072217	0.99441206
0.00081900	0.93531108	1.04919875	0.99010175	0.97594380	0.96336699	0.99810612	1.00690591	1.00447094
0.00092140	0.96302152	1.02665019	0.98379952	0.99958646	1.00553012	1.01511312	1.01445425	0.99858415
0.00102380	1.01009798	1.03736687	0.97791034	1.00409532	0.98977399	0.99095815	1.00523734	1.00592339
0.00112620	1.00689328	0.98476028	0.98000789	0.98844957	1.00473464	1.00937498	0.99809474	1.00912166
0.00122860	1.00689328	0.96975851	1.00151300	0.97974873	0.99069172	0.99818873	1.00857639	1.00119913
0.00133100	1.03861451	1.00297678	0.99498701	1.00503671	0.98325062	1.01796997	1.00953507	0.99890554
0.00143340	1.00280023	1.00672722	0.97517586	1.00386739	1.01941526	0.99807942	1.00339651	0.99698317
0.00153580	0.99167675	0.99815476	1.02668488	1.01492631	0.95030850	1.00590098	1.00215936	0.99894971
0.00163820	0.93244398	0.98261720	0.99043232	0.98470408	0.98209882	1.00295007	1.00075507	0.99343389
0.00184300	0.97427893	0.99489880	1.01864707	1.01199031	0.98158932	1.00541794	0.99835294	0.99869949
0.00204780	0.99372357	0.97588968	1.00791347	1.00382733	1.00135708	1.00364578	1.00301266	1.00089359
0.00225260	0.99884057	1.00159216	1.00704432	0.98995465	1.00135708	0.99356121	1.00442612	1.00192142
0.00245740	1.01930857	0.95857960	0.97192436	0.99543053	1.02297640	1.00342357	1.00604510	1.00260901
0.00266220	1.02507424	0.99258512	0.99525994	0.99155498	1.00538528	0.99988621	1.00638795	1.00350869
0.00286700	0.95956779	1.00473142	0.99356306	0.99511826	0.98630363	1.00266957	1.00285947	1.00137448
0.00307180	1.00511527	0.99304479	0.99550360	0.99199557	0.97394639	1.00354385	0.99981308	1.00327826
0.00327660	0.94370294	0.98751622	1.00185776	0.99115902	1.03369665	0.99330139	0.99699789	1.00073683
0.00368620	1.01364863	0.99505687	0.99413341	0.99098390	0.97781628	1.00878644	1.00023293	0.99629796
0.00409580	0.99917334	1.00148869	1.00998032	1.00191057	0.99815851	0.99529618	0.99856424	0.99935979
0.00450540	1.01468873	0.98236626	1.01039433	1.00952888	0.99699217	0.99859589	0.99640644	1.00011098
0.00491500	1.00110149	1.01354837	1.00817966	0.99472696	1.02974069	1.00158143	0.99771273	0.99572241
0.00532460	0.98802692	0.97107154	0.98563778	0.98776507	1.02434874	0.99395847	1.00334334	0.99652934
0.00573420	1.02109790	0.98831862	1.00487483	1.00194204	0.99339217	0.99420756	0.99918330	0.99998713
0.00614380	1.00044382	0.99260694	0.99379385	1.00337040	1.00352120	0.99477738	1.00335073	0.99825984
0.00655340	1.00876558	1.01749706	0.99816567	0.99738741	0.98136842	1.00055254	1.00115216	0.99994004
0.00737260	1.00555313	0.99074024	0.99930429	0.99849027	1.00882566	1.00792980	1.00439394	1.00072145
0.00819180	1.00875747	1.01629531	0.98933977	1.00241888	1.00383532	1.00361216	1.00209475	1.00021923
0.00901100	0.99051744	0.98936206	1.00333643	0.99883711	0.99418867	0.99671674	1.00164497	1.00141931
0.00983020	0.99140781	0.98740065	0.99494421	1.00602174	1.00938904	0.99973220	0.99930179	1.00007093
0.01064940	0.99024028	1.00207615	0.99813116	1.00396097	0.99482787	1.00633442	1.00063753	0.99690986
0.01146860	0.99883765	1.00746393	0.99847329	0.99562752	0.99131709	0.99446636	1.00301564	0.99937207
0.01228780	1.00192297	1.00846851	1.00545776	1.00574780	0.99747485	0.99959117	0.99936742	0.99887925
0.01310700	0.98293847	0.98281807	0.99567789	0.99956208	1.01258457	0.99919534	0.99713302	1.00019777
0.01474540	1.01179624	1.00521326	0.99647927	0.99548960	0.99541491	1.00342751	0.99833560	1.00054657
0.01638380	1.00364411	0.99116904	1.00476122	1.00638092	1.01056838	0.99542242	1.00054085	0.99728930
0.01802220	0.99644363	1.00058472	0.99514395	1.00113082	1.00510919	1.00284445	0.99969190	0.99919498
0.01966060	0.99906152	1.00657582	1.00021303	1.00020075	0.99660355	1.00501895	0.99828452	1.00006485
0.02129900	1.00110519	1.00402880	0.99768865	1.00109923	1.00496709	0.99625534	0.99847883	0.99981391
0.02293740	1.00473416	1.00207150	1.00004554	0.99730062	1.00437129	0.99770623	1.00187075	1.00193334
0.02457580	1.00307202	1.00641775	1.00113499	1.00263679	0.99956697	0.99791360	0.99842304	1.00146973
0.02621420	1.00129223	0.99862540	0.99724096	0.99966830	1.00274587	1.00175226	1.00202787	0.99991333
0.02949100	0.99850529	0.99322045	0.99650759	0.99977559	0.99710953	0.99798793	1.00188482	0.99800289
0.03276780	0.99148643	0.99866652	0.99857181	0.99789625	1.00280750	1.00031376	0.99997616	1.00133252
0.03604460	1.01647460	1.00788999	1.00046647	0.99875921	1.00117981	1.00036001	1.00092423	1.00109482
0.03932140	1.00590789	0.99838984	0.99686342	0.99970073	0.99929720	0.99960279	1.00130296	1.00047112
0.04259820	0.99505001	0.99475431	0.99938607	0.99892724	0.99658155	1.00091231	1.00017905	0.99921679
0.04587500	1.00796604	0.99917912	1.00462675	0.99925768	1.00262582	0.99701142	1.00125849	0.99900192
0.04915180	0.99922168	0.99174672	1.00191915	0.99811172	1.00006378	1.00077033	0.99834359	0.99939919
0.05242860	1.00262833	1.00217092	1.00151122	1.00295568	0.99894553	1.00136268	0.99872041	1.00080478
0.05898220	0.99980289	1.00013602	0.99867237	0.99838001	1.00288749	1.00065565	0.99788171	1.00029314
0.06553581	1.00440383	1.00065994	1.00181210	1.00124991	0.99848330	0.99833828	0.99975532	0.99892646
0.07208940	1.00574887	1.00011814	1.00025105	1.00146067	0.99805599	0.99902767	1.00192940	0.99985951
0.07864300	1.00684714	1.00232375	0.99719369	1.00162518	0.99832523	1.00044453	1.00219643	1.00023079
0.08519660	1.00006294	0.99786401	1.00250614	1.00214410	1.00139260	0.99743879	1.00105345	0.99892724
0.09175020	1.00131965	1.00337219	1.00213528	0.99970841	0.99967074	0.99952489	0.99830168	0.99984580
0.09830380	0.99714780	0.99822170	1.00121605	0.99840736	1.00271308	1.00055933	1.00037158	0.99892783
0.10485740	0.99404401	0.99874061	1.00021851	1.00169325	0.99872375	0.99982762	1.00028706	1.00084960
0.11796460	0.99898416	1.00024879	0.99812019	0.99822783	0.99848902	0.99973148	1.00089097	1.00043225
0.13107181	0.99921596	1.00054014	1.00069880	1.00075614	1.00084126	0.99868977	0.99928254	0.99967808
0.14417900	1.00100815	1.00159824	1.00223625	0.99943423	1.00081086	1.00064087	1.00161469	0.99974018
0.15728620	1.00181413	0.99917650	1.00186861	0.99956822	1.00011015	0.99972862	0.99954611	1.00063467
0.17039341	0.99936175	0.99908799	0.99747419	0.99840164	0.99909836	0.99931473	1.00074935	0.99941295
0.18350060	0.99598700	1.00166297	0.99961853	1.00136268	0.99990028	0.99975222	1.00121868	1.00059915
0.19660780	1.00031555	0.99889332	0.99877101	0.99949378	0.99953878	0.99936515	1.00165546	1.00013459
0.20971501	0.99900180	0.99876595	0.99963355	1.00139296	0.99858421	0.99903512	0.99970740	1.00059032
0.23592941	0.99813348	0.99856347	1.00151491	0.99872774	1.00181592	1.00040603	1.00012648	0.99983829
0.26214382	0.99870694	0.99938142	1.00022733	1.00025952	1.00223279	1.00110972	1.00032794	0.99970871
0.28835821	1.00337219	0.99874574	1.00064075	0.99887955	1.00067174	0.99921334	1.00074077	1.00016737
0.31457260	1.00007641	0.99983865	1.00023103	0.99994063	0.99813801	1.00052083	0.99999106	1.00007689
0.34078699	1.00190485	1.00163436	0.99992925	1.00111973	0.99977916	1.00096071	1.00068688	0.99948537
0.36700141	1.00247550	0.99980205	1.00196409	0.99903727	0.99976456	0.99994409	1.00018907	0.99958557
0.39321581	1.00035751	0.99923205	0.99958801	1.00110209	1.00114965	0.99929166	0.99940717	1.00039554
0.41943020	0.99893337	1.00095928	1.00133431	0.99969387	0.99885094	0.99899983	1.00009429	1.00053275
0.47185901	0.99864948	0.99932700	1.00048339	0.99987429	1.00082469	1.00047839	1.00031424	0.99989551
0.52428782	0.99841374	1.00111532	0.99967080	0.99903834	0.99960858	1.00072277	1.00030422	1.00005782
0.57671660	1.00080907	1.00131631	0.99892348	0.99953759	1.00096393	1.00001323	1.00030458	1.00001192
0.62914538	1.00195265	0.99839032	0.99958956	1.00004113	1.00185144	0.99949163	1.00025916	1.00015473
0.68157423	1.00261855	1.00068402	0.99913442	1.00071466	0.99923044	0.99984652	0.99962252	1.00030982
0.73400301	0.99947602	0.99878627	1.00049746	1.00027204	1.00030804	1.00016379	1.00001109	1.00007129
0.78643179	1.00015092	0.99943060	1.00120878	1.00067019	0.99847889	0.99969190	1.00048244	0.99997002
0.83886063	0.99921966	1.00246847	0.99901688	0.99998033	1.00110006	1.00019181	0.99991012	1.00044370
0.94371825	0.99696666	0.99964815	0.99980140	0.99991107	0.99888653	1.00003409	0.99967027	1.00009370
1.04857588	0.99983519	1.00081885	0.99854499	1.00017095	0.99962342	0.99946254	0.99991149	0.99970138
1.15343344	1.00063753	1.00015974	0.99957204	1.00052643	0.99992162	0.99963516	1.00002861	0.99994737
1.25829101	1.00066912	1.00044394	1.00031030	0.99887699	1.00104737	0.99968600	0.99975663	0.99986577
1.36314869	0.99971104	0.99961776	0.99935859	1.00020266	0.99956411	0.99959946	0.99994522	1.00016844
1.46800625	0.99749047	0.99986619	0.99923742	0.99957871	1.00055158	1.00035751	0.99926215	0.99994826
1.57286382	0.99732524	0.99956495	1.00041997	1.00033212	0.99926770	0.99947262	0.99962801	1.00004971
1.67772150	1.00012732	1.00089109	1.00059474	0.99948132	1.00083637	1.00015950	0.99948454	1.00006914
1.88743675	0.99996573	1.00045025	0.99991924	0.99985069	0.99992639	0.99973196	0.99978405	0.99994600
2.09715199	0.99889052	0.99964887	1.00068474	1.00001717	0.99935877	0.99985820	0.99975479	1.00004721
2.30686712	0.99943608	1.00057375	0.99950331	0.99976927	0.99949926	1.00019550	0.99965614	1.00010443
2.51658225	1.00069749	1.00036800	1.00012290	1.00034094	0.99955541	1.00020313	0.99988848	0.99998486
2.72629738	0.99993396	1.00018096	0.99871582	0.99956280	0.99867880	0.99964643	1.00004995	0.99994332
2.93601274	1.00175059	1.00028563	0.99969989	0.99977344	1.00095105	1.00085497	1.00008869	1.00015116
3.14572787	1.00130010	1.00030684	0.99919069	1.00029194	1.00049603	1.00061822	1.00008178	1.00008285
3.35544300	1.00024843	1.00078750	1.00102746	0.99986643	0.99882251	0.99997956	0.99998784	0.99960959
3.77487350	1.00150168	1.00040019	1.00015247	1.00008202	0.99947304	1.00002396	1.00003350	1.00000966
4.19430399	0.99714661	1.00031209	1.00008368	1.00002646	0.99943441	0.99935597	0.99975258	0.99988955
4.61373425	0.99915856	0.99847424	1.00063455	0.99994260	0.99938518	0.99990261	1.00005269	0.99986821
5.03316450	1.00000000	1.00000000	1.00000000	1.00000000	1.00000000	1.00000000	1.00000000	1.00000000
5.45259476	0.00000000	0.00000000	0.00000000	0.00000000	0.00000000	0.00000000	0.00000000	0.00000000
5.87202549	0.00000000	0.00000000	0.00000000	0.00000000	0.00000000	0.00000000	0.00000000	0.00000000
6.29145575	0.00000000	0.00000000	0.00000000	0.00000000	0.00000000	0.00000000	0.00000000	0.00000000
6.71088600	0.00000000	0.00000000	0.00000000	0.00000000	0.00000000	0.00000000	0.00000000	0.00000000
7.54974699	0.00000000	0.00000000	0.00000000	0.00000000	0.00000000	0.00000000	0.00000000	0.00000000
8.38860798	0.00000000	0.00000000	0.00000000	0.00000000	0.00000000	0.00000000	0.00000000	0.00000000
9.22746849	0.00000000	0.00000000	0.00000000	0.00000000	0.00000000	0.00000000	0.00000000	0.00000000
10.06632900	0.00000000	0.00000000	0.00000000	0.00000000	0.00000000	0.00000000	0.00000000	0.00000000
10.90518951	0.00000000	0.00000000	0.00000000	0.00000000	0.00000000	0.00000000	0.00000000	0.00000000
11.74405098	0.00000000	0.00000000	0.00000000	0.00000000	0.00000000	0.00000000	0.00000000	0.00000000
12.58291149	0.00000000	0.00000000	0.00000000	0.00000000	0.00000000	0.00000000	0.00000000	0.00000000
13.42177200	0.00000000	0.00000000	0.00000000	0.00000000	0.00000000	0.00000000	0.00000000	0.00000000
15.09949398	0.00000000	0.00000000	0.00000000	0.00000000	0.00000000	0.00000000	0.00000000	0.00000000
16.77721596	0.00000000	0.00000000	0.00000000	0.00000000	0.00000000	0.00000000	0.00000000	0.00000000
18.45493698	0.00000000	0.00000000	0.00000000	0.00000000	0.00000000	0.00000000	0.00000000	0.00000000
20.13265800	0.00000000	0.00000000	0.00000000	0.00000000	0.00000000	0.00000000	0.00000000	0.00000000
21.81037903	0.00000000	0.00000000	0.00000000	0.00000000	0.00000000	0.00000000	0.00000000	0.00000000
23.48810196	0.00000000	0.00000000	0.00000000	0.00000000	0.00000000	0.00000000	0.00000000	0.00000000
25.16582298	0.00000000	0.00000000	0.00000000	0.00000000	0.00000000	0.00000000	0.00000000	0.00000000
26.84354401	0.00000000	0.00000000	0.00000000	0.00000000	0.00000000	0.00000000	0.00000000	0.00000000
30.19898796	0.00000000	0.00000000	0.00000000	0.00000000	0.00000000	0.00000000	0.00000000	0.00000000
33.55443192	0.00000000	0.00000000	0.00000000	0.00000000	0.00000000	0.00000000	0.00000000	0.00000000
36.90987396	0.00000000	0.00000000	0.00000000	0.00000000	0.00000000	0.00000000	0.00000000	0.00000000
40.26531601	0.00000000	0.00000000	0.00000000	0.00000000	0.00000000	0.00000000	0.00000000	0.00000000
43.62075806	0.00000000	0.00000000	0.00000000	0.00000000	0.00000000	0.00000000	0.00000000	0.00000000
46.97620392	0.00000000	0.00000000	0.00000000	0.00000000	0.00000000	0.00000000	0.00000000	0.00000000
50.33164597	0.00000000	0.00000000	0.00000000	0.00000000	0.00000000	0.00000000	0.00000000	0.00000000
53.68708801	0.00000000	0.00000000	0.00000000	0.00000000	0.00000000	0.00000000	0.00000000	0.00000000
60.39797592	0.00000000	0.00000000	0.00000000	0.00000000	0.00000000	0.00000000	0.00000000	0.00000000
67.10886383	0.00000000	0.00000000	0.00000000	0.00000000	0.00000000	0.00000000	0.00000000	0.00000000
73.81974792	0.00000000	0.00000000	0.00000000	0.00000000	0.00000000	0.00000000	0.00000000	0.00000000
80.53063202	0.00000000	0.00000000	0.00000000	0.00000000	0.00000000	0.00000000	0.00000000	0.00000000
87.24151611	0.00000000	0.00000000	0.00000000	0.00000000	0.00000000	0.00000000	0.00000000	0.00000000
93.95240784	0.00000000	0.00000000	0.00000000	0.00000000	0.00000000	0.00000000	0.00000000	0.00000000
100.66329193	0.00000000	0.00000000	0.00000000	0.00000000	0.00000000	0.00000000	0.00000000	0.00000000
107.37417603	0.00000000	0.00000000	0.00000000	0.00000000	0.00000000	0.00000000	0.00000000	0.00000000
120.79595184	0.00000000	0.00000000	0.00000000	0.00000000	0.00000000	0.00000000	0.00000000	0.00000000
134.21772766	0.00000000	0.00000000	0.00000000	0.00000000	0.00000000	0.00000000	0.00000000	0.00000000
147.63949585	0.00000000	0.00000000	0.00000000	0.00000000	0.00000000	0.00000000	0.00000000	0.00000000
161.06126404	0.00000000	0.00000000	0.00000000	0.00000000	0.00000000	0.00000000	0.00000000	0.00000000
174.48303223	0.00000000	0.00000000	0.00000000	0.00000000	0.00000000	0.00000000	0.00000000	0.00000000
187.90481567	0.00000000	0.00000000	0.00000000	0.00000000	0.00000000	0.00000000	0.00000000	0.00000000
201.32658386	0.00000000	0.00000000	0.00000000	0.00000000	0.00000000	0.00000000	0.00000000	0.00000000
214.74835205	0.00000000	0.00000000	0.00000000	0.00000000	0.00000000	0.00000000	0.00000000	0.00000000
241.59190369	0.00000000	0.00000000	0.00000000	0.00000000	0.00000000	0.00000000	0.00000000	0.00000000
268.43545532	0.00000000	0.00000000	0.00000000	0.00000000	0.00000000	0.00000000	0.00000000	0.00000000
295.27899170	0.00000000	0.00000000	0.00000000	0.00000000	0.00000000	0.00000000	0.00000000	0.00000000
322.12252808	0.00000000	0.00000000	0.00000000	0.00000000	0.00000000	0.00000000	0.00000000	0.00000000
348.96606445	0.00000000	0.00000000	0.00000000	0.00000000	0.00000000	0.00000000	0.00000000	0.00000000
375.80963135	0.00000000	0.00000000	0.00000000	0.00000000	0.00000000	0.00000000	0.00000000	0.00000000
402.65316772	0.00000000	0.00000000	0.00000000	0.00000000	0.00000000	0.00000000	0.00000000	0.00000000
429.49670410	0.00000000	0.00000000	0.00000000	0.00000000	0.00000000	0.00000000	0.00000000	0.00000000
483.18380737	0.00000000	0.00000000	0.00000000	0.00000000	0.00000000	0.00000000	0.00000000	0.00000000
536.87091064	0.00000000	0.00000000	0.00000000	0.00000000	0.00000000	0.00000000	0.00000000	0.00000000
590.55798340	0.00000000	0.00000000	0.00000000	0.00000000	0.00000000	0.00000000	0.00000000	0.00000000
644.24505615	0.00000000	0.00000000	0.00000000	0.00000000	0.00000000	0.00000000	0.00000000	0.00000000
697.93212891	0.00000000	0.00000000	0.00000000	0.00000000	0.00000000	0.00000000	0.00000000	0.00000000
751.61926270	0.00000000	0.00000000	0.00000000	0.00000000	0.00000000	0.00000000	0.00000000	0.00000000
805.30633545	0.00000000	0.00000000	0.00000000	0.00000000	0.00000000	0.00000000	0.00000000	0.00000000
858.99340820	0.00000000	0.00000000	0.00000000	0.00000000	0.00000000	0.00000000	0.00000000	0.00000000
966.36761475	0.00000000	0.00000000	0.00000000	0.00000000	0.00000000	0.00000000	0.00000000	0.00000000
1073.74182129	0.00000000	0.00000000	0.00000000	0.00000000	0.00000000	0.00000000	0.00000000	0.00000000
1181.11596680	0.00000000	0.00000000	0.00000000	0.00000000	0.00000000	0.00000000	0.00000000	0.00000000
1288.49011230	0.00000000	0.00000000	0.00000000	0.00000000	0.00000000	0.00000000	0.00000000	0.00000000
1395.86425781	0.00000000	0.00000000	0.00000000	0.00000000	0.00000000	0.00000000	0.00000000	0.00000000
1503.23852539	0.00000000	0.00000000	0.00000000	0.00000000	0.00000000	0.00000000	0.00000000	0.00000000
1610.61267090	0.00000000	0.00000000	0.00000000	0.00000000	0.00000000	0.00000000	0.00000000	0.00000000
1717.98681641	0.00000000	0.00000000	0.00000000	0.00000000	0.00000000	0.00000000	0.00000000	0.00000000
1932.73522949	0.00000000	0.00000000	0.00000000	0.00000000	0.00000000	0.00000000	0.00000000	0.00000000
2147.48364258	0.00000000	0.00000000	0.00000000	0.00000000	0.00000000	0.00000000	0.00000000	0.00000000
2362.23193359	0.00000000	0.00000000	0.00000000	0.00000000	0.00000000	0.00000000	0.00000000	0.00000000
2576.98022461	0.00000000	0.00000000	0.00000000	0.00000000	0.00000000	0.00000000	0.00000000	0.00000000
2791.72851562	0.00000000	0.00000000	0.00000000	0.00000000	0.00000000	0.00000000	0.00000000	0.00000000
3006.47705078	0.00000000	0.00000000	0.00000000	0.00000000	0.00000000	0.00000000	0.00000000	0.00000000
3221.22534180	0.00000000	0.00000000	0.00000000	0.00000000	0.00000000	0.00000000	0.00000000	0.00000000
3435.97363281	0.00000000	0.00000000	0.00000000	0.00000000	0.00000000	0.00000000	0.00000000	0.00000000
0	0	0	0	0	0	0	0	0
