%12/10/2014 1:57:47 PM
%Duration	ID1		ID2		ID3		ID4		ID5		ID6		ID7		ID8
3000.000000	5.226135	7.457733	12.893677	32.186508	23.002625	123.414993	98.409653	87.327957
%Tau		Tau1		Tau2		Tau3		Tau4		Tau5		Tau6		Tau7		Tau8
%		0.000005	0.000003	0.000022	0.000041	0.000041	0.000057	0.000051	0.000057
%Delaytime	D1		D2		D3		D4		D5		D6		D7		D8
0.00000000	5.93297863	11.10506821	6.38193941	3.57932496	3.45352554	1.55170155	1.79939878	2.09011698
0.00000020	2.18583417	2.53172541	1.75828946	1.75949967	1.42879748	1.49297488	1.55717206	1.54545283
0.00000040	1.76948488	1.66863728	1.67146027	1.51819682	1.32827902	1.49221539	1.50303936	1.46992171
0.00000060	1.24904811	2.07141185	1.21560752	1.56846833	1.29955947	1.44741094	1.45781457	1.50936580
0.00000080	1.66539752	1.20832348	1.32414389	1.49808824	1.56521535	1.45120800	1.50406718	1.47327864
0.00000100	1.35313547	1.89879405	1.38926578	1.51316977	1.50777626	1.48968410	1.48453832	1.49551833
0.00000120	1.35313547	1.32340193	1.34585118	1.65895689	1.60111475	1.46816790	1.48967743	1.47411788
0.00000140	0.52043670	1.84125483	1.30243659	1.53830540	1.44315720	1.42108524	1.46158326	1.46908247
0.00000160	0.93678612	1.55355883	1.36755848	1.38246405	1.42161763	1.47272420	1.45815718	1.49803603
0.00000180	1.14496076	1.03570592	1.56292391	1.47797978	1.45033717	1.48841846	1.44959188	1.46152925
0.00000200	0.93678612	1.78371572	1.17219293	1.53327835	1.47905672	1.44082952	1.48933482	1.50265181
0.00000220	1.45722282	0.86308825	1.30243659	1.50814259	1.39289808	1.49297488	1.45027709	1.51524043
0.00000240	1.87357223	1.78371572	1.47609484	1.53830540	1.46469688	1.47677433	1.45199013	1.48041213
0.00000260	1.76948488	1.26586270	1.54121661	1.51819682	1.45033717	1.45728314	1.48625135	1.47201979
0.00000280	1.45722282	1.03570592	1.30243659	1.41262686	1.45033717	1.46259892	1.48590875	1.44558382
0.00000300	1.24904811	1.89879405	1.25902200	1.50311542	1.36417854	1.42437589	1.47802866	1.43131685
0.00000340	1.66539752	1.15078425	1.25902200	1.44530332	1.57239521	1.45057511	1.47837126	1.46404696
0.00000380	1.82152855	1.35217154	1.50865579	1.46792543	1.52572596	1.46513021	1.48333907	1.44768190
0.00000420	1.04087341	1.66863728	1.51950943	1.44027615	1.37853825	1.43513405	1.48265386	1.46572542
0.00000460	1.66539752	1.63986766	1.23731482	1.45787120	1.44674718	1.47247112	1.44445264	1.49446929
0.00000500	1.66539752	1.66863728	1.55207026	1.49557471	1.30314946	1.45297992	1.45404577	1.47411788
0.00000540	1.24904811	1.63986766	1.26987565	1.38749123	1.50418627	1.43918419	1.43657255	1.44852114
0.00000580	1.97765958	1.09324503	1.43268025	1.42016757	1.32827902	1.45133460	1.46672249	1.47285903
0.00000620	0.98882979	1.23709309	1.44353390	1.41011333	1.38212824	1.44146240	1.45969892	1.46027040
0.00000700	1.50926650	1.20832348	1.26987565	1.44027615	1.45931196	1.44557583	1.45027709	1.45659876
0.00000780	1.32711363	1.49601960	1.44896078	1.39503193	1.47905672	1.42443919	1.46843553	1.44883585
0.00000860	1.37915730	1.28024757	1.41097295	1.42896509	1.39110303	1.42652762	1.43957043	1.44128275
0.00000940	1.17098260	1.12201464	1.42725348	1.41891086	1.35699856	1.43513405	1.41438842	1.45607424
0.00001020	1.45722282	1.36655641	1.49780214	1.50311542	1.43597734	1.42304695	1.44548047	1.41474187
0.00001100	1.22302628	1.13639951	1.43268025	1.33973336	1.35879362	1.41216230	1.43254685	1.42754030
0.00001180	1.48324466	1.72617650	1.37841213	1.43399227	1.43777227	1.41007400	1.41293240	1.42586172
0.00001260	1.32711363	1.19393873	1.31329024	1.34601724	1.36238348	1.41209900	1.41969895	1.41253889
0.00001420	1.36614645	1.28743994	1.44082046	1.44404650	1.40007794	1.40327108	1.40680814	1.39879644
0.00001580	1.50926650	1.26586270	1.55749714	1.42393792	1.37046087	1.38450766	1.39229000	1.41232908
0.00001740	1.47023380	1.21551597	1.40825963	1.38560605	1.31840670	1.38552010	1.38252556	1.38667989
0.00001900	1.18399358	1.20832348	1.25088179	1.36235547	1.34533131	1.38703895	1.37023425	1.37739587
0.00002060	1.39216828	1.16516912	1.31600368	1.32213831	1.36597347	1.35897291	1.36526644	1.37566495
0.00002220	1.36614645	1.18674636	1.31600368	1.33030748	1.34263885	1.35201168	1.35952771	1.36150289
0.00002380	1.52227736	1.36655641	1.19390023	1.40320098	1.30404699	1.33628583	1.35657263	1.36103082
0.00002540	1.34012461	1.10762990	1.25630867	1.33596301	1.31930423	1.33546317	1.33434570	1.34865212
0.00002860	1.24149680	1.18433332	1.29266286	1.31032526	1.31804693	1.31427813	1.31154490	1.32028651
0.00003180	1.35788715	1.22739995	1.19333196	1.27413893	1.28267813	1.28830695	1.29809773	1.30476141
0.00003500	1.33848870	1.18792224	1.21782446	1.27128208	1.26745605	1.27685046	1.28086638	1.27451670
0.00003820	1.13803875	1.12332225	1.26000607	1.26175940	1.24999559	1.26084995	1.26808619	1.26121318
0.00004140	1.20916617	1.30276668	1.26272750	1.26620340	1.20477724	1.23202646	1.24497139	1.24885070
0.00004460	1.15743709	1.14485550	1.20149612	1.22842991	1.19537544	1.22672176	1.22286582	1.23055518
0.00004780	1.22209835	1.05513334	1.13073981	1.23731780	1.18597353	1.21510673	1.20621169	1.20784259
0.00005100	1.17683554	1.06948888	1.15523231	1.21287620	1.18330586	1.20357096	1.19992638	1.21615398
0.00005740	1.10280228	1.11573112	1.14928031	1.18357921	1.15791512	1.16902363	1.17013621	1.18518054
0.00006380	1.09310019	1.08159447	1.13228929	1.17105043	1.13173616	1.15035558	1.14740312	1.16069210
0.00007020	1.13190854	0.99176103	1.12617242	1.13838029	1.13844872	1.13205183	1.13031733	1.13860810
0.00007660	1.16424870	1.05284774	1.08879197	1.12680292	1.11584973	1.11691153	1.10374916	1.12392449
0.00008300	1.07046211	1.00968301	1.07112110	1.13314664	1.13891399	1.10402989	1.09395301	1.10084724
0.00008940	1.12867451	1.09951246	1.10374415	1.08350706	1.08588398	1.08834302	1.08350146	1.09670484
0.00009580	0.99607950	1.05280113	1.11733699	1.10824764	1.07827628	1.08249319	1.07450998	1.09186578
0.00010220	1.07046211	1.02046251	1.04801321	1.09397423	1.07984257	1.06603789	1.06437910	1.07119703
0.00011500	1.00775504	1.05140495	1.04766858	1.07439291	1.04090345	1.05053055	1.05184412	1.05989611
0.00012780	1.04663944	1.07383251	1.02525496	1.06130660	1.05477166	1.03617060	1.03975415	1.04206944
0.00014060	1.03853858	1.00565267	1.01404810	1.04221320	1.03877842	1.02639592	1.02546430	1.03464758
0.00015340	1.00775504	1.01641786	1.03510332	1.02557588	1.03307462	1.02851152	1.02506351	1.02576101
0.00016620	1.05149996	0.99399036	0.99638885	1.05639458	1.01853526	1.01925790	1.01368940	1.01786828
0.00017900	1.09686518	0.95182645	1.03782010	1.04403543	1.02971935	1.02035427	1.01226091	1.01676047
0.00019180	1.02233672	1.00565267	1.01982129	1.04966044	1.01551557	1.01398933	1.01163042	1.02074933
0.00020460	1.02065587	0.98143089	0.98959684	1.01400888	0.99941045	1.01018906	1.00715113	1.00464630
0.00023020	0.99672878	0.99905694	1.01326299	1.02536321	1.02051318	1.00512159	1.00538814	1.00650978
0.00025580	0.96023339	1.03584301	0.99767274	1.00804889	1.00478292	1.00235486	1.00340736	1.00480211
0.00028140	0.97807556	1.05468476	1.00466013	1.01081800	1.00965309	1.00352800	1.00130212	1.00461507
0.00030700	1.01781499	1.01386106	1.00055861	1.01034331	1.00970912	1.00573289	1.00473452	1.00287259
0.00033260	0.97158748	0.99506342	0.97656953	0.99705142	1.01289999	1.00632441	1.00055254	1.00444841
0.00035820	0.96266639	0.99865246	0.99320495	0.99898982	1.00439107	1.00836992	1.00392509	1.00635839
0.00038380	1.04863322	1.02014160	0.99371421	1.01010597	0.99537826	1.00469923	1.00593686	1.00755584
0.00040940	1.02105904	1.01251531	0.98695105	1.00717854	1.00625408	1.00355375	1.00244224	1.00507689
0.00046060	0.99048293	1.01107609	0.98331887	1.00643897	1.01078486	1.00093937	1.00437045	1.00230014
0.00051180	1.01077139	1.01354599	0.99777788	1.00773048	1.00331175	0.99799556	1.00446820	0.99869186
0.00056300	1.03221583	1.01112080	1.00066435	1.01070893	1.00822210	0.99948144	1.00030243	0.99948102
0.00061420	1.03661728	0.97429562	1.00737107	0.99963826	1.01693881	1.00016510	0.99363649	1.00170457
0.00066540	1.02931428	1.03155434	0.99350607	1.01227069	1.01699483	0.99940228	0.99472612	1.00226855
0.00071660	1.01789355	0.98619646	0.99868453	1.01306105	1.00596726	0.99974567	0.99553841	1.00475073
0.00076780	1.00166571	1.02189887	0.98544121	1.01966369	0.99457592	0.99566704	0.99936849	1.00493002
0.00081900	0.99604523	0.98754370	1.01009011	1.01615131	1.00957787	0.99895263	1.00015771	1.00715971
0.00092140	0.99288106	1.00358987	0.99289191	1.01587772	1.00168514	0.99829501	1.00039542	1.00186610
0.00102380	0.98536539	0.99304932	1.00344646	1.00698936	1.00594771	1.00033545	1.00139284	1.00137424
0.00112620	0.97663099	1.00684166	1.00824881	1.01088703	1.00323224	1.00353241	0.99761623	1.00396705
0.00122860	0.99572486	1.01424241	1.00384021	1.01617408	1.00684178	1.00125408	1.00021601	1.00413740
0.00133100	0.97134966	1.00381410	1.00443363	1.01263809	1.00723362	1.00166559	0.99858052	1.00308490
0.00143340	0.98536539	0.97921365	0.99720019	1.00813484	1.00300825	1.00117469	0.99803048	1.00139153
0.00153580	0.99999046	0.99688578	1.01173961	1.00730860	1.00363815	1.00061691	1.00066781	0.99979138
0.00163820	1.00202179	0.99529195	0.99654907	1.00701571	1.00708139	0.99895626	1.00021470	1.00190973
0.00184300	1.00755262	0.99402523	0.98817831	1.00446332	0.99650872	1.00110531	0.99933368	0.99994755
0.00204780	0.98917621	1.00762355	0.99438334	1.01036227	1.00019300	0.99802721	0.99699837	1.00090885
0.00225260	1.00546217	1.00051188	1.00422764	1.00951576	1.00111496	1.00017166	1.00034726	1.00155234
0.00245740	0.99636757	1.01583529	0.99828005	1.01564276	1.00250399	1.00163507	1.00344455	0.99772406
0.00266220	0.99165535	1.00426042	0.99512279	1.00876784	1.00403094	1.00129402	1.00164688	0.99878645
0.00286700	0.99410868	0.99073315	0.99220747	1.00629437	1.01127815	0.99690020	1.00130498	1.00183237
0.00307180	0.99173087	0.98093158	0.99203813	1.00764322	0.99566513	0.99880719	1.00439847	1.00057769
0.00327660	1.01392674	1.00551534	0.99349874	1.01108086	0.99745268	1.00169361	1.00159025	1.00428987
0.00368620	0.99523360	1.00055778	0.99867982	1.01072299	1.00331783	0.99994159	1.00043607	1.00213504
0.00409580	1.00040019	0.99623305	0.99600732	1.01065111	0.99939567	0.99895298	0.99913186	1.00215423
0.00450540	1.00919163	1.00584590	1.00204468	1.01114476	1.00229776	0.99987113	1.00009286	1.00326014
0.00491500	1.00776875	0.99578464	1.01251793	1.01368725	1.00196171	0.99992549	1.00088823	1.00235891
0.00532460	0.99265814	0.99923182	1.00342584	1.00896752	1.00141215	0.99867994	0.99960178	1.00173461
0.00573420	1.00980639	1.00730824	0.99911922	1.00961173	1.00448573	1.00012326	1.00006509	1.00337553
0.00614380	0.99507236	0.99693781	1.00460410	1.01316357	1.00288641	1.00055695	1.00126588	1.00282907
0.00655340	0.99743617	0.99535221	0.99786586	1.01482773	0.99989378	1.00156772	1.00207806	1.00049114
0.00737260	0.99009526	1.00818312	0.99515104	1.01151669	0.99779820	1.00035572	0.99892068	0.99971348
0.00819180	1.00253975	0.99831462	0.99893820	1.01383317	0.99861509	1.00220740	1.00093889	1.00049949
0.00901100	1.00558913	1.00792325	1.00051808	1.01211929	1.00366986	0.99987829	0.99935752	1.00190008
0.00983020	0.99553871	0.99932009	0.99463993	1.01164007	1.00225317	1.00259614	1.00034606	1.00197744
0.01064940	0.99046630	1.00069857	0.99594724	1.01211143	1.00062180	1.00151253	1.00135124	1.00033522
0.01146860	1.01017070	1.00274146	1.00394189	1.00659931	1.00078595	1.00169468	0.99990261	1.00092232
0.01228780	0.99542016	1.00181603	1.00368381	1.00835407	1.00540555	1.00011730	0.99693084	1.00161076
0.01310700	1.00069451	1.00410628	0.99573082	1.00965714	1.00220144	0.99831921	1.00179756	1.00137830
0.01474540	1.00459528	1.00059319	0.99903768	1.00970447	0.99995714	1.00112593	0.99989545	1.00164938
0.01638380	1.00011110	0.99366027	1.00156450	1.00902402	1.00318480	0.99963278	0.99886799	1.00206077
0.01802220	0.99659282	1.00359881	0.99612421	1.00890613	1.00402701	0.99882126	0.99869168	1.00171351
0.01966060	0.99619490	0.99429303	1.00188887	1.00889325	1.00124490	1.00088096	1.00044310	1.00103307
0.02129900	1.00281405	0.99857050	0.99820131	1.01057971	1.00524151	1.00001574	0.99992436	1.00201881
0.02293740	0.99898189	0.99851936	0.99781150	1.01038313	1.00254238	1.00151980	1.00127363	1.00109041
0.02457580	1.00438190	0.99967867	1.00091255	1.01204872	0.99850762	1.00083363	1.00094688	1.00110054
0.02621420	0.99925613	0.99200559	1.00007236	1.00984633	1.00046849	0.99885398	1.00120187	1.00055087
0.02949100	0.99870354	0.99820918	1.00241899	1.00969529	1.00020683	1.00025344	1.00037444	1.00093532
0.03276780	0.99931622	0.99970514	1.00110817	1.01039207	1.00155318	1.00030553	1.00046301	1.00145566
0.03604460	0.99942893	0.99938315	1.00143981	1.00857008	1.00064254	1.00051427	1.00089800	1.00117099
0.03932140	1.00022948	1.00007701	0.99889177	1.00891638	1.00160956	1.00098658	1.00056756	1.00066888
0.04259820	0.99992847	1.00273037	0.99990940	1.00784588	1.00237203	1.00061023	1.00157058	0.99994969
0.04587500	0.99631554	1.00028062	0.99936301	1.01005208	1.00041163	1.00061834	1.00020516	1.00088024
0.04915180	0.99729085	1.00168848	1.00259781	1.00950229	1.00277853	0.99994373	0.99993330	1.00114977
0.05242860	0.99809712	0.99826330	0.99861902	1.00917542	0.99980468	1.00046074	1.00092089	1.00119674
0.05898220	0.99645305	1.00009108	1.00121725	1.00853419	1.00176978	1.00110090	1.00008690	1.00096083
0.06553581	1.00239992	0.99944824	0.99987733	1.00888145	1.00112689	1.00030541	1.00016046	1.00033212
0.07208940	0.99982375	0.99952716	1.00101376	1.00850165	1.00265777	1.00024247	0.99978179	1.00144088
0.07864300	1.00293028	1.00071287	1.00068736	1.00937819	1.00022566	1.00082111	1.00086129	1.00138927
0.08519660	0.99893415	1.00036252	0.99975938	1.01024234	1.00239289	1.00060058	1.00075996	1.00155318
0.09175020	1.00256288	0.99851382	1.00188982	1.00973296	1.00075054	1.00027728	1.00070214	1.00144482
0.09830380	0.99865848	1.00097883	1.00014555	1.01012743	1.00207341	1.00088191	0.99913472	1.00129378
0.10485740	0.99917328	0.99889803	0.99968129	1.01003551	1.00206280	1.00070834	1.00074422	1.00107813
0.11796460	0.99966425	1.00088239	1.00005186	1.00978959	1.00017333	1.00077868	1.00016248	1.00077796
0.13107181	1.00189078	1.00131166	1.00018835	1.00943828	1.00005889	1.00100374	1.00018907	1.00118768
0.14417900	1.00039339	0.99887753	1.00003207	1.00907338	1.00102198	0.99997979	1.00032866	1.00098956
0.15728620	1.00111735	1.00076985	1.00130522	1.01024747	0.99999511	1.00013125	1.00025403	1.00053298
0.17039341	0.99969262	1.00024843	0.99952483	1.00880229	1.00063896	0.99982738	0.99969441	1.00070179
0.18350060	1.00162184	1.00003529	1.00049543	1.00938487	1.00104225	1.00055575	1.00003207	1.00058055
0.19660780	0.99961150	0.99886274	1.00009632	1.00871909	1.00050402	1.00055087	1.00059032	1.00131202
0.20971501	0.99841970	0.99929160	0.99958009	1.00917101	1.00086975	1.00028408	1.00017798	1.00078773
0.23592941	1.00098908	0.99992061	1.00073051	1.00936627	1.00137508	1.00029504	1.00017476	1.00131702
0.26214382	0.99920136	1.00016785	1.00028110	1.00857103	1.00112617	1.00031006	1.00014436	1.00118494
0.28835821	1.00037646	0.99926901	1.00042582	1.00891900	1.00111973	1.00020039	1.00050747	1.00100696
0.31457260	1.00141990	1.00009668	1.00047576	1.00892973	1.00158310	1.00061321	1.00007451	1.00127983
0.34078699	1.00007951	1.00025499	0.99971336	1.00887203	1.00150323	1.00023878	1.00065637	1.00113654
0.36700141	1.00061440	1.00012577	1.00090551	1.00807869	1.00166881	1.00043941	1.00052130	1.00106037
0.39321581	1.00024533	0.99919087	1.00015521	1.00827074	1.00081468	1.00037110	1.00048423	1.00087249
0.41943020	0.99996835	1.00156629	1.00019288	1.00811923	1.00049949	1.00065684	1.00016427	1.00078070
0.47185901	1.00006664	1.00022566	1.00041842	1.00824177	1.00027549	1.00050044	1.00008607	1.00072563
0.52428782	0.99974489	1.00039589	1.00039530	1.00774777	1.00077069	1.00032818	0.99982339	1.00034845
0.57671660	0.99924636	1.00037134	1.00036097	1.00796807	1.00064659	1.00032234	1.00011671	1.00075400
0.62914538	1.00064051	0.99974859	1.00052571	1.00759733	1.00143957	1.00016022	1.00039351	1.00099111
0.68157423	1.00035477	0.99860406	0.99993414	1.00743127	1.00074208	1.00031197	1.00028682	1.00123847
0.73400301	0.99869257	0.99966246	1.00016809	1.00723803	1.00060689	1.00053132	0.99994379	1.00052559
0.78643179	1.00260663	1.00007379	1.00073957	1.00739038	0.99958938	1.00029504	0.99991649	1.00079572
0.83886063	0.99980897	1.00011480	1.00048375	1.00675058	1.00019836	1.00033188	0.99991739	1.00062287
0.94371825	1.00069261	0.99973881	1.00043118	1.00605714	0.99988073	1.00023711	1.00003552	1.00102305
1.04857588	0.99962169	1.00013840	1.00014019	1.00576508	0.99986529	1.00001538	1.00027370	1.00074375
1.15343344	1.00017190	0.99969620	0.99997789	1.00564647	0.99965793	1.00013840	0.99961042	1.00068641
1.25829101	1.00051367	0.99985117	1.00001132	1.00523984	0.99947405	0.99976701	1.00008523	1.00083947
1.36314869	1.00003135	1.00058675	1.00020647	1.00499177	0.99972314	1.00001049	0.99995917	1.00039196
1.46800625	0.99948376	0.99973392	1.00012493	1.00456047	0.99958974	1.00001407	1.00006211	1.00033474
1.57286382	1.00095248	1.00011313	0.99983042	1.00365901	0.99900818	0.99998724	0.99979550	1.00046778
1.67772150	1.00004184	0.99986887	1.00012743	1.00299191	0.99955571	0.99992770	1.00040174	1.00018299
1.88743675	1.00028241	0.99972069	1.00002050	1.00137830	1.00000775	1.00002325	1.00016439	1.00052583
2.09715199	1.00016499	1.00035119	1.00017440	1.00072074	1.00043297	0.99985367	1.00019121	1.00025177
2.30686712	0.99962729	0.99927568	0.99982858	0.99961531	1.00069153	1.00018394	1.00022960	1.00012183
2.51658225	0.99984896	0.99985045	0.99969769	0.99921024	1.00074315	0.99978733	0.99995768	1.00028884
2.72629738	1.00069094	1.00069952	0.99994552	0.99880302	1.00084019	1.00001943	1.00005162	1.00009263
2.93601274	0.99992007	1.00000215	0.99971259	0.99842668	1.00082779	0.99983126	1.00000954	0.99999630
3.14572787	1.00024283	1.00014734	0.99983686	0.99891615	1.00068474	0.99995917	0.99980503	1.00001621
3.35544300	0.99965489	0.99944377	0.99982077	0.99904740	1.00004363	0.99964243	0.99999529	0.99995732
3.77487350	1.00050604	0.99977857	1.00024521	0.99959505	0.99942642	0.99993414	1.00002992	1.00008702
4.19430399	0.99943644	1.00008214	0.99980396	0.99969351	0.99957180	0.99984854	0.99998349	0.99986166
4.61373425	1.00014520	1.00079012	1.00028002	0.99992895	0.99981916	1.00007176	1.00008059	1.00010765
5.03316450	1.00000000	1.00000000	1.00000000	1.00000000	1.00000000	1.00000000	1.00000000	1.00000000
5.45259476	0.00000000	0.00000000	0.00000000	0.00000000	0.00000000	0.00000000	0.00000000	0.00000000
5.87202549	0.00000000	0.00000000	0.00000000	0.00000000	0.00000000	0.00000000	0.00000000	0.00000000
6.29145575	0.00000000	0.00000000	0.00000000	0.00000000	0.00000000	0.00000000	0.00000000	0.00000000
6.71088600	0.00000000	0.00000000	0.00000000	0.00000000	0.00000000	0.00000000	0.00000000	0.00000000
7.54974699	0.00000000	0.00000000	0.00000000	0.00000000	0.00000000	0.00000000	0.00000000	0.00000000
8.38860798	0.00000000	0.00000000	0.00000000	0.00000000	0.00000000	0.00000000	0.00000000	0.00000000
9.22746849	0.00000000	0.00000000	0.00000000	0.00000000	0.00000000	0.00000000	0.00000000	0.00000000
10.06632900	0.00000000	0.00000000	0.00000000	0.00000000	0.00000000	0.00000000	0.00000000	0.00000000
10.90518951	0.00000000	0.00000000	0.00000000	0.00000000	0.00000000	0.00000000	0.00000000	0.00000000
11.74405098	0.00000000	0.00000000	0.00000000	0.00000000	0.00000000	0.00000000	0.00000000	0.00000000
12.58291149	0.00000000	0.00000000	0.00000000	0.00000000	0.00000000	0.00000000	0.00000000	0.00000000
13.42177200	0.00000000	0.00000000	0.00000000	0.00000000	0.00000000	0.00000000	0.00000000	0.00000000
15.09949398	0.00000000	0.00000000	0.00000000	0.00000000	0.00000000	0.00000000	0.00000000	0.00000000
16.77721596	0.00000000	0.00000000	0.00000000	0.00000000	0.00000000	0.00000000	0.00000000	0.00000000
18.45493698	0.00000000	0.00000000	0.00000000	0.00000000	0.00000000	0.00000000	0.00000000	0.00000000
20.13265800	0.00000000	0.00000000	0.00000000	0.00000000	0.00000000	0.00000000	0.00000000	0.00000000
21.81037903	0.00000000	0.00000000	0.00000000	0.00000000	0.00000000	0.00000000	0.00000000	0.00000000
23.48810196	0.00000000	0.00000000	0.00000000	0.00000000	0.00000000	0.00000000	0.00000000	0.00000000
25.16582298	0.00000000	0.00000000	0.00000000	0.00000000	0.00000000	0.00000000	0.00000000	0.00000000
26.84354401	0.00000000	0.00000000	0.00000000	0.00000000	0.00000000	0.00000000	0.00000000	0.00000000
30.19898796	0.00000000	0.00000000	0.00000000	0.00000000	0.00000000	0.00000000	0.00000000	0.00000000
33.55443192	0.00000000	0.00000000	0.00000000	0.00000000	0.00000000	0.00000000	0.00000000	0.00000000
36.90987396	0.00000000	0.00000000	0.00000000	0.00000000	0.00000000	0.00000000	0.00000000	0.00000000
40.26531601	0.00000000	0.00000000	0.00000000	0.00000000	0.00000000	0.00000000	0.00000000	0.00000000
43.62075806	0.00000000	0.00000000	0.00000000	0.00000000	0.00000000	0.00000000	0.00000000	0.00000000
46.97620392	0.00000000	0.00000000	0.00000000	0.00000000	0.00000000	0.00000000	0.00000000	0.00000000
50.33164597	0.00000000	0.00000000	0.00000000	0.00000000	0.00000000	0.00000000	0.00000000	0.00000000
53.68708801	0.00000000	0.00000000	0.00000000	0.00000000	0.00000000	0.00000000	0.00000000	0.00000000
60.39797592	0.00000000	0.00000000	0.00000000	0.00000000	0.00000000	0.00000000	0.00000000	0.00000000
67.10886383	0.00000000	0.00000000	0.00000000	0.00000000	0.00000000	0.00000000	0.00000000	0.00000000
73.81974792	0.00000000	0.00000000	0.00000000	0.00000000	0.00000000	0.00000000	0.00000000	0.00000000
80.53063202	0.00000000	0.00000000	0.00000000	0.00000000	0.00000000	0.00000000	0.00000000	0.00000000
87.24151611	0.00000000	0.00000000	0.00000000	0.00000000	0.00000000	0.00000000	0.00000000	0.00000000
93.95240784	0.00000000	0.00000000	0.00000000	0.00000000	0.00000000	0.00000000	0.00000000	0.00000000
100.66329193	0.00000000	0.00000000	0.00000000	0.00000000	0.00000000	0.00000000	0.00000000	0.00000000
107.37417603	0.00000000	0.00000000	0.00000000	0.00000000	0.00000000	0.00000000	0.00000000	0.00000000
120.79595184	0.00000000	0.00000000	0.00000000	0.00000000	0.00000000	0.00000000	0.00000000	0.00000000
134.21772766	0.00000000	0.00000000	0.00000000	0.00000000	0.00000000	0.00000000	0.00000000	0.00000000
147.63949585	0.00000000	0.00000000	0.00000000	0.00000000	0.00000000	0.00000000	0.00000000	0.00000000
161.06126404	0.00000000	0.00000000	0.00000000	0.00000000	0.00000000	0.00000000	0.00000000	0.00000000
174.48303223	0.00000000	0.00000000	0.00000000	0.00000000	0.00000000	0.00000000	0.00000000	0.00000000
187.90481567	0.00000000	0.00000000	0.00000000	0.00000000	0.00000000	0.00000000	0.00000000	0.00000000
201.32658386	0.00000000	0.00000000	0.00000000	0.00000000	0.00000000	0.00000000	0.00000000	0.00000000
214.74835205	0.00000000	0.00000000	0.00000000	0.00000000	0.00000000	0.00000000	0.00000000	0.00000000
241.59190369	0.00000000	0.00000000	0.00000000	0.00000000	0.00000000	0.00000000	0.00000000	0.00000000
268.43545532	0.00000000	0.00000000	0.00000000	0.00000000	0.00000000	0.00000000	0.00000000	0.00000000
295.27899170	0.00000000	0.00000000	0.00000000	0.00000000	0.00000000	0.00000000	0.00000000	0.00000000
322.12252808	0.00000000	0.00000000	0.00000000	0.00000000	0.00000000	0.00000000	0.00000000	0.00000000
348.96606445	0.00000000	0.00000000	0.00000000	0.00000000	0.00000000	0.00000000	0.00000000	0.00000000
375.80963135	0.00000000	0.00000000	0.00000000	0.00000000	0.00000000	0.00000000	0.00000000	0.00000000
402.65316772	0.00000000	0.00000000	0.00000000	0.00000000	0.00000000	0.00000000	0.00000000	0.00000000
429.49670410	0.00000000	0.00000000	0.00000000	0.00000000	0.00000000	0.00000000	0.00000000	0.00000000
483.18380737	0.00000000	0.00000000	0.00000000	0.00000000	0.00000000	0.00000000	0.00000000	0.00000000
536.87091064	0.00000000	0.00000000	0.00000000	0.00000000	0.00000000	0.00000000	0.00000000	0.00000000
590.55798340	0.00000000	0.00000000	0.00000000	0.00000000	0.00000000	0.00000000	0.00000000	0.00000000
644.24505615	0.00000000	0.00000000	0.00000000	0.00000000	0.00000000	0.00000000	0.00000000	0.00000000
697.93212891	0.00000000	0.00000000	0.00000000	0.00000000	0.00000000	0.00000000	0.00000000	0.00000000
751.61926270	0.00000000	0.00000000	0.00000000	0.00000000	0.00000000	0.00000000	0.00000000	0.00000000
805.30633545	0.00000000	0.00000000	0.00000000	0.00000000	0.00000000	0.00000000	0.00000000	0.00000000
858.99340820	0.00000000	0.00000000	0.00000000	0.00000000	0.00000000	0.00000000	0.00000000	0.00000000
966.36761475	0.00000000	0.00000000	0.00000000	0.00000000	0.00000000	0.00000000	0.00000000	0.00000000
1073.74182129	0.00000000	0.00000000	0.00000000	0.00000000	0.00000000	0.00000000	0.00000000	0.00000000
1181.11596680	0.00000000	0.00000000	0.00000000	0.00000000	0.00000000	0.00000000	0.00000000	0.00000000
1288.49011230	0.00000000	0.00000000	0.00000000	0.00000000	0.00000000	0.00000000	0.00000000	0.00000000
1395.86425781	0.00000000	0.00000000	0.00000000	0.00000000	0.00000000	0.00000000	0.00000000	0.00000000
1503.23852539	0.00000000	0.00000000	0.00000000	0.00000000	0.00000000	0.00000000	0.00000000	0.00000000
1610.61267090	0.00000000	0.00000000	0.00000000	0.00000000	0.00000000	0.00000000	0.00000000	0.00000000
1717.98681641	0.00000000	0.00000000	0.00000000	0.00000000	0.00000000	0.00000000	0.00000000	0.00000000
1932.73522949	0.00000000	0.00000000	0.00000000	0.00000000	0.00000000	0.00000000	0.00000000	0.00000000
2147.48364258	0.00000000	0.00000000	0.00000000	0.00000000	0.00000000	0.00000000	0.00000000	0.00000000
2362.23193359	0.00000000	0.00000000	0.00000000	0.00000000	0.00000000	0.00000000	0.00000000	0.00000000
2576.98022461	0.00000000	0.00000000	0.00000000	0.00000000	0.00000000	0.00000000	0.00000000	0.00000000
2791.72851562	0.00000000	0.00000000	0.00000000	0.00000000	0.00000000	0.00000000	0.00000000	0.00000000
3006.47705078	0.00000000	0.00000000	0.00000000	0.00000000	0.00000000	0.00000000	0.00000000	0.00000000
3221.22534180	0.00000000	0.00000000	0.00000000	0.00000000	0.00000000	0.00000000	0.00000000	0.00000000
3435.97363281	0.00000000	0.00000000	0.00000000	0.00000000	0.00000000	0.00000000	0.00000000	0.00000000
0	0	0	0	0	0	0	0	0
