%4/21/2015 8:16:33 PM
%Duration	ID1		ID2		ID3		ID4		ID5		ID6		ID7		ID8
3000.000000	1.583099	2.374649	3.414154	2.975464	5.769730	18.396378	16.374588	14.543533
%Tau		Tau1		Tau2		Tau3		Tau4		Tau5		Tau6		Tau7		Tau8
%		0.000001	0.000000	0.000002	0.000002	0.000003	0.000035	0.000021	0.000024
%Delaytime	D1		D2		D3		D4		D5		D6		D7		D8
0.00000000	9.57439327	34.47975922	21.54513550	17.40567398	8.83479500	2.25875354	3.68202138	5.89031315
0.00000020	9.57439327	8.93919659	4.07610655	4.19025469	1.55908144	1.32689106	1.82401669	1.83868897
0.00000040	3.59039760	1.27702808	2.62035441	1.93396378	1.55908144	1.31676209	1.58610153	1.72478783
0.00000060	3.59039760	1.27702808	0.58230096	1.28930914	1.35120392	1.60037243	1.52945495	1.35054147
0.00000080	3.59039760	1.27702808	2.03805327	1.28930914	1.03938758	1.43830943	1.29153979	1.46444249
0.00000100	1.19679916	2.55405617	1.45575237	2.25629115	1.55908144	1.38766468	1.35951555	1.35054147
0.00000120	2.39359832	0.63851404	2.03805327	2.57861829	1.55908144	1.25598848	1.25755191	1.61088681
0.00000140	3.59039760	1.27702808	1.16460192	1.61163652	1.45514274	1.35727787	1.47280848	1.36681306
0.00000160	1.19679916	1.91554213	0.58230096	1.28930914	1.87089777	1.54972768	1.46147919	1.44817090
0.00000180	3.59039760	1.27702808	2.32920384	1.93396378	1.14332640	1.22560167	1.34818625	1.57834363
0.00000200	5.98399591	2.55405617	1.16460192	0.96698189	1.35120392	1.41805148	1.42749131	1.39935625
0.00000220	0.00000000	1.27702808	2.32920384	1.93396378	2.18271399	1.36740685	1.47280848	1.52952886
0.00000240	1.19679916	1.91554213	0.29115048	0.96698189	0.93544888	1.47882521	1.30286908	1.28545511
0.00000260	1.19679916	0.63851404	1.45575237	1.61163652	1.45514274	1.53959882	1.15558827	1.28545511
0.00000280	0.00000000	0.63851404	2.62035441	1.93396378	1.87089777	1.37753582	1.43882060	1.48071408
0.00000300	0.00000000	1.91554213	2.03805327	2.25629115	1.24726510	1.40792263	1.54078424	1.64342999
0.00000340	2.39359832	1.27702808	1.74690282	0.96698189	1.29923451	1.48895407	1.28021049	1.39935625
0.00000380	0.00000000	1.27702808	1.31017721	1.45047283	1.29923451	1.50414753	1.26888120	1.43189931
0.00000420	1.79519880	0.95777106	1.31017721	1.77280009	1.03938758	1.26611745	1.42182672	1.21223295
0.00000460	2.39359832	0.95777106	1.60132766	1.93396378	1.29923451	1.32689106	1.39916813	1.39122045
0.00000500	1.19679916	1.27702808	1.74690282	1.93396378	1.55908144	1.35221338	1.50113177	1.36681306
0.00000540	1.79519880	1.27702808	1.74690282	1.61163652	1.55908144	1.47882521	1.37084484	1.48884988
0.00000580	2.39359832	1.91554213	0.29115048	1.12814558	1.24726510	1.32182658	1.42182672	1.48071408
0.00000620	0.59839958	0.95777106	2.03805327	0.96698189	0.83151013	1.39272916	1.44448531	1.36681306
0.00000700	0.59839958	1.75591362	1.23738956	0.96698189	1.89688241	1.33195555	1.50962877	1.35460937
0.00000780	0.59839958	0.95777106	1.16460192	1.36989105	1.55908144	1.38260019	1.39067113	1.37901676
0.00000860	1.49599898	1.59628510	1.31017721	0.96698189	1.37718856	1.36740685	1.41616201	1.33426988
0.00000940	1.19679916	1.11739957	1.23738956	0.80581826	1.22128046	1.33702004	1.37934184	1.28138721
0.00001020	1.79519880	1.75591362	0.87345141	1.45047283	1.32521927	1.51934087	1.45581460	1.51732516
0.00001100	1.19679916	1.27702808	1.74690282	1.85338199	1.06537235	1.33448780	1.19240844	1.27325141
0.00001180	1.79519880	0.79814255	1.09181428	1.28930914	1.29923451	1.31929433	1.37084484	1.36274517
0.00001260	1.49599898	1.59628510	1.38296473	1.20872736	1.58506608	1.39272916	1.53511965	1.31799829
0.00001420	0.89759940	1.19721389	1.20099568	0.96698189	1.28624225	1.32815719	1.36518025	1.28545511
0.00001580	1.79519880	0.79814255	1.20099568	1.32960010	1.36419630	1.38893080	1.30570138	1.31799829
0.00001740	1.19679916	1.11739957	1.34657097	1.45047283	1.27324986	1.27498031	1.37509334	1.38511860
0.00001900	0.74799949	1.35684240	1.31017721	1.41018188	1.35120392	1.26231909	1.32694387	1.32613409
0.00002060	0.89759940	0.79814255	1.27378333	1.20872736	1.23427284	1.31169760	1.21506703	1.34850752
0.00002220	1.04719925	1.19721389	1.23738956	1.16843641	1.15631878	1.25092399	1.30145288	1.33020198
0.00002380	1.04719925	1.11739957	1.16460192	0.92669100	1.07836461	1.24079514	1.36376405	1.28748906
0.00002540	0.89759940	1.27702808	1.34657097	1.00727284	1.29923451	1.24712563	1.28729129	1.33426988
0.00002860	1.12517738	0.83533734	1.21870708	0.98547453	1.14687204	1.23761916	1.25118935	1.30370319
0.00003180	1.05016553	1.31267297	1.10956919	1.22681522	1.29674733	1.24394643	1.20195353	1.19700885
0.00003500	0.67510641	1.35245097	1.25508642	1.26703870	1.10777414	1.15662968	1.22376883	1.17973459
0.00003820	1.42522466	1.35245097	1.10956919	1.16648006	0.96441507	1.19522619	1.17802703	1.24375117
0.00004140	1.12517738	1.23311710	1.36422443	1.02569795	1.22506785	1.23761916	1.22376883	1.24476731
0.00004460	0.75011826	0.99444926	1.16413820	1.14636838	1.16642094	1.15660822	1.13932240	1.21631551
0.00004780	1.35021281	1.27289498	1.32784510	1.18659186	1.19255733	1.14015758	1.13791502	1.19599271
0.00005100	1.12517738	0.91489327	0.69120705	1.44804430	1.09480667	1.18508053	1.18084192	1.15331495
0.00005740	0.97554821	1.19263661	1.05699873	1.06569827	1.19007897	1.16623735	1.12045276	1.13283384
0.00006380	0.97554821	1.05349565	1.02055049	1.04559076	1.19986045	1.09851015	1.13418126	1.09322774
0.00007020	1.05059040	1.03361833	1.02966261	1.08580577	1.07922232	1.11939800	1.06661594	1.07291698
0.00007660	1.08811140	1.15288210	1.02966261	1.02548325	0.97488660	1.06464660	1.07473338	1.07240927
0.00008300	1.20067465	1.17275929	1.17545557	1.27682722	1.04335690	1.04502463	1.08142185	1.02668583
0.00008940	1.12563252	1.17275929	0.93854201	1.02548325	1.12160861	1.08426845	1.07015705	1.02313149
0.00009580	0.90050602	1.13300478	1.09344697	1.06569827	1.10204566	1.07382452	1.03143430	1.04598057
0.00010220	1.08811140	1.09325016	1.05699873	0.87467688	1.09226429	1.03046644	1.06593275	1.06476760
0.00011500	0.97397184	1.13367212	1.10047436	1.08489716	1.07448804	1.05750155	1.05429327	1.03083599
0.00012780	1.06762302	1.24306154	0.90948296	1.03969312	1.02727568	1.03248501	1.04636753	1.03464925
0.00014060	1.29238570	1.05411613	1.04590535	1.09996510	1.04681182	1.00050187	1.02241433	1.04890990
0.00015340	0.93651140	0.99444926	0.93222004	0.98444366	1.05169594	1.01586008	1.02646530	1.03365672
0.00016620	0.93651140	0.89500433	1.05954766	0.94928497	1.05006790	1.01617682	1.02382338	1.01207185
0.00017900	0.99270207	1.20328355	1.05954766	1.28078127	1.01262355	1.00477684	1.03212154	1.02300358
0.00019180	0.97397184	0.99444926	1.00043130	1.10498774	0.98494738	1.02061009	1.03108501	1.01232612
0.00020460	0.73047888	0.90508205	1.08683217	1.07485175	1.02239168	1.01077473	1.01996851	1.00543833
0.00023020	0.96499670	0.94333738	1.02597845	1.03991067	1.02206469	0.99816602	1.02095997	0.99501187
0.00025580	0.89004546	0.95326728	0.95788258	0.97721642	0.98623139	1.02280140	1.00596666	1.02053034
0.00028140	1.04931676	1.10237741	0.98739076	0.94958305	0.97401541	1.01121747	1.01804948	1.00756884
0.00030700	0.99310338	0.96830451	0.98966062	0.91441327	0.99111772	1.03044677	1.00878894	0.97232354
0.00033260	1.03994787	0.87395686	1.00781953	1.03499520	1.04825020	1.00391126	1.01161122	1.01844919
0.00035820	1.17111242	0.90871650	0.93745381	0.90436476	0.98879236	1.00781131	0.99924409	0.98719049
0.00038380	1.05868566	1.13713706	0.95334285	0.95460725	0.97983295	1.00290024	1.00330102	1.01565373
0.00040940	1.03057897	1.08748043	0.96015245	1.08021355	1.03847635	1.00670230	1.00753438	1.00487661
0.00046060	0.93651140	0.92953628	0.99991554	1.00590217	0.99348712	0.99911904	0.99905729	0.99964553
0.00051180	1.03952765	0.98670030	0.97724169	0.98326939	1.01016736	1.00157702	0.99534953	0.99873269
0.00056300	0.89436841	0.99664187	1.00898504	1.02224815	0.99389398	1.00595212	1.00618351	0.99981254
0.00061420	0.95524162	0.93202168	0.94786000	0.98190922	1.02522016	0.99943835	0.98920345	1.00095594
0.00066540	0.96460676	1.14327991	0.97166985	0.98442370	0.97884113	1.00300264	0.99679106	1.00324261
0.00071660	0.91309863	1.07617438	0.96826845	0.99825341	0.97802746	1.00171435	1.00222087	1.00664902
0.00076780	0.85222536	0.97690254	0.99774736	0.99699616	0.98494363	0.99510044	0.99239606	0.99716818
0.00081900	1.02079737	0.98684555	0.96382904	0.99699616	0.98331630	1.00468469	0.99218053	0.99579412
0.00092140	1.03141260	1.04228318	1.00922072	1.01377285	0.98072821	1.00001657	1.00856614	1.00071096
0.00102380	0.95171255	1.04975474	1.02056670	1.02331924	0.99882585	1.00821435	1.00642598	0.99479622
0.00112620	1.01031554	0.93145496	1.02226853	0.95283234	1.00980639	1.00716567	0.99631286	0.99248326
0.00122860	1.08298326	0.99620855	1.00411510	0.96919537	1.01082313	0.98361671	0.99432510	1.00767517
0.00133100	1.09704792	1.06718838	0.98766345	1.03968239	1.00913632	0.99460936	0.99794722	1.00381196
0.00143340	1.10642445	0.98749173	0.99560565	0.99877471	0.98249978	1.00702810	1.00526011	0.99237943
0.00153580	1.06891847	0.98126543	1.00808620	1.02195358	0.99368304	0.99758160	1.00205529	1.00058377
0.00163820	1.03865492	1.04726422	1.00468242	0.99489444	0.98534644	1.00389981	1.00201356	1.01222253
0.00184300	0.98619884	1.00002491	1.00041282	1.00045264	0.98672688	1.00060391	0.99451959	0.99829173
0.00204780	0.98153043	1.00002491	0.98424965	1.00485992	0.99697870	1.00234640	1.00023043	1.00046742
0.00225260	1.02354598	0.99877799	1.00371575	0.99352688	1.00049472	1.00564456	0.99629372	0.99997497
0.00245740	0.95352006	1.01249409	0.98698711	0.99646610	0.97978312	1.01300597	0.99692619	1.00686944
0.00266220	1.01187503	1.02995086	0.99832857	0.98639446	1.00316215	0.99856299	1.00130486	0.99323940
0.00286700	0.97102654	0.96511132	0.98386824	0.98009962	1.01086867	1.00033641	0.99904191	1.00144315
0.00307180	0.99903691	0.98645431	0.99559218	1.00716722	0.98442781	1.00639856	1.00430834	0.99248153
0.00327660	0.97686201	1.02199662	1.03897738	0.99552190	1.01288235	0.99915743	0.99788761	1.00267422
0.00368620	1.01231241	1.02962291	1.00846624	1.01576710	0.99767089	1.00299978	0.99970824	0.99466664
0.00409580	1.01970041	1.05098987	1.01271415	1.01734054	0.99993807	1.00031209	0.99912208	0.99613589
0.00450540	0.98290712	1.00358617	1.01390684	1.01057506	0.98680621	0.99799544	0.99987394	1.00430214
0.00491500	0.98524320	1.00374997	0.99941862	1.01408756	0.98898125	0.99914259	1.00733578	0.99615854
0.00532460	0.97998703	1.00297832	0.98808736	0.99368906	0.99802625	1.00127363	1.00657499	1.00031424
0.00573420	1.02554059	1.00796676	1.02151465	0.99809361	0.99044353	1.00705326	1.00515306	0.99560881
0.00614380	0.99225146	0.98441708	0.98757547	0.97339690	1.00511038	0.99585682	1.00532663	1.00012267
0.00655340	1.00977206	1.01886761	1.01099205	1.01272285	1.00354517	0.99555224	1.00132561	1.00326777
0.00737260	0.97337157	0.99823219	0.98763615	0.99541759	0.99833792	1.00042653	0.99931639	1.00176203
0.00819180	0.98534882	0.98966122	1.00937450	0.99599403	0.99903965	1.00506139	1.00185907	1.00739026
0.00901100	1.00950718	1.00413954	1.00346112	0.99738455	1.00774193	1.00499976	0.99986714	1.00212026
0.00983020	1.00658536	1.00368023	1.01756847	1.00803077	1.00488591	1.00309610	1.00138116	0.99953622
0.01064940	1.00307906	1.01099610	1.01107609	1.01988029	0.99888748	0.99867368	0.99976534	1.00538111
0.01146860	0.99119139	0.99573278	1.00540423	0.98899496	0.99945438	0.99888146	1.00198030	1.00301421
0.01228780	1.02186489	0.99135464	0.99381995	1.00310147	0.98848528	0.99968684	0.99960083	0.99871701
0.01310700	0.95721012	0.99103361	0.99386293	0.97588223	0.99567366	0.99884188	1.00262296	0.99342388
0.01474540	1.02238882	1.00914896	0.98483729	1.00428057	1.00075996	1.00151408	0.99758750	1.00115907
0.01638380	1.02370310	0.99591506	1.00289643	0.99851358	0.99936157	0.99756348	0.99956650	0.99965262
0.01802220	0.99299854	0.98998243	1.00153530	1.00059724	1.00262964	0.99842149	0.99913532	1.00063825
0.01966060	0.97663605	1.00407708	1.00210953	1.00529027	1.00224149	0.99984598	1.00103331	0.99846238
0.02129900	1.00240481	1.00033367	0.99127239	1.00127900	0.99828720	0.99973339	1.00018156	1.00061834
0.02293740	1.03703606	1.00166476	0.99293137	1.00713670	0.99642229	1.00139296	1.00205028	1.00130200
0.02457580	1.00936103	0.98147714	1.00134289	1.00715101	0.99540740	0.99965560	0.99544585	0.99978244
0.02621420	0.99230570	0.99484968	0.99313158	1.00506699	1.00536978	0.99817050	0.99892795	0.99984658
0.02949100	1.00974154	0.98998111	1.00251520	0.99992186	1.00412023	0.99809539	0.99925619	0.99928623
0.03276780	1.01966071	0.99621844	0.99728626	1.00243282	1.00015211	1.00063181	1.00012338	0.99990815
0.03604460	1.00857306	1.01019943	0.99696708	1.00317347	0.99733567	0.99892044	1.00218403	1.00105095
0.03932140	1.00449955	1.00389755	0.99826902	0.99931210	0.99917918	0.99942821	1.00107729	0.99972707
0.04259820	0.98730695	1.00886643	0.99745309	1.00176418	1.00000072	0.99977964	1.00107729	0.99806273
0.04587500	0.99013805	1.00037277	0.99502945	1.00464249	0.99517286	1.00034869	1.00127327	0.99889773
0.04915180	1.00551307	1.00158167	0.99709761	0.99878734	1.00120842	0.99985111	1.00155449	0.99934453
0.05242860	0.99635744	0.99967086	0.99668646	0.99655843	1.00041950	0.99969971	1.00049126	0.99886459
0.05898220	1.01341617	0.99968779	0.99770379	0.99934512	1.00129461	1.00016618	0.99993825	0.99956340
0.06553581	0.99921381	1.00743341	0.99939519	0.99989653	0.99841166	0.99977916	0.99945694	0.99955666
0.07208940	1.01078582	1.01163089	1.00266814	0.99846005	1.00177646	0.99976134	1.00013065	1.00106454
0.07864300	1.00415576	0.99685985	0.99623567	1.00113475	0.99986911	0.99995697	0.99932635	1.00088751
0.08519660	0.99235386	0.99521726	0.99699926	0.99696183	0.99950314	1.00043344	0.99979281	1.00072157
0.09175020	1.01621044	0.99673015	1.00230610	0.99548125	0.99786311	1.00032699	1.00117469	0.99944162
0.09830380	1.00115263	0.99757856	0.99679941	1.00077462	1.00021553	0.99833483	1.00085950	1.00105548
0.10485740	1.00601816	0.99827415	1.00273168	1.00019896	0.99961901	1.00005043	0.99911493	1.00015938
0.11796460	0.99753159	0.99970752	1.00071883	0.99862409	1.00047410	0.99853003	1.00071430	0.99996263
0.13107181	1.00574243	1.00602365	1.00029075	1.00218999	1.00037003	0.99939013	1.00126064	0.99998075
0.14417900	1.00110161	1.00074005	1.00381899	0.99905986	0.99846858	0.99999332	0.99992019	0.99995255
0.15728620	1.00440550	1.00158501	0.99897474	1.00126624	0.99956489	1.00073195	1.00005436	0.99978727
0.17039341	0.99468535	0.99852550	0.99662036	1.00176752	1.00145912	1.00089455	1.00005722	1.00026965
0.18350060	0.99526554	1.00411403	0.99691403	0.99901372	1.00099063	0.99984199	1.00114894	0.99935484
0.19660780	1.00417614	0.99800313	0.99791980	1.00520575	0.99834538	1.00096464	0.99876338	1.00065470
0.20971501	0.99416745	0.99966246	1.00321448	1.00246167	0.99860787	1.00095427	1.00019467	0.99998701
0.23592941	0.99928975	1.00003660	1.00154269	0.99957073	1.00045490	0.99954808	1.00018334	1.00101125
0.26214382	1.00104117	0.99950677	1.00066686	0.99710691	1.00034130	1.00019300	1.00089228	0.99948782
0.28835821	1.00110435	0.99614829	1.00236189	0.99991924	0.99945426	1.00037313	0.99933070	0.99890608
0.31457260	0.99922335	1.00108469	0.99898577	0.99971217	1.00056028	0.99930674	0.99997187	1.00011373
0.34078699	1.00083005	0.99798578	0.99790514	0.99648142	0.99935001	1.00043130	0.99976712	1.00029087
0.36700141	1.00109971	1.00053239	0.99876422	0.99976897	0.99980712	0.99999654	0.99926680	0.99954486
0.39321581	1.00217879	0.99822998	0.99763286	1.00221717	0.99946606	0.99948376	0.99998498	0.99989539
0.41943020	1.00070989	1.00169170	1.00201607	1.00150084	1.00026226	0.99942279	1.00008214	1.00050509
0.47185901	1.00021529	0.99928266	0.99835008	0.99912494	1.00018668	1.00021505	0.99983239	0.99924427
0.52428782	0.99756026	0.99869114	1.00087655	0.99844819	0.99957442	0.99998713	0.99950874	1.00010729
0.57671660	1.00101066	0.99792111	1.00227201	1.00176466	0.99905699	0.99951375	1.00009632	0.99945921
0.62914538	0.99592876	0.99818993	0.99979931	1.00027204	1.00007272	1.00036275	1.00013530	1.00020719
0.68157423	0.99567628	1.00095713	1.00188982	0.99927008	1.00030124	0.99998099	1.00015080	0.99979144
0.73400301	0.99641532	0.99948847	1.00000679	1.00005078	0.99882531	0.99979520	1.00030148	0.99925447
0.78643179	0.99739355	1.00073171	1.00010228	1.00170481	0.99926627	1.00029898	1.00005388	0.99912077
0.83886063	0.99931079	1.00059378	1.00100863	1.00161052	1.00107133	0.99993598	1.00006688	1.00006378
0.94371825	0.99718630	1.00052941	0.99866253	0.99812227	0.99967486	1.00022793	1.00020254	0.99938512
1.04857588	0.99449545	0.99831468	0.99860561	1.00089657	1.00047696	0.99981081	0.99998879	1.00052083
1.15343344	1.00052691	0.99801058	1.00043631	0.99862993	0.99914855	0.99967945	0.99984282	0.99984962
1.25829101	0.99720967	1.00052536	0.99974561	0.99908310	1.00066483	1.00000739	0.99953252	1.00017881
1.36314869	1.00020182	0.99972194	1.00044477	1.00009799	1.00010967	1.00001347	1.00076127	0.99998885
1.46800625	1.00313103	0.99948043	1.00008154	0.99983704	0.99992573	0.99995780	1.00030684	1.00086319
1.57286382	0.99873483	0.99935836	0.99948579	1.00203705	0.99937272	0.99996454	1.00000393	1.00018191
1.67772150	1.00073326	1.00061393	0.99960679	1.00035691	1.00009584	0.99992925	1.00014091	1.00024283
1.88743675	1.00327134	1.00033855	1.00115848	1.00048828	1.00068557	0.99986124	0.99986523	1.00007868
2.09715199	1.00000370	0.99906021	1.00024498	1.00000191	0.99975103	0.99991459	1.00041604	0.99977475
2.30686712	1.00052166	1.00027394	1.00037730	1.00015044	0.99996805	0.99992788	1.00034082	0.99958414
2.51658225	0.99827075	0.99954736	1.00059843	0.99938685	0.99986935	0.99986333	0.99965805	1.00004268
2.72629738	0.99724793	1.00164390	0.99994683	1.00029838	1.00031102	1.00003338	0.99958861	1.00003517
2.93601274	0.99687016	0.99949521	0.99965078	0.99981785	0.99923635	0.99995649	1.00025403	1.00066149
3.14572787	0.99817020	0.99996269	1.00023758	1.00150204	0.99979639	0.99986815	0.99989051	1.00008428
3.35544300	1.00362325	0.99589235	0.99938357	1.00109613	0.99965101	1.00013304	0.99990880	1.00024748
3.77487350	1.00032461	1.00065100	1.00001955	0.99928057	1.00063729	0.99995691	1.00001299	0.99937266
4.19430399	0.99860650	0.99930751	1.00044715	0.99937397	0.99949896	1.00006974	1.00004482	1.00068784
4.61373425	1.00113344	1.00183332	0.99948955	0.99890262	1.00049961	1.00001478	1.00001848	1.00045943
5.03316450	1.00000000	1.00000000	1.00000000	1.00000000	1.00000000	1.00000000	1.00000000	1.00000000
5.45259476	0.00000000	0.00000000	0.00000000	0.00000000	0.00000000	0.00000000	0.00000000	0.00000000
5.87202549	0.00000000	0.00000000	0.00000000	0.00000000	0.00000000	0.00000000	0.00000000	0.00000000
6.29145575	0.00000000	0.00000000	0.00000000	0.00000000	0.00000000	0.00000000	0.00000000	0.00000000
6.71088600	0.00000000	0.00000000	0.00000000	0.00000000	0.00000000	0.00000000	0.00000000	0.00000000
7.54974699	0.00000000	0.00000000	0.00000000	0.00000000	0.00000000	0.00000000	0.00000000	0.00000000
8.38860798	0.00000000	0.00000000	0.00000000	0.00000000	0.00000000	0.00000000	0.00000000	0.00000000
9.22746849	0.00000000	0.00000000	0.00000000	0.00000000	0.00000000	0.00000000	0.00000000	0.00000000
10.06632900	0.00000000	0.00000000	0.00000000	0.00000000	0.00000000	0.00000000	0.00000000	0.00000000
10.90518951	0.00000000	0.00000000	0.00000000	0.00000000	0.00000000	0.00000000	0.00000000	0.00000000
11.74405098	0.00000000	0.00000000	0.00000000	0.00000000	0.00000000	0.00000000	0.00000000	0.00000000
12.58291149	0.00000000	0.00000000	0.00000000	0.00000000	0.00000000	0.00000000	0.00000000	0.00000000
13.42177200	0.00000000	0.00000000	0.00000000	0.00000000	0.00000000	0.00000000	0.00000000	0.00000000
15.09949398	0.00000000	0.00000000	0.00000000	0.00000000	0.00000000	0.00000000	0.00000000	0.00000000
16.77721596	0.00000000	0.00000000	0.00000000	0.00000000	0.00000000	0.00000000	0.00000000	0.00000000
18.45493698	0.00000000	0.00000000	0.00000000	0.00000000	0.00000000	0.00000000	0.00000000	0.00000000
20.13265800	0.00000000	0.00000000	0.00000000	0.00000000	0.00000000	0.00000000	0.00000000	0.00000000
21.81037903	0.00000000	0.00000000	0.00000000	0.00000000	0.00000000	0.00000000	0.00000000	0.00000000
23.48810196	0.00000000	0.00000000	0.00000000	0.00000000	0.00000000	0.00000000	0.00000000	0.00000000
25.16582298	0.00000000	0.00000000	0.00000000	0.00000000	0.00000000	0.00000000	0.00000000	0.00000000
26.84354401	0.00000000	0.00000000	0.00000000	0.00000000	0.00000000	0.00000000	0.00000000	0.00000000
30.19898796	0.00000000	0.00000000	0.00000000	0.00000000	0.00000000	0.00000000	0.00000000	0.00000000
33.55443192	0.00000000	0.00000000	0.00000000	0.00000000	0.00000000	0.00000000	0.00000000	0.00000000
36.90987396	0.00000000	0.00000000	0.00000000	0.00000000	0.00000000	0.00000000	0.00000000	0.00000000
40.26531601	0.00000000	0.00000000	0.00000000	0.00000000	0.00000000	0.00000000	0.00000000	0.00000000
43.62075806	0.00000000	0.00000000	0.00000000	0.00000000	0.00000000	0.00000000	0.00000000	0.00000000
46.97620392	0.00000000	0.00000000	0.00000000	0.00000000	0.00000000	0.00000000	0.00000000	0.00000000
50.33164597	0.00000000	0.00000000	0.00000000	0.00000000	0.00000000	0.00000000	0.00000000	0.00000000
53.68708801	0.00000000	0.00000000	0.00000000	0.00000000	0.00000000	0.00000000	0.00000000	0.00000000
60.39797592	0.00000000	0.00000000	0.00000000	0.00000000	0.00000000	0.00000000	0.00000000	0.00000000
67.10886383	0.00000000	0.00000000	0.00000000	0.00000000	0.00000000	0.00000000	0.00000000	0.00000000
73.81974792	0.00000000	0.00000000	0.00000000	0.00000000	0.00000000	0.00000000	0.00000000	0.00000000
80.53063202	0.00000000	0.00000000	0.00000000	0.00000000	0.00000000	0.00000000	0.00000000	0.00000000
87.24151611	0.00000000	0.00000000	0.00000000	0.00000000	0.00000000	0.00000000	0.00000000	0.00000000
93.95240784	0.00000000	0.00000000	0.00000000	0.00000000	0.00000000	0.00000000	0.00000000	0.00000000
100.66329193	0.00000000	0.00000000	0.00000000	0.00000000	0.00000000	0.00000000	0.00000000	0.00000000
107.37417603	0.00000000	0.00000000	0.00000000	0.00000000	0.00000000	0.00000000	0.00000000	0.00000000
120.79595184	0.00000000	0.00000000	0.00000000	0.00000000	0.00000000	0.00000000	0.00000000	0.00000000
134.21772766	0.00000000	0.00000000	0.00000000	0.00000000	0.00000000	0.00000000	0.00000000	0.00000000
147.63949585	0.00000000	0.00000000	0.00000000	0.00000000	0.00000000	0.00000000	0.00000000	0.00000000
161.06126404	0.00000000	0.00000000	0.00000000	0.00000000	0.00000000	0.00000000	0.00000000	0.00000000
174.48303223	0.00000000	0.00000000	0.00000000	0.00000000	0.00000000	0.00000000	0.00000000	0.00000000
187.90481567	0.00000000	0.00000000	0.00000000	0.00000000	0.00000000	0.00000000	0.00000000	0.00000000
201.32658386	0.00000000	0.00000000	0.00000000	0.00000000	0.00000000	0.00000000	0.00000000	0.00000000
214.74835205	0.00000000	0.00000000	0.00000000	0.00000000	0.00000000	0.00000000	0.00000000	0.00000000
241.59190369	0.00000000	0.00000000	0.00000000	0.00000000	0.00000000	0.00000000	0.00000000	0.00000000
268.43545532	0.00000000	0.00000000	0.00000000	0.00000000	0.00000000	0.00000000	0.00000000	0.00000000
295.27899170	0.00000000	0.00000000	0.00000000	0.00000000	0.00000000	0.00000000	0.00000000	0.00000000
322.12252808	0.00000000	0.00000000	0.00000000	0.00000000	0.00000000	0.00000000	0.00000000	0.00000000
348.96606445	0.00000000	0.00000000	0.00000000	0.00000000	0.00000000	0.00000000	0.00000000	0.00000000
375.80963135	0.00000000	0.00000000	0.00000000	0.00000000	0.00000000	0.00000000	0.00000000	0.00000000
402.65316772	0.00000000	0.00000000	0.00000000	0.00000000	0.00000000	0.00000000	0.00000000	0.00000000
429.49670410	0.00000000	0.00000000	0.00000000	0.00000000	0.00000000	0.00000000	0.00000000	0.00000000
483.18380737	0.00000000	0.00000000	0.00000000	0.00000000	0.00000000	0.00000000	0.00000000	0.00000000
536.87091064	0.00000000	0.00000000	0.00000000	0.00000000	0.00000000	0.00000000	0.00000000	0.00000000
590.55798340	0.00000000	0.00000000	0.00000000	0.00000000	0.00000000	0.00000000	0.00000000	0.00000000
644.24505615	0.00000000	0.00000000	0.00000000	0.00000000	0.00000000	0.00000000	0.00000000	0.00000000
697.93212891	0.00000000	0.00000000	0.00000000	0.00000000	0.00000000	0.00000000	0.00000000	0.00000000
751.61926270	0.00000000	0.00000000	0.00000000	0.00000000	0.00000000	0.00000000	0.00000000	0.00000000
805.30633545	0.00000000	0.00000000	0.00000000	0.00000000	0.00000000	0.00000000	0.00000000	0.00000000
858.99340820	0.00000000	0.00000000	0.00000000	0.00000000	0.00000000	0.00000000	0.00000000	0.00000000
966.36761475	0.00000000	0.00000000	0.00000000	0.00000000	0.00000000	0.00000000	0.00000000	0.00000000
1073.74182129	0.00000000	0.00000000	0.00000000	0.00000000	0.00000000	0.00000000	0.00000000	0.00000000
1181.11596680	0.00000000	0.00000000	0.00000000	0.00000000	0.00000000	0.00000000	0.00000000	0.00000000
1288.49011230	0.00000000	0.00000000	0.00000000	0.00000000	0.00000000	0.00000000	0.00000000	0.00000000
1395.86425781	0.00000000	0.00000000	0.00000000	0.00000000	0.00000000	0.00000000	0.00000000	0.00000000
1503.23852539	0.00000000	0.00000000	0.00000000	0.00000000	0.00000000	0.00000000	0.00000000	0.00000000
1610.61267090	0.00000000	0.00000000	0.00000000	0.00000000	0.00000000	0.00000000	0.00000000	0.00000000
1717.98681641	0.00000000	0.00000000	0.00000000	0.00000000	0.00000000	0.00000000	0.00000000	0.00000000
1932.73522949	0.00000000	0.00000000	0.00000000	0.00000000	0.00000000	0.00000000	0.00000000	0.00000000
2147.48364258	0.00000000	0.00000000	0.00000000	0.00000000	0.00000000	0.00000000	0.00000000	0.00000000
2362.23193359	0.00000000	0.00000000	0.00000000	0.00000000	0.00000000	0.00000000	0.00000000	0.00000000
2576.98022461	0.00000000	0.00000000	0.00000000	0.00000000	0.00000000	0.00000000	0.00000000	0.00000000
2791.72851562	0.00000000	0.00000000	0.00000000	0.00000000	0.00000000	0.00000000	0.00000000	0.00000000
3006.47705078	0.00000000	0.00000000	0.00000000	0.00000000	0.00000000	0.00000000	0.00000000	0.00000000
3221.22534180	0.00000000	0.00000000	0.00000000	0.00000000	0.00000000	0.00000000	0.00000000	0.00000000
3435.97363281	0.00000000	0.00000000	0.00000000	0.00000000	0.00000000	0.00000000	0.00000000	0.00000000
0	0	0	0	0	0	0	0	0
