%12/5/2014 7:08:39 AM
%Duration	ID1		ID2		ID3		ID4		ID5		ID6		ID7		ID8
3000.000000	3.604889	5.445480	5.674362	13.790131	19.006729	70.638657	43.926239	49.209595
%Tau		Tau1		Tau2		Tau3		Tau4		Tau5		Tau6		Tau7		Tau8
%		0.000001	0.000001	0.000003	0.000005	0.000021	0.000025	0.000024	0.000024
%Delaytime	D1		D2		D3		D4		D5		D6		D7		D8
0.00000000	4.74636221	14.06790733	15.56965733	5.99981260	3.91366363	1.61027610	2.32065487	2.53971100
0.00000020	3.95530200	2.60936999	1.68017888	2.13490272	1.73120141	1.50192642	1.53027427	1.54287779
0.00000040	1.31843400	2.15556645	1.79219079	1.41713357	1.41942096	1.44703877	1.46411908	1.41810596
0.00000060	1.31843400	1.70176303	2.24023843	1.71160293	1.29634988	1.46485937	1.39970481	1.39663982
0.00000080	2.37318110	0.79415607	1.56816685	1.23309028	1.41121626	1.44632590	1.51808774	1.39529812
0.00000100	1.05474722	0.68070519	1.00810730	1.38032496	1.32916880	1.50549054	1.45019162	1.52409494
0.00000120	1.58212078	1.13450873	0.56005961	1.41713357	1.43583047	1.42850518	1.38229549	1.38724840
0.00000140	1.84580755	1.36141038	1.68017888	0.97542965	1.43583047	1.43848479	1.41885495	1.35639083
0.00000160	1.84580755	1.24795949	1.45615494	1.43553793	1.59172070	1.43349504	1.38925922	1.45567167
0.00000180	0.52737361	1.13450873	1.56816685	1.38032496	1.50146842	1.39714086	1.38577735	1.44762182
0.00000200	1.84580755	1.02105784	1.45615494	1.73000729	1.26353085	1.50192642	1.53201520	1.41676426
0.00000220	1.31843400	1.81521392	1.79219079	1.47234666	1.18968809	1.43064368	1.48675108	1.43554711
0.00000240	1.05474722	1.02105784	1.79219079	1.43553793	1.25532615	1.45131564	1.37010896	1.39261496
0.00000260	2.37318110	1.47486126	0.89609540	1.47234666	1.44403529	1.43064368	1.46411908	1.44225538
0.00000280	1.05474722	1.13450873	0.78408343	1.67479432	1.43583047	1.42636669	1.42059588	1.38993168
0.00000300	0.52737361	1.02105784	1.45615494	1.04904699	1.41121626	1.48553133	1.40318668	1.48250437
0.00000340	0.52737361	0.85088152	0.95210135	1.42633581	1.32096410	1.44133615	1.42320728	1.42011833
0.00000380	0.92290378	1.41813588	1.68017888	1.58277261	1.40301156	1.41496146	1.41624355	1.48854160
0.00000420	1.31843400	1.47486126	1.23213112	1.20548379	1.32096410	1.43670273	1.40144575	1.42816818
0.00000460	1.45027733	1.02105784	1.90420270	1.35271847	1.45223999	1.42208982	1.41711402	1.37517369
0.00000500	1.45027733	1.41813588	0.84008944	1.38032496	1.34557831	1.39357674	1.40927982	1.36511147
0.00000540	0.52737361	0.73743063	0.84008944	1.53676176	1.27173555	1.45381057	1.42668915	1.41341019
0.00000580	1.18659055	0.85088152	2.07222056	1.43553793	1.43583047	1.37825096	1.39187062	1.36376977
0.00000620	0.79106039	1.24795949	1.17612517	1.42633581	1.38249969	1.43670273	1.35792255	1.41206861
0.00000700	1.38435566	1.13450873	1.03611028	1.17327619	1.32916880	1.38341892	1.37620223	1.37450290
0.00000780	1.25251222	1.02105784	1.17612517	1.22848916	1.43993282	1.37005341	1.40405703	1.36813009
0.00000860	1.18659055	1.21959686	1.26013410	1.20088267	1.28814507	1.37522137	1.35531116	1.37785697
0.00000940	1.64804244	1.13450873	1.51216090	1.21928704	1.30455458	1.33815444	1.32919729	1.33928502
0.00001020	1.38435566	1.50322402	1.28813708	1.19628167	1.27583802	1.34777761	1.36706245	1.32922280
0.00001100	0.79106039	1.19123411	1.06411326	1.30670762	1.40916502	1.36292517	1.35792255	1.31412935
0.00001180	1.64804244	1.53158677	1.26013410	1.26529789	1.33327115	1.33263004	1.33790183	1.26415360
0.00001260	1.31843400	1.27632225	1.34414303	1.19168055	1.27788913	1.32906580	1.24171567	1.31178153
0.00001420	1.28547311	1.24795949	0.95210135	1.27910113	1.36096215	1.31810617	1.30025434	1.29400492
0.00001580	1.25251222	0.95015103	1.19012666	1.21698654	1.25942850	1.30019641	1.29263783	1.27086174
0.00001740	1.21955144	1.00687647	1.03611028	1.25379515	1.25019813	1.26054537	1.25977778	1.23446989
0.00001900	1.21955144	1.06360185	1.16212368	1.27680063	1.26250529	1.24584329	1.20842052	1.21769953
0.00002060	1.05474722	1.06360185	1.30213857	1.22388816	1.25430048	1.22053790	1.23845148	1.21987963
0.00002220	1.21955144	1.19123411	1.37214601	1.23769140	1.26558208	1.22445846	1.21407855	1.21954429
0.00002380	1.31843400	1.14868999	1.07811475	1.23539078	1.21532798	1.19826210	1.21473134	1.19740736
0.00002540	1.45027733	1.20541549	0.86809242	1.24919403	1.14763880	1.18703508	1.15858650	1.18147540
0.00002860	1.00492489	1.16113842	1.12809527	1.14825571	1.17616761	1.17619729	1.15736175	1.17677057
0.00003180	1.15319252	0.99121577	1.06503403	1.14133847	1.15828502	1.14731252	1.12871909	1.13755333
0.00003500	1.21908927	0.99121577	0.91789114	1.21512198	1.13837755	1.14289832	1.13263977	1.11878264
0.00003820	1.10377002	1.01953626	1.03700686	1.21512198	1.12458217	1.12294233	1.10072982	1.11719799
0.00004140	0.80723476	1.14697826	0.95292521	1.03181612	1.10363352	1.09678602	1.08930290	1.10798025
0.00004460	0.90607983	1.14697826	1.10707486	1.03642750	1.10056794	1.08504450	1.10378778	1.07563412
0.00004780	1.18614089	0.91333449	1.20517004	1.15171421	1.10363352	1.09580386	1.07449138	1.07538271
0.00005100	1.18614089	1.11865783	1.10707486	1.03873324	1.04385340	1.06732059	1.07764971	1.08820379
0.00005740	1.09356332	1.17971790	1.04195225	1.07152176	1.08294833	1.06479418	1.07912326	1.05685019
0.00006380	0.92089546	1.13012016	1.04544878	1.05426550	1.06249118	1.05666971	1.05343115	1.06024718
0.00007020	1.09356332	0.93881458	1.01048386	0.99953592	1.08729541	1.04662573	1.04684484	1.04078770
0.00007660	1.06889653	1.08406508	1.08041358	1.03292394	1.06351411	1.03311205	1.04662704	1.03848112
0.00008300	0.87156177	0.86441791	1.08391011	1.03349996	1.02362275	1.03534400	1.02773905	1.02942240
0.00008940	0.87978405	0.99549770	1.14335024	0.99086958	1.03538549	1.03699565	1.03133953	1.03000951
0.00009580	0.91267318	0.94589996	1.02097332	1.03177178	1.04433548	1.02447426	1.01810443	1.02032173
0.00010220	1.14289701	1.05218089	1.04544878	1.07094562	1.02464557	1.02125525	1.02855551	1.02434790
0.00011500	1.01564395	1.04937506	1.07094502	1.02903330	1.04041302	1.02151108	1.01988304	1.01551592
0.00012780	1.07321084	0.99990958	1.01847053	0.99391663	1.01538897	1.01696789	1.01732624	1.00428510
0.00014060	0.99508435	1.01050937	0.97130293	0.99538082	1.01807392	1.01908875	1.00388908	1.00932372
0.00015340	0.97041285	1.02817559	0.98527849	1.01783299	1.01679540	1.00657535	1.00960124	1.00872982
0.00016620	0.97863668	1.02110910	1.04816866	0.99422938	1.01232064	1.00061452	1.01218534	1.00074863
0.00017900	1.06498694	1.01580918	1.01847053	0.99653220	1.00055838	1.00632977	1.00755346	1.00199986
0.00019180	1.03209162	0.95397735	1.02371132	1.05179918	0.99570000	1.00259030	0.99727941	1.00704575
0.00020460	0.93751746	0.97164357	1.01154518	0.98415470	1.02165365	1.00678623	1.00149548	1.00032258
0.00023020	0.99806207	1.00298285	0.95016360	0.98613203	0.99137872	1.00325763	1.00538325	1.00339150
0.00025580	0.97957939	1.06754875	1.01129544	1.00500226	1.00081182	1.00198495	0.99654764	0.99650449
0.00028140	1.00422287	0.98440909	0.99732250	0.97867602	1.00381732	0.99909252	0.99924320	1.00095284
0.00030700	0.93850690	0.99590713	0.99644917	0.99550760	1.00516009	0.99711567	1.00560284	1.00437438
0.00033260	1.05761719	1.01271200	1.01740861	0.98529357	0.98910981	1.00108981	0.99318498	1.00054836
0.00035820	1.04118824	0.99148482	1.01223123	1.00701630	1.00081182	1.00037527	0.99755412	0.99880159
0.00038380	0.94261414	1.02951682	1.00437093	0.99493217	1.01065946	1.00091052	0.99981052	1.00477958
0.00040940	1.07815349	1.00386727	0.95895594	1.00111806	0.99946898	1.00348401	1.00261056	1.00851810
0.00046060	1.04113102	1.01397717	0.95782316	0.99326426	1.00446725	0.99780124	0.99789274	0.99943697
0.00051180	1.00215280	1.03519368	1.00936127	1.00347447	0.99906445	0.99794477	0.99740338	0.99576145
0.00056300	1.00830722	0.98966640	0.98315549	1.00944233	0.99310166	0.99975556	1.00630057	0.99936360
0.00061420	0.97445768	1.04447603	0.99975252	1.00505626	1.00211525	1.00691509	0.99747312	1.00218225
0.00066540	1.02779639	1.01612413	1.01460242	1.00750101	0.99228472	1.00193167	1.00436342	0.99693495
0.00071660	0.96420020	0.99137294	1.02209055	1.01267803	0.99249190	1.00262332	1.00172532	1.00660861
0.00076780	0.95496851	1.02673173	1.02995276	1.01231849	0.99341893	1.00956964	1.00683665	0.99575388
0.00081900	0.95599425	1.03380358	0.99238878	0.99688137	0.99733680	1.00468791	1.00073385	0.99786532
0.00092140	1.03695250	1.00739634	0.99187398	1.00021839	1.00764358	1.00037098	0.99849832	1.00117397
0.00102380	0.96109045	0.98260975	1.02422249	0.99673468	1.00284481	1.00141358	0.99766499	1.00203490
0.00112620	1.00209689	1.01027334	0.98946971	0.99747795	0.99457353	1.00150406	1.00101948	1.00286794
0.00122860	0.99235791	0.99965048	0.99952394	1.00575995	0.99775726	0.99553925	1.00198388	1.00029004
0.00133100	0.99953407	0.97005540	1.03821099	0.99775124	0.99628538	0.99338454	1.00122929	0.99986267
0.00143340	0.99799627	0.95323491	0.99034399	1.01112163	1.00063562	0.99978620	0.99512005	1.00352252
0.00153580	0.98108113	0.99041706	0.98662829	0.98648560	1.00202739	1.00207615	1.00038755	1.00306761
0.00163820	1.00619757	0.98953176	1.01622844	0.99551064	1.00057089	0.99783951	0.99972832	1.00052989
0.00184300	0.95860505	0.98342234	1.00708163	1.00288129	1.00071990	0.99839348	0.99976170	0.99890834
0.00204780	0.98401386	0.99725157	0.99542588	1.00274861	1.00099921	1.00057733	0.99918473	0.99773026
0.00225260	0.98375720	0.99532199	0.99754894	1.00004733	1.00603259	1.00253618	0.99939513	1.00149035
0.00245740	1.01388168	1.00687671	0.98547339	1.00145352	0.99968129	1.00338614	1.00032032	1.00070870
0.00266220	0.98359358	0.99543262	0.99792427	0.99716270	1.00267482	0.99897462	1.00185597	1.00047195
0.00286700	0.99889982	1.00395191	0.98449045	0.99515778	1.00416291	0.99984539	1.00053489	0.99976045
0.00307180	1.02081203	1.00068116	0.98941815	1.00624633	0.99381101	1.00124907	0.99612427	0.99918675
0.00327660	0.96151924	0.97673434	1.00169945	0.99752849	1.00102162	1.00018466	0.99647683	1.00095177
0.00368620	0.99466503	0.99608988	1.00282693	0.99869174	1.00138569	1.00152051	1.00101316	1.00097954
0.00409580	1.01032090	1.01002228	1.00966835	0.99357408	0.99962813	0.99967515	0.99952489	0.99964350
0.00450540	1.00342464	0.99924296	1.00002861	0.99604958	1.00516570	1.00064301	0.99933583	1.00129306
0.00491500	1.00272167	0.99005419	0.98807913	0.99974215	0.99829710	1.00009751	1.00074291	1.00098801
0.00532460	1.01051474	0.98982674	0.99869424	1.00241411	0.99692762	1.00009072	1.00077450	0.99884826
0.00573420	0.99460512	0.99767411	1.00214863	0.99851805	1.00287187	1.00003099	0.99942827	0.99967659
0.00614380	0.98718709	0.99530244	1.00453424	0.99230683	1.00153732	0.99838316	1.00077891	1.00002182
0.00655340	0.98866844	0.99817854	1.00401258	1.00182712	0.99958271	0.99994016	0.99997163	1.00040817
0.00737260	1.00350368	0.99370879	1.00320876	0.99910706	1.00218427	1.00153649	0.99853545	0.99956137
0.00819180	0.98921371	1.00240934	0.99820030	1.00034165	1.00083530	1.00021279	1.00135124	1.00075793
0.00901100	1.00495017	1.00354266	0.99595171	0.99904937	0.99958742	1.00024617	0.99941391	0.99984282
0.00983020	0.98986137	1.00458598	1.00723970	1.00125182	1.00084031	0.99876887	1.00098622	1.00065553
0.01064940	1.00520957	1.00523591	0.99498767	0.99727106	0.99914432	1.00056159	1.00206661	0.99884284
0.01146860	1.00524044	1.01273966	1.00081289	0.99654114	0.99974543	0.99987143	0.99832833	1.00242865
0.01228780	0.99259299	1.00327373	1.00049174	0.99815840	1.00110948	1.00112498	1.00168848	0.99950105
0.01310700	1.00174475	0.99989361	0.99924070	0.99873924	1.00035048	1.00098526	1.00010824	1.00151908
0.01474540	0.99783957	0.99555641	1.00006080	0.99951446	1.00019407	0.99978280	1.00011802	1.00005054
0.01638380	1.00253761	0.99734849	1.00204289	1.00109887	0.99917680	0.99949062	1.00120687	0.99997252
0.01802220	1.01393998	0.99293584	1.00237823	1.00157440	0.99921060	1.00009131	0.99931496	0.99943388
0.01966060	0.99899465	1.00431871	1.00175512	1.00108349	0.99783373	0.99975425	1.00095260	0.99994361
0.02129900	0.99433666	0.99930519	1.00223577	0.99960375	0.99825448	0.99993515	1.00001991	0.99948233
0.02293740	1.00256670	0.99880016	1.00254452	0.99654704	1.00044143	1.00084925	1.00010478	0.99983823
0.02457580	1.00526690	1.00528765	0.99728531	0.99955630	0.99916416	1.00010598	0.99967659	1.00091791
0.02621420	0.99974453	0.99869573	1.00212121	0.99728185	1.00220990	1.00000310	1.00087416	1.00044918
0.02949100	1.00459814	1.00068760	0.99990189	1.00154507	0.99968028	1.00021946	1.00005317	1.00002980
0.03276780	1.00131857	1.00121355	0.99725044	1.00005221	1.00121391	1.00021696	1.00114644	1.00106072
0.03604460	0.99785227	0.99890852	1.00323999	0.99904722	1.00029635	0.99994439	1.00006366	1.00065351
0.03932140	0.99937904	1.00239658	1.00540972	1.00112462	0.99941623	1.00057602	0.99997067	1.00029385
0.04259820	1.00241804	0.99585050	0.99862486	0.99829745	1.00040817	0.99957824	1.00019073	1.00046182
0.04587500	0.99839044	0.99354446	1.00060642	0.99802250	1.00034404	0.99988401	0.99999750	1.00065923
0.04915180	1.00519943	0.99596685	0.99738640	1.00017965	1.00076318	0.99961668	0.99999911	1.00018001
0.05242860	0.99693620	0.99871451	0.99965364	1.00062966	1.00079036	0.99995023	1.00024724	0.99922436
0.05898220	1.00244272	0.99916732	0.99760085	0.99886167	1.00101507	1.00002623	0.99992204	1.00035727
0.06553581	0.99480009	0.99785680	0.99842340	1.00197160	0.99909437	1.00014520	1.00015354	0.99976158
0.07208940	1.00030446	1.00013971	0.99961638	0.99997687	0.99948162	0.99987084	1.00040364	1.00030410
0.07864300	1.00642574	1.00030029	1.00102258	1.00077605	0.99973553	0.99973780	0.99990201	1.00048661
0.08519660	0.99924594	0.99954975	0.99866563	0.99920791	1.00216544	1.00006413	1.00042117	0.99940056
0.09175020	0.99998093	0.99945998	0.99937665	1.00222039	1.00069392	1.00031579	1.00080919	0.99979281
0.09830380	1.00724375	0.99976385	0.99920756	1.00073147	0.99996012	1.00045896	1.00012147	1.00024009
0.10485740	1.00299895	1.00332403	1.00040305	1.00165439	1.00079644	1.00025070	1.00000775	1.00037634
0.11796460	0.99984574	0.99855989	1.00012505	0.99959201	1.00049675	1.00027728	1.00001168	1.00017929
0.13107181	1.00008380	0.99933046	1.00058377	1.00006783	1.00056756	1.00002623	1.00051796	1.00003374
0.14417900	0.99906188	1.00415826	0.99982554	1.00004697	0.99952370	1.00003755	1.00058877	0.99984920
0.15728620	1.00047255	0.99867833	0.99821764	0.99961758	0.99958569	0.99961334	0.99991453	1.00030553
0.17039341	0.99890029	1.00203001	1.00022602	1.00064826	1.00073254	0.99968398	1.00006461	1.00032556
0.18350060	0.99887908	0.99889946	0.99902636	0.99983740	1.00088394	1.00016344	0.99971157	0.99999392
0.19660780	1.00003541	1.00277817	1.00225651	1.00074756	1.00062251	1.00002277	1.00052834	0.99998975
0.20971501	0.99911010	0.99919212	1.00067306	0.99998403	0.99981683	1.00011802	0.99983025	0.99987566
0.23592941	1.00024295	1.00039601	0.99932432	1.00027609	1.00001144	1.00011873	1.00019050	1.00013673
0.26214382	1.00087667	0.99904871	1.00007999	0.99962485	1.00070667	0.99962270	1.00011444	1.00011849
0.28835821	0.99963015	1.00163817	1.00156450	1.00008357	1.00032663	0.99994338	1.00036681	1.00023079
0.31457260	1.00073469	0.99930257	0.99947912	0.99943101	1.00024271	1.00006223	1.00004530	1.00036979
0.34078699	0.99953532	1.00095451	0.99988586	0.99991179	0.99976957	1.00046241	1.00027704	0.99983931
0.36700141	1.00004447	1.00182796	0.99967366	1.00001144	0.99888891	0.99971998	1.00035536	0.99977398
0.39321581	1.00061500	0.99923497	0.99981439	0.99971825	1.00086331	0.99998689	1.00018811	0.99971902
0.41943020	0.99887782	0.99923086	1.00076687	1.00019789	0.99940491	1.00002217	1.00036466	0.99967319
0.47185901	0.99991196	1.00016308	0.99985486	0.99970967	0.99988079	0.99991697	1.00002050	0.99985915
0.52428782	0.99977285	1.00032258	1.00066888	0.99955589	0.99983442	0.99994975	1.00027847	1.00005722
0.57671660	0.99864590	1.00009513	0.99937248	0.99978727	0.99970978	0.99995345	1.00013006	1.00004888
0.62914538	1.00066733	0.99991548	0.99995273	1.00025618	0.99944085	1.00008559	1.00009024	1.00020015
0.68157423	0.99992561	1.00085056	0.99832350	1.00035393	0.99965578	0.99998850	1.00000477	0.99998850
0.73400301	0.99852651	1.00104105	1.00040698	0.99971896	0.99977952	1.00003064	1.00009751	1.00008392
0.78643179	1.00085831	0.99975127	0.99881202	1.00056756	1.00010478	1.00012779	1.00014162	1.00014162
0.83886063	1.00027037	1.00016654	0.99976629	0.99976039	0.99997658	0.99992085	1.00003028	1.00006664
0.94371825	1.00035930	0.99986738	0.99919355	1.00045741	1.00004113	1.00010157	0.99998629	0.99988508
1.04857588	1.00073457	1.00105143	1.00143540	1.00020099	1.00010526	0.99997711	0.99990755	0.99991429
1.15343344	0.99832344	0.99969184	0.99927288	0.99998903	0.99991387	0.99997038	0.99988687	0.99973989
1.25829101	0.99918407	1.00030231	1.00019217	0.99978513	0.99963713	1.00000954	0.99975210	0.99978590
1.36314869	1.00106251	1.00005186	1.00026131	1.00025177	0.99973381	0.99990988	0.99994373	0.99982214
1.46800625	1.00010765	1.00034368	1.00118661	0.99955761	0.99950349	0.99991071	0.99991423	0.99992263
1.57286382	0.99911743	1.00013459	0.99984103	1.00013888	0.99971503	0.99998027	0.99974442	0.99992716
1.67772150	0.99971205	1.00039220	1.00052667	0.99988538	0.99988908	0.99995601	0.99959594	0.99988347
1.88743675	0.99874163	1.00012541	1.00019920	1.00021040	1.00052345	1.00004292	0.99968708	0.99996775
2.09715199	1.00017250	0.99983186	0.99947578	1.00006342	1.00044096	1.00003588	0.99968678	0.99990368
2.30686712	0.99989551	0.99981272	0.99952102	1.00008821	0.99994189	1.00005734	0.99982238	1.00002956
2.51658225	1.00101066	0.99995232	1.00018239	0.99973345	0.99968046	1.00008237	0.99991387	1.00022805
2.72629738	1.00060213	1.00005960	1.00022542	0.99980283	0.99995208	0.99984223	0.99981928	1.00000012
2.93601274	0.99954069	0.99979973	1.00085247	1.00003493	1.00003719	1.00002778	1.00021565	1.00005329
3.14572787	1.00158167	0.99955863	0.99991065	0.99998766	0.99991184	1.00011802	1.00001407	1.00021780
3.35544300	0.99760872	0.99972928	1.00026023	1.00005090	0.99972665	1.00010121	1.00008559	1.00009298
3.77487350	0.99982876	1.00033498	0.99919051	1.00013793	1.00013828	0.99992323	1.00024199	0.99988389
4.19430399	0.99869621	0.99983567	1.00055599	0.99995071	0.99985296	0.99999893	1.00000024	0.99983639
4.61373425	1.00009692	1.00028145	1.00052273	1.00006425	0.99998969	0.99989486	0.99975747	0.99983680
5.03316450	1.00000000	1.00000000	1.00000000	1.00000000	1.00000000	1.00000000	1.00000000	1.00000000
5.45259476	0.00000000	0.00000000	0.00000000	0.00000000	0.00000000	0.00000000	0.00000000	0.00000000
5.87202549	0.00000000	0.00000000	0.00000000	0.00000000	0.00000000	0.00000000	0.00000000	0.00000000
6.29145575	0.00000000	0.00000000	0.00000000	0.00000000	0.00000000	0.00000000	0.00000000	0.00000000
6.71088600	0.00000000	0.00000000	0.00000000	0.00000000	0.00000000	0.00000000	0.00000000	0.00000000
7.54974699	0.00000000	0.00000000	0.00000000	0.00000000	0.00000000	0.00000000	0.00000000	0.00000000
8.38860798	0.00000000	0.00000000	0.00000000	0.00000000	0.00000000	0.00000000	0.00000000	0.00000000
9.22746849	0.00000000	0.00000000	0.00000000	0.00000000	0.00000000	0.00000000	0.00000000	0.00000000
10.06632900	0.00000000	0.00000000	0.00000000	0.00000000	0.00000000	0.00000000	0.00000000	0.00000000
10.90518951	0.00000000	0.00000000	0.00000000	0.00000000	0.00000000	0.00000000	0.00000000	0.00000000
11.74405098	0.00000000	0.00000000	0.00000000	0.00000000	0.00000000	0.00000000	0.00000000	0.00000000
12.58291149	0.00000000	0.00000000	0.00000000	0.00000000	0.00000000	0.00000000	0.00000000	0.00000000
13.42177200	0.00000000	0.00000000	0.00000000	0.00000000	0.00000000	0.00000000	0.00000000	0.00000000
15.09949398	0.00000000	0.00000000	0.00000000	0.00000000	0.00000000	0.00000000	0.00000000	0.00000000
16.77721596	0.00000000	0.00000000	0.00000000	0.00000000	0.00000000	0.00000000	0.00000000	0.00000000
18.45493698	0.00000000	0.00000000	0.00000000	0.00000000	0.00000000	0.00000000	0.00000000	0.00000000
20.13265800	0.00000000	0.00000000	0.00000000	0.00000000	0.00000000	0.00000000	0.00000000	0.00000000
21.81037903	0.00000000	0.00000000	0.00000000	0.00000000	0.00000000	0.00000000	0.00000000	0.00000000
23.48810196	0.00000000	0.00000000	0.00000000	0.00000000	0.00000000	0.00000000	0.00000000	0.00000000
25.16582298	0.00000000	0.00000000	0.00000000	0.00000000	0.00000000	0.00000000	0.00000000	0.00000000
26.84354401	0.00000000	0.00000000	0.00000000	0.00000000	0.00000000	0.00000000	0.00000000	0.00000000
30.19898796	0.00000000	0.00000000	0.00000000	0.00000000	0.00000000	0.00000000	0.00000000	0.00000000
33.55443192	0.00000000	0.00000000	0.00000000	0.00000000	0.00000000	0.00000000	0.00000000	0.00000000
36.90987396	0.00000000	0.00000000	0.00000000	0.00000000	0.00000000	0.00000000	0.00000000	0.00000000
40.26531601	0.00000000	0.00000000	0.00000000	0.00000000	0.00000000	0.00000000	0.00000000	0.00000000
43.62075806	0.00000000	0.00000000	0.00000000	0.00000000	0.00000000	0.00000000	0.00000000	0.00000000
46.97620392	0.00000000	0.00000000	0.00000000	0.00000000	0.00000000	0.00000000	0.00000000	0.00000000
50.33164597	0.00000000	0.00000000	0.00000000	0.00000000	0.00000000	0.00000000	0.00000000	0.00000000
53.68708801	0.00000000	0.00000000	0.00000000	0.00000000	0.00000000	0.00000000	0.00000000	0.00000000
60.39797592	0.00000000	0.00000000	0.00000000	0.00000000	0.00000000	0.00000000	0.00000000	0.00000000
67.10886383	0.00000000	0.00000000	0.00000000	0.00000000	0.00000000	0.00000000	0.00000000	0.00000000
73.81974792	0.00000000	0.00000000	0.00000000	0.00000000	0.00000000	0.00000000	0.00000000	0.00000000
80.53063202	0.00000000	0.00000000	0.00000000	0.00000000	0.00000000	0.00000000	0.00000000	0.00000000
87.24151611	0.00000000	0.00000000	0.00000000	0.00000000	0.00000000	0.00000000	0.00000000	0.00000000
93.95240784	0.00000000	0.00000000	0.00000000	0.00000000	0.00000000	0.00000000	0.00000000	0.00000000
100.66329193	0.00000000	0.00000000	0.00000000	0.00000000	0.00000000	0.00000000	0.00000000	0.00000000
107.37417603	0.00000000	0.00000000	0.00000000	0.00000000	0.00000000	0.00000000	0.00000000	0.00000000
120.79595184	0.00000000	0.00000000	0.00000000	0.00000000	0.00000000	0.00000000	0.00000000	0.00000000
134.21772766	0.00000000	0.00000000	0.00000000	0.00000000	0.00000000	0.00000000	0.00000000	0.00000000
147.63949585	0.00000000	0.00000000	0.00000000	0.00000000	0.00000000	0.00000000	0.00000000	0.00000000
161.06126404	0.00000000	0.00000000	0.00000000	0.00000000	0.00000000	0.00000000	0.00000000	0.00000000
174.48303223	0.00000000	0.00000000	0.00000000	0.00000000	0.00000000	0.00000000	0.00000000	0.00000000
187.90481567	0.00000000	0.00000000	0.00000000	0.00000000	0.00000000	0.00000000	0.00000000	0.00000000
201.32658386	0.00000000	0.00000000	0.00000000	0.00000000	0.00000000	0.00000000	0.00000000	0.00000000
214.74835205	0.00000000	0.00000000	0.00000000	0.00000000	0.00000000	0.00000000	0.00000000	0.00000000
241.59190369	0.00000000	0.00000000	0.00000000	0.00000000	0.00000000	0.00000000	0.00000000	0.00000000
268.43545532	0.00000000	0.00000000	0.00000000	0.00000000	0.00000000	0.00000000	0.00000000	0.00000000
295.27899170	0.00000000	0.00000000	0.00000000	0.00000000	0.00000000	0.00000000	0.00000000	0.00000000
322.12252808	0.00000000	0.00000000	0.00000000	0.00000000	0.00000000	0.00000000	0.00000000	0.00000000
348.96606445	0.00000000	0.00000000	0.00000000	0.00000000	0.00000000	0.00000000	0.00000000	0.00000000
375.80963135	0.00000000	0.00000000	0.00000000	0.00000000	0.00000000	0.00000000	0.00000000	0.00000000
402.65316772	0.00000000	0.00000000	0.00000000	0.00000000	0.00000000	0.00000000	0.00000000	0.00000000
429.49670410	0.00000000	0.00000000	0.00000000	0.00000000	0.00000000	0.00000000	0.00000000	0.00000000
483.18380737	0.00000000	0.00000000	0.00000000	0.00000000	0.00000000	0.00000000	0.00000000	0.00000000
536.87091064	0.00000000	0.00000000	0.00000000	0.00000000	0.00000000	0.00000000	0.00000000	0.00000000
590.55798340	0.00000000	0.00000000	0.00000000	0.00000000	0.00000000	0.00000000	0.00000000	0.00000000
644.24505615	0.00000000	0.00000000	0.00000000	0.00000000	0.00000000	0.00000000	0.00000000	0.00000000
697.93212891	0.00000000	0.00000000	0.00000000	0.00000000	0.00000000	0.00000000	0.00000000	0.00000000
751.61926270	0.00000000	0.00000000	0.00000000	0.00000000	0.00000000	0.00000000	0.00000000	0.00000000
805.30633545	0.00000000	0.00000000	0.00000000	0.00000000	0.00000000	0.00000000	0.00000000	0.00000000
858.99340820	0.00000000	0.00000000	0.00000000	0.00000000	0.00000000	0.00000000	0.00000000	0.00000000
966.36761475	0.00000000	0.00000000	0.00000000	0.00000000	0.00000000	0.00000000	0.00000000	0.00000000
1073.74182129	0.00000000	0.00000000	0.00000000	0.00000000	0.00000000	0.00000000	0.00000000	0.00000000
1181.11596680	0.00000000	0.00000000	0.00000000	0.00000000	0.00000000	0.00000000	0.00000000	0.00000000
1288.49011230	0.00000000	0.00000000	0.00000000	0.00000000	0.00000000	0.00000000	0.00000000	0.00000000
1395.86425781	0.00000000	0.00000000	0.00000000	0.00000000	0.00000000	0.00000000	0.00000000	0.00000000
1503.23852539	0.00000000	0.00000000	0.00000000	0.00000000	0.00000000	0.00000000	0.00000000	0.00000000
1610.61267090	0.00000000	0.00000000	0.00000000	0.00000000	0.00000000	0.00000000	0.00000000	0.00000000
1717.98681641	0.00000000	0.00000000	0.00000000	0.00000000	0.00000000	0.00000000	0.00000000	0.00000000
1932.73522949	0.00000000	0.00000000	0.00000000	0.00000000	0.00000000	0.00000000	0.00000000	0.00000000
2147.48364258	0.00000000	0.00000000	0.00000000	0.00000000	0.00000000	0.00000000	0.00000000	0.00000000
2362.23193359	0.00000000	0.00000000	0.00000000	0.00000000	0.00000000	0.00000000	0.00000000	0.00000000
2576.98022461	0.00000000	0.00000000	0.00000000	0.00000000	0.00000000	0.00000000	0.00000000	0.00000000
2791.72851562	0.00000000	0.00000000	0.00000000	0.00000000	0.00000000	0.00000000	0.00000000	0.00000000
3006.47705078	0.00000000	0.00000000	0.00000000	0.00000000	0.00000000	0.00000000	0.00000000	0.00000000
3221.22534180	0.00000000	0.00000000	0.00000000	0.00000000	0.00000000	0.00000000	0.00000000	0.00000000
3435.97363281	0.00000000	0.00000000	0.00000000	0.00000000	0.00000000	0.00000000	0.00000000	0.00000000
0	0	0	0	0	0	0	0	0
