%12/5/2014 8:14:29 AM
%Duration	ID1		ID2		ID3		ID4		ID5		ID6		ID7		ID8
3000.000000	3.404617	4.434586	4.529953	13.036728	14.839172	63.657761	54.569244	61.702728
%Tau		Tau1		Tau2		Tau3		Tau4		Tau5		Tau6		Tau7		Tau8
%		0.000002	0.000002	0.000002	0.000016	0.000029	0.000089	0.000077	0.000077
%Delaytime	D1		D2		D3		D4		D5		D6		D7		D8
0.00000000	7.70836973	12.94536591	16.55169868	5.75434494	4.32025099	1.64093530	2.22210741	2.33252239
0.00000020	3.21182084	3.19431114	2.78592944	1.95930159	1.78549123	1.48887312	1.50993574	1.56113017
0.00000040	1.28472829	1.51309478	1.14714742	1.39445782	1.57824671	1.42203259	1.51981175	1.48600018
0.00000060	3.21182084	1.51309478	1.96653843	1.46506333	1.30723464	1.41200650	1.42434335	1.45367682
0.00000080	0.64236414	1.34497309	1.31102562	1.18264151	1.53042114	1.38109279	1.51981175	1.47289610
0.00000100	2.24827456	1.84933805	2.29429483	1.76513660	1.33911848	1.46213686	1.45726347	1.43096316
0.00000120	0.64236414	1.34497309	0.65551281	1.30620110	1.30723464	1.42788112	1.44629014	1.45367682
0.00000140	0.96354622	1.84933805	1.14714742	1.65922832	1.51447916	1.37524414	1.33655643	1.44843519
0.00000160	1.60591042	1.84933805	0.98326921	1.67687976	1.67389810	1.42036152	1.44190085	1.51832354
0.00000180	0.96354622	1.68121636	0.98326921	1.50036609	1.56230485	1.42453909	1.42544079	1.47901142
0.00000200	0.96354622	1.17685151	0.98326921	1.58862293	1.61013055	1.49472165	1.45616615	1.44756162
0.00000220	0.96354622	1.68121636	1.80266023	1.32385242	1.24346709	1.45879483	1.44299817	1.46241295
0.00000240	0.96354622	0.67248654	1.31102562	1.69453108	1.27535093	1.40532243	1.53407705	1.49386263
0.00000260	1.60591042	1.68121636	0.81939101	1.23559558	1.35506034	1.41869056	1.42763543	1.45979214
0.00000280	0.32118207	1.68121636	2.13041663	1.27089834	1.67389810	1.41869056	1.45616615	1.39863980
0.00000300	1.92709243	0.84060818	1.31102562	1.39445782	1.45071161	1.48887312	1.44629014	1.40650225
0.00000340	1.92709243	1.42903388	1.39296472	1.50919175	1.22752523	1.43038762	1.43641412	1.45149291
0.00000380	1.92709243	1.00872982	0.90133011	1.35915518	1.40288603	1.45169306	1.43751144	1.42703199
0.00000420	1.44531941	1.51309478	0.65551281	1.59744859	1.23549616	1.44083142	1.42873275	1.43926239
0.00000460	2.24827456	1.51309478	1.55684292	1.50036609	1.34708941	1.40198040	1.47427225	1.45192969
0.00000500	0.64236414	1.34497309	1.47490382	1.39445782	1.46665359	1.43665397	1.43586540	1.42790556
0.00000540	1.92709243	1.09279060	0.81939101	1.34150374	1.46665359	1.44793332	1.46384752	1.41873276
0.00000580	0.96354622	1.17685151	1.47490382	1.46506333	1.46665359	1.43748939	1.43037879	1.44100964
0.00000620	1.28472829	1.42903388	1.31102562	1.43858624	1.46665359	1.41117096	1.40952933	1.44188321
0.00000700	1.52561486	1.17685151	1.02423882	1.46065044	1.52643561	1.42955208	1.43696272	1.45913684
0.00000780	1.20443285	1.21888185	1.22908652	1.28413689	1.34310389	1.44897771	1.41007805	1.41392791
0.00000860	1.68620598	1.38700354	1.67975163	1.54449451	1.36303127	1.43602729	1.41227269	1.42812395
0.00000940	0.56206864	0.75654739	1.10617793	1.45623767	1.30723464	1.40803778	1.45205116	1.42113507
0.00001020	1.04384172	1.76527715	0.94229966	1.44299912	1.33513296	1.43352079	1.39910471	1.40955985
0.00001100	1.84679699	1.26091230	1.35199523	1.45623767	1.32716203	1.42641902	1.39855599	1.39667416
0.00001180	1.52561486	1.13482106	0.86036056	1.30620110	1.39092958	1.45148420	1.41007805	1.41916955
0.00001260	1.20443285	1.17685151	1.06520832	1.27089834	1.38694417	1.41910827	1.42324603	1.42179036
0.00001420	1.08398950	1.32395792	1.65926683	1.40107715	1.28531456	1.39581859	1.41213548	1.42026150
0.00001580	2.04753566	1.09279060	1.41344953	1.35253584	1.38495135	1.39508748	1.40088785	1.39984107
0.00001740	1.60591042	1.36598825	0.98326921	1.41431570	1.32516932	1.39080548	1.38429058	1.40890467
0.00001900	1.16428506	1.42903388	1.33151042	1.44741201	1.27335823	1.38203263	1.39951611	1.39645576
0.00002060	1.20443285	1.23989701	1.08569312	1.38342583	1.34310389	1.39278984	1.37153411	1.38946700
0.00002220	1.28472829	1.38700354	1.43393433	1.28193045	1.39092958	1.38568807	1.38154721	1.39590979
0.00002380	0.92339849	1.30294263	1.06520832	1.35694873	1.32317662	1.36333823	1.37208271	1.37931132
0.00002540	1.48546708	1.17685151	1.08569312	1.37018728	1.36303127	1.35728073	1.38525081	1.36773610
0.00002860	1.24901831	1.08817446	1.25605726	1.30212128	1.35774231	1.34574938	1.35605252	1.36122811
0.00003180	1.18858194	1.24512279	1.27648091	1.27912343	1.34572685	1.34815240	1.32826066	1.34207356
0.00003500	1.36989105	1.34975493	1.25605726	1.29116988	1.29265881	1.34110713	1.33880246	1.32853985
0.00003820	1.41018188	1.26604915	1.14372694	1.34264147	1.30867934	1.31221843	1.33846021	1.32788503
0.00004140	1.28930914	1.13002741	1.07224405	1.28569424	1.25961637	1.32230079	1.30621886	1.30409193
0.00004460	1.12814558	1.11956418	1.23563361	1.25612545	1.22857654	1.30531573	1.29492414	1.28411877
0.00004780	1.32960010	1.23465955	1.18457437	1.28788447	1.24059200	1.26947927	1.29814136	1.28171766
0.00005100	1.18858194	1.02539515	1.16415060	1.25722063	1.22857654	1.28864443	1.26344347	1.27544188
0.00005740	1.42293704	1.18811333	1.10848153	1.19502258	1.26079357	1.26621974	1.25894117	1.24219728
0.00006380	1.22110200	1.09913564	1.12380624	1.22408915	1.24082577	1.23607075	1.23426354	1.22905672
0.00007020	1.44312060	1.05726385	1.19532108	1.18734455	1.24232566	1.22386730	1.20177221	1.22117376
0.00007660	1.03945041	1.15147543	1.12380624	1.20434582	1.15886438	1.21547258	1.19664383	1.18426204
0.00008300	1.13027620	1.26138902	1.16467190	1.17692447	1.17736220	1.19736362	1.17510116	1.18595314
0.00008940	0.95871645	1.11483753	1.17999649	1.15498734	1.15886438	1.18298507	1.16900682	1.17108750
0.00009580	1.07981741	1.19858122	1.04718304	1.11879122	1.15536475	1.17360401	1.14329445	1.15982234
0.00010220	1.05963397	1.13577354	1.12891436	1.12372708	1.14236629	1.14742053	1.13105786	1.14776611
0.00011500	1.09610438	1.08826888	1.09587455	1.12109482	1.12544787	1.14050102	1.11595488	1.12744534
0.00012780	1.12136018	1.12498152	1.12141943	1.10109973	1.16143024	1.13001418	1.10430515	1.10397899
0.00014060	1.15671837	1.03844452	0.92472398	1.12931192	1.10098553	1.10744345	1.08421743	1.09488904
0.00015340	1.11125791	1.00697649	1.05755723	1.10109973	1.11897719	1.09460902	1.06300318	1.08506680
0.00016620	1.12136018	1.03319979	1.18017256	1.04166222	1.07077467	1.08829618	1.06827688	1.07755125
0.00017900	1.02033675	0.94928509	0.96559578	1.07042229	1.06577694	1.07849348	1.04810715	1.06749094
0.00019180	0.99002975	1.13547087	1.04478490	1.06768322	1.07477295	1.07013273	1.05016172	1.05747938
0.00020460	0.91931331	1.03836596	1.00902200	1.06247902	1.04081225	1.05743980	1.04612088	1.04825091
0.00023020	0.91464603	1.02471876	1.00398386	1.05493045	1.02432346	1.04834116	1.04493093	1.03367674
0.00025580	1.02329183	1.03652740	1.01933146	1.02479351	1.01606882	1.04012382	1.03373086	1.03351307
0.00028140	1.02834511	1.03652740	0.99879348	1.04465652	1.02745020	1.03096092	1.02348709	1.02432108
0.00030700	1.05108488	1.01429904	0.99367803	1.01641250	1.03833139	1.02214158	1.02279389	1.02107477
0.00033260	1.03087175	0.97624642	1.01030326	1.03816748	1.00756407	1.01963258	1.01311028	1.01119530
0.00035820	1.06613290	1.04579091	1.08575630	1.01077151	1.01179290	1.01499629	1.00257909	1.01489985
0.00038380	0.97518319	1.02610850	1.00390899	1.01775753	1.02317393	1.01469624	1.00750852	1.00814271
0.00040940	1.05855381	1.06284893	1.00902438	1.00951409	1.00366354	1.01331353	1.01136577	1.00975215
0.00046060	1.09529972	1.05812752	0.98610157	1.00583613	1.00703120	1.01167536	1.00228000	1.00671077
0.00051180	1.00192165	0.99785024	1.00138462	0.99781299	0.99919468	1.00646782	1.00643039	1.00539577
0.00056300	0.95649445	1.01226437	1.00529885	0.99475151	1.01128161	1.00372744	1.00555146	1.00175488
0.00061420	0.99182665	0.97950500	1.01041818	0.99136710	1.00628114	1.00599742	1.00269687	0.99659431
0.00066540	0.99929303	1.04502368	0.98802131	0.99765146	0.99569440	1.00370228	1.00396049	1.00088656
0.00071660	0.96658933	0.98744190	0.98930115	0.98551422	1.00217152	1.00226843	1.00422060	1.00514948
0.00076780	0.97027320	0.98482096	0.97586298	0.99785715	1.00354660	1.00322878	1.00338364	1.00162113
0.00081900	0.98793745	1.02216947	0.97458321	0.99717146	1.00217152	1.00216162	1.00441217	1.00002921
0.00092140	0.96305519	0.96217853	1.03630340	1.00930381	1.01099992	0.99910957	1.00033355	1.00102031
0.00102380	1.01221633	1.01748586	0.99595284	0.99560559	0.99757648	0.99673438	0.99420029	1.00106812
0.00112620	1.01158607	0.98708510	1.04078674	1.01087344	1.00525594	0.99411726	1.00082338	0.99982953
0.00122860	1.00465310	1.01829517	1.01748514	1.00332034	1.00197804	0.99291712	1.00052953	0.99878639
0.00133100	0.97818172	0.99600875	1.00627577	1.00626326	0.99264413	0.99797934	0.99729419	0.99941838
0.00143340	1.00150180	1.01592422	1.00307310	0.99429101	1.01481593	1.00616825	0.99873149	0.99630171
0.00153580	0.98826605	1.00969756	1.00851762	1.00702298	0.99349505	1.00225031	1.00403130	0.99782449
0.00163820	1.03249335	1.00805902	1.00147176	1.00922966	0.99850506	0.99998075	0.99877143	0.99852920
0.00184300	0.99519688	0.97822076	1.00075519	0.99598819	1.00430334	0.99576002	0.99864316	0.99939781
0.00204780	1.02073085	0.98952872	0.99300385	0.99714953	0.99860072	1.00356472	0.99929523	0.99835122
0.00225260	1.01915479	0.99624795	1.01875257	0.99880385	1.00495887	1.00010359	1.00218558	0.99916869
0.00245740	0.99372756	1.03221643	1.01099145	0.99500865	0.99894315	1.00566435	1.00319993	1.00185323
0.00266220	1.02135539	1.00715208	0.99419761	0.99776095	1.00031662	1.00138175	1.00037801	1.00101006
0.00286700	0.98542982	0.98534226	0.98874736	1.00391281	1.00456882	0.99555027	1.00474167	1.00196934
0.00307180	1.00370777	1.00198388	0.99178666	1.00620806	0.98587495	0.99560887	1.00011873	1.00042164
0.00327660	1.00664949	0.99690348	0.97587717	1.00023544	0.99966908	0.99635911	0.99695122	1.00605726
0.00368620	1.00249827	1.00219703	1.00375903	0.99898899	0.99373806	0.99902523	1.00356340	0.99919522
0.00409580	0.98991394	1.00399864	1.00984454	0.99502748	0.99760962	1.00022411	1.00171614	1.00088120
0.00450540	0.98193991	0.99550182	0.99760354	0.99374813	0.99979073	0.99994594	1.00270724	1.00186372
0.00491500	0.97895050	0.99533141	1.00192392	1.00362611	0.99917513	1.00489855	1.00169182	1.00192821
0.00532460	1.00113499	1.01711142	1.00912452	1.00548065	0.99954164	1.00307310	0.99802035	0.99807656
0.00573420	1.00013864	1.00990605	0.99968368	0.99868274	1.00557935	1.00158942	0.99951714	1.00257111
0.00614380	1.01052070	0.99868846	0.98689520	1.00189221	1.00520575	0.99940169	1.00211179	1.00169730
0.00655340	0.99510318	0.99950093	0.99913442	1.00269651	1.00150430	0.99983066	1.00134158	0.99731654
0.00737260	1.00265431	1.02118659	1.00062048	0.99794340	0.99626404	1.00123453	0.99965775	1.00125730
0.00819180	1.01229501	1.00538492	1.00503969	1.00233853	1.00150108	1.00048923	0.99852616	1.00110340
0.00901100	1.01496732	0.99627441	0.99495780	1.00385666	1.00155556	1.00265777	1.00187850	1.00151670
0.00983020	0.99165285	0.98999357	0.99663335	1.00003266	0.99999809	0.99911952	1.00375426	1.00088882
0.01064940	1.02204072	1.01882780	0.98783296	1.00112748	1.00101435	0.99966866	1.00304377	1.00338554
0.01146860	1.00469804	0.99621356	1.00750065	0.99626309	1.00090122	0.99777192	1.00113976	1.00169683
0.01228780	0.99626184	0.99381006	1.00153267	0.99834985	1.00238895	0.99926662	0.99926132	1.00293314
0.01310700	1.01096213	1.00712264	1.01429522	0.99292505	0.99979091	0.99884719	0.99983376	1.00331008
0.01474540	0.99655056	1.00247347	1.00000668	1.00037420	0.99819475	1.00021768	1.00097573	0.99941021
0.01638380	1.00749648	0.98933810	0.98883367	1.00237429	1.00015080	0.99927878	0.99927241	1.00163376
0.01802220	1.00326788	1.00593185	0.99812001	1.00100207	0.99849802	0.99987000	0.99952453	0.99958628
0.01966060	0.97874224	1.00266182	1.00389361	1.00003326	1.00122118	0.99964905	0.99939197	0.99959630
0.02129900	0.99639463	1.00656080	1.00551522	1.00146425	0.99684089	1.00039172	1.00197554	1.00190508
0.02293740	0.99800515	0.99085379	0.99598724	0.99655873	1.00177002	1.00015569	1.00137722	1.00015974
0.02457580	0.99580544	0.99781030	0.99315661	0.99774200	1.00088406	1.00013208	1.00106156	1.00009012
0.02621420	1.00053239	1.00305295	0.99660456	1.00087380	0.99965167	0.99970168	1.00154841	1.00070107
0.02949100	0.99913228	0.99917245	1.00563931	1.00102329	1.00236654	0.99970943	1.00124133	0.99941528
0.03276780	0.98609769	0.99334592	1.00131822	1.00080836	1.00119019	1.00044119	1.00051832	0.99894023
0.03604460	0.99734569	0.99888289	1.00134861	1.00025487	0.99859440	1.00039041	0.99952555	1.00063086
0.03932140	1.01124680	0.99841523	0.99860901	1.00154269	1.00090015	1.00094092	1.00010026	0.99954563
0.04259820	1.00218296	0.99393344	0.99987966	1.00034201	1.00403774	0.99975848	1.00030434	1.00157905
0.04587500	0.99691641	1.00344694	0.99249893	1.00461078	1.00032544	1.00014532	1.00153112	1.00099242
0.04915180	1.00491679	1.00761974	1.00225413	1.00123751	0.99966872	1.00047302	1.00117588	1.00009990
0.05242860	1.00585842	1.00186491	0.99529463	1.00031054	1.00067329	1.00139010	1.00189447	0.99879837
0.05898220	0.99485070	1.00066173	1.00080383	0.99815512	1.00153506	0.99943787	1.00093007	1.00051105
0.06553581	1.00214493	0.99978381	0.99971938	0.99899465	1.00099862	0.99996597	1.00124168	1.00039792
0.07208940	1.00149953	0.99850410	1.00050163	1.00019526	1.00134897	1.00023103	1.00116622	1.00064445
0.07864300	1.00209737	1.00229359	0.99803722	0.99940813	0.99935991	0.99951017	1.00105393	1.00028896
0.08519660	0.99941659	1.00084352	0.99833316	1.00045204	1.00043499	1.00013387	0.99987656	1.00043273
0.09175020	1.00045836	1.00510108	0.99834818	1.00140858	1.00063682	0.99966562	0.99942410	1.00046217
0.09830380	0.99483639	1.00079131	0.99862987	1.00025141	1.00203478	0.99966329	1.00165439	0.99980384
0.10485740	0.99507850	0.99922204	0.99662083	1.00001419	0.99965411	1.00040388	1.00175524	1.00093663
0.11796460	1.00099576	0.99827820	1.00053775	0.99959427	1.00159132	0.99931288	1.00117123	1.00071275
0.13107181	0.99756521	0.99676710	0.99891585	1.00089884	0.99880320	0.99987471	1.00106978	1.00064552
0.14417900	0.99665231	1.00323319	1.00225711	0.99967694	1.00028694	1.00115144	1.00015461	1.00032139
0.15728620	1.00033474	0.99866056	0.99921387	0.99880588	1.00092864	1.00034320	1.00029457	1.00017989
0.17039341	1.00119579	0.99874020	0.99947321	1.00149047	1.00147820	0.99943060	1.00054717	1.00079966
0.18350060	0.99957925	0.99854749	1.00142515	1.00023389	0.99948913	1.00008261	1.00043142	1.00135386
0.19660780	0.99870580	1.00253236	0.99861789	1.00008786	0.99825454	1.00026488	1.00062811	1.00064552
0.20971501	1.00359595	1.00296688	1.00282478	0.99942493	1.00090444	0.99994290	1.00044131	1.00063646
0.23592941	1.00081098	0.99901754	1.00019073	0.99923217	1.00049770	0.99980843	1.00025058	1.00022638
0.26214382	1.00353217	0.99997044	0.99864542	1.00097823	0.99995351	1.00004900	1.00031340	1.00056601
0.28835821	0.99791300	0.99903065	0.99936604	1.00048316	0.99960166	0.99980670	1.00031960	1.00073910
0.31457260	1.00198245	0.99986595	0.99930459	1.00043559	0.99990052	0.99977809	0.99989027	1.00001800
0.34078699	0.99898118	0.99858755	1.00163329	1.00019634	1.00014484	1.00034761	1.00015986	0.99986106
0.36700141	0.99868476	0.99862003	1.00143886	1.00026822	1.00035512	0.99963701	0.99982262	1.00019562
0.39321581	1.00058258	1.00057364	1.00129843	1.00006282	1.00027764	0.99971324	1.00076580	1.00060976
0.41943020	1.00115824	0.99712276	1.00113249	1.00104499	1.00078046	0.99945867	1.00024033	1.00010693
0.47185901	1.00015569	0.99893534	1.00025403	0.99975485	1.00072157	1.00011790	1.00005496	1.00063920
0.52428782	0.99937993	0.99954247	1.00029027	0.99942493	1.00049436	0.99998575	1.00005770	1.00021386
0.57671660	0.99807763	1.00102913	0.99896938	0.99973983	1.00051010	1.00018764	1.00022972	1.00007689
0.62914538	0.99941927	1.00028622	1.00225818	1.00081563	1.00046730	1.00007677	1.00017941	1.00044096
0.68157423	0.99816614	0.99932033	0.99904430	1.00074732	0.99948281	0.99990916	1.00062311	1.00048602
0.73400301	1.00078988	0.99910080	0.99937373	1.00035059	1.00014544	0.99993098	1.00080359	1.00049555
0.78643179	0.99864954	1.00077832	0.99913538	1.00106525	1.00023293	1.00017488	1.00062668	1.00017893
0.83886063	0.99968344	0.99953824	1.00172460	1.00014544	1.00038636	0.99978817	1.00124788	1.00007904
0.94371825	0.99926740	1.00012541	1.00153494	1.00045574	1.00053787	0.99996126	1.00075150	1.00055420
1.04857588	1.00135946	0.99988085	0.99975359	1.00017822	1.00020206	0.99996662	1.00013947	1.00023639
1.15343344	0.99981844	1.00018990	0.99964660	1.00002921	1.00021052	1.00008750	1.00051284	1.00051403
1.25829101	1.00087762	0.99883777	1.00021017	0.99997669	1.00035763	1.00027299	1.00001955	1.00009739
1.36314869	0.99962211	1.00160241	1.00006115	1.00040042	1.00002086	1.00009608	1.00003660	1.00018966
1.46800625	1.00119150	1.00040483	1.00033736	1.00016677	1.00034666	1.00003624	0.99987745	1.00012958
1.57286382	1.00013769	1.00048220	0.99966735	1.00016379	1.00014067	0.99990660	1.00088203	0.99980223
1.67772150	0.99866629	1.00142479	0.99938005	1.00046074	1.00004756	1.00028062	1.00080705	1.00007296
1.88743675	0.99866182	0.99926841	1.00022519	0.99996650	1.00006008	0.99999100	1.00030816	1.00017095
2.09715199	0.99900401	0.99994761	0.99975324	1.00015056	1.00030386	0.99988061	0.99988925	1.00016403
2.30686712	0.99961787	1.00059783	1.00056636	1.00000381	1.00033450	1.00012696	0.99977398	0.99995553
2.51658225	1.00137186	0.99937868	0.99933434	1.00014389	1.00019157	1.00010443	1.00036013	0.99983108
2.72629738	1.00051367	1.00012517	1.00149214	1.00024199	0.99999756	0.99988204	1.00008678	0.99989212
2.93601274	0.99989641	0.99989438	0.99918872	1.00032461	0.99949235	1.00003862	1.00028217	1.00004673
3.14572787	0.99977249	0.99968266	1.00029063	0.99984646	0.99986374	1.00019407	0.99970841	1.00007260
3.35544300	0.99993944	1.00143743	1.00081313	1.00009429	1.00040662	0.99994785	1.00001538	1.00008392
3.77487350	1.00019324	0.99988049	0.99997121	1.00015581	1.00014937	1.00014150	0.99997979	0.99977368
4.19430399	1.00021183	1.00054479	0.99985474	0.99991494	0.99973351	0.99978256	0.99993789	1.00017607
4.61373425	0.99960965	0.99879444	0.99989629	0.99991554	1.00018883	1.00039959	1.00009704	1.00010371
5.03316450	1.00000000	1.00000000	1.00000000	1.00000000	1.00000000	1.00000000	1.00000000	1.00000000
5.45259476	0.00000000	0.00000000	0.00000000	0.00000000	0.00000000	0.00000000	0.00000000	0.00000000
5.87202549	0.00000000	0.00000000	0.00000000	0.00000000	0.00000000	0.00000000	0.00000000	0.00000000
6.29145575	0.00000000	0.00000000	0.00000000	0.00000000	0.00000000	0.00000000	0.00000000	0.00000000
6.71088600	0.00000000	0.00000000	0.00000000	0.00000000	0.00000000	0.00000000	0.00000000	0.00000000
7.54974699	0.00000000	0.00000000	0.00000000	0.00000000	0.00000000	0.00000000	0.00000000	0.00000000
8.38860798	0.00000000	0.00000000	0.00000000	0.00000000	0.00000000	0.00000000	0.00000000	0.00000000
9.22746849	0.00000000	0.00000000	0.00000000	0.00000000	0.00000000	0.00000000	0.00000000	0.00000000
10.06632900	0.00000000	0.00000000	0.00000000	0.00000000	0.00000000	0.00000000	0.00000000	0.00000000
10.90518951	0.00000000	0.00000000	0.00000000	0.00000000	0.00000000	0.00000000	0.00000000	0.00000000
11.74405098	0.00000000	0.00000000	0.00000000	0.00000000	0.00000000	0.00000000	0.00000000	0.00000000
12.58291149	0.00000000	0.00000000	0.00000000	0.00000000	0.00000000	0.00000000	0.00000000	0.00000000
13.42177200	0.00000000	0.00000000	0.00000000	0.00000000	0.00000000	0.00000000	0.00000000	0.00000000
15.09949398	0.00000000	0.00000000	0.00000000	0.00000000	0.00000000	0.00000000	0.00000000	0.00000000
16.77721596	0.00000000	0.00000000	0.00000000	0.00000000	0.00000000	0.00000000	0.00000000	0.00000000
18.45493698	0.00000000	0.00000000	0.00000000	0.00000000	0.00000000	0.00000000	0.00000000	0.00000000
20.13265800	0.00000000	0.00000000	0.00000000	0.00000000	0.00000000	0.00000000	0.00000000	0.00000000
21.81037903	0.00000000	0.00000000	0.00000000	0.00000000	0.00000000	0.00000000	0.00000000	0.00000000
23.48810196	0.00000000	0.00000000	0.00000000	0.00000000	0.00000000	0.00000000	0.00000000	0.00000000
25.16582298	0.00000000	0.00000000	0.00000000	0.00000000	0.00000000	0.00000000	0.00000000	0.00000000
26.84354401	0.00000000	0.00000000	0.00000000	0.00000000	0.00000000	0.00000000	0.00000000	0.00000000
30.19898796	0.00000000	0.00000000	0.00000000	0.00000000	0.00000000	0.00000000	0.00000000	0.00000000
33.55443192	0.00000000	0.00000000	0.00000000	0.00000000	0.00000000	0.00000000	0.00000000	0.00000000
36.90987396	0.00000000	0.00000000	0.00000000	0.00000000	0.00000000	0.00000000	0.00000000	0.00000000
40.26531601	0.00000000	0.00000000	0.00000000	0.00000000	0.00000000	0.00000000	0.00000000	0.00000000
43.62075806	0.00000000	0.00000000	0.00000000	0.00000000	0.00000000	0.00000000	0.00000000	0.00000000
46.97620392	0.00000000	0.00000000	0.00000000	0.00000000	0.00000000	0.00000000	0.00000000	0.00000000
50.33164597	0.00000000	0.00000000	0.00000000	0.00000000	0.00000000	0.00000000	0.00000000	0.00000000
53.68708801	0.00000000	0.00000000	0.00000000	0.00000000	0.00000000	0.00000000	0.00000000	0.00000000
60.39797592	0.00000000	0.00000000	0.00000000	0.00000000	0.00000000	0.00000000	0.00000000	0.00000000
67.10886383	0.00000000	0.00000000	0.00000000	0.00000000	0.00000000	0.00000000	0.00000000	0.00000000
73.81974792	0.00000000	0.00000000	0.00000000	0.00000000	0.00000000	0.00000000	0.00000000	0.00000000
80.53063202	0.00000000	0.00000000	0.00000000	0.00000000	0.00000000	0.00000000	0.00000000	0.00000000
87.24151611	0.00000000	0.00000000	0.00000000	0.00000000	0.00000000	0.00000000	0.00000000	0.00000000
93.95240784	0.00000000	0.00000000	0.00000000	0.00000000	0.00000000	0.00000000	0.00000000	0.00000000
100.66329193	0.00000000	0.00000000	0.00000000	0.00000000	0.00000000	0.00000000	0.00000000	0.00000000
107.37417603	0.00000000	0.00000000	0.00000000	0.00000000	0.00000000	0.00000000	0.00000000	0.00000000
120.79595184	0.00000000	0.00000000	0.00000000	0.00000000	0.00000000	0.00000000	0.00000000	0.00000000
134.21772766	0.00000000	0.00000000	0.00000000	0.00000000	0.00000000	0.00000000	0.00000000	0.00000000
147.63949585	0.00000000	0.00000000	0.00000000	0.00000000	0.00000000	0.00000000	0.00000000	0.00000000
161.06126404	0.00000000	0.00000000	0.00000000	0.00000000	0.00000000	0.00000000	0.00000000	0.00000000
174.48303223	0.00000000	0.00000000	0.00000000	0.00000000	0.00000000	0.00000000	0.00000000	0.00000000
187.90481567	0.00000000	0.00000000	0.00000000	0.00000000	0.00000000	0.00000000	0.00000000	0.00000000
201.32658386	0.00000000	0.00000000	0.00000000	0.00000000	0.00000000	0.00000000	0.00000000	0.00000000
214.74835205	0.00000000	0.00000000	0.00000000	0.00000000	0.00000000	0.00000000	0.00000000	0.00000000
241.59190369	0.00000000	0.00000000	0.00000000	0.00000000	0.00000000	0.00000000	0.00000000	0.00000000
268.43545532	0.00000000	0.00000000	0.00000000	0.00000000	0.00000000	0.00000000	0.00000000	0.00000000
295.27899170	0.00000000	0.00000000	0.00000000	0.00000000	0.00000000	0.00000000	0.00000000	0.00000000
322.12252808	0.00000000	0.00000000	0.00000000	0.00000000	0.00000000	0.00000000	0.00000000	0.00000000
348.96606445	0.00000000	0.00000000	0.00000000	0.00000000	0.00000000	0.00000000	0.00000000	0.00000000
375.80963135	0.00000000	0.00000000	0.00000000	0.00000000	0.00000000	0.00000000	0.00000000	0.00000000
402.65316772	0.00000000	0.00000000	0.00000000	0.00000000	0.00000000	0.00000000	0.00000000	0.00000000
429.49670410	0.00000000	0.00000000	0.00000000	0.00000000	0.00000000	0.00000000	0.00000000	0.00000000
483.18380737	0.00000000	0.00000000	0.00000000	0.00000000	0.00000000	0.00000000	0.00000000	0.00000000
536.87091064	0.00000000	0.00000000	0.00000000	0.00000000	0.00000000	0.00000000	0.00000000	0.00000000
590.55798340	0.00000000	0.00000000	0.00000000	0.00000000	0.00000000	0.00000000	0.00000000	0.00000000
644.24505615	0.00000000	0.00000000	0.00000000	0.00000000	0.00000000	0.00000000	0.00000000	0.00000000
697.93212891	0.00000000	0.00000000	0.00000000	0.00000000	0.00000000	0.00000000	0.00000000	0.00000000
751.61926270	0.00000000	0.00000000	0.00000000	0.00000000	0.00000000	0.00000000	0.00000000	0.00000000
805.30633545	0.00000000	0.00000000	0.00000000	0.00000000	0.00000000	0.00000000	0.00000000	0.00000000
858.99340820	0.00000000	0.00000000	0.00000000	0.00000000	0.00000000	0.00000000	0.00000000	0.00000000
966.36761475	0.00000000	0.00000000	0.00000000	0.00000000	0.00000000	0.00000000	0.00000000	0.00000000
1073.74182129	0.00000000	0.00000000	0.00000000	0.00000000	0.00000000	0.00000000	0.00000000	0.00000000
1181.11596680	0.00000000	0.00000000	0.00000000	0.00000000	0.00000000	0.00000000	0.00000000	0.00000000
1288.49011230	0.00000000	0.00000000	0.00000000	0.00000000	0.00000000	0.00000000	0.00000000	0.00000000
1395.86425781	0.00000000	0.00000000	0.00000000	0.00000000	0.00000000	0.00000000	0.00000000	0.00000000
1503.23852539	0.00000000	0.00000000	0.00000000	0.00000000	0.00000000	0.00000000	0.00000000	0.00000000
1610.61267090	0.00000000	0.00000000	0.00000000	0.00000000	0.00000000	0.00000000	0.00000000	0.00000000
1717.98681641	0.00000000	0.00000000	0.00000000	0.00000000	0.00000000	0.00000000	0.00000000	0.00000000
1932.73522949	0.00000000	0.00000000	0.00000000	0.00000000	0.00000000	0.00000000	0.00000000	0.00000000
2147.48364258	0.00000000	0.00000000	0.00000000	0.00000000	0.00000000	0.00000000	0.00000000	0.00000000
2362.23193359	0.00000000	0.00000000	0.00000000	0.00000000	0.00000000	0.00000000	0.00000000	0.00000000
2576.98022461	0.00000000	0.00000000	0.00000000	0.00000000	0.00000000	0.00000000	0.00000000	0.00000000
2791.72851562	0.00000000	0.00000000	0.00000000	0.00000000	0.00000000	0.00000000	0.00000000	0.00000000
3006.47705078	0.00000000	0.00000000	0.00000000	0.00000000	0.00000000	0.00000000	0.00000000	0.00000000
3221.22534180	0.00000000	0.00000000	0.00000000	0.00000000	0.00000000	0.00000000	0.00000000	0.00000000
3435.97363281	0.00000000	0.00000000	0.00000000	0.00000000	0.00000000	0.00000000	0.00000000	0.00000000
0	0	0	0	0	0	0	0	0
