%4/15/2015 2:40:00 PM
%Duration	ID1		ID2		ID3		ID4		ID5		ID6		ID7		ID8
3000.000000	2.040863	2.431870	3.013611	4.673004	5.941391	17.137527	17.786026	14.648437
%Tau		Tau1		Tau2		Tau3		Tau4		Tau5		Tau6		Tau7		Tau8
%		0.000002	0.000001	0.000001	0.000001	0.000002	0.000025	0.000016	0.000012
%Delaytime	D1		D2		D3		D4		D5		D6		D7		D8
0.00000000	9.88862801	27.70081139	24.90906525	13.37092781	9.42255497	2.34235525	3.54613352	5.51984358
0.00000020	2.47215700	5.89378977	3.44894767	3.82026505	2.22899151	1.25523341	1.53555322	1.90685499
0.00000040	1.64810467	2.35751581	1.53286564	1.21553886	1.01317799	1.45696735	1.46927035	1.38832426
0.00000060	4.12026167	0.58937895	1.53286564	2.25742936	0.91186017	1.60266411	1.45822310	1.42177784
0.00000080	0.82405233	1.17875791	1.14964914	1.91013253	1.72240257	1.45696735	1.40298748	1.58904588
0.00000100	1.64810467	3.53627372	1.14964914	1.38918734	1.31713140	1.33368552	1.57974172	1.37159753
0.00000120	2.47215700	0.58937895	1.91608202	1.04189050	1.01317799	1.40093017	1.43612885	1.08724189
0.00000140	0.82405233	1.17875791	1.14964914	0.86824208	1.82372034	1.36730778	1.24832737	1.25450993
0.00000160	2.47215700	1.76813686	1.14964914	1.04189050	1.11449575	1.24402595	1.11576164	1.45523143
0.00000180	0.82405233	0.58937895	1.53286564	0.86824208	1.41844916	1.45696735	1.36984599	1.28796351
0.00000200	1.64810467	1.76813686	0.76643282	1.21553886	1.11449575	1.35610044	1.34775174	1.33814383
0.00000220	1.64810467	0.58937895	0.76643282	1.56283569	1.31713140	1.47938228	1.32565737	1.48868501
0.00000240	0.82405233	0.58937895	0.38321641	1.04189050	1.21581364	1.46817482	1.35879886	1.55559230
0.00000260	3.29620934	1.17875791	2.29929829	1.21553886	1.72240257	1.47938228	1.54660034	1.35487068
0.00000280	1.64810467	0.58937895	0.00000000	2.25742936	1.11449575	1.38972270	1.60183609	1.20432949
0.00000300	2.47215700	2.35751581	1.14964914	1.04189050	1.92503822	1.23281848	1.43612885	1.38832426
0.00000340	3.29620934	1.47344744	1.34125745	1.38918734	1.41844916	1.48498595	1.28699243	1.31305373
0.00000380	0.82405233	1.17875791	0.95804101	1.30236316	1.06383693	1.27764833	1.32565737	1.35487068
0.00000420	2.06013083	1.17875791	1.14964914	1.12871468	1.97569704	1.27764833	1.44717598	1.48868501
0.00000460	2.06013083	1.17875791	2.49090672	1.56283569	1.16515470	1.45136368	1.33118093	1.42177784
0.00000500	1.23607850	2.06282640	1.53286564	1.91013253	1.62108481	1.33368552	1.21518600	1.43014121
0.00000540	1.23607850	2.35751581	1.72447383	1.21553886	1.57042587	1.30566692	1.31461024	1.35487068
0.00000580	1.64810467	0.88406843	0.95804101	1.30236316	1.46910810	1.40653384	1.45269954	1.46359491
0.00000620	1.23607850	1.47344744	1.53286564	1.82330835	1.26647246	1.43455243	1.32565737	1.38832426
0.00000700	1.44209158	1.32610273	1.05384505	1.17212677	1.49443758	1.41493940	1.24556565	1.34650731
0.00000780	0.82405233	1.03141320	1.24545336	1.08530259	1.11449575	1.45976925	1.38089311	1.39250600
0.00000860	0.82405233	1.32610273	0.57482457	1.38918734	1.31713140	1.26924276	1.28423059	1.32141709
0.00000940	1.64810467	1.03141320	1.34125745	1.38918734	1.19048417	1.37010968	1.45822310	1.40923274
0.00001020	0.61803925	1.47344744	1.24545336	1.30236316	1.01317799	1.35329854	1.43060529	1.27123666
0.00001100	0.61803925	2.21017122	1.05384505	1.12871468	1.08916628	1.34489298	1.19032991	1.35487068
0.00001180	0.82405233	2.06282640	0.95804101	1.12871468	1.26647246	1.28885579	1.26213634	1.28796351
0.00001260	1.23607850	1.03141320	1.14964914	1.08530259	1.19048417	1.33368552	1.22623312	1.28378177
0.00001420	1.33908498	1.69446456	0.62272668	1.49771762	1.12716055	1.29445946	1.27042174	1.33814383
0.00001580	0.82405233	1.17875791	0.91013896	1.21553886	1.30446661	1.28605390	1.22623312	1.13742232
0.00001740	0.92705888	1.47344744	1.19755125	1.45430541	1.11449575	1.22161114	1.26075542	1.20642030
0.00001900	1.33908498	1.39977503	1.38915944	1.04189050	1.32979608	1.27484643	1.20551968	1.29005432
0.00002060	1.44209158	1.10508561	1.34125745	1.10700858	1.15249002	1.20760179	1.19032991	1.22523797
0.00002220	1.13307190	1.17875791	1.29335535	0.95506626	1.17781937	1.30006313	1.19723439	1.09351444
0.00002380	1.23607850	1.32610273	0.91013896	1.06359649	1.05117214	1.24822879	1.30080128	1.23778307
0.00002540	1.03006542	0.29468948	1.19755125	1.32406914	1.13982522	1.24682784	1.16823554	1.20851123
0.00002860	1.13878822	1.07097900	1.41504979	1.17032599	1.17465913	1.18445051	1.15444911	1.19773793
0.00003180	1.03526211	1.36642146	1.24716258	1.12698066	1.25085318	1.12764728	1.12199748	1.08675873
0.00003500	0.77644652	0.88632739	1.12724304	1.11614430	1.21910560	1.18024278	1.09714091	1.14748323
0.00003820	0.87997276	0.88632739	0.95935577	1.19199872	1.09211552	1.12201524	1.13925898	1.12340283
0.00004140	0.98349893	1.36642146	1.27114642	0.89941722	0.93337774	1.11570382	1.05295146	1.07942986
0.00004460	0.77644652	1.07097900	0.91138798	0.98610801	1.07941651	1.06871951	1.03430903	1.06477225
0.00004780	0.93173587	0.99711835	1.24716258	1.17032599	1.11751354	1.11850893	1.03636026	1.04069185
0.00005100	1.29407752	0.92325771	0.88740408	1.05112612	1.11751354	1.05890191	1.05500233	1.11712098
0.00005740	1.03560984	0.96018803	1.00571322	0.95367223	1.04211617	1.06160092	1.02834642	1.04849410
0.00006380	1.00971961	1.08944416	0.98176771	0.93741649	0.96268660	1.02199674	1.04767108	1.01970363
0.00007020	1.00971961	1.12637436	0.92190379	0.97534662	0.96268660	1.01533771	1.06699574	1.01080477
0.00007660	0.93204892	0.94172287	0.95782214	0.99702102	1.09612834	1.06440473	1.04387522	0.98934287
0.00008300	0.90615869	0.90479255	1.00571322	1.11081147	0.92773759	1.02585208	1.01109231	1.07519066
0.00008940	0.98382938	0.96018803	0.80217606	1.06204414	1.05482495	1.02269769	0.99659884	0.99614787
0.00009580	1.03560984	0.90479255	0.86203992	1.09455562	1.08341956	1.01636922	0.96899223	0.99824172
0.00010220	1.00971961	1.05251384	1.00571322	0.91032350	0.94680065	1.03179002	1.03421283	1.00452328
0.00011500	0.87879157	0.82239926	0.99419469	0.96098763	0.96785098	1.01816964	1.00812685	0.98602915
0.00012780	1.07264268	0.96100587	1.09600985	1.04769230	1.05525959	1.01361573	1.04540730	1.03028917
0.00014060	0.90463841	1.09961247	1.04809678	1.03686345	0.99010044	0.98436499	1.02124405	1.04759920
0.00015340	0.89171499	1.10885286	0.97023821	1.11816585	0.97102952	1.00345671	1.00398457	1.01276648
0.00016620	0.82695913	0.98872715	1.05408597	0.96113527	1.00599289	1.00225031	1.00795424	0.98710036
0.00017900	1.03369892	1.14581466	0.83847743	1.03152823	0.99804670	0.98298293	0.99500960	1.00750446
0.00019180	1.24043870	0.96100587	0.87441218	0.97737980	0.99010044	1.02887416	1.03779304	1.00305223
0.00020460	1.12414765	1.08113158	1.10199893	0.96925753	1.01234984	1.00873113	1.00327468	1.01376569
0.00023020	1.06618094	1.02234900	0.95712364	1.02778292	0.97337198	0.99530244	0.97983313	0.99814826
0.00025580	1.04679585	1.04076970	1.10714304	1.02913713	1.00819182	1.00773716	1.00551391	0.99919617
0.00028140	1.00802565	1.08697546	1.01413095	0.97361785	0.98524237	0.99188727	1.02395582	1.01177120
0.00030700	0.94987029	1.05012882	1.02013171	1.00611687	0.99869549	1.00598574	0.99775797	1.01936877
0.00033260	1.02741075	1.01342583	1.04713523	0.97497195	1.00027823	0.98137903	0.99622613	0.98334628
0.00035820	1.04679585	1.03185177	0.95112282	1.00070035	0.96862382	1.01229072	0.99794966	0.99041981
0.00038380	1.06618094	0.99039340	0.95412320	0.98715913	1.01689672	0.97586226	0.98683262	0.99479002
0.00040940	1.03387249	0.82916659	0.92711973	0.98580498	0.97732878	1.01235843	0.99803585	0.98535824
0.00046060	1.01602149	1.01845837	0.98868591	1.04305005	0.99378514	0.99779958	0.99684030	0.99551105
0.00051180	1.01925731	0.86672419	0.99466884	1.01786256	0.99022317	0.99067581	1.01454461	0.98988116
0.00056300	0.91571367	0.99776739	0.96924126	0.97850519	1.04965079	1.00308251	1.00240624	1.00356317
0.00061420	0.85423470	1.03455138	1.02308798	0.99479097	0.99344772	1.00891519	1.00057518	1.00500333
0.00066540	0.98042840	1.06443846	0.99018162	0.95000505	0.97088736	0.99600774	0.99786425	1.01933992
0.00071660	1.02896452	0.98857135	1.08740485	1.00504696	1.01125848	1.00082803	1.00608337	1.00611615
0.00076780	0.97719270	1.06213951	0.97522420	1.03762102	0.97411096	1.00900280	1.00048923	1.00284302
0.00081900	0.89629924	0.94259131	0.97372848	1.00444555	1.01125848	0.99518001	0.99710459	0.99548727
0.00092140	0.97848183	0.96703148	1.01479793	0.99355304	1.01141715	0.99767095	1.00389457	0.99960965
0.00102380	0.93643135	1.04425561	1.00657785	1.03911853	0.99993497	1.00834537	1.00874221	1.00461483
0.00112620	1.13193762	1.03057063	1.02175665	0.99634528	1.01048660	1.00738311	0.99909419	0.99493152
0.00122860	0.93950826	0.99469388	1.00381792	0.98344541	1.01108062	1.00370085	0.99076444	1.00392783
0.00133100	1.01227570	0.99584645	1.00606024	0.97258234	0.99827057	1.00225890	0.99942374	1.00210464
0.00143340	1.03491437	0.95781064	1.04268503	0.98378485	0.96806216	0.98890865	0.99201345	1.00521243
0.00153580	0.98963690	0.97394705	1.00307047	1.03232908	1.03220367	1.00131416	1.00939226	1.00295520
0.00163820	0.95082760	0.98533338	1.02250409	0.97793859	1.01141715	0.99741518	0.99520069	0.99555308
0.00184300	1.01709092	1.02135122	1.00827420	1.00022435	1.00121605	1.00366390	1.00329518	1.00296462
0.00204780	0.99845105	1.00520337	1.00603104	0.99455231	1.00278187	0.99783403	0.99609739	1.00061738
0.00225260	0.95890117	0.98559529	1.00767016	1.00096214	1.00981307	1.00640357	0.99869180	0.99535811
0.00245740	0.93782640	0.95849001	1.00468004	0.99613452	1.00749552	0.99381477	1.00795197	0.99607056
0.00266220	1.00348234	1.03634572	1.00542760	0.96997488	1.00194955	1.00788510	1.00048101	1.00595212
0.00286700	1.03914726	0.99366921	1.00654888	0.98095202	1.00709939	0.99764770	0.99578965	1.00324392
0.00307180	0.97268081	1.03230870	0.98599184	0.98967373	0.99012333	1.00262225	1.00380290	0.99582362
0.00327660	1.03428388	1.02235961	1.00344419	0.99296433	1.00822854	1.00203669	0.99844861	0.99472165
0.00368620	0.99277806	0.98952234	1.00057912	1.01057923	1.00176620	1.00031531	0.99556214	0.99595189
0.00409580	1.01165307	1.03675222	0.97634608	1.00500250	0.98992896	0.99887222	1.00065148	0.99387306
0.00450540	1.01239860	1.02653015	0.99253297	1.01691651	1.00942767	1.00052202	1.00088215	1.00139654
0.00491500	0.96781743	0.97973078	1.01341939	0.99573195	1.00472617	1.00030982	1.00139630	0.99863595
0.00532460	0.97227556	1.01918495	0.99809855	1.01373231	0.99482834	1.00074661	1.00207949	1.00052667
0.00573420	0.95444310	0.99398297	0.98165661	1.00014019	1.00194538	1.00043821	0.99544722	1.00675166
0.00614380	0.99091858	1.02249765	0.98236668	0.99962568	1.00041139	1.00020742	1.00318289	0.99596310
0.00655340	1.01401973	1.02120233	0.99581605	0.99928778	1.00976419	0.99967664	0.99922276	0.99680781
0.00737260	1.01205003	1.00580049	0.99380082	1.00290084	1.00020719	0.99816251	0.99837327	1.00268078
0.00819180	1.00129044	1.00795782	0.99926049	1.00312757	0.99400884	0.99964797	0.99991071	1.00147641
0.00901100	1.01141059	0.99774009	1.01311207	0.99442822	0.99293548	1.00071454	0.99743301	1.00129700
0.00983020	0.97173947	1.00982702	1.00778520	0.98952961	1.01078868	0.99862087	0.99674076	0.99808174
0.01064940	1.00027835	1.00089991	1.00399613	1.00410342	0.99721807	0.99687582	1.00091290	1.00137162
0.01146860	1.01019621	1.01112139	1.01544487	0.99375051	0.98823214	1.00103617	1.00295365	1.00201714
0.01228780	1.01343465	0.98851824	1.01645064	1.00352633	0.99311054	1.00013280	1.00290275	0.99792081
0.01310700	1.00209999	1.01500916	1.00483739	1.00067782	1.00436640	1.00098062	0.99918509	0.99852407
0.01474540	1.00223732	1.00041318	1.00596297	1.00001204	1.01048148	1.00129175	1.00280130	0.99928135
0.01638380	0.98671472	1.01767027	1.00545692	0.99655759	1.00037110	1.00008404	0.99967545	1.00062323
0.01802220	1.01318061	1.01299620	0.99289340	1.00441945	0.99615020	1.00042725	0.99973589	0.99593157
0.01966060	1.00766039	1.00335610	0.99195927	1.00523162	0.99671715	0.99921387	1.00214458	0.99992710
0.02129900	1.01126599	1.02601731	1.00612843	1.00363147	0.99625355	0.99923939	1.00022614	1.00214136
0.02293740	0.98822296	0.99917465	1.00509655	1.00091076	1.00428462	0.99909359	0.99873817	0.99892819
0.02457580	0.99155813	1.00190973	1.00474393	1.00276721	1.00149119	1.00042343	1.00281692	1.00172031
0.02621420	1.00614667	1.00328076	0.99731284	0.99370688	0.99950486	1.00009668	1.00290990	1.00237000
0.02949100	0.99530935	1.01482975	0.99820083	0.99588865	0.99950171	1.00070941	1.00004506	0.99852502
0.03276780	1.00323212	1.00392497	0.99945450	0.99709314	0.99983913	1.00135005	1.00004482	0.99952400
0.03604460	1.00550377	1.01256073	0.99993730	0.99551302	1.00146937	1.00140429	0.99905825	0.99999899
0.03932140	1.01349890	1.00245130	1.00004160	0.99943089	1.00091863	1.00126958	1.00014973	1.00082147
0.04259820	0.99388933	1.00050604	1.00062609	1.00408256	1.00504732	1.00233150	1.00221300	1.00128198
0.04587500	0.99434727	1.00902951	0.99413478	0.99787933	1.00483465	0.99931151	1.00075364	0.99926919
0.04915180	1.00749052	0.99469697	0.99889910	0.99646151	1.00055993	0.99986780	0.99913645	0.99989539
0.05242860	0.98241037	1.00398517	1.00754631	1.00332701	0.99997503	0.99931723	0.99854332	0.99959242
0.05898220	0.99523121	1.00334215	1.00538051	1.00049114	0.99951410	0.99977583	1.00098848	1.00050735
0.06553581	0.99996752	1.01020169	0.99775112	1.00002313	1.00089717	1.00043452	1.00081336	0.99883932
0.07208940	0.99647945	1.00366795	1.00475883	1.00132811	1.00328565	1.00071311	1.00033379	1.00076509
0.07864300	0.98446411	1.00016379	0.99613202	1.00024891	0.99760640	1.00079811	1.00040936	1.00169826
0.08519660	1.00017071	1.00230086	1.00518930	1.00107610	1.00155258	1.00098169	1.00004447	1.00025511
0.09175020	0.99624556	1.00172949	1.00412810	1.00029898	1.00170362	0.99892241	1.00101066	0.99831623
0.09830380	1.00220394	0.99852920	0.99913192	0.99850023	0.99841362	0.99995685	0.99926835	1.00035298
0.10485740	1.00462496	0.99966037	1.00011182	1.00063455	1.00537026	1.00030184	1.00172532	1.00321305
0.11796460	0.99907017	0.99608999	1.00187576	1.00213003	0.99981868	1.00090611	1.00034153	0.99989885
0.13107181	0.99720484	1.00082970	1.00132036	0.99941826	0.99897379	0.99980700	1.00057364	1.00097442
0.14417900	0.99424708	0.99352926	1.00374150	1.00106835	1.00063586	0.99936968	1.00046778	1.00169063
0.15728620	1.00832272	0.99502051	0.99887890	0.99819064	0.99974674	1.00009263	1.00047421	0.99923366
0.17039341	0.99858505	1.00712299	0.99832374	0.99931031	0.99873281	1.00091064	1.00095749	1.00009525
0.18350060	0.99973661	1.00703895	1.00354552	1.00077581	0.99901092	0.99999648	1.00047708	1.00055850
0.19660780	1.00058770	0.99873155	1.00101388	1.00032604	0.99889827	1.00001633	1.00112569	0.99939412
0.20971501	0.99903381	1.00102103	0.99673730	0.99909079	0.99796379	0.99957067	0.99995238	1.00066006
0.23592941	0.99647301	1.00215316	1.00093770	0.99883908	1.00024426	1.00004137	0.99949384	1.00018370
0.26214382	0.99981469	1.00264239	1.00304306	1.00013185	0.99946493	0.99946457	1.00017130	1.00009894
0.28835821	1.00095272	0.99785233	1.00201929	0.99897832	0.99850792	1.00001729	1.00050819	1.00053918
0.31457260	1.00271714	0.99981457	1.00210476	0.99973220	0.99874675	0.99971157	1.00016725	0.99957556
0.34078699	0.99848604	1.00085759	1.00179875	1.00104308	1.00103378	1.00027633	1.00006747	1.00004089
0.36700141	1.00161481	1.00575721	1.00178611	0.99882746	0.99978608	0.99977720	0.99960017	0.99958485
0.39321581	0.99937111	0.99956787	1.00318122	1.00201905	1.00095296	0.99931771	0.99939340	0.99912995
0.41943020	1.00723863	1.00079763	1.00243187	0.99875289	1.00015628	1.00040710	1.00014091	1.00003648
0.47185901	0.99803734	0.99701798	1.00110126	1.00057757	0.99954253	1.00031114	0.99974239	0.99979329
0.52428782	0.99873561	0.99967891	1.00109291	0.99973446	1.00006235	1.00055683	0.99992430	1.00013900
0.57671660	0.99954867	0.99918824	1.00042129	1.00153637	0.99940062	0.99999732	0.99946636	0.99951679
0.62914538	0.99795854	1.00345421	1.00035143	1.00142980	1.00034964	0.99982315	0.99990064	0.99963981
0.68157423	1.00234234	1.00036955	1.00005221	0.99893755	1.00040865	0.99973947	0.99973190	0.99947321
0.73400301	1.00068331	0.99980670	0.99726886	0.99992061	1.00022089	0.99937487	0.99988610	0.99969941
0.78643179	1.00093114	0.99966919	0.99848950	0.99968350	1.00090694	0.99984413	1.00018954	1.00025034
0.83886063	0.99990869	1.00082588	1.00008106	1.00005043	1.00013351	0.99976599	0.99996310	1.00010514
0.94371825	0.99931616	0.99640459	0.99917448	0.99944574	0.99989623	1.00025117	1.00002468	1.00020134
1.04857588	0.99895024	0.99985963	0.99950278	0.99917293	0.99960756	1.00033867	1.00026596	1.00022542
1.15343344	1.00036073	0.99820578	0.99931127	0.99966931	0.99939138	1.00023043	1.00009906	0.99987805
1.25829101	1.00043297	0.99925965	0.99823302	1.00093400	0.99953640	0.99994379	1.00006175	1.00030279
1.36314869	0.99909836	1.00177670	0.99826175	0.99971962	0.99909335	1.00037217	0.99999410	1.00002909
1.46800625	0.99909496	1.00085127	1.00068593	0.99928224	0.99939644	1.00030935	0.99991071	0.99973679
1.57286382	1.00098896	0.99748540	0.99885315	0.99920505	1.00033486	1.00007677	1.00005198	0.99948406
1.67772150	0.99966389	1.00273073	0.99918699	1.00007820	1.00078714	0.99963474	1.00032282	0.99982035
1.88743675	0.99953002	1.00137198	0.99964273	0.99980533	1.00018251	1.00009024	0.99986845	0.99992788
2.09715199	0.99960732	1.00042129	0.99952698	0.99953878	0.99956584	1.00005662	1.00055742	0.99984002
2.30686712	1.00015295	0.99786228	0.99812096	0.99972016	1.00048089	1.00001121	1.00010073	0.99983817
2.51658225	0.99943721	1.00166118	1.00009644	1.00049078	1.00098062	1.00044155	1.00004292	1.00002980
2.72629738	1.00028110	1.00046027	0.99896795	1.00005388	0.99955571	0.99984342	0.99964756	1.00035262
2.93601274	1.00018704	0.99781024	1.00191593	1.00043797	0.99903435	0.99997890	0.99933082	1.00045311
3.14572787	0.99998683	1.00150502	1.00241327	0.99991584	1.00007927	0.99988890	1.00040627	1.00002205
3.35544300	0.99970770	1.00284553	1.00274897	1.00010014	1.00037920	1.00001609	1.00039721	0.99964726
3.77487350	1.00067246	1.00327849	1.00105572	1.00016963	0.99907666	1.00001395	0.99992311	1.00021398
4.19430399	0.99980730	1.00351775	0.99932432	1.00027966	1.00043523	0.99999386	0.99995172	0.99999046
4.61373425	1.00047934	1.00368869	0.99986315	1.00004137	0.99969357	1.00002146	1.00010538	1.00000715
5.03316450	1.00000000	1.00000000	1.00000000	1.00000000	1.00000000	1.00000000	1.00000000	1.00000000
5.45259476	0.00000000	0.00000000	0.00000000	0.00000000	0.00000000	0.00000000	0.00000000	0.00000000
5.87202549	0.00000000	0.00000000	0.00000000	0.00000000	0.00000000	0.00000000	0.00000000	0.00000000
6.29145575	0.00000000	0.00000000	0.00000000	0.00000000	0.00000000	0.00000000	0.00000000	0.00000000
6.71088600	0.00000000	0.00000000	0.00000000	0.00000000	0.00000000	0.00000000	0.00000000	0.00000000
7.54974699	0.00000000	0.00000000	0.00000000	0.00000000	0.00000000	0.00000000	0.00000000	0.00000000
8.38860798	0.00000000	0.00000000	0.00000000	0.00000000	0.00000000	0.00000000	0.00000000	0.00000000
9.22746849	0.00000000	0.00000000	0.00000000	0.00000000	0.00000000	0.00000000	0.00000000	0.00000000
10.06632900	0.00000000	0.00000000	0.00000000	0.00000000	0.00000000	0.00000000	0.00000000	0.00000000
10.90518951	0.00000000	0.00000000	0.00000000	0.00000000	0.00000000	0.00000000	0.00000000	0.00000000
11.74405098	0.00000000	0.00000000	0.00000000	0.00000000	0.00000000	0.00000000	0.00000000	0.00000000
12.58291149	0.00000000	0.00000000	0.00000000	0.00000000	0.00000000	0.00000000	0.00000000	0.00000000
13.42177200	0.00000000	0.00000000	0.00000000	0.00000000	0.00000000	0.00000000	0.00000000	0.00000000
15.09949398	0.00000000	0.00000000	0.00000000	0.00000000	0.00000000	0.00000000	0.00000000	0.00000000
16.77721596	0.00000000	0.00000000	0.00000000	0.00000000	0.00000000	0.00000000	0.00000000	0.00000000
18.45493698	0.00000000	0.00000000	0.00000000	0.00000000	0.00000000	0.00000000	0.00000000	0.00000000
20.13265800	0.00000000	0.00000000	0.00000000	0.00000000	0.00000000	0.00000000	0.00000000	0.00000000
21.81037903	0.00000000	0.00000000	0.00000000	0.00000000	0.00000000	0.00000000	0.00000000	0.00000000
23.48810196	0.00000000	0.00000000	0.00000000	0.00000000	0.00000000	0.00000000	0.00000000	0.00000000
25.16582298	0.00000000	0.00000000	0.00000000	0.00000000	0.00000000	0.00000000	0.00000000	0.00000000
26.84354401	0.00000000	0.00000000	0.00000000	0.00000000	0.00000000	0.00000000	0.00000000	0.00000000
30.19898796	0.00000000	0.00000000	0.00000000	0.00000000	0.00000000	0.00000000	0.00000000	0.00000000
33.55443192	0.00000000	0.00000000	0.00000000	0.00000000	0.00000000	0.00000000	0.00000000	0.00000000
36.90987396	0.00000000	0.00000000	0.00000000	0.00000000	0.00000000	0.00000000	0.00000000	0.00000000
40.26531601	0.00000000	0.00000000	0.00000000	0.00000000	0.00000000	0.00000000	0.00000000	0.00000000
43.62075806	0.00000000	0.00000000	0.00000000	0.00000000	0.00000000	0.00000000	0.00000000	0.00000000
46.97620392	0.00000000	0.00000000	0.00000000	0.00000000	0.00000000	0.00000000	0.00000000	0.00000000
50.33164597	0.00000000	0.00000000	0.00000000	0.00000000	0.00000000	0.00000000	0.00000000	0.00000000
53.68708801	0.00000000	0.00000000	0.00000000	0.00000000	0.00000000	0.00000000	0.00000000	0.00000000
60.39797592	0.00000000	0.00000000	0.00000000	0.00000000	0.00000000	0.00000000	0.00000000	0.00000000
67.10886383	0.00000000	0.00000000	0.00000000	0.00000000	0.00000000	0.00000000	0.00000000	0.00000000
73.81974792	0.00000000	0.00000000	0.00000000	0.00000000	0.00000000	0.00000000	0.00000000	0.00000000
80.53063202	0.00000000	0.00000000	0.00000000	0.00000000	0.00000000	0.00000000	0.00000000	0.00000000
87.24151611	0.00000000	0.00000000	0.00000000	0.00000000	0.00000000	0.00000000	0.00000000	0.00000000
93.95240784	0.00000000	0.00000000	0.00000000	0.00000000	0.00000000	0.00000000	0.00000000	0.00000000
100.66329193	0.00000000	0.00000000	0.00000000	0.00000000	0.00000000	0.00000000	0.00000000	0.00000000
107.37417603	0.00000000	0.00000000	0.00000000	0.00000000	0.00000000	0.00000000	0.00000000	0.00000000
120.79595184	0.00000000	0.00000000	0.00000000	0.00000000	0.00000000	0.00000000	0.00000000	0.00000000
134.21772766	0.00000000	0.00000000	0.00000000	0.00000000	0.00000000	0.00000000	0.00000000	0.00000000
147.63949585	0.00000000	0.00000000	0.00000000	0.00000000	0.00000000	0.00000000	0.00000000	0.00000000
161.06126404	0.00000000	0.00000000	0.00000000	0.00000000	0.00000000	0.00000000	0.00000000	0.00000000
174.48303223	0.00000000	0.00000000	0.00000000	0.00000000	0.00000000	0.00000000	0.00000000	0.00000000
187.90481567	0.00000000	0.00000000	0.00000000	0.00000000	0.00000000	0.00000000	0.00000000	0.00000000
201.32658386	0.00000000	0.00000000	0.00000000	0.00000000	0.00000000	0.00000000	0.00000000	0.00000000
214.74835205	0.00000000	0.00000000	0.00000000	0.00000000	0.00000000	0.00000000	0.00000000	0.00000000
241.59190369	0.00000000	0.00000000	0.00000000	0.00000000	0.00000000	0.00000000	0.00000000	0.00000000
268.43545532	0.00000000	0.00000000	0.00000000	0.00000000	0.00000000	0.00000000	0.00000000	0.00000000
295.27899170	0.00000000	0.00000000	0.00000000	0.00000000	0.00000000	0.00000000	0.00000000	0.00000000
322.12252808	0.00000000	0.00000000	0.00000000	0.00000000	0.00000000	0.00000000	0.00000000	0.00000000
348.96606445	0.00000000	0.00000000	0.00000000	0.00000000	0.00000000	0.00000000	0.00000000	0.00000000
375.80963135	0.00000000	0.00000000	0.00000000	0.00000000	0.00000000	0.00000000	0.00000000	0.00000000
402.65316772	0.00000000	0.00000000	0.00000000	0.00000000	0.00000000	0.00000000	0.00000000	0.00000000
429.49670410	0.00000000	0.00000000	0.00000000	0.00000000	0.00000000	0.00000000	0.00000000	0.00000000
483.18380737	0.00000000	0.00000000	0.00000000	0.00000000	0.00000000	0.00000000	0.00000000	0.00000000
536.87091064	0.00000000	0.00000000	0.00000000	0.00000000	0.00000000	0.00000000	0.00000000	0.00000000
590.55798340	0.00000000	0.00000000	0.00000000	0.00000000	0.00000000	0.00000000	0.00000000	0.00000000
644.24505615	0.00000000	0.00000000	0.00000000	0.00000000	0.00000000	0.00000000	0.00000000	0.00000000
697.93212891	0.00000000	0.00000000	0.00000000	0.00000000	0.00000000	0.00000000	0.00000000	0.00000000
751.61926270	0.00000000	0.00000000	0.00000000	0.00000000	0.00000000	0.00000000	0.00000000	0.00000000
805.30633545	0.00000000	0.00000000	0.00000000	0.00000000	0.00000000	0.00000000	0.00000000	0.00000000
858.99340820	0.00000000	0.00000000	0.00000000	0.00000000	0.00000000	0.00000000	0.00000000	0.00000000
966.36761475	0.00000000	0.00000000	0.00000000	0.00000000	0.00000000	0.00000000	0.00000000	0.00000000
1073.74182129	0.00000000	0.00000000	0.00000000	0.00000000	0.00000000	0.00000000	0.00000000	0.00000000
1181.11596680	0.00000000	0.00000000	0.00000000	0.00000000	0.00000000	0.00000000	0.00000000	0.00000000
1288.49011230	0.00000000	0.00000000	0.00000000	0.00000000	0.00000000	0.00000000	0.00000000	0.00000000
1395.86425781	0.00000000	0.00000000	0.00000000	0.00000000	0.00000000	0.00000000	0.00000000	0.00000000
1503.23852539	0.00000000	0.00000000	0.00000000	0.00000000	0.00000000	0.00000000	0.00000000	0.00000000
1610.61267090	0.00000000	0.00000000	0.00000000	0.00000000	0.00000000	0.00000000	0.00000000	0.00000000
1717.98681641	0.00000000	0.00000000	0.00000000	0.00000000	0.00000000	0.00000000	0.00000000	0.00000000
1932.73522949	0.00000000	0.00000000	0.00000000	0.00000000	0.00000000	0.00000000	0.00000000	0.00000000
2147.48364258	0.00000000	0.00000000	0.00000000	0.00000000	0.00000000	0.00000000	0.00000000	0.00000000
2362.23193359	0.00000000	0.00000000	0.00000000	0.00000000	0.00000000	0.00000000	0.00000000	0.00000000
2576.98022461	0.00000000	0.00000000	0.00000000	0.00000000	0.00000000	0.00000000	0.00000000	0.00000000
2791.72851562	0.00000000	0.00000000	0.00000000	0.00000000	0.00000000	0.00000000	0.00000000	0.00000000
3006.47705078	0.00000000	0.00000000	0.00000000	0.00000000	0.00000000	0.00000000	0.00000000	0.00000000
3221.22534180	0.00000000	0.00000000	0.00000000	0.00000000	0.00000000	0.00000000	0.00000000	0.00000000
3435.97363281	0.00000000	0.00000000	0.00000000	0.00000000	0.00000000	0.00000000	0.00000000	0.00000000
0	0	0	0	0	0	0	0	0
