%4/13/2015 10:05:04 PM
%Duration	ID1		ID2		ID3		ID4		ID5		ID6		ID7		ID8
3000.000000	1.831055	2.393723	4.463196	6.113052	4.644394	20.990372	9.937286	15.182495
%Tau		Tau1		Tau2		Tau3		Tau4		Tau5		Tau6		Tau7		Tau8
%		0.000001	0.000001	0.000001	0.000005	0.000003	0.000032	0.000014	0.000014
%Delaytime	D1		D2		D3		D4		D5		D6		D7		D8
0.00000000	6.50935459	25.05786896	17.09908485	13.33244705	9.06793213	2.14414597	4.72493219	5.18763065
0.00000020	5.57944679	4.38512707	3.50222230	2.14674997	2.11585093	1.46621740	1.98447156	1.76123273
0.00000040	0.92990780	1.87934017	2.47215700	2.25973678	0.60452884	1.47410035	1.07098472	1.18482924
0.00000060	1.85981560	1.25289345	1.64810467	1.35584211	1.66245425	1.48986614	1.38598013	1.31291890
0.00000080	3.71963120	3.75868034	1.85411775	1.80778944	1.20905769	1.56081212	1.70097566	1.66516542
0.00000100	0.92990780	0.62644672	1.03006542	1.69480264	2.11585093	1.24549651	1.54347789	1.40898609
0.00000120	1.85981560	3.13223362	1.23607850	1.24285531	1.20905769	1.54504633	1.48047876	1.42499733
0.00000140	0.92990780	1.87934017	1.44209158	1.35584211	1.66245425	1.36373985	1.57497740	1.45701981
0.00000160	0.92990780	1.87934017	0.82405233	1.46882892	1.51132202	1.56869495	1.41747975	1.50505340
0.00000180	1.85981560	1.25289345	1.44209158	1.58181584	1.51132202	1.45045161	1.48047876	1.74522150
0.00000200	3.71963120	4.38512707	1.64810467	0.67792106	1.51132202	1.43468583	1.44897926	1.20084047
0.00000220	0.92990780	1.25289345	1.03006542	1.58181584	1.05792546	1.37162280	1.38598013	1.32893014
0.00000240	3.71963120	0.62644672	1.64810467	2.03376317	1.05792546	1.42680299	1.60647702	1.31291890
0.00000260	0.00000000	0.62644672	0.82405233	1.58181584	1.20905769	1.53716350	1.54347789	1.40898609
0.00000280	0.00000000	1.87934017	1.85411775	1.35584211	0.90679324	1.48986614	1.54347789	1.58510947
0.00000300	0.00000000	0.00000000	1.44209158	1.58181584	1.20905769	1.52139771	1.16548336	1.56909823
0.00000340	0.92990780	2.19256353	0.72104579	1.29934871	1.66245425	1.43862736	1.33873081	1.42499733
0.00000380	2.32476950	0.31322336	0.92705888	1.46882892	1.28462374	1.46227598	1.52772808	1.29690766
0.00000420	2.78972340	1.56611681	0.82405233	1.12986839	1.81358647	1.32038403	1.48047876	1.25687969
0.00000460	0.92990780	1.87934017	1.54509807	1.35584211	1.20905769	1.48198318	1.19698286	1.27289093
0.00000500	1.85981560	0.93967009	2.06013083	1.86428285	0.83122712	1.43862736	1.30723131	1.31291890
0.00000540	0.92990780	0.00000000	1.03006542	1.12986839	0.98235935	1.39921284	1.52772808	1.43300295
0.00000580	1.85981560	0.93967009	1.23607850	1.52532232	1.66245425	1.36768126	1.40172994	1.54508138
0.00000620	0.46495390	1.56611681	1.75111115	1.58181584	1.51132202	1.50563192	1.49622858	1.33693576
0.00000700	0.92990780	1.25289345	1.18457520	1.38408875	1.20905769	1.35191560	1.40960479	1.48503935
0.00000780	0.69743085	1.25289345	1.49359488	1.80778944	1.32240677	1.34797406	1.39385509	1.35694969
0.00000860	1.62733865	1.09628177	1.44209158	1.12986839	1.62467122	1.42877376	1.33873081	1.44100857
0.00000940	1.16238475	0.93967009	1.18457520	1.24285531	0.86901021	1.39724219	1.34660578	1.36495531
0.00001020	1.39486170	0.62644672	2.06013083	1.49707568	1.20905769	1.43862736	1.29935634	1.42900014
0.00001100	1.39486170	1.25289345	1.54509807	1.41233552	1.24684072	1.34797406	1.41747975	1.40498340
0.00001180	0.92990780	1.09628177	1.18457520	1.12986839	1.43575597	1.39921284	1.46472907	1.41699171
0.00001260	1.62733865	1.09628177	1.33908498	1.41233552	1.09570849	1.38935924	1.17335820	1.26888812
0.00001420	1.39486170	1.48781097	1.18457520	1.28522527	1.26573229	1.37260818	1.45685410	1.30091047
0.00001580	1.39486170	0.86136425	0.87555557	1.52532232	1.28462374	1.28983784	1.48047876	1.32292593
0.00001740	0.58119237	1.17458761	0.95281047	1.59593916	1.00125086	1.33122301	1.31510615	1.32492733
0.00001900	2.09229255	1.56611681	1.15882361	1.07337499	1.49243057	1.32136929	1.26391935	1.33893716
0.00002060	0.92990780	1.72272849	1.18457520	1.31347203	1.00125086	1.32038403	1.33479345	1.27889514
0.00002220	1.04614627	1.09628177	1.59660137	1.08749831	1.20905769	1.25436473	1.27573168	1.26288390
0.00002380	1.04614627	1.17458761	1.08156872	1.35584211	1.19016612	1.30560362	1.33085597	1.22085452
0.00002540	1.16238475	1.64442265	1.18457520	1.53944576	1.28462374	1.27801347	1.18123305	1.18082643
0.00002860	1.04058313	1.22229552	1.21909320	1.03729427	1.18701410	1.21909821	1.19245899	1.15753675
0.00003180	0.75153226	0.70972002	1.19315505	1.23487413	1.25348687	1.20923889	1.10822618	1.17559195
0.00003500	1.09839332	0.86743551	1.34878397	1.14314067	1.41492081	1.17473149	1.22374809	1.21471155
0.00003820	1.27182388	0.98572218	1.15424788	1.27721274	0.96860355	1.16487217	1.30598390	1.11540806
0.00004140	0.80934244	1.14343774	1.08940244	1.24193060	1.07306075	1.10966027	1.11605823	1.20367777
0.00004460	0.75153226	0.82800663	1.06346428	1.12197137	1.08255684	1.16733706	1.16696608	1.15452766
0.00004780	0.75153226	1.34058225	1.05049527	1.14314067	1.11104524	1.18656254	1.07102430	1.13145709
0.00005100	0.92496276	1.30115330	1.20612419	1.27015626	1.12054133	1.09092772	1.05927634	1.13246024
0.00005740	1.18869257	1.14276767	1.15703321	1.24700487	1.08808756	1.11361325	1.05417466	1.11243939
0.00006380	1.13070762	1.08365893	1.16996086	1.10216868	1.10234201	1.12568820	1.07570839	1.06583726
0.00007020	1.04373014	0.90633291	1.03421962	1.02091897	1.06908166	1.08798456	1.03459859	1.06232953
0.00007660	1.27567017	1.02455032	1.06007504	1.07037532	1.17361403	1.08182383	1.02676809	1.01572728
0.00008300	1.30466259	1.02455032	1.04068351	1.08097303	0.91228300	1.05915236	1.03361976	1.05481303
0.00008940	1.01473761	1.00484741	1.01482797	1.08803821	1.14985669	1.03869879	1.04246306	1.06934488
0.00009580	0.98574513	1.16247046	1.01482797	1.01385379	1.17836559	1.05348444	1.01994979	1.03025925
0.00010220	1.33365512	1.14276767	1.00836408	1.02445161	1.08333611	1.05792022	1.05029380	1.04378891
0.00011500	1.23261952	0.87729275	1.03449714	1.03306127	1.12191296	1.03393340	1.07784545	1.04524374
0.00012780	0.95709282	0.94629329	1.06027901	0.98898870	0.99355853	1.02271247	1.01614237	1.03097677
0.00014060	1.01509845	1.09415162	0.98293346	0.97488546	1.09101284	1.02567184	1.01072252	1.04849756
0.00015340	1.08760548	1.06457996	1.14729285	1.04011285	1.02208173	1.01297116	1.00925350	0.98266929
0.00016620	0.94259143	0.90699738	0.93136972	1.04187584	0.97929686	1.01741016	1.02688229	1.00819969
0.00017900	0.88458580	0.93657339	1.01516080	0.98898870	0.99824053	1.00877869	0.99358332	1.03322947
0.00019180	0.87008440	1.04501867	1.06036794	1.04011285	0.87702560	0.99570805	1.00239778	1.03047621
0.00020460	0.97176701	0.96614939	0.97334683	1.02953541	0.94595170	0.99153185	0.98966581	1.01395655
0.00023020	0.97004139	1.04733634	1.01939666	0.99741632	0.99637496	0.99693882	1.00767124	0.99217594
0.00025580	0.98451966	0.96866316	1.03389049	0.98771554	1.06754458	1.01099157	0.99004006	0.98554474
0.00028140	0.89765024	1.07192171	0.99854493	0.98859745	1.03433216	1.01247072	1.00644684	1.02045238
0.00030700	0.89765024	1.11617529	1.03397715	1.04781401	1.07584774	1.01697004	0.99861073	1.00881648
0.00033260	1.10034549	1.11633885	1.00176597	1.04346871	1.00230575	0.99687719	1.02260876	1.01945138
0.00035820	0.97004139	1.02781856	1.03075600	1.04435074	0.98807186	0.99729228	1.00448787	0.99826002
0.00038380	1.10034549	0.89503813	1.00337660	1.01795232	0.94299775	0.98903340	0.98048979	1.01114643
0.00040940	0.98451966	1.07207870	0.97277600	1.02236283	1.05093837	1.01818609	1.00522244	1.00989532
0.00046060	0.94309443	1.02260125	1.00000560	1.01448834	0.97812027	0.99573159	1.00132966	1.00671065
0.00051180	0.90682155	1.02505946	0.98955536	0.98283273	0.99892753	0.99907494	0.98222172	0.99647641
0.00056300	1.14259517	0.96114683	1.03296399	0.99076235	1.00248241	0.99497557	1.01198602	1.01361620
0.00061420	1.03014934	0.98587298	1.00795984	0.95684117	0.99359518	1.00385237	0.99238813	1.00257790
0.00066540	0.95397627	0.91211689	1.00072563	1.00794315	0.99952000	0.99201661	0.98552889	1.00393724
0.00071660	1.01545954	1.08159745	1.03368127	0.98635703	0.96463281	0.98782319	0.99018335	0.99671048
0.00076780	1.06260586	1.01522672	1.02564335	1.03563273	0.97115058	0.99988878	1.00368977	0.99802297
0.00081900	0.92133069	0.93902326	1.03287745	0.99510604	0.98603463	0.99312097	1.00479209	1.00243723
0.00092140	0.98380357	1.06863344	0.96977949	0.97159737	1.01641381	0.99947029	1.01588321	0.99897999
0.00102380	1.01471794	0.97181922	1.01912761	1.01716161	1.00168216	0.99931628	1.00744593	1.00835550
0.00112620	1.02926588	1.01961362	0.98657662	0.98520768	1.02396274	0.99837583	1.01094258	1.00625563
0.00122860	1.06018019	1.01961362	0.97170764	0.99451596	0.99227846	1.00124156	0.98818403	0.99910486
0.00133100	0.95635593	0.97794670	1.01037121	0.99391699	0.98694843	0.99380243	1.00349140	1.00679421
0.00143340	1.02180994	1.07230997	0.96656430	1.00118315	0.96392077	0.99207914	1.01699269	1.00398386
0.00153580	0.99271923	0.93382877	0.99196696	1.03100061	0.99294204	1.00224471	1.00509083	1.00105655
0.00163820	0.93437153	0.97535312	1.01246548	0.99297476	0.98938841	0.99817848	1.00438309	0.99742663
0.00184300	1.01362133	1.02119899	0.99239010	0.99824989	0.99407071	0.99783492	0.99382848	1.00086164
0.00204780	1.04182804	0.99580705	0.98981422	1.01234567	1.01404977	0.99799085	0.99696028	1.00681722
0.00225260	1.01180148	1.02394402	1.00034034	0.99680334	1.00073040	0.99559623	0.98807836	1.00915122
0.00245740	0.96812665	1.02898777	0.98387212	0.99581128	1.00997853	1.00220621	0.99450070	1.00113475
0.00266220	0.99269372	1.02149737	0.99540281	0.99244291	0.99140686	0.99576193	1.00306344	1.00239146
0.00286700	0.92809129	0.93463951	0.99953699	0.98642975	0.99858230	1.00223708	0.99738461	0.99193960
0.00307180	0.93355066	0.96766996	0.99339432	0.99127924	0.99791396	1.00145936	0.98970318	0.99261039
0.00327660	0.99269372	0.97331727	1.01026559	1.00946474	1.01493561	0.99984354	1.01354277	0.99864393
0.00368620	1.00753963	1.00374615	0.98856825	0.99283212	1.00289750	0.99670547	0.99915940	1.00453866
0.00409580	1.01708341	0.99273276	0.99256980	0.99794137	0.99890047	0.99579769	1.00390947	0.99612415
0.00450540	0.99372894	0.97666132	0.99392790	1.00553477	1.00274587	0.99967158	0.99807233	1.00330424
0.00491500	1.01417601	1.02210176	0.98997992	0.99419612	0.99357873	1.00032723	1.00096536	1.00256205
0.00532460	0.97719729	1.00068688	0.99314153	0.99893278	1.00237417	0.99602568	0.99955350	0.99756938
0.00573420	0.98764616	1.03021121	1.01544130	1.00428247	0.99180138	0.99788481	1.00215280	1.00657797
0.00614380	1.00682259	0.99152523	1.01254392	1.00830328	0.99312985	0.99954152	1.00063539	1.00168705
0.00655340	0.99092776	1.00987554	1.01969039	1.00735962	0.99269140	1.00461841	1.00202775	0.99305236
0.00737260	0.97236210	0.99155760	0.99090123	0.99198723	1.00259018	0.99872237	0.99788982	0.99956304
0.00819180	1.01794887	0.99478209	1.00146186	0.99401206	1.00373864	0.99782211	0.99339908	1.00102448
0.00901100	0.98416758	1.00151777	0.99370974	1.00204623	1.00292885	1.00000668	1.00083423	1.00138021
0.00983020	0.98421949	1.01098239	1.00295258	0.99922132	1.00292695	1.00295186	0.99496460	0.99466819
0.01064940	0.98360950	1.00440753	1.00763845	0.99650693	0.99823052	1.00516558	0.99393153	0.99720627
0.01146860	0.99377918	0.98023856	0.99247313	1.00452554	0.99893534	1.00148857	1.00074565	0.99822766
0.01228780	1.01699448	0.98726970	0.98895800	1.00018597	0.99261224	1.00093806	1.00283730	0.99519938
0.01310700	1.00508845	1.00193703	1.01082337	1.00659919	0.99349445	0.99893618	0.99551195	1.00462890
0.01474540	0.99249232	1.00507689	0.99207914	1.00545907	0.99977148	1.00129247	1.00024474	0.99886066
0.01638380	1.00987852	1.01157308	1.00057483	1.00007582	1.00055408	1.00194430	1.00039256	1.00288498
0.01802220	0.99909073	0.99278015	1.00015628	1.00510180	0.99449712	1.00022316	1.00490475	1.00237882
0.01966060	0.98872483	0.99697572	0.99994701	1.00412858	0.99656206	0.99900645	0.99841303	0.99905670
0.02129900	0.99666095	0.99761575	1.00755787	0.99792546	1.00423741	1.00031078	1.00171304	1.00358117
0.02293740	0.99111825	1.02128661	1.00159585	1.00585163	0.99847013	0.99871081	0.99831110	1.00238526
0.02457580	0.98987073	0.99368173	0.99700075	1.00134397	0.99791801	1.00238109	1.00149572	1.00139511
0.02621420	1.00281656	0.99450731	1.00461149	0.99212420	1.00386429	1.00079226	1.00261223	1.00052941
0.02949100	1.00282419	0.99513340	0.99248576	1.00012398	1.00004768	0.99985772	0.99942374	1.00259387
0.03276780	1.01486278	0.98912430	0.99845922	1.00296986	1.00044668	0.99912423	1.00152647	1.00035310
0.03604460	0.98615927	0.99297923	0.99992186	1.00353444	1.00206208	1.00062573	0.99986202	1.00037539
0.03932140	1.01463056	0.98788136	1.00083494	1.00141251	1.00331199	1.00044155	0.99964309	0.99887073
0.04259820	1.00708842	1.00708139	0.99806654	0.99791980	0.99746561	0.99849230	1.00057602	1.00057387
0.04587500	1.00052130	1.00161934	1.00323582	1.00073040	0.99446380	0.99883735	0.99800742	1.00126290
0.04915180	1.01089156	0.99967813	0.99960768	1.00075805	1.00201726	1.00052321	1.00227201	1.00033510
0.05242860	0.97868550	1.00424266	0.99849814	0.99582511	0.99954051	1.00062084	1.00151801	0.99999017
0.05898220	1.00066841	0.99648631	1.00173759	0.99884224	0.99744028	1.00082791	1.00055575	1.00155127
0.06553581	0.99284548	1.00202549	0.99827826	1.00202489	1.00101173	1.00002027	0.99973011	1.00124943
0.07208940	1.00151324	0.99794579	1.00388241	1.00389707	0.99407059	0.99984443	1.00103652	0.99963516
0.07864300	0.99874091	1.00187111	0.99895966	0.99899119	0.99772960	0.99955547	0.99956310	1.00137413
0.08519660	1.00950086	0.99982798	1.00303006	1.00179422	0.99814522	1.00085914	0.99924481	0.99941081
0.09175020	0.99923098	0.99769020	0.99905825	1.00283551	0.99761271	0.99932832	1.00012517	1.00080180
0.09830380	0.99876726	1.01142848	1.00062537	0.99886984	0.99927628	0.99838132	1.00000238	1.00011098
0.10485740	0.98899269	0.99756342	0.99771374	0.99807698	0.99906653	0.99931568	0.99999750	1.00058353
0.11796460	0.99761790	1.00518560	1.00035214	1.00007379	0.99972498	0.99966085	0.99826860	0.99956894
0.13107181	1.00799119	0.99722856	1.00132179	1.00121593	1.00239766	0.99928892	1.00030351	0.99963146
0.14417900	0.99254370	0.99791414	0.99746501	0.99895346	1.00108528	0.99953872	1.00028121	0.99985695
0.15728620	1.00023758	1.00024283	1.00072813	0.99981195	1.00130153	0.99971247	1.00019169	1.00155532
0.17039341	1.00902712	0.99442649	1.00103021	1.00058794	0.99908191	1.00017357	1.00098252	1.00073409
0.18350060	0.99844927	1.00060725	0.99923295	0.99789923	1.00129509	0.99949419	1.00008106	1.00036085
0.19660780	0.99276131	0.99718553	1.00032187	1.00095224	1.00016356	1.00006294	1.00121689	0.99961483
0.20971501	1.01103055	0.99442732	0.99941450	1.00027895	0.99940109	0.99986196	1.00063670	1.00054359
0.23592941	1.00268745	1.00205755	0.99917483	1.00065470	0.99986875	0.99959379	1.00027370	1.00042093
0.26214382	0.99738461	1.00087738	0.99951357	0.99724549	1.00240970	1.00002098	1.00016308	1.00024521
0.28835821	1.00143206	0.99490488	0.99677300	0.99849468	0.99647528	1.00012708	1.00062180	1.00013900
0.31457260	0.99905175	0.99844581	0.99746609	0.99924874	1.00050783	1.00059307	0.99926525	1.00101519
0.34078699	0.99865890	0.99599558	0.99985516	0.99794281	0.99882054	1.00025928	0.99959671	1.00009370
0.36700141	1.00076413	1.00149107	0.99929541	1.00145233	1.00063956	0.99994975	1.00098944	1.00004673
0.39321581	1.00169504	1.00093663	0.99991447	1.00042439	1.00023270	0.99961591	0.99982363	1.00004721
0.41943020	1.00049341	1.00451982	0.99955213	0.99905097	0.99928278	0.99953514	0.99831134	1.00055146
0.47185901	1.00211704	1.00326645	0.99886942	0.99971324	1.00009131	1.00015736	1.00045371	0.99975854
0.52428782	0.99987304	1.00003016	0.99997848	1.00109386	0.99999201	0.99982584	1.00043714	1.00017703
0.57671660	0.99897581	1.00024283	1.00114346	1.00084412	0.99903458	0.99996656	0.99950153	0.99956983
0.62914538	0.99665135	0.99888128	1.00113904	1.00022101	1.00194812	0.99975598	0.99929547	1.00056124
0.68157423	1.00076497	1.00068521	0.99844432	0.99897820	1.00083959	1.00006378	0.99999571	1.00072491
0.73400301	0.99626863	0.99784327	1.00020850	0.99988514	0.99993342	1.00002611	1.00121951	0.99948186
0.78643179	0.99710554	0.99780387	0.99987209	1.00052142	1.00141180	0.99987072	0.99959135	0.99975890
0.83886063	1.00010717	1.00091183	1.00043046	0.99875963	0.99893224	1.00011754	1.00005925	1.00002134
0.94371825	1.00066602	1.00147963	1.00090635	0.99992716	1.00000358	1.00020802	1.00037515	1.00002444
1.04857588	1.00122952	0.99967861	1.00052345	0.99946457	1.00007594	0.99979323	1.00058293	1.00020015
1.15343344	0.99900347	1.00075138	1.00043440	1.00035572	1.00015175	0.99997902	1.00009954	0.99963641
1.25829101	0.99769866	0.99695939	0.99807554	0.99960244	1.00008452	1.00032222	0.99996042	0.99961209
1.36314869	1.00219882	1.00260651	0.99957782	1.00037801	0.99986577	0.99955916	0.99977523	0.99969596
1.46800625	1.00077176	0.99846077	1.00057471	0.99921954	1.00003576	1.00014138	0.99962765	0.99980688
1.57286382	0.99730158	0.99897671	1.00058877	1.00099492	1.00000334	0.99995118	0.99912918	0.99950784
1.67772150	0.99974340	0.99754858	0.99898267	0.99903387	1.00056100	1.00028622	1.00025344	0.99922830
1.88743675	0.99937350	0.99976963	1.00026822	0.99927700	1.00096071	0.99988514	0.99962807	0.99973488
2.09715199	0.99973935	0.99995303	1.00031054	1.00010014	0.99971008	0.99982017	0.99997944	0.99939358
2.30686712	1.00120354	0.99903095	0.99966002	0.99929631	1.00003564	0.99984652	0.99985588	0.99966228
2.51658225	1.00050867	0.99995011	1.00024903	0.99990606	1.00067627	1.00017571	0.99976236	1.00025845
2.72629738	1.00083280	0.99972600	0.99941695	0.99995744	0.99961978	1.00001311	0.99963862	0.99981982
2.93601274	0.99968648	1.00168502	1.00054753	1.00094032	0.99987972	1.00006807	0.99962378	1.00076127
3.14572787	1.00126100	1.00006855	0.99996215	0.99984449	1.00057864	0.99994981	1.00002849	1.00018942
3.35544300	1.00016832	0.99941176	0.99982548	1.00037611	1.00001538	1.00001895	1.00027192	1.00067413
3.77487350	0.99821758	0.99984688	1.00032365	1.00019598	1.00016201	0.99989086	0.99960428	1.00029552
4.19430399	0.99919301	1.00012004	0.99978417	1.00016022	1.00021172	1.00012100	1.00036108	0.99992275
4.61373425	1.00004256	0.99974406	1.00015211	1.00001025	1.00026679	0.99993050	1.00009358	0.99985600
5.03316450	1.00000000	1.00000000	1.00000000	1.00000000	1.00000000	1.00000000	1.00000000	1.00000000
5.45259476	0.00000000	0.00000000	0.00000000	0.00000000	0.00000000	0.00000000	0.00000000	0.00000000
5.87202549	0.00000000	0.00000000	0.00000000	0.00000000	0.00000000	0.00000000	0.00000000	0.00000000
6.29145575	0.00000000	0.00000000	0.00000000	0.00000000	0.00000000	0.00000000	0.00000000	0.00000000
6.71088600	0.00000000	0.00000000	0.00000000	0.00000000	0.00000000	0.00000000	0.00000000	0.00000000
7.54974699	0.00000000	0.00000000	0.00000000	0.00000000	0.00000000	0.00000000	0.00000000	0.00000000
8.38860798	0.00000000	0.00000000	0.00000000	0.00000000	0.00000000	0.00000000	0.00000000	0.00000000
9.22746849	0.00000000	0.00000000	0.00000000	0.00000000	0.00000000	0.00000000	0.00000000	0.00000000
10.06632900	0.00000000	0.00000000	0.00000000	0.00000000	0.00000000	0.00000000	0.00000000	0.00000000
10.90518951	0.00000000	0.00000000	0.00000000	0.00000000	0.00000000	0.00000000	0.00000000	0.00000000
11.74405098	0.00000000	0.00000000	0.00000000	0.00000000	0.00000000	0.00000000	0.00000000	0.00000000
12.58291149	0.00000000	0.00000000	0.00000000	0.00000000	0.00000000	0.00000000	0.00000000	0.00000000
13.42177200	0.00000000	0.00000000	0.00000000	0.00000000	0.00000000	0.00000000	0.00000000	0.00000000
15.09949398	0.00000000	0.00000000	0.00000000	0.00000000	0.00000000	0.00000000	0.00000000	0.00000000
16.77721596	0.00000000	0.00000000	0.00000000	0.00000000	0.00000000	0.00000000	0.00000000	0.00000000
18.45493698	0.00000000	0.00000000	0.00000000	0.00000000	0.00000000	0.00000000	0.00000000	0.00000000
20.13265800	0.00000000	0.00000000	0.00000000	0.00000000	0.00000000	0.00000000	0.00000000	0.00000000
21.81037903	0.00000000	0.00000000	0.00000000	0.00000000	0.00000000	0.00000000	0.00000000	0.00000000
23.48810196	0.00000000	0.00000000	0.00000000	0.00000000	0.00000000	0.00000000	0.00000000	0.00000000
25.16582298	0.00000000	0.00000000	0.00000000	0.00000000	0.00000000	0.00000000	0.00000000	0.00000000
26.84354401	0.00000000	0.00000000	0.00000000	0.00000000	0.00000000	0.00000000	0.00000000	0.00000000
30.19898796	0.00000000	0.00000000	0.00000000	0.00000000	0.00000000	0.00000000	0.00000000	0.00000000
33.55443192	0.00000000	0.00000000	0.00000000	0.00000000	0.00000000	0.00000000	0.00000000	0.00000000
36.90987396	0.00000000	0.00000000	0.00000000	0.00000000	0.00000000	0.00000000	0.00000000	0.00000000
40.26531601	0.00000000	0.00000000	0.00000000	0.00000000	0.00000000	0.00000000	0.00000000	0.00000000
43.62075806	0.00000000	0.00000000	0.00000000	0.00000000	0.00000000	0.00000000	0.00000000	0.00000000
46.97620392	0.00000000	0.00000000	0.00000000	0.00000000	0.00000000	0.00000000	0.00000000	0.00000000
50.33164597	0.00000000	0.00000000	0.00000000	0.00000000	0.00000000	0.00000000	0.00000000	0.00000000
53.68708801	0.00000000	0.00000000	0.00000000	0.00000000	0.00000000	0.00000000	0.00000000	0.00000000
60.39797592	0.00000000	0.00000000	0.00000000	0.00000000	0.00000000	0.00000000	0.00000000	0.00000000
67.10886383	0.00000000	0.00000000	0.00000000	0.00000000	0.00000000	0.00000000	0.00000000	0.00000000
73.81974792	0.00000000	0.00000000	0.00000000	0.00000000	0.00000000	0.00000000	0.00000000	0.00000000
80.53063202	0.00000000	0.00000000	0.00000000	0.00000000	0.00000000	0.00000000	0.00000000	0.00000000
87.24151611	0.00000000	0.00000000	0.00000000	0.00000000	0.00000000	0.00000000	0.00000000	0.00000000
93.95240784	0.00000000	0.00000000	0.00000000	0.00000000	0.00000000	0.00000000	0.00000000	0.00000000
100.66329193	0.00000000	0.00000000	0.00000000	0.00000000	0.00000000	0.00000000	0.00000000	0.00000000
107.37417603	0.00000000	0.00000000	0.00000000	0.00000000	0.00000000	0.00000000	0.00000000	0.00000000
120.79595184	0.00000000	0.00000000	0.00000000	0.00000000	0.00000000	0.00000000	0.00000000	0.00000000
134.21772766	0.00000000	0.00000000	0.00000000	0.00000000	0.00000000	0.00000000	0.00000000	0.00000000
147.63949585	0.00000000	0.00000000	0.00000000	0.00000000	0.00000000	0.00000000	0.00000000	0.00000000
161.06126404	0.00000000	0.00000000	0.00000000	0.00000000	0.00000000	0.00000000	0.00000000	0.00000000
174.48303223	0.00000000	0.00000000	0.00000000	0.00000000	0.00000000	0.00000000	0.00000000	0.00000000
187.90481567	0.00000000	0.00000000	0.00000000	0.00000000	0.00000000	0.00000000	0.00000000	0.00000000
201.32658386	0.00000000	0.00000000	0.00000000	0.00000000	0.00000000	0.00000000	0.00000000	0.00000000
214.74835205	0.00000000	0.00000000	0.00000000	0.00000000	0.00000000	0.00000000	0.00000000	0.00000000
241.59190369	0.00000000	0.00000000	0.00000000	0.00000000	0.00000000	0.00000000	0.00000000	0.00000000
268.43545532	0.00000000	0.00000000	0.00000000	0.00000000	0.00000000	0.00000000	0.00000000	0.00000000
295.27899170	0.00000000	0.00000000	0.00000000	0.00000000	0.00000000	0.00000000	0.00000000	0.00000000
322.12252808	0.00000000	0.00000000	0.00000000	0.00000000	0.00000000	0.00000000	0.00000000	0.00000000
348.96606445	0.00000000	0.00000000	0.00000000	0.00000000	0.00000000	0.00000000	0.00000000	0.00000000
375.80963135	0.00000000	0.00000000	0.00000000	0.00000000	0.00000000	0.00000000	0.00000000	0.00000000
402.65316772	0.00000000	0.00000000	0.00000000	0.00000000	0.00000000	0.00000000	0.00000000	0.00000000
429.49670410	0.00000000	0.00000000	0.00000000	0.00000000	0.00000000	0.00000000	0.00000000	0.00000000
483.18380737	0.00000000	0.00000000	0.00000000	0.00000000	0.00000000	0.00000000	0.00000000	0.00000000
536.87091064	0.00000000	0.00000000	0.00000000	0.00000000	0.00000000	0.00000000	0.00000000	0.00000000
590.55798340	0.00000000	0.00000000	0.00000000	0.00000000	0.00000000	0.00000000	0.00000000	0.00000000
644.24505615	0.00000000	0.00000000	0.00000000	0.00000000	0.00000000	0.00000000	0.00000000	0.00000000
697.93212891	0.00000000	0.00000000	0.00000000	0.00000000	0.00000000	0.00000000	0.00000000	0.00000000
751.61926270	0.00000000	0.00000000	0.00000000	0.00000000	0.00000000	0.00000000	0.00000000	0.00000000
805.30633545	0.00000000	0.00000000	0.00000000	0.00000000	0.00000000	0.00000000	0.00000000	0.00000000
858.99340820	0.00000000	0.00000000	0.00000000	0.00000000	0.00000000	0.00000000	0.00000000	0.00000000
966.36761475	0.00000000	0.00000000	0.00000000	0.00000000	0.00000000	0.00000000	0.00000000	0.00000000
1073.74182129	0.00000000	0.00000000	0.00000000	0.00000000	0.00000000	0.00000000	0.00000000	0.00000000
1181.11596680	0.00000000	0.00000000	0.00000000	0.00000000	0.00000000	0.00000000	0.00000000	0.00000000
1288.49011230	0.00000000	0.00000000	0.00000000	0.00000000	0.00000000	0.00000000	0.00000000	0.00000000
1395.86425781	0.00000000	0.00000000	0.00000000	0.00000000	0.00000000	0.00000000	0.00000000	0.00000000
1503.23852539	0.00000000	0.00000000	0.00000000	0.00000000	0.00000000	0.00000000	0.00000000	0.00000000
1610.61267090	0.00000000	0.00000000	0.00000000	0.00000000	0.00000000	0.00000000	0.00000000	0.00000000
1717.98681641	0.00000000	0.00000000	0.00000000	0.00000000	0.00000000	0.00000000	0.00000000	0.00000000
1932.73522949	0.00000000	0.00000000	0.00000000	0.00000000	0.00000000	0.00000000	0.00000000	0.00000000
2147.48364258	0.00000000	0.00000000	0.00000000	0.00000000	0.00000000	0.00000000	0.00000000	0.00000000
2362.23193359	0.00000000	0.00000000	0.00000000	0.00000000	0.00000000	0.00000000	0.00000000	0.00000000
2576.98022461	0.00000000	0.00000000	0.00000000	0.00000000	0.00000000	0.00000000	0.00000000	0.00000000
2791.72851562	0.00000000	0.00000000	0.00000000	0.00000000	0.00000000	0.00000000	0.00000000	0.00000000
3006.47705078	0.00000000	0.00000000	0.00000000	0.00000000	0.00000000	0.00000000	0.00000000	0.00000000
3221.22534180	0.00000000	0.00000000	0.00000000	0.00000000	0.00000000	0.00000000	0.00000000	0.00000000
3435.97363281	0.00000000	0.00000000	0.00000000	0.00000000	0.00000000	0.00000000	0.00000000	0.00000000
0	0	0	0	0	0	0	0	0
