%4/15/2015 2:39:45 PM
%Duration	ID1		ID2		ID3		ID4		ID5		ID6		ID7		ID8
3000.000000	2.536774	3.213882	4.053116	5.140305	5.874634	17.509460	16.613007	14.190674
%Tau		Tau1		Tau2		Tau3		Tau4		Tau5		Tau6		Tau7		Tau8
%		0.000002	0.000001	0.000002	0.000002	0.000002	0.000021	0.000012	0.000012
%Delaytime	D1		D2		D3		D4		D5		D6		D7		D8
0.00000000	8.84820461	15.37417603	21.52594566	12.92145443	7.30394459	2.26828861	3.42988920	4.91940641
0.00000020	2.94940162	3.98589754	2.11038685	2.94250941	2.03831005	1.44629407	1.63077557	1.78195226
0.00000040	1.76964092	0.00000000	1.05519342	1.27935183	1.10408461	1.31102920	1.65181780	1.30981100
0.00000060	0.00000000	1.70824182	1.47727072	1.40728712	1.27394378	1.25900424	1.36774719	1.55349684
0.00000080	0.58988035	1.99294877	1.89934814	1.66315746	1.01915503	1.36305416	1.29409933	1.35550213
0.00000100	0.58988035	0.85412091	1.89934814	1.27935183	2.37802839	1.36305416	1.44139516	1.30981100
0.00000120	1.76964092	1.70824182	0.84415472	1.40728712	1.10408461	1.26940918	1.35722613	1.26411998
0.00000140	1.17976069	2.56236267	0.84415472	0.89554632	1.44380295	1.27981424	1.58869100	1.52303612
0.00000160	1.17976069	0.28470695	2.11038685	0.63967592	1.78352129	1.30062413	1.44139516	1.32504141
0.00000180	0.00000000	0.56941390	0.42207736	1.66315746	1.01915503	1.59196401	1.53608537	1.43165398
0.00000200	2.94940162	1.70824182	1.05519342	1.79109263	0.76436627	1.55034399	1.36774719	1.46211469
0.00000220	1.17976069	1.13882780	1.05519342	1.02348149	1.10408461	1.37345910	1.52556419	1.62964869
0.00000240	0.00000000	1.42353487	1.26623201	2.04696298	1.10408461	1.38386416	1.35722613	1.43165398
0.00000260	1.17976069	1.99294877	1.89934814	1.40728712	1.10408461	1.49831903	1.59921217	1.50780571
0.00000280	2.35952139	2.27765560	1.05519342	1.53522229	1.35887337	1.48791409	1.54660642	1.37073255
0.00000300	1.17976069	1.70824182	0.63311601	2.55870366	0.76436627	1.44629407	1.49400079	1.58395755
0.00000340	0.58988035	0.99647439	1.05519342	1.21538424	1.35887337	1.32143414	1.40983176	1.30219591
0.00000380	1.47470081	0.85412091	1.26623201	1.08744907	1.01915503	1.32143414	1.22045135	1.26411998
0.00000420	1.76964092	1.13882780	1.26623201	1.59918988	1.57119739	1.38906658	1.36774719	1.31742620
0.00000460	0.58988035	1.70824182	1.47727072	1.79109263	1.01915503	1.25380170	1.32566273	1.46211469
0.00000500	1.47470081	0.71176744	0.63311601	1.27935183	1.01915503	1.33704162	1.32040215	1.45449948
0.00000540	1.76964092	0.99647439	1.47727072	1.34331954	1.27394378	1.43068659	1.22571194	1.50019062
0.00000580	0.58988035	1.13882780	0.84415472	1.21538424	1.18901420	1.36305416	1.33092332	1.32504141
0.00000620	1.17976069	1.56588829	1.16071272	1.02348149	1.40133822	1.39947164	1.39405000	1.46211469
0.00000700	0.88482046	1.21000457	0.79139501	1.11943293	1.54996490	1.37085783	1.33355355	1.23365927
0.00000780	0.73735040	0.64059067	1.21347237	1.27935183	1.48626781	1.36825669	1.39405000	1.40119326
0.00000860	1.17976069	1.28118134	1.42451108	1.34331954	1.42257059	1.29282045	1.44402540	1.35930967
0.00000940	1.76964092	1.35235810	1.10795307	0.95951390	1.50750017	1.32403541	1.26253593	1.28315794
0.00001020	1.32723069	1.42353487	0.89691436	0.86356252	1.54996490	1.30582666	1.35459578	1.32884896
0.00001100	0.73735040	1.06765115	0.84415472	1.11943293	1.10408461	1.31363046	1.20203936	1.38215530
0.00001180	0.44241023	1.28118134	1.42451108	1.21538424	1.18901420	1.33444047	1.15732455	1.24127448
0.00001260	1.03229058	1.63706505	0.79139501	1.15141666	1.33764100	1.30582666	1.36774719	1.22223651
0.00001420	1.54843581	1.35235810	1.39813125	1.23137617	1.44380295	1.26810861	1.26253593	1.30790722
0.00001580	0.58988035	1.45912313	1.34537160	1.03947341	1.05100358	1.29802299	1.26122081	1.15369987
0.00001740	1.17976069	1.17441618	1.16071272	1.31133568	0.93422544	1.19007111	1.19546366	1.15560365
0.00001900	1.25349569	0.96088600	0.87053454	0.97550583	1.26332760	1.18877053	1.21256053	1.26031232
0.00002060	0.88482046	0.96088600	1.02881360	1.10344100	1.36948955	1.27721298	1.19283342	1.22604406
0.00002220	1.40096581	0.85412091	1.47727072	1.24736810	1.07223606	1.17446363	1.14680350	1.21271753
0.00002380	1.10602558	1.42353487	1.02881360	1.13542485	1.10408461	1.14584994	1.17047596	1.11181641
0.00002540	0.88482046	1.10323954	1.00243366	0.95951390	1.11470079	1.26030481	1.21124542	1.10991251
0.00002860	0.99120367	1.18264151	1.12934852	0.91880620	1.16536784	1.11285341	1.13823700	1.18154705
0.00003180	1.02791488	1.09438467	0.91923714	1.17447400	1.21809936	1.14526296	1.10883367	1.16345727
0.00003500	0.66080242	1.20029283	0.97176498	1.07060897	0.99662673	1.10315764	1.11796033	1.07967317
0.00003820	1.17475986	1.02377915	0.98489696	1.07060897	1.02299249	1.09344113	1.13364184	1.05777502
0.00004140	0.77093619	0.90021962	0.93236911	1.04664016	1.20227993	1.16145730	1.10489237	1.01493084
0.00004460	1.02791488	0.91787100	1.18187630	1.07060897	0.96498781	1.03319812	1.06046140	1.02540386
0.00004780	0.88106990	1.20029283	0.98489696	0.91880620	1.05990469	1.07336009	1.04935372	1.06634390
0.00005100	0.73422492	1.18264151	1.03742480	1.05462968	1.17591405	1.09473658	1.04216635	1.13489449
0.00005740	1.17976069	0.96778536	1.02394629	1.15389073	1.05927992	1.03299677	1.03250623	1.03665984
0.00006380	1.23506188	1.17014050	0.99760687	1.07802939	1.10407531	1.07736814	1.00570488	1.05377865
0.00007020	0.75578415	0.87100679	1.11574459	0.97421920	1.14096570	1.01288807	1.03152573	1.04377890
0.00007660	0.94012177	1.16134238	0.93197489	1.03410971	1.00657940	1.03038514	1.03217947	1.02904093
0.00008300	0.92168802	1.02057362	1.02385974	1.07004404	1.06454992	0.98502231	0.98936260	1.05189788
0.00008940	0.92168802	1.17893851	0.99760687	0.98220462	1.04610479	0.99409485	1.03054523	1.04427886
0.00009580	0.81108546	0.86220878	1.11574459	1.00616086	1.09353518	1.03265333	1.00570488	1.04713595
0.00010220	0.97698927	0.98538142	1.01729655	0.97821188	1.04610479	0.99279881	0.99622637	1.02380276
0.00011500	1.05859029	1.03038037	0.94269651	0.97557187	1.06838703	0.99734175	0.99136710	1.00813460
0.00012780	0.98494929	0.96892357	0.99196637	1.03542292	0.92329741	1.02373469	1.01639259	0.99956280
0.00014060	0.96653903	0.93369001	0.87700337	1.00549746	1.01958418	1.01287830	0.97664624	0.98099065
0.00015340	0.96653903	1.02177393	1.08393669	0.90973574	0.98402405	1.03977609	0.98531520	1.00408673
0.00016620	0.85607743	1.01736975	0.93612719	0.96360171	1.01172447	1.00655901	1.02720726	0.99956280
0.00017900	1.02176976	0.89405221	1.01495898	0.97357684	0.93389946	1.01028574	1.00103629	1.00027716
0.00019180	0.93892360	0.95130682	0.87371874	1.00549746	0.98270494	0.98192972	1.00103629	1.03908813
0.00020460	1.05859029	1.01296556	0.85729545	0.97956198	1.02491510	1.00283217	1.01248610	1.00220478
0.00023020	0.98425204	1.03861284	0.97440094	0.98827893	0.97613043	0.99754190	1.00479245	0.99656242
0.00025580	1.06703961	1.03420258	1.00073612	1.07603729	1.02496994	1.01285875	1.01575243	0.98788011
0.00028140	0.91526240	1.06496990	0.97604692	1.02218556	1.03162515	1.00661862	1.00603831	1.00262809
0.00030700	0.94745755	0.96133929	1.04015076	0.97730911	0.97156256	0.99964899	1.02206957	0.96523833
0.00033260	1.04404306	0.93258411	1.00888038	1.03913891	1.00060380	1.00305271	0.99916786	0.98212647
0.00035820	0.93825895	0.98108727	0.96436185	1.01221299	0.94318134	0.98862731	1.00757337	1.01994634
0.00038380	0.97045410	0.97667789	0.97917289	0.98827893	1.03696108	1.01845062	1.01918757	1.00579357
0.00040940	0.86926931	0.92376530	1.00065136	0.97232282	1.03498089	0.99875754	0.99152374	1.00567460
0.00046060	1.06553018	0.96515220	0.99391866	0.98122513	0.96296209	1.01671517	0.99975252	1.00672340
0.00051180	0.92787743	0.96073502	1.06473637	0.98621863	1.02997661	0.99536312	1.00745487	1.00035703
0.00056300	1.06568098	1.01042819	1.05238450	0.98865014	1.01115978	1.00298297	1.00327599	0.99944174
0.00061420	1.03582358	0.98613375	1.03509176	1.01211810	0.98309946	0.99370825	1.00262344	1.00394070
0.00066540	0.98759234	1.02147114	1.01615214	0.96162349	0.99795491	1.00616741	1.00837815	1.00334573
0.00071660	0.94165778	1.04576564	0.99227172	1.00805700	1.03129709	0.99992847	0.99768513	0.99061352
0.00076780	0.93936110	1.01153255	1.02365005	1.01404846	0.97842526	1.00345314	1.01126516	1.00275075
0.00081900	0.97381198	1.07878852	1.01459110	0.99101597	0.99030900	1.00312901	0.99708289	0.99168444
0.00092140	0.93927580	1.01035750	0.97918534	0.99078315	1.01187861	0.99058986	1.00387371	0.98377520
0.00102380	0.99445969	1.02714956	1.00350010	0.99346834	0.98118562	0.99444038	1.00436521	0.99934310
0.00112620	0.96341878	0.98677164	0.99649417	1.01097214	1.00923836	1.00903428	1.01341820	1.00241840
0.00122860	1.02779996	0.95358425	1.03358448	0.97696471	0.99290174	1.00317776	0.99890214	1.01230931
0.00133100	1.01630330	1.01543427	0.99814260	0.99571884	1.01583898	1.00791967	0.98975569	1.00015950
0.00143340	0.99445969	0.98280323	0.98239899	1.01458895	1.01385880	0.99724007	0.99992919	1.00357759
0.00153580	1.00595629	1.00095618	1.00341511	1.00077176	1.00434518	1.00350058	1.00541401	0.99963337
0.00163820	1.01055503	0.99653208	1.02690363	0.99752164	0.98487532	0.99683172	1.00357103	1.00215304
0.00184300	0.99212086	1.01448274	1.01458859	0.99364656	0.98968971	0.99413007	1.00160980	1.00248528
0.00204780	0.97556061	0.96417320	0.97830719	0.99640322	0.98737985	1.00148582	1.00088286	1.00436401
0.00225260	1.00838649	1.01614118	1.01837695	0.99609393	1.00998342	0.99916691	1.00042927	1.00321329
0.00245740	1.06079257	0.98592800	0.98731762	1.00591254	0.99692476	0.99756551	1.00254714	1.00064409
0.00266220	1.01414537	1.01995897	1.01200056	0.99190849	0.98925358	0.99817115	1.00411224	1.00389779
0.00286700	0.99629271	0.99783409	0.98209214	0.99440920	1.01053500	0.99763495	0.99597740	1.00221205
0.00307180	0.97556061	1.01995897	1.01673150	0.98372108	0.98826373	1.00156987	0.99774516	1.00175047
0.00327660	1.03545332	1.01000285	1.00644696	1.00485349	1.00938010	1.00230038	1.00111532	1.00215054
0.00368620	1.03096151	1.02968180	1.01237750	1.00670934	0.99610806	0.99946856	1.00231516	1.00005269
0.00409580	0.98683918	1.01916206	1.00425541	1.01314700	0.99932861	1.00036871	1.00213838	1.00296342
0.00450540	1.01414740	0.99576968	0.99082500	1.00733042	1.00703704	1.00267661	1.00022554	0.99674445
0.00491500	1.01242280	1.00874150	1.01362813	1.00733435	0.99354810	1.00110888	1.00380003	0.99688601
0.00532460	0.99589139	1.00878084	0.99574059	1.01039279	0.99614936	1.00076020	0.99948788	1.00493097
0.00573420	0.99977046	1.00158322	0.98813325	0.99446225	0.99647969	1.00090528	1.00030279	0.99793965
0.00614380	1.00034142	1.01404071	1.00291884	0.99470913	1.00608742	1.00183010	1.00399196	1.00651884
0.00655340	0.98826140	0.98782426	0.99995548	1.00358808	0.99659133	1.00038266	1.00208962	1.00211394
0.00737260	1.00177360	1.00190771	0.99372679	1.00252366	0.99424165	1.00097096	1.00290465	0.99947208
0.00819180	0.98350644	0.99612057	0.98574817	1.01244998	0.99800646	0.99908364	1.00179970	1.00153470
0.00901100	1.01414657	1.00416303	1.00489891	1.00139070	0.99917781	1.00154734	1.00050724	1.00143385
0.00983020	0.99315709	1.01150119	1.00608253	1.00339544	1.00195742	0.99927443	1.00341082	1.00046694
0.01064940	1.00868511	0.99257350	0.99767578	1.00574052	1.00034833	1.00264490	1.00483048	1.00047982
0.01146860	0.97102290	1.01122427	1.00858760	0.99827105	1.00373638	1.00294030	1.00077987	0.99938208
0.01228780	1.00580871	1.01651645	1.00205302	0.99179238	0.99970323	1.00154591	0.99930793	0.99871135
0.01310700	1.00911629	0.99970335	0.99989206	1.00373185	0.99781287	0.99838841	1.00089502	1.00135827
0.01474540	0.98845017	1.00429356	1.00196517	1.00188422	1.00259733	0.99918860	0.99779403	0.99951380
0.01638380	1.00572443	0.99388760	1.00348461	1.00247002	1.00348866	1.00243843	0.99919987	1.00184679
0.01802220	0.99744987	0.99847567	0.99300116	1.00263739	1.00529015	1.00084150	1.00172961	1.00364804
0.01966060	1.00190771	1.00795817	1.00351715	0.99737352	1.00363302	1.00106275	0.99780113	1.00095129
0.02129900	1.00572443	1.00574434	1.00364804	0.99486810	1.00732625	0.99976128	1.00211596	1.00153399
0.02293740	0.99472731	0.99944037	0.98999387	0.99549603	0.99692535	1.00129938	1.00512099	0.99941826
0.02457580	1.01026237	1.00230658	1.00612748	0.99628919	0.99289942	1.00024176	1.00236702	0.99996144
0.02621420	0.98112845	0.99538451	1.00759232	0.99502689	1.00025761	1.00078702	1.00172246	1.00014544
0.02949100	1.00313342	1.00553894	1.00255477	0.99842209	1.00059211	1.00017929	1.00094068	1.00088274
0.03276780	1.01162601	1.00259757	0.99588013	0.99906951	1.00402820	0.99931931	1.00173855	1.00099075
0.03604460	0.99853450	1.00142992	1.00270915	0.99980384	1.00274813	1.00014436	1.00161481	0.99956977
0.03932140	0.99766588	0.99611855	1.00659382	0.99914229	1.00290835	1.00019586	1.00238204	1.00241697
0.04259820	0.99455905	1.00059128	1.00427842	1.00149679	1.00236428	1.00098050	1.00032973	0.99933714
0.04587500	0.99758065	0.99913526	0.99971944	0.99398249	1.00022697	0.99996924	1.00210452	1.00171781
0.04915180	0.99743396	1.00706065	0.99984807	0.99693024	0.99906182	1.00094473	1.00156033	1.00031078
0.05242860	1.00471199	1.00819445	1.00197315	1.00507271	1.00266731	0.99996036	1.00020039	0.99827123
0.05898220	0.99694330	1.01134920	1.00036144	0.99959636	1.00259614	1.00039148	1.00066674	1.00224864
0.06553581	0.99632716	1.00492346	1.00119591	1.00108004	1.00423527	1.00230229	1.00089872	1.00209045
0.07208940	0.99735469	1.00819564	1.00418627	1.00190115	1.00078511	1.00132394	1.00139201	1.00113463
0.07864300	1.00696146	1.00252807	1.00667775	1.00302684	0.99940938	1.00082207	1.00187826	0.99866927
0.08519660	1.00473523	1.00109148	1.00252521	1.00118923	1.00064039	1.00092316	1.00213456	1.00122869
0.09175020	1.00613368	1.00347090	1.00312841	1.00083089	1.00181115	1.00100327	1.00150990	1.00170767
0.09830380	1.00183332	1.00370085	0.99368542	1.00060678	0.99997658	1.00038207	1.00040340	1.00025916
0.10485740	0.99848247	1.00453007	0.99984699	0.99810427	0.99925607	0.99999583	1.00078106	1.00219035
0.11796460	1.00081456	1.00077069	1.00318551	1.00485075	1.00078940	1.00083303	1.00039971	1.00072241
0.13107181	0.99647301	1.00494611	1.00110424	0.99922562	0.99817699	1.00100291	1.00077271	1.00021899
0.14417900	0.99660355	1.00174546	1.00035965	0.99885142	0.99994510	0.99990809	0.99973446	0.99912906
0.15728620	0.99829239	1.00568199	1.00009513	1.00259221	1.00143600	1.00082755	1.00113165	1.00066566
0.17039341	1.00177944	1.00333476	1.00039923	1.00146759	1.00007272	0.99958915	1.00030482	1.00038898
0.18350060	1.00279927	1.00072801	0.99748921	0.99947655	0.99921864	1.00140584	1.00062311	1.00002754
0.19660780	1.00084770	1.00620556	0.99940860	0.99959558	1.00281346	1.00091219	1.00094342	1.00036836
0.20971501	0.99502987	1.00303066	1.00138247	1.00302243	1.00217152	1.00009274	1.00000441	0.99997151
0.23592941	1.00165093	1.00333023	1.00117946	1.00103736	1.00101376	0.99949276	0.99994808	0.99987668
0.26214382	0.99885750	1.00100446	1.00038314	1.00116062	1.00143337	1.00034869	1.00043786	1.00006962
0.28835821	1.00303495	1.00242960	1.00012112	1.00116777	0.99953800	0.99991119	1.00079203	1.00125861
0.31457260	0.99956000	1.00192511	0.99956656	0.99859416	1.00026250	1.00055063	1.00005484	1.00040781
0.34078699	1.00237620	1.00220025	0.99987364	1.00216830	1.00188351	1.00015664	0.99994135	1.00052726
0.36700141	1.00037909	1.00162292	1.00019360	0.99926585	1.00161588	1.00006235	0.99995822	1.00102150
0.39321581	1.00506473	1.00314999	1.00029504	1.00102270	1.00133812	1.00068820	1.00020278	0.99994576
0.41943020	1.00108445	1.00266933	0.99737477	1.00232875	1.00199556	1.00048399	1.00029027	1.00024223
0.47185901	1.00006211	1.00151193	0.99858123	1.00048733	1.00013101	1.00051785	1.00011134	0.99995995
0.52428782	1.00052381	1.00217068	0.99774092	0.99962407	1.00036883	1.00038564	1.00086784	0.99967527
0.57671660	0.99919438	1.00122106	0.99794507	0.99895829	1.00046825	1.00076926	1.00000703	0.99921346
0.62914538	0.99945647	1.00360096	0.99860746	1.00086522	1.00071156	1.00013101	1.00011313	0.99948400
0.68157423	1.00034428	1.00283635	1.00172925	0.99840486	1.00003970	1.00016189	1.00095272	1.00017965
0.73400301	1.00105882	1.00088179	0.99941105	0.99905455	0.99974585	0.99974966	1.00009203	0.99966466
0.78643179	0.99965286	1.00293911	1.00029814	0.99951774	1.00047171	1.00017786	0.99966592	0.99975210
0.83886063	0.99867141	1.00394845	0.99964893	0.99829894	1.00030911	1.00017858	0.99932522	0.99912775
0.94371825	1.00096059	1.00160289	1.00122964	0.99921435	1.00046635	1.00061560	0.99965745	0.99989808
1.04857588	0.99954963	1.00237656	1.00073516	0.99930596	0.99923265	1.00024891	0.99967098	1.00053620
1.15343344	0.99947250	1.00299668	0.99890655	0.99913055	0.99913383	0.99976188	0.99955779	1.00001097
1.25829101	0.99964577	1.00394905	1.00019801	0.99957824	0.99944180	0.99963236	0.99963123	0.99982572
1.36314869	1.00044489	1.00032890	0.99914634	1.00051153	1.00103378	1.00029552	0.99973261	1.00038314
1.46800625	0.99954915	1.00177765	1.00035024	1.00045013	0.99944603	1.00079811	0.99874133	1.00003111
1.57286382	1.00063932	0.99923712	1.00131655	1.00111675	0.99966019	1.00039983	0.99887687	0.99957824
1.67772150	1.00158608	1.00212836	1.00093913	1.00114083	0.99886137	0.99985152	0.99946624	0.99965113
1.88743675	1.00030351	1.00105739	1.00065041	1.00101745	1.00017273	1.00042725	0.99991363	0.99907374
2.09715199	1.00083256	1.00145221	0.99896276	1.00030124	0.99906826	1.00019610	1.00002587	0.99962074
2.30686712	1.00127387	1.00099611	1.00033939	0.99941069	1.00043321	0.99991769	0.99959487	1.00033188
2.51658225	1.00117862	1.00026345	1.00034046	0.99911696	1.00039589	1.00032175	1.00042403	1.00070572
2.72629738	1.00019026	1.00050831	1.00063324	0.99942410	1.00047421	1.00026512	1.00097787	1.00102997
2.93601274	0.99972922	1.00041795	0.99941182	0.99990094	1.00097108	1.00066471	1.00068533	1.00013399
3.14572787	1.00015461	0.99926227	0.99908847	1.00045383	1.00032878	0.99954754	1.00035059	0.99993467
3.35544300	1.00008130	0.99864316	1.00203478	1.00071943	1.00155795	1.00057065	1.00046360	0.99988717
3.77487350	1.00050211	1.00104320	0.99917495	1.00004208	1.00118065	0.99989253	1.00038385	1.00049412
4.19430399	0.99891609	0.99873501	0.99928808	0.99918586	1.00030935	1.00014412	0.99869335	0.99995011
4.61373425	1.00014710	1.00130343	1.00066698	0.99979889	0.99967843	0.99989170	1.00019145	0.99957651
5.03316450	1.00000000	1.00000000	1.00000000	1.00000000	1.00000000	1.00000000	1.00000000	1.00000000
5.45259476	0.00000000	0.00000000	0.00000000	0.00000000	0.00000000	0.00000000	0.00000000	0.00000000
5.87202549	0.00000000	0.00000000	0.00000000	0.00000000	0.00000000	0.00000000	0.00000000	0.00000000
6.29145575	0.00000000	0.00000000	0.00000000	0.00000000	0.00000000	0.00000000	0.00000000	0.00000000
6.71088600	0.00000000	0.00000000	0.00000000	0.00000000	0.00000000	0.00000000	0.00000000	0.00000000
7.54974699	0.00000000	0.00000000	0.00000000	0.00000000	0.00000000	0.00000000	0.00000000	0.00000000
8.38860798	0.00000000	0.00000000	0.00000000	0.00000000	0.00000000	0.00000000	0.00000000	0.00000000
9.22746849	0.00000000	0.00000000	0.00000000	0.00000000	0.00000000	0.00000000	0.00000000	0.00000000
10.06632900	0.00000000	0.00000000	0.00000000	0.00000000	0.00000000	0.00000000	0.00000000	0.00000000
10.90518951	0.00000000	0.00000000	0.00000000	0.00000000	0.00000000	0.00000000	0.00000000	0.00000000
11.74405098	0.00000000	0.00000000	0.00000000	0.00000000	0.00000000	0.00000000	0.00000000	0.00000000
12.58291149	0.00000000	0.00000000	0.00000000	0.00000000	0.00000000	0.00000000	0.00000000	0.00000000
13.42177200	0.00000000	0.00000000	0.00000000	0.00000000	0.00000000	0.00000000	0.00000000	0.00000000
15.09949398	0.00000000	0.00000000	0.00000000	0.00000000	0.00000000	0.00000000	0.00000000	0.00000000
16.77721596	0.00000000	0.00000000	0.00000000	0.00000000	0.00000000	0.00000000	0.00000000	0.00000000
18.45493698	0.00000000	0.00000000	0.00000000	0.00000000	0.00000000	0.00000000	0.00000000	0.00000000
20.13265800	0.00000000	0.00000000	0.00000000	0.00000000	0.00000000	0.00000000	0.00000000	0.00000000
21.81037903	0.00000000	0.00000000	0.00000000	0.00000000	0.00000000	0.00000000	0.00000000	0.00000000
23.48810196	0.00000000	0.00000000	0.00000000	0.00000000	0.00000000	0.00000000	0.00000000	0.00000000
25.16582298	0.00000000	0.00000000	0.00000000	0.00000000	0.00000000	0.00000000	0.00000000	0.00000000
26.84354401	0.00000000	0.00000000	0.00000000	0.00000000	0.00000000	0.00000000	0.00000000	0.00000000
30.19898796	0.00000000	0.00000000	0.00000000	0.00000000	0.00000000	0.00000000	0.00000000	0.00000000
33.55443192	0.00000000	0.00000000	0.00000000	0.00000000	0.00000000	0.00000000	0.00000000	0.00000000
36.90987396	0.00000000	0.00000000	0.00000000	0.00000000	0.00000000	0.00000000	0.00000000	0.00000000
40.26531601	0.00000000	0.00000000	0.00000000	0.00000000	0.00000000	0.00000000	0.00000000	0.00000000
43.62075806	0.00000000	0.00000000	0.00000000	0.00000000	0.00000000	0.00000000	0.00000000	0.00000000
46.97620392	0.00000000	0.00000000	0.00000000	0.00000000	0.00000000	0.00000000	0.00000000	0.00000000
50.33164597	0.00000000	0.00000000	0.00000000	0.00000000	0.00000000	0.00000000	0.00000000	0.00000000
53.68708801	0.00000000	0.00000000	0.00000000	0.00000000	0.00000000	0.00000000	0.00000000	0.00000000
60.39797592	0.00000000	0.00000000	0.00000000	0.00000000	0.00000000	0.00000000	0.00000000	0.00000000
67.10886383	0.00000000	0.00000000	0.00000000	0.00000000	0.00000000	0.00000000	0.00000000	0.00000000
73.81974792	0.00000000	0.00000000	0.00000000	0.00000000	0.00000000	0.00000000	0.00000000	0.00000000
80.53063202	0.00000000	0.00000000	0.00000000	0.00000000	0.00000000	0.00000000	0.00000000	0.00000000
87.24151611	0.00000000	0.00000000	0.00000000	0.00000000	0.00000000	0.00000000	0.00000000	0.00000000
93.95240784	0.00000000	0.00000000	0.00000000	0.00000000	0.00000000	0.00000000	0.00000000	0.00000000
100.66329193	0.00000000	0.00000000	0.00000000	0.00000000	0.00000000	0.00000000	0.00000000	0.00000000
107.37417603	0.00000000	0.00000000	0.00000000	0.00000000	0.00000000	0.00000000	0.00000000	0.00000000
120.79595184	0.00000000	0.00000000	0.00000000	0.00000000	0.00000000	0.00000000	0.00000000	0.00000000
134.21772766	0.00000000	0.00000000	0.00000000	0.00000000	0.00000000	0.00000000	0.00000000	0.00000000
147.63949585	0.00000000	0.00000000	0.00000000	0.00000000	0.00000000	0.00000000	0.00000000	0.00000000
161.06126404	0.00000000	0.00000000	0.00000000	0.00000000	0.00000000	0.00000000	0.00000000	0.00000000
174.48303223	0.00000000	0.00000000	0.00000000	0.00000000	0.00000000	0.00000000	0.00000000	0.00000000
187.90481567	0.00000000	0.00000000	0.00000000	0.00000000	0.00000000	0.00000000	0.00000000	0.00000000
201.32658386	0.00000000	0.00000000	0.00000000	0.00000000	0.00000000	0.00000000	0.00000000	0.00000000
214.74835205	0.00000000	0.00000000	0.00000000	0.00000000	0.00000000	0.00000000	0.00000000	0.00000000
241.59190369	0.00000000	0.00000000	0.00000000	0.00000000	0.00000000	0.00000000	0.00000000	0.00000000
268.43545532	0.00000000	0.00000000	0.00000000	0.00000000	0.00000000	0.00000000	0.00000000	0.00000000
295.27899170	0.00000000	0.00000000	0.00000000	0.00000000	0.00000000	0.00000000	0.00000000	0.00000000
322.12252808	0.00000000	0.00000000	0.00000000	0.00000000	0.00000000	0.00000000	0.00000000	0.00000000
348.96606445	0.00000000	0.00000000	0.00000000	0.00000000	0.00000000	0.00000000	0.00000000	0.00000000
375.80963135	0.00000000	0.00000000	0.00000000	0.00000000	0.00000000	0.00000000	0.00000000	0.00000000
402.65316772	0.00000000	0.00000000	0.00000000	0.00000000	0.00000000	0.00000000	0.00000000	0.00000000
429.49670410	0.00000000	0.00000000	0.00000000	0.00000000	0.00000000	0.00000000	0.00000000	0.00000000
483.18380737	0.00000000	0.00000000	0.00000000	0.00000000	0.00000000	0.00000000	0.00000000	0.00000000
536.87091064	0.00000000	0.00000000	0.00000000	0.00000000	0.00000000	0.00000000	0.00000000	0.00000000
590.55798340	0.00000000	0.00000000	0.00000000	0.00000000	0.00000000	0.00000000	0.00000000	0.00000000
644.24505615	0.00000000	0.00000000	0.00000000	0.00000000	0.00000000	0.00000000	0.00000000	0.00000000
697.93212891	0.00000000	0.00000000	0.00000000	0.00000000	0.00000000	0.00000000	0.00000000	0.00000000
751.61926270	0.00000000	0.00000000	0.00000000	0.00000000	0.00000000	0.00000000	0.00000000	0.00000000
805.30633545	0.00000000	0.00000000	0.00000000	0.00000000	0.00000000	0.00000000	0.00000000	0.00000000
858.99340820	0.00000000	0.00000000	0.00000000	0.00000000	0.00000000	0.00000000	0.00000000	0.00000000
966.36761475	0.00000000	0.00000000	0.00000000	0.00000000	0.00000000	0.00000000	0.00000000	0.00000000
1073.74182129	0.00000000	0.00000000	0.00000000	0.00000000	0.00000000	0.00000000	0.00000000	0.00000000
1181.11596680	0.00000000	0.00000000	0.00000000	0.00000000	0.00000000	0.00000000	0.00000000	0.00000000
1288.49011230	0.00000000	0.00000000	0.00000000	0.00000000	0.00000000	0.00000000	0.00000000	0.00000000
1395.86425781	0.00000000	0.00000000	0.00000000	0.00000000	0.00000000	0.00000000	0.00000000	0.00000000
1503.23852539	0.00000000	0.00000000	0.00000000	0.00000000	0.00000000	0.00000000	0.00000000	0.00000000
1610.61267090	0.00000000	0.00000000	0.00000000	0.00000000	0.00000000	0.00000000	0.00000000	0.00000000
1717.98681641	0.00000000	0.00000000	0.00000000	0.00000000	0.00000000	0.00000000	0.00000000	0.00000000
1932.73522949	0.00000000	0.00000000	0.00000000	0.00000000	0.00000000	0.00000000	0.00000000	0.00000000
2147.48364258	0.00000000	0.00000000	0.00000000	0.00000000	0.00000000	0.00000000	0.00000000	0.00000000
2362.23193359	0.00000000	0.00000000	0.00000000	0.00000000	0.00000000	0.00000000	0.00000000	0.00000000
2576.98022461	0.00000000	0.00000000	0.00000000	0.00000000	0.00000000	0.00000000	0.00000000	0.00000000
2791.72851562	0.00000000	0.00000000	0.00000000	0.00000000	0.00000000	0.00000000	0.00000000	0.00000000
3006.47705078	0.00000000	0.00000000	0.00000000	0.00000000	0.00000000	0.00000000	0.00000000	0.00000000
3221.22534180	0.00000000	0.00000000	0.00000000	0.00000000	0.00000000	0.00000000	0.00000000	0.00000000
3435.97363281	0.00000000	0.00000000	0.00000000	0.00000000	0.00000000	0.00000000	0.00000000	0.00000000
0	0	0	0	0	0	0	0	0
