%4/16/2015 2:28:14 PM
%Duration	ID1		ID2		ID3		ID4		ID5		ID6		ID7		ID8
3000.000000	3.376007	5.788803	5.683899	7.057190	9.946823	19.092560	36.630630	32.415390
%Tau		Tau1		Tau2		Tau3		Tau4		Tau5		Tau6		Tau7		Tau8
%		0.000001	0.000001	0.000002	0.000003	0.000011	0.000024	0.000022	0.000021
%Delaytime	D1		D2		D3		D4		D5		D6		D7		D8
0.00000000	5.78465176	11.47640991	11.70919991	8.75969315	5.80678082	2.04454041	2.44835091	3.04068708
0.00000020	3.41820335	2.91464376	1.88858056	2.12735391	1.72898531	1.60953176	1.54025352	1.56472111
0.00000040	2.89232588	1.36623931	1.32200646	2.00221539	1.53325117	1.52796757	1.55530488	1.48911488
0.00000060	1.57763231	1.54840446	1.32200646	2.00221539	1.46800637	1.44640350	1.34960330	1.39049792
0.00000080	1.31469357	1.82165229	1.32200646	1.31395388	1.37013936	1.43009067	1.51265943	1.42665744
0.00000100	0.52587742	1.45732188	2.07743859	1.68936932	1.37013936	1.52252996	1.57537329	1.54499769
0.00000120	1.31469357	2.00381756	0.66100323	1.68936932	1.43538404	1.56603086	1.44743693	1.42665744
0.00000140	1.31469357	1.00190878	1.69972253	1.62680006	1.63111818	1.57690609	1.53021932	1.41679585
0.00000160	2.36644840	1.00190878	0.84986126	0.81340003	1.10916042	1.33221376	1.45997977	1.48582757
0.00000180	0.78881615	1.18407404	0.94429028	1.06367695	1.27227223	1.44096589	1.42736852	1.38721073
0.00000200	1.57763231	1.00190878	1.51086450	1.81450784	1.46800637	1.54428041	1.46499681	1.38063633
0.00000220	1.57763231	1.18407404	1.51086450	1.56423092	1.17440510	1.43552828	1.50011659	1.56472111
0.00000240	1.84057093	1.63948715	1.60529351	1.75193858	1.46800637	1.58778131	1.43740273	1.51212549
0.00000260	1.57763231	1.63948715	1.03871930	1.62680006	1.07653809	1.44096589	1.50011659	1.37734902
0.00000280	2.62938714	0.81974357	0.94429028	1.12624621	1.40276170	1.48990440	1.38472307	1.46939147
0.00000300	2.10350966	1.00190878	1.03871930	1.25138474	1.40276170	1.58234370	1.48255670	1.50226378
0.00000340	1.44616294	1.22961533	1.60529351	1.22010005	1.28858340	1.40834022	1.42360568	1.42172658
0.00000380	1.57763231	1.41178060	0.89707577	1.25138474	1.27227223	1.40018380	1.50137091	1.50062013
0.00000420	1.18322420	0.95636749	1.18036282	1.47037697	1.12547159	1.59593773	1.44492841	1.35762572
0.00000460	1.05175483	1.36623931	1.03871930	1.18881547	1.28858340	1.45727873	1.40730011	1.44638085
0.00000500	0.78881615	1.22961533	1.41643548	1.09496164	1.48431754	1.40834022	1.41231716	1.46610427
0.00000540	1.05175483	1.50286317	2.03022408	1.37652314	1.43538404	1.51437354	1.41231716	1.42830110
0.00000580	1.57763231	1.18407404	1.22757745	1.78322315	1.37013936	1.42465305	1.41608000	1.38063633
0.00000620	1.31469357	1.36623931	0.89707577	1.25138474	1.45169520	1.53612399	1.38848591	1.33790231
0.00000700	1.11748958	0.79697293	1.27479196	1.32959628	1.41907287	1.36755824	1.43301272	1.39296341
0.00000780	1.24895883	1.22961533	1.13314831	1.34523857	1.41091728	1.44640350	1.37594306	1.35187304
0.00000860	1.18322420	1.29792726	1.25118470	1.18881547	1.37013936	1.33765137	1.35399330	1.33214962
0.00000940	1.51189756	1.22961533	1.03871930	1.15753078	1.37829494	1.36619878	1.34270477	1.39214158
0.00001020	1.05175483	1.25238597	0.94429028	1.34523857	1.33751690	1.34716713	1.32451773	1.36337829
0.00001100	1.11748958	1.11576211	1.36922097	1.12624621	1.34567249	1.32949495	1.37719738	1.28612840
0.00001180	1.51189756	1.32069790	1.15675557	1.15753078	1.30489457	1.32405734	1.33392477	1.32557523
0.00001260	1.18322420	1.11576211	1.18036282	1.23574233	1.23964989	1.35804236	1.31260204	1.30585182
0.00001420	1.18322420	1.24100065	1.20397019	1.24356353	1.22741652	1.29550993	1.26243091	1.31324804
0.00001580	1.21609151	1.04745007	1.09773743	1.31395388	1.24372768	1.37707400	1.27967727	1.25941968
0.00001740	1.21609151	1.17268872	1.10954106	1.10278273	1.31712794	1.30502570	1.26901591	1.22983468
0.00001900	1.18322420	1.14991808	1.10954106	1.20445776	1.28858340	1.26560307	1.21351409	1.18997693
0.00002060	0.88741815	0.87667018	1.03871930	1.07931924	1.13362718	1.28463471	1.22135329	1.22531474
0.00002220	1.18322420	1.11576211	1.08593380	1.02457118	1.22741652	1.25064969	1.21351409	1.18504620
0.00002380	1.08462214	0.88805550	1.06232655	1.25920582	1.17848289	1.22686017	1.17212296	1.21422029
0.00002540	1.21609151	1.20684469	0.90887940	1.18099427	1.03168225	1.20307064	1.17557216	1.18586791
0.00002860	1.20511830	0.97685164	1.05860114	1.24740815	1.17963994	1.17637360	1.16128981	1.15283728
0.00003180	1.18883288	1.20970583	1.02331448	1.17724144	1.16542745	1.17804265	1.14297342	1.13847303
0.00003500	1.07483530	1.12451530	0.99390882	1.11097288	1.14918447	1.16969728	1.14579129	1.14073026
0.00003820	1.05854988	1.03926694	0.96450323	1.13825989	1.10248613	1.17737508	1.10352278	1.08553028
0.00004140	1.12369144	1.02222979	1.01155221	1.07588959	1.01518071	1.18503690	1.09600830	1.08511996
0.00004460	1.09112060	1.13581085	1.11741233	1.06029689	1.12482011	1.14230883	1.09913933	1.10071540
0.00004780	1.12369144	0.98815542	0.94097877	1.13825989	1.12888086	1.13730156	1.07409132	1.10051024
0.00005100	1.05854988	1.09037840	1.11153114	1.07588959	1.05172718	1.07788289	1.08253503	1.06521511
0.00005740	1.05338216	1.04951537	1.06730199	1.05493593	1.00454819	1.08191156	1.06144035	1.06312644
0.00006380	0.97989035	0.97860217	0.97615498	1.08223546	1.10104179	1.06352305	1.04758418	1.03593266
0.00007020	1.10237670	0.92754465	0.97027451	1.05878699	1.06447577	1.03844786	1.03364027	1.03736925
0.00007660	1.04521632	0.98705685	0.94381249	0.95349330	1.00861108	1.07422185	1.04405177	1.05286467
0.00008300	0.89823282	1.07214797	1.03789973	1.08803523	1.10815179	1.04480028	1.03567564	1.02618384
0.00008940	0.97172457	0.99840236	0.96733427	1.01783943	0.99946964	1.04865932	1.02125275	1.03275144
0.00009580	1.03705060	1.01542056	0.93205160	0.93590117	1.00251675	1.04698753	1.02978539	1.00894403
0.00010220	1.06154788	0.95869315	0.95851362	0.97099745	1.03095698	1.04314268	1.02078307	1.02484989
0.00011500	1.15888083	0.96788174	0.99374008	0.94666868	0.99849117	1.03655756	1.01254213	1.01700354
0.00012780	1.02830279	1.04036629	0.98785996	1.01003993	0.97661895	1.03311324	1.01156330	1.01370800
0.00014060	0.90180516	1.01199734	0.95404929	1.01881444	1.02290666	1.02232027	1.00342011	0.99200833
0.00015340	1.02830279	1.00204790	0.98197985	1.00711513	0.97407568	1.02248764	1.00412476	1.00966406
0.00016620	1.03238332	1.08590722	1.04813111	0.99639070	1.01324213	1.01345158	0.99947518	0.98353970
0.00017900	1.06084716	0.99351978	1.03049076	0.98952049	1.01171625	1.01636624	0.99572593	0.99535495
0.00019180	1.02004540	0.99351978	0.94375902	0.97489703	1.01222491	1.01502752	0.99667478	1.00613332
0.00020460	0.98740393	0.94661546	0.97462970	0.99244523	1.00964797	1.01996386	1.01112163	0.99145424
0.00023020	1.01331794	1.00651467	1.04580772	0.98844063	1.00287080	1.01264215	0.99861580	1.00506580
0.00025580	1.01944697	1.04566479	0.90911043	1.02838743	1.00867820	1.02587104	0.99286759	1.00379360
0.00028140	0.92751282	1.02075100	1.02008510	1.03033602	0.98350477	1.02983415	1.00146627	0.99332619
0.00030700	0.97245836	1.00580275	1.04060423	1.01284516	0.99747139	1.01801443	1.00194561	1.00345564
0.00033260	1.03579080	1.01861560	1.00459468	0.99384516	0.99340838	1.02508950	0.99844873	0.99991512
0.00035820	1.01536095	1.05207121	0.99945045	1.02210152	1.00051868	1.01688409	0.99137640	0.99707788
0.00038380	0.96837240	1.00651467	1.05524242	0.98946053	1.01622903	1.02238214	0.99717438	1.01232839
0.00040940	1.03579080	1.01149738	0.95089388	1.03671694	1.01597512	1.01766515	0.99554861	1.01720309
0.00046060	0.99640983	1.02227426	0.97816318	1.02616918	1.01804888	1.02478528	0.99488991	0.99591988
0.00051180	1.04847634	0.99699342	0.98625934	1.02397859	1.01665211	1.02312100	0.99943954	1.00034142
0.00056300	1.02193260	0.97527319	1.00944376	0.98985720	0.99176276	1.02049232	0.99794239	0.99755579
0.00061420	0.99640983	0.98488706	0.99177945	0.99837571	1.00417399	1.01208103	1.00087690	0.99941415
0.00066540	0.99640983	0.98453099	0.98184323	0.96129227	0.98538065	1.01864648	0.99912584	0.99626958
0.00071660	0.98620075	0.96993214	1.01091588	0.98879254	0.99807888	1.01910794	0.99970317	1.00218034
0.00076780	0.98926347	0.99770552	0.96749097	0.99098283	1.00642622	1.01560497	1.00456762	0.99920684
0.00081900	0.96178961	0.97883391	0.99662000	0.99390322	0.99924892	1.01772356	0.99709219	0.99879223
0.00092140	0.96388733	0.98709148	0.98705828	0.99510896	1.00504327	1.02194440	0.99820513	1.00097966
0.00102380	1.00225163	1.00471497	1.00062633	0.98970413	0.98639154	1.01568127	1.00664365	0.99466389
0.00112620	1.02572596	1.00382483	0.97251296	0.99798614	0.99500304	1.01831472	1.00181031	0.99904972
0.00122860	1.01705062	1.01379371	0.98484886	0.98113328	1.00192952	1.00848126	0.99838918	1.00007677
0.00133100	1.01449907	1.00649512	0.99018830	1.01177752	0.99106324	1.02631807	1.00053096	1.00838029
0.00143340	0.97112262	1.01385021	0.97485125	1.00422692	1.01088953	1.01950216	0.99961030	1.00381362
0.00153580	1.03695285	0.99556917	1.01080954	0.99192679	1.01374912	1.01243019	1.00191736	1.00063467
0.00163820	1.02980840	0.99099547	0.96509355	0.99606746	1.01797700	1.02182436	1.00331366	1.00256693
0.00184300	1.00160897	0.99136066	0.98807096	1.00218141	1.00950801	1.02081215	1.00003052	1.00415385
0.00204780	0.98408937	1.00092196	1.00749540	0.99622381	0.99520451	1.02219558	1.00000954	0.99783301
0.00225260	1.00527728	0.99910778	1.00810492	1.00490689	0.99828732	1.02720988	1.00239396	1.00129974
0.00245740	1.03233659	1.00020969	0.98402035	0.99629980	1.00658226	1.02399480	1.00230789	1.00445271
0.00266220	0.98255777	0.98635316	1.01185691	0.99541581	0.99482316	1.02271593	1.00037587	1.00082958
0.00286700	0.98791856	1.00232399	0.98678213	1.01290381	1.00696540	1.01897073	1.00089741	1.00096571
0.00307180	0.99241984	1.00460577	0.99678105	0.99509603	1.01016808	1.02035928	1.00020552	1.00183690
0.00327660	0.99369609	1.00866866	1.00972724	0.98846877	0.99860221	1.01989794	0.99649876	1.00178146
0.00368620	1.00851858	0.99569285	0.99789858	0.99694067	1.00270510	1.02211881	1.00284910	1.00081694
0.00409580	1.01094878	0.99654913	1.00700009	0.99505192	1.00022531	1.02027702	1.00114059	1.00129557
0.00450540	0.99735731	1.00497901	1.00389850	1.00251865	1.00440431	1.02147019	0.99968320	0.99946970
0.00491500	0.99831331	0.99708301	1.00217354	1.00030947	0.99852008	1.02291977	1.00359428	0.99978513
0.00532460	0.99358803	1.00177622	0.98856729	0.99607277	1.00047505	1.02065015	1.00023377	0.99935532
0.00573420	1.00551486	0.99007690	0.99893105	1.00323546	1.00075817	1.03008866	1.00310123	1.00088322
0.00614380	0.98303074	1.00981605	0.99124354	1.01589859	1.00166869	1.02153790	1.00215650	0.99813807
0.00655340	1.00707889	1.01048326	0.99164182	0.99474710	0.99880469	1.02427328	0.99991697	0.99706507
0.00737260	1.00684381	1.00085306	1.00673294	0.99413824	1.00703025	1.02119398	1.00232387	1.00036550
0.00819180	0.99972945	1.00031960	1.01093435	1.00064719	0.99819565	1.02378416	0.99981833	1.00069296
0.00901100	0.99627018	1.00193191	1.00088859	1.00950396	1.00371790	1.02025831	1.00150967	0.99943906
0.00983020	0.99633420	0.99371380	1.00362766	1.00245881	0.99873984	1.02549839	0.99921519	1.00128651
0.01064940	0.99918652	1.00043023	1.00517225	1.00284135	1.00451624	1.02220845	0.99974525	1.00097847
0.01146860	1.01769781	1.01070428	0.99323148	1.00172782	0.99919236	1.02093744	0.99999756	0.99960643
0.01228780	0.99797648	0.99386990	1.00501359	0.99182099	1.00237918	1.02233648	0.99967402	0.99880624
0.01310700	1.00262249	1.00611162	0.99629396	1.00837517	0.99892354	1.01984024	1.00141382	1.00130427
0.01474540	0.99680346	1.00493193	1.00064266	1.00324714	0.99908519	1.02200603	1.00089931	0.99981123
0.01638380	0.99087453	1.00157511	0.99592161	1.00156307	1.00685477	1.02353966	1.00143039	1.00002301
0.01802220	1.01337326	0.99721688	0.99739623	0.99360579	1.00079072	1.02259183	1.00173390	1.00346804
0.01966060	0.99950212	1.00116408	1.00796592	1.00115466	1.00151265	1.02432001	0.99933499	1.00079179
0.02129900	0.99661118	0.99570453	0.99891186	0.99671626	0.99857283	1.02279103	1.00070405	1.00210857
0.02293740	0.99997789	1.00078571	1.00191820	1.00459921	1.00218737	1.02169454	0.99976689	1.00217605
0.02457580	0.99665284	0.99841762	0.99661911	1.00077069	0.99782932	1.01971638	1.00076509	1.00009990
0.02621420	0.99935526	1.00206387	1.00044024	0.99555725	0.99889278	1.02354419	0.99989992	1.00202847
0.02949100	1.00184989	1.00321555	0.99904752	1.00030363	1.00255752	1.02339137	0.99999493	1.00138533
0.03276780	1.00447571	1.00394487	1.00212419	0.99960297	0.99987584	1.02187288	1.00105166	1.00116324
0.03604460	0.99190503	1.00000215	0.99875242	1.00217056	1.00188696	1.02331662	1.00036919	1.00064361
0.03932140	1.00330400	1.00194800	0.99923199	1.00037575	0.99981678	1.02191424	1.00088143	1.00086451
0.04259820	0.99994475	0.99956810	0.99510950	1.00099707	0.99946791	1.02281666	1.00188482	1.00106931
0.04587500	0.99724674	1.00221002	1.00245047	1.00060844	1.00065041	1.02388501	1.00171971	1.00032210
0.04915180	1.00348103	0.99978572	1.00083530	0.99850166	0.99873316	1.02208507	1.00250828	1.00103951
0.05242860	0.99666041	0.99977487	1.00047028	1.00071931	1.00209463	1.02169824	1.00096488	1.00197828
0.05898220	1.00618219	1.00186729	1.00043309	1.00211370	1.00066733	1.02249908	1.00113213	1.00112212
0.06553581	1.00336969	0.99872094	1.00375748	0.99955130	1.00300694	1.02245212	1.00067508	1.00002122
0.07208940	1.00361621	1.00219488	1.00045633	0.99909639	1.00223303	1.02203739	1.00073028	1.00064552
0.07864300	1.00273514	0.99881274	1.00265563	1.00086045	1.00099838	1.02251816	1.00074637	1.00138927
0.08519660	1.00194049	0.99903804	0.99908930	0.99852210	1.00364375	1.02235353	1.00040650	1.00065529
0.09175020	1.00640619	1.00250387	1.00110972	1.00138807	1.00244188	1.02086377	1.00119770	1.00038993
0.09830380	1.00380850	1.00129068	1.00093997	1.00221694	1.00028908	1.02199495	1.00083995	1.00118232
0.10485740	0.99915957	0.99943477	0.99953479	1.00131094	1.00093067	1.02260411	1.00026691	1.00116539
0.11796460	1.00258875	0.99967402	1.00057769	1.00185549	1.00133431	1.02244401	1.00072253	1.00058424
0.13107181	1.00026810	1.00029433	0.99889392	0.99970341	1.00001395	1.02166462	1.00057673	1.00110090
0.14417900	0.99955517	0.99855667	1.00103581	0.99937814	1.00046062	1.02195179	1.00049829	1.00055671
0.15728620	1.00033402	0.99975640	1.00017476	0.99942732	1.00062537	1.02204537	1.00084233	1.00090611
0.17039341	0.99922711	1.00171614	0.99972582	1.00070608	0.99983931	1.02162659	1.00031936	1.00076020
0.18350060	1.00119138	1.00029886	0.99905688	1.00036252	1.00211942	1.02189839	1.00035894	1.00094748
0.19660780	0.99911118	0.99988317	1.00166357	1.00041521	1.00079274	1.02181756	1.00102949	1.00093460
0.20971501	0.99613470	1.00252068	1.00168359	1.00234449	1.00002515	1.02130771	1.00076902	1.00100863
0.23592941	0.99905866	1.00133371	1.00054610	1.00021887	1.00108457	1.02146924	1.00016797	1.00067639
0.26214382	0.99996752	1.00097585	1.00126386	1.00112092	1.00103009	1.02096891	1.00006938	1.00103736
0.28835821	0.99605829	0.99952292	1.00026786	1.00097597	1.00095260	1.02133012	1.00016916	1.00079429
0.31457260	0.99992669	1.00062406	1.00100851	1.00104499	1.00147712	1.02029729	1.00029564	1.00100303
0.34078699	0.99856424	0.99974567	1.00104237	1.00097966	1.00088704	1.02011013	1.00008404	1.00093007
0.36700141	0.99846393	1.00025558	1.00044572	1.00150633	1.00084782	1.02036417	1.00025439	1.00037885
0.39321581	1.00130939	1.00055563	1.00085640	1.00025523	1.00118828	1.01991737	1.00045931	1.00061488
0.41943020	0.99885488	1.00124025	1.00047994	1.00136578	1.00076663	1.01967430	1.00022829	1.00040853
0.47185901	1.00052488	1.00069761	1.00097191	1.00058603	1.00153911	1.01948404	1.00036216	1.00049531
0.52428782	0.99971062	1.00009799	1.00137448	0.99998492	0.99983871	1.01885176	1.00043929	1.00047266
0.57671660	0.99992973	1.00082111	0.99952787	1.00013661	1.00108087	1.01840186	1.00048137	1.00013518
0.62914538	1.00030279	1.00046921	1.00057685	1.00079823	0.99975723	1.01803744	0.99996996	1.00015020
0.68157423	0.99946392	1.00129783	0.99951559	1.00100160	1.00016201	1.01804769	0.99971133	1.00016212
0.73400301	0.99930239	1.00007451	1.00035119	1.00008345	1.00117457	1.01785600	0.99989063	1.00019431
0.78643179	1.00053847	0.99979687	1.00044656	1.00016034	1.00068593	1.01716363	0.99991512	1.00006199
0.83886063	0.99862826	1.00119162	1.00095522	1.00026798	0.99962717	1.01735699	0.99979907	0.99990803
0.94371825	0.99985081	0.99962282	1.00049782	1.00055575	1.00034535	1.01649404	0.99977809	0.99988616
1.04857588	1.00148642	1.00160587	0.99937576	1.00009787	1.00040770	1.01541460	1.00043225	1.00027025
1.15343344	1.00063586	0.99956340	0.99923140	1.00002289	1.00056756	1.01494431	1.00016403	0.99979270
1.25829101	1.00118375	1.00063717	1.00067759	1.00033534	1.00099337	1.01363993	1.00000691	1.00017452
1.36314869	1.00045061	0.99939811	1.00008452	0.99936247	1.00063109	1.01288390	1.00012946	1.00026405
1.46800625	0.99758297	1.00062299	0.99970454	1.00008619	1.00086582	1.01207459	1.00037575	0.99997067
1.57286382	0.99847591	0.99946529	0.99980658	0.99928844	1.00064826	1.01111484	1.00049913	1.00005579
1.67772150	1.00095177	1.00130701	1.00039947	0.99966842	1.00045919	1.01038480	1.00023818	1.00020671
1.88743675	0.99916077	1.00032425	1.00008464	0.99968594	0.99987525	1.00795364	0.99989098	0.99987406
2.09715199	1.00034082	1.00004661	1.00051236	1.00002480	0.99974966	1.00631034	1.00008786	0.99962962
2.30686712	1.00139952	0.99986947	1.00009513	1.00039303	0.99993247	1.00520957	0.99952298	0.99933660
2.51658225	0.99935490	1.00001144	1.00068963	1.00010622	1.00047410	1.00452292	0.99983990	0.99926299
2.72629738	0.99922806	1.00061524	1.00051773	1.00029445	1.00012672	1.00388193	1.00009573	0.99931967
2.93601274	1.00020623	1.00042665	1.00007105	1.00043511	1.00035989	1.00318348	0.99997646	0.99968398
3.14572787	0.99944133	0.99977332	1.00019503	1.00076652	1.00016677	1.00209165	1.00040245	1.00014639
3.35544300	1.00146556	0.99952495	0.99987358	1.00061071	0.99990177	1.00156271	0.99991012	1.00036764
3.77487350	0.99982041	0.99975955	0.99937248	1.00006151	0.99972349	1.00041234	0.99952054	0.99989188
4.19430399	0.99982625	1.00023282	0.99950266	0.99990809	0.99993962	1.00011146	1.00026393	0.99990773
4.61373425	1.00002718	1.00031638	0.99987686	1.00004208	1.00013912	1.00043547	1.00062382	1.00042403
5.03316450	1.00000000	1.00000000	1.00000000	1.00000000	1.00000000	1.00000000	1.00000000	1.00000000
5.45259476	0.00000000	0.00000000	0.00000000	0.00000000	0.00000000	0.00000000	0.00000000	0.00000000
5.87202549	0.00000000	0.00000000	0.00000000	0.00000000	0.00000000	0.00000000	0.00000000	0.00000000
6.29145575	0.00000000	0.00000000	0.00000000	0.00000000	0.00000000	0.00000000	0.00000000	0.00000000
6.71088600	0.00000000	0.00000000	0.00000000	0.00000000	0.00000000	0.00000000	0.00000000	0.00000000
7.54974699	0.00000000	0.00000000	0.00000000	0.00000000	0.00000000	0.00000000	0.00000000	0.00000000
8.38860798	0.00000000	0.00000000	0.00000000	0.00000000	0.00000000	0.00000000	0.00000000	0.00000000
9.22746849	0.00000000	0.00000000	0.00000000	0.00000000	0.00000000	0.00000000	0.00000000	0.00000000
10.06632900	0.00000000	0.00000000	0.00000000	0.00000000	0.00000000	0.00000000	0.00000000	0.00000000
10.90518951	0.00000000	0.00000000	0.00000000	0.00000000	0.00000000	0.00000000	0.00000000	0.00000000
11.74405098	0.00000000	0.00000000	0.00000000	0.00000000	0.00000000	0.00000000	0.00000000	0.00000000
12.58291149	0.00000000	0.00000000	0.00000000	0.00000000	0.00000000	0.00000000	0.00000000	0.00000000
13.42177200	0.00000000	0.00000000	0.00000000	0.00000000	0.00000000	0.00000000	0.00000000	0.00000000
15.09949398	0.00000000	0.00000000	0.00000000	0.00000000	0.00000000	0.00000000	0.00000000	0.00000000
16.77721596	0.00000000	0.00000000	0.00000000	0.00000000	0.00000000	0.00000000	0.00000000	0.00000000
18.45493698	0.00000000	0.00000000	0.00000000	0.00000000	0.00000000	0.00000000	0.00000000	0.00000000
20.13265800	0.00000000	0.00000000	0.00000000	0.00000000	0.00000000	0.00000000	0.00000000	0.00000000
21.81037903	0.00000000	0.00000000	0.00000000	0.00000000	0.00000000	0.00000000	0.00000000	0.00000000
23.48810196	0.00000000	0.00000000	0.00000000	0.00000000	0.00000000	0.00000000	0.00000000	0.00000000
25.16582298	0.00000000	0.00000000	0.00000000	0.00000000	0.00000000	0.00000000	0.00000000	0.00000000
26.84354401	0.00000000	0.00000000	0.00000000	0.00000000	0.00000000	0.00000000	0.00000000	0.00000000
30.19898796	0.00000000	0.00000000	0.00000000	0.00000000	0.00000000	0.00000000	0.00000000	0.00000000
33.55443192	0.00000000	0.00000000	0.00000000	0.00000000	0.00000000	0.00000000	0.00000000	0.00000000
36.90987396	0.00000000	0.00000000	0.00000000	0.00000000	0.00000000	0.00000000	0.00000000	0.00000000
40.26531601	0.00000000	0.00000000	0.00000000	0.00000000	0.00000000	0.00000000	0.00000000	0.00000000
43.62075806	0.00000000	0.00000000	0.00000000	0.00000000	0.00000000	0.00000000	0.00000000	0.00000000
46.97620392	0.00000000	0.00000000	0.00000000	0.00000000	0.00000000	0.00000000	0.00000000	0.00000000
50.33164597	0.00000000	0.00000000	0.00000000	0.00000000	0.00000000	0.00000000	0.00000000	0.00000000
53.68708801	0.00000000	0.00000000	0.00000000	0.00000000	0.00000000	0.00000000	0.00000000	0.00000000
60.39797592	0.00000000	0.00000000	0.00000000	0.00000000	0.00000000	0.00000000	0.00000000	0.00000000
67.10886383	0.00000000	0.00000000	0.00000000	0.00000000	0.00000000	0.00000000	0.00000000	0.00000000
73.81974792	0.00000000	0.00000000	0.00000000	0.00000000	0.00000000	0.00000000	0.00000000	0.00000000
80.53063202	0.00000000	0.00000000	0.00000000	0.00000000	0.00000000	0.00000000	0.00000000	0.00000000
87.24151611	0.00000000	0.00000000	0.00000000	0.00000000	0.00000000	0.00000000	0.00000000	0.00000000
93.95240784	0.00000000	0.00000000	0.00000000	0.00000000	0.00000000	0.00000000	0.00000000	0.00000000
100.66329193	0.00000000	0.00000000	0.00000000	0.00000000	0.00000000	0.00000000	0.00000000	0.00000000
107.37417603	0.00000000	0.00000000	0.00000000	0.00000000	0.00000000	0.00000000	0.00000000	0.00000000
120.79595184	0.00000000	0.00000000	0.00000000	0.00000000	0.00000000	0.00000000	0.00000000	0.00000000
134.21772766	0.00000000	0.00000000	0.00000000	0.00000000	0.00000000	0.00000000	0.00000000	0.00000000
147.63949585	0.00000000	0.00000000	0.00000000	0.00000000	0.00000000	0.00000000	0.00000000	0.00000000
161.06126404	0.00000000	0.00000000	0.00000000	0.00000000	0.00000000	0.00000000	0.00000000	0.00000000
174.48303223	0.00000000	0.00000000	0.00000000	0.00000000	0.00000000	0.00000000	0.00000000	0.00000000
187.90481567	0.00000000	0.00000000	0.00000000	0.00000000	0.00000000	0.00000000	0.00000000	0.00000000
201.32658386	0.00000000	0.00000000	0.00000000	0.00000000	0.00000000	0.00000000	0.00000000	0.00000000
214.74835205	0.00000000	0.00000000	0.00000000	0.00000000	0.00000000	0.00000000	0.00000000	0.00000000
241.59190369	0.00000000	0.00000000	0.00000000	0.00000000	0.00000000	0.00000000	0.00000000	0.00000000
268.43545532	0.00000000	0.00000000	0.00000000	0.00000000	0.00000000	0.00000000	0.00000000	0.00000000
295.27899170	0.00000000	0.00000000	0.00000000	0.00000000	0.00000000	0.00000000	0.00000000	0.00000000
322.12252808	0.00000000	0.00000000	0.00000000	0.00000000	0.00000000	0.00000000	0.00000000	0.00000000
348.96606445	0.00000000	0.00000000	0.00000000	0.00000000	0.00000000	0.00000000	0.00000000	0.00000000
375.80963135	0.00000000	0.00000000	0.00000000	0.00000000	0.00000000	0.00000000	0.00000000	0.00000000
402.65316772	0.00000000	0.00000000	0.00000000	0.00000000	0.00000000	0.00000000	0.00000000	0.00000000
429.49670410	0.00000000	0.00000000	0.00000000	0.00000000	0.00000000	0.00000000	0.00000000	0.00000000
483.18380737	0.00000000	0.00000000	0.00000000	0.00000000	0.00000000	0.00000000	0.00000000	0.00000000
536.87091064	0.00000000	0.00000000	0.00000000	0.00000000	0.00000000	0.00000000	0.00000000	0.00000000
590.55798340	0.00000000	0.00000000	0.00000000	0.00000000	0.00000000	0.00000000	0.00000000	0.00000000
644.24505615	0.00000000	0.00000000	0.00000000	0.00000000	0.00000000	0.00000000	0.00000000	0.00000000
697.93212891	0.00000000	0.00000000	0.00000000	0.00000000	0.00000000	0.00000000	0.00000000	0.00000000
751.61926270	0.00000000	0.00000000	0.00000000	0.00000000	0.00000000	0.00000000	0.00000000	0.00000000
805.30633545	0.00000000	0.00000000	0.00000000	0.00000000	0.00000000	0.00000000	0.00000000	0.00000000
858.99340820	0.00000000	0.00000000	0.00000000	0.00000000	0.00000000	0.00000000	0.00000000	0.00000000
966.36761475	0.00000000	0.00000000	0.00000000	0.00000000	0.00000000	0.00000000	0.00000000	0.00000000
1073.74182129	0.00000000	0.00000000	0.00000000	0.00000000	0.00000000	0.00000000	0.00000000	0.00000000
1181.11596680	0.00000000	0.00000000	0.00000000	0.00000000	0.00000000	0.00000000	0.00000000	0.00000000
1288.49011230	0.00000000	0.00000000	0.00000000	0.00000000	0.00000000	0.00000000	0.00000000	0.00000000
1395.86425781	0.00000000	0.00000000	0.00000000	0.00000000	0.00000000	0.00000000	0.00000000	0.00000000
1503.23852539	0.00000000	0.00000000	0.00000000	0.00000000	0.00000000	0.00000000	0.00000000	0.00000000
1610.61267090	0.00000000	0.00000000	0.00000000	0.00000000	0.00000000	0.00000000	0.00000000	0.00000000
1717.98681641	0.00000000	0.00000000	0.00000000	0.00000000	0.00000000	0.00000000	0.00000000	0.00000000
1932.73522949	0.00000000	0.00000000	0.00000000	0.00000000	0.00000000	0.00000000	0.00000000	0.00000000
2147.48364258	0.00000000	0.00000000	0.00000000	0.00000000	0.00000000	0.00000000	0.00000000	0.00000000
2362.23193359	0.00000000	0.00000000	0.00000000	0.00000000	0.00000000	0.00000000	0.00000000	0.00000000
2576.98022461	0.00000000	0.00000000	0.00000000	0.00000000	0.00000000	0.00000000	0.00000000	0.00000000
2791.72851562	0.00000000	0.00000000	0.00000000	0.00000000	0.00000000	0.00000000	0.00000000	0.00000000
3006.47705078	0.00000000	0.00000000	0.00000000	0.00000000	0.00000000	0.00000000	0.00000000	0.00000000
3221.22534180	0.00000000	0.00000000	0.00000000	0.00000000	0.00000000	0.00000000	0.00000000	0.00000000
3435.97363281	0.00000000	0.00000000	0.00000000	0.00000000	0.00000000	0.00000000	0.00000000	0.00000000
0	0	0	0	0	0	0	0	0
