%4/14/2015 3:20:59 PM
%Duration	ID1		ID2		ID3		ID4		ID5		ID6		ID7		ID8
3000.000000	0.410080	0.276566	0.610352	0.419617	0.572205	2.050400	1.258850	0.877380
%Tau		Tau1		Tau2		Tau3		Tau4		Tau5		Tau6		Tau7		Tau8
%		0.000001	0.000002	0.000002	0.000002	0.000003	0.000192	0.000002	0.000002
%Delaytime	D1		D2		D3		D4		D5		D6		D7		D8
0.00000000	14.06119537	96.48651123	59.96693802	73.77021790	35.74662018	2.59595895	18.47449112	40.30572891
0.00000020	14.06119537	6.89189339	3.15615463	0.00000000	4.76621580	1.49549806	1.75947547	5.20073938
0.00000040	0.00000000	0.00000000	0.00000000	3.51286745	2.38310790	1.10046089	1.75947547	0.00000000
0.00000060	0.00000000	6.89189339	0.00000000	3.51286745	0.00000000	1.18511176	4.39868879	1.30018485
0.00000080	14.06119537	0.00000000	3.15615463	0.00000000	2.38310790	1.52371502	2.63921309	2.60036969
0.00000100	0.00000000	0.00000000	0.00000000	3.51286745	2.38310790	1.01581001	0.87973773	1.30018485
0.00000120	0.00000000	6.89189339	3.15615463	3.51286745	2.38310790	1.52371502	3.51895094	0.00000000
0.00000140	0.00000000	0.00000000	0.00000000	3.51286745	2.38310790	1.10046089	0.87973773	2.60036969
0.00000160	0.00000000	0.00000000	0.00000000	3.51286745	0.00000000	1.24154556	0.87973773	2.60036969
0.00000180	0.00000000	0.00000000	6.31230927	0.00000000	0.00000000	1.55193198	0.87973773	0.00000000
0.00000200	14.06119537	0.00000000	3.15615463	7.02573490	2.38310790	0.76185751	0.00000000	2.60036969
0.00000220	0.00000000	0.00000000	3.15615463	0.00000000	0.00000000	1.01581001	2.63921309	1.30018485
0.00000240	0.00000000	0.00000000	3.15615463	0.00000000	0.00000000	0.84650838	1.75947547	3.90055442
0.00000260	0.00000000	0.00000000	0.00000000	0.00000000	0.00000000	1.46728110	0.87973773	0.00000000
0.00000280	0.00000000	0.00000000	0.00000000	3.51286745	2.38310790	1.04402697	0.00000000	1.30018485
0.00000300	0.00000000	6.89189339	0.00000000	0.00000000	0.00000000	1.04402697	2.63921309	0.00000000
0.00000340	0.00000000	0.00000000	0.00000000	0.00000000	1.19155395	1.35441339	2.19934440	0.00000000
0.00000380	0.00000000	0.00000000	3.15615463	0.00000000	4.76621580	1.34030485	2.63921309	1.30018485
0.00000420	7.03059769	3.44594669	0.00000000	1.75643373	2.38310790	1.26976252	0.43986887	1.30018485
0.00000460	0.00000000	3.44594669	0.00000000	0.00000000	0.00000000	1.22743714	0.43986887	1.95027721
0.00000500	0.00000000	6.89189339	0.00000000	1.75643373	0.00000000	1.34030485	2.63921309	2.60036969
0.00000540	0.00000000	0.00000000	0.00000000	1.75643373	1.19155395	1.42495573	1.31960654	1.30018485
0.00000580	0.00000000	0.00000000	4.73423195	3.51286745	1.19155395	1.08635235	0.87973773	1.30018485
0.00000620	0.00000000	0.00000000	0.00000000	0.00000000	0.00000000	1.14278626	0.43986887	1.30018485
0.00000700	0.00000000	0.00000000	0.00000000	1.75643373	2.97888494	1.34735918	3.07908201	0.65009242
0.00000780	0.00000000	1.72297335	0.78903866	0.00000000	0.59577698	1.29797947	1.09967220	0.97513860
0.00000860	3.51529884	1.72297335	3.15615463	0.87821686	2.38310790	1.12867785	1.31960654	0.00000000
0.00000940	3.51529884	1.72297335	0.00000000	0.87821686	1.19155395	1.18511176	1.31960654	1.30018485
0.00001020	0.00000000	0.00000000	1.57807732	0.87821686	0.00000000	1.17100322	1.53954101	0.97513860
0.00001100	0.00000000	0.00000000	0.78903866	1.75643373	1.78733099	1.43200994	1.97940981	0.32504621
0.00001180	3.51529884	0.00000000	2.36711597	0.00000000	2.97888494	1.17805743	1.53954101	0.32504621
0.00001260	0.00000000	1.72297335	1.57807732	1.75643373	1.19155395	1.29797947	1.53954101	1.30018485
0.00001420	0.00000000	0.86148667	0.78903866	0.87821686	0.59577698	1.24507272	1.09967220	0.81261551
0.00001580	1.75764942	1.72297335	0.78903866	1.75643373	0.89366549	1.22743714	0.87973773	0.65009242
0.00001740	3.51529884	3.44594669	0.78903866	1.31732523	1.19155395	1.22038293	0.87973773	1.46270788
0.00001900	0.00000000	0.00000000	1.18355799	0.87821686	0.89366549	1.19569302	0.87973773	1.30018485
0.00002060	1.75764942	0.00000000	1.97259665	0.00000000	1.78733099	1.29797947	0.87973773	1.78775406
0.00002220	0.00000000	1.72297335	0.39451933	0.43910843	0.59577698	1.15336764	0.87973773	1.46270788
0.00002380	0.00000000	2.58446002	0.00000000	2.63465047	0.29788849	1.19922018	1.31960654	1.13766170
0.00002540	0.00000000	1.72297335	1.18355799	1.31732523	0.29788849	1.44611847	0.65980327	1.30018485
0.00002860	3.45763254	0.82904190	0.57917815	1.05501449	0.87957639	1.12971783	1.18815351	1.19069433
0.00003180	0.00000000	0.41452095	0.96529692	0.84401160	0.87957639	1.25949395	1.51219535	1.11131477
0.00003500	0.86440814	1.65808380	2.31671262	0.63300872	0.73298031	1.18795073	1.35017443	0.71441662
0.00003820	0.86440814	1.24356282	1.93059385	0.84401160	0.87957639	1.16299379	1.18815351	1.27007401
0.00004140	0.00000000	0.82904190	0.77223754	1.68802321	1.17276847	1.16465759	1.18815351	1.27007401
0.00004460	0.00000000	2.48712564	0.57917815	1.89902604	1.46596062	1.18961453	1.35017443	0.79379624
0.00004780	0.86440814	2.07260489	1.54447508	1.05501449	0.87957639	1.19294214	0.91811860	1.42883325
0.00005100	0.86440814	0.82904190	1.54447508	0.42200580	1.17276847	1.21457148	1.02613246	1.19069433
0.00005740	2.16250467	1.24711680	1.06113815	1.37431359	0.80833328	1.20689082	1.10790312	1.15340221
0.00006380	1.29750276	1.45496953	1.15760517	1.16288066	1.17575753	1.10394526	0.99981499	0.99431229
0.00007020	1.73000371	1.45496953	1.54347360	1.48002994	1.02878785	1.17759740	1.18896925	1.11362970
0.00007660	1.29750276	0.00000000	0.67526972	1.69146287	1.46969688	1.15834737	1.48621154	1.19317472
0.00008300	1.29750276	0.62326175	1.15760517	1.05716431	1.10227263	1.24957561	0.97279298	0.83522230
0.00008940	1.73000371	1.45427740	1.73640788	0.95144784	1.39621210	1.17676044	1.24301326	1.11362970
0.00009580	0.86500186	1.03876948	0.77173680	0.84573144	1.10227263	1.18429303	1.02683699	0.99431229
0.00010220	2.59500551	1.03876948	1.44700646	1.05716431	1.17575753	1.14662993	1.10790312	1.39203715
0.00011500	1.08422792	1.04622388	1.20583880	1.00703883	1.03082895	1.22886384	0.96093035	1.03624117
0.00012780	0.86738229	1.25546861	1.01290452	1.00703883	0.88356763	1.19138312	1.13687539	1.19566286
0.00014060	0.86738229	1.04622388	0.86820394	1.06004095	1.14127481	1.19475222	1.24514925	0.97645801
0.00015340	0.65053672	1.46471334	0.91643745	0.90103477	1.58305871	1.25876427	1.00153303	1.05616879
0.00016620	1.51791906	1.67395818	0.91643745	0.79503071	1.06764424	1.16948426	1.29928613	1.23551822
0.00017900	1.95161021	0.94160146	0.86820394	1.06004095	0.84675235	1.17706466	1.15040958	1.07609653
0.00019180	1.51791906	0.83697909	1.15760517	0.90103477	0.84675235	1.15516579	1.08255255	1.09602427
0.00020460	1.30107343	0.94160146	1.30230582	0.84803271	0.84675235	1.18924141	1.24493539	1.33515680
0.00023020	0.86797887	0.78842854	0.96529692	1.16922235	0.90248656	1.21563756	0.90835297	1.27803600
0.00025580	0.54248679	1.05123806	0.77223754	1.14264917	1.01299512	1.18065739	1.08460057	0.96851164
0.00028140	1.41046560	1.05123806	0.91703206	0.98320973	1.06824934	1.19632888	1.05070686	1.10829687
0.00030700	0.86797887	0.99867618	0.84463477	0.95663649	0.90248656	1.18951583	1.13205183	0.89861906
0.00033260	1.41046560	1.10380006	1.25488603	1.06292939	1.03141320	1.18273926	1.28118443	1.10829687
0.00035820	0.54248679	1.15636194	1.32728326	1.19579566	1.19717598	1.21616209	1.35575068	0.99846560
0.00038380	1.30196834	0.84099048	0.82050240	1.16922235	0.93932271	1.16622114	0.94902551	1.15822017
0.00040940	0.43398944	0.99867618	1.11009145	1.03635621	0.95774084	1.17575073	1.02359176	1.18817413
0.00046060	1.14551628	1.52429521	1.13791180	1.26653576	1.02481604	1.19691873	1.10211575	1.00950313
0.00051180	0.92732269	1.26148570	1.02896285	1.01322865	0.96942061	1.19720209	1.06820452	1.23939002
0.00056300	0.98119444	0.94611430	1.05317366	1.18654406	1.06174636	1.18596816	1.12924480	1.08946371
0.00061420	1.09021604	0.97239524	1.31949353	1.15988016	0.98788577	1.21131206	1.09533358	1.14943421
0.00066540	1.25288498	1.05123806	0.94422472	1.06655645	0.94172287	1.19350338	1.05803120	1.11445141
0.00071660	0.87157214	0.78842854	1.02896285	1.10655224	1.06174636	1.20491374	1.04785776	1.21939981
0.00076780	0.65367913	0.91983336	1.02896285	1.17321205	1.07128286	1.20263767	1.09533358	1.22439730
0.00081900	1.25288498	1.18264282	1.11370087	1.18654406	1.13592923	1.19112098	1.13263595	1.14443672
0.00092140	1.28100383	1.25917161	0.98980689	1.00262964	1.16264486	1.20011795	1.12134540	1.09743738
0.00102380	1.03570521	1.06035507	1.00802422	0.96252447	1.07959890	1.19009197	1.11455965	1.11748195
0.00112620	0.92668360	0.96757394	0.98373443	0.98892373	1.13034928	1.18442619	1.15188122	1.08012426
0.00122860	0.95393902	1.06035507	1.00769627	1.08247054	1.08421254	1.18967843	1.16714919	1.18036771
0.00133100	1.00844979	1.19289947	0.88021660	0.96887797	1.04730320	1.19428873	1.08232737	1.20793474
0.00143340	0.92668360	1.21940827	0.98341441	0.94915611	1.09805357	1.19076777	1.05688071	1.09766686
0.00153580	1.25374842	1.07360947	1.01983714	0.98926127	1.12112188	1.20250762	1.07026815	1.17761552
0.00163820	1.06296062	1.06035507	1.01376677	1.18310297	1.10266721	1.19587994	1.01938379	1.15005434
0.00184300	0.76578861	1.07878971	1.09462810	1.05456078	1.00258815	1.20633483	1.11744082	1.08820856
0.00204780	0.97091055	0.96511829	0.93912387	1.04116952	1.00027800	1.19988084	1.14229953	1.12962830
0.00225260	1.01193488	1.10489404	1.05498981	0.96082199	1.15505552	1.19677377	1.10402441	1.13715923
0.00245740	1.08030891	0.97843027	1.09767723	1.08134329	1.03261960	1.19513083	1.10383415	1.17080307
0.00266220	0.84783739	1.07161403	1.12816823	1.05492103	1.05572069	1.19738340	1.15655971	1.12813711
0.00286700	1.10765851	1.19807792	1.08852994	1.11520219	1.04387403	1.17952776	1.10449433	1.10178471
0.00307180	1.01193488	1.04499018	0.96961486	1.06831682	1.09699154	1.19958925	1.10109329	1.12186277
0.00327660	1.13500810	0.95846230	1.00010598	1.05492103	1.12239552	1.19870067	1.11620581	1.18837142
0.00368620	1.08714628	1.22255158	1.15021050	1.06071329	1.06799018	1.19835329	1.12783992	1.14095080
0.00409580	1.13500810	1.06265390	1.00337505	1.12974381	1.06073880	1.20194697	1.12443769	1.11329138
0.00450540	0.93672353	1.00269222	1.05419409	0.99370688	1.08853102	1.20119655	1.16739082	1.08226228
0.00491500	0.92988616	1.07930982	1.09244490	1.06107676	1.10011113	1.19623816	1.09679461	1.15100884
0.00532460	0.95723575	1.05932260	1.07067466	1.07286656	1.12674546	1.19920516	1.10232317	1.10803044
0.00573420	1.09398365	1.14538169	1.03549528	1.07791924	1.04800057	1.19202042	1.08408809	1.15743899
0.00614380	0.95723575	1.15870011	0.99540234	1.06576431	1.09200501	1.19144666	1.09410298	1.11808634
0.00655340	1.16919506	1.19199610	1.05503476	1.11252606	1.08737302	1.20326269	1.10090387	1.10111701
0.00737260	0.98869151	1.14592505	1.02718687	1.02331746	1.08667660	1.20089066	1.09624994	1.12223721
0.00819180	1.06710505	1.03867149	1.03871095	1.03176761	1.07592165	1.19352782	1.13691604	1.13807571
0.00901100	1.03983080	1.08368611	1.07328343	1.06266868	1.09101009	1.19598794	1.13969862	1.11924624
0.00983020	1.11670184	1.02916420	0.98076934	1.00522709	1.04834819	1.19980407	1.09296703	1.15044141
0.01064940	1.00163698	1.03800476	1.08563387	1.04999769	1.05763066	1.20047140	1.09700716	1.08805096
0.01146860	0.96823585	1.05200911	1.09029543	1.02937114	1.09824181	1.19864380	1.12379980	1.12082171
0.01228780	1.00573790	1.11036146	1.08185554	0.98208255	1.04109013	1.19242609	1.13524806	1.13665390
0.01310700	1.00232863	1.09535658	1.07034636	1.03492725	1.09676957	1.19882321	1.09889758	1.10987580
0.01474540	0.99313396	1.07471871	1.06510937	1.05561149	1.10450161	1.19916785	1.09785843	1.12585557
0.01638380	1.11372995	1.12619936	1.09743392	1.00479734	1.06933188	1.20173848	1.11655843	1.10957515
0.01802220	1.04513538	1.07181513	1.07129538	1.07523036	1.09490979	1.20378804	1.12141871	1.13075817
0.01966060	1.04928052	1.11036098	1.05100346	1.05785370	1.05449879	1.20320022	1.14017296	1.13857830
0.02129900	0.95855969	1.09316182	1.06867385	1.09562147	1.05477977	1.19931567	1.14531922	1.10557055
0.02293740	1.08276701	1.13091266	1.04148686	1.05621982	1.08613455	1.20124805	1.10810304	1.12357306
0.02457580	1.08009136	1.04650247	1.10027003	1.02112818	1.09192264	1.19742513	1.11796367	1.11907494
0.02621420	1.08522654	1.01949811	1.02584457	1.03947413	1.09134197	1.19802356	1.11404407	1.10344446
0.02949100	1.07581365	1.13268685	1.08565271	1.05455506	1.09706783	1.20221066	1.11569512	1.12356710
0.03276780	1.04829383	1.05255628	1.08993948	1.05568075	1.07713139	1.20104849	1.12016916	1.12294006
0.03604460	1.04915023	1.12194633	1.05473304	1.08951890	1.07564807	1.20060253	1.11426449	1.13202393
0.03932140	1.08683395	1.09028482	1.07990873	1.05905318	1.06792986	1.20096385	1.11850238	1.11678481
0.04259820	1.01660514	1.03625369	1.06958163	1.05274868	1.06139147	1.19955790	1.10818541	1.12436628
0.04587500	1.04658091	1.15162528	1.03812337	1.04869998	1.08968580	1.19486499	1.10802543	1.12421131
0.04915180	1.07826948	1.06509662	1.07942688	1.06266010	1.06111288	1.19677269	1.13134873	1.09533083
0.05242860	1.03630352	1.09800851	1.09656441	1.03802037	1.07232356	1.19649482	1.11359215	1.13446820
0.05898220	1.04457331	1.07700515	1.07396567	1.05418932	1.06865287	1.19806337	1.11850405	1.10970926
0.06553581	1.05326033	1.06320620	1.04847443	1.03696215	1.06624103	1.19671071	1.12120831	1.11785507
0.07208940	1.06920016	1.05561447	1.06676793	1.05253816	1.08607376	1.19477892	1.12116396	1.10783362
0.07864300	1.07401490	1.07892549	1.06397021	1.04516280	1.07743406	1.19326675	1.11253262	1.10206246
0.08519660	1.03244913	1.05293858	1.06044936	1.06292939	1.06336021	1.19354439	1.11293316	1.09861350
0.09175020	1.05317569	1.07821548	1.07318914	1.04364443	1.06654346	1.19143701	1.12687969	1.12750471
0.09830380	1.06327558	1.07852364	1.06454778	1.04640210	1.07592273	1.19000614	1.10112751	1.12183273
0.10485740	1.03995883	1.01972103	1.06365275	1.02911127	1.06135666	1.18844485	1.12032282	1.12337124
0.11796460	1.03756261	1.06636560	1.06220317	1.03735197	1.06258035	1.18521750	1.11384547	1.10795510
0.13107181	1.03720868	1.05261409	1.05046153	1.05185544	1.06775331	1.18283260	1.11135852	1.11411595
0.14417900	1.04741442	1.07439959	1.06853580	1.04982221	1.06072032	1.17989278	1.10097361	1.11711764
0.15728620	1.04012847	1.06113160	1.06759453	1.04932439	1.07308662	1.17574644	1.11238098	1.10968328
0.17039341	1.04151046	1.06818891	1.07121885	1.03978968	1.06883395	1.17467284	1.09808290	1.11191404
0.18350060	1.04344356	1.06235588	1.05309069	1.04856098	1.07004941	1.17224169	1.11786211	1.10787559
0.19660780	1.05754757	1.04865181	1.06793118	1.02947366	1.05986989	1.16908944	1.10575426	1.10858107
0.20971501	1.04895246	1.07730186	1.05757523	1.03823125	1.05927098	1.16520500	1.10804868	1.11544216
0.23592941	1.03004360	1.06201756	1.05522239	1.03443706	1.06640148	1.15712202	1.09730327	1.10389352
0.26214382	1.03979146	1.05756736	1.05314171	1.03927267	1.06566656	1.15027654	1.09680152	1.10716403
0.28835821	1.04282701	1.04127073	1.05133832	1.03921163	1.06361210	1.14358115	1.09737217	1.10061216
0.31457260	1.03100026	1.04881394	1.04996526	1.02872396	1.05996120	1.13711679	1.09256709	1.10120285
0.34078699	1.04662597	1.04816890	1.04517543	1.02322876	1.05027843	1.13100505	1.09325647	1.09493029
0.36700141	1.03140974	1.05984235	1.04454517	1.02207351	1.05114567	1.12559497	1.09214592	1.10084629
0.39321581	1.03029370	1.04178572	1.04371727	1.02554834	1.04501414	1.12047791	1.09055412	1.09639323
0.41943020	1.04052591	1.04414952	1.04192615	1.01972020	1.04283738	1.11503983	1.08309090	1.09194875
0.47185901	1.02825642	1.06183648	1.03844547	1.02466714	1.05170441	1.10322237	1.08225453	1.09178376
0.52428782	1.04636371	1.05943108	1.02979696	1.02035999	1.04586506	1.09495389	1.07703662	1.08658755
0.57671660	1.02914941	1.05092025	1.03206599	1.01793575	1.04375899	1.08986807	1.07067239	1.07995546
0.62914538	1.03207135	1.05061865	1.03285241	1.01736271	1.04132187	1.08356953	1.06577158	1.08357716
0.68157423	1.02132952	1.05272758	1.03021801	1.01812220	1.03707778	1.07958007	1.06680620	1.07907832
0.73400301	1.05196011	1.04201961	1.03243101	1.01754260	1.03817618	1.07774341	1.06243503	1.07009721
0.78643179	1.03291762	1.03215170	1.03423417	1.01957023	1.04232907	1.07741940	1.06162703	1.06803286
0.83886063	1.02979517	1.03375435	1.03438556	1.00986755	1.03748238	1.07875562	1.06004274	1.06810677
0.94371825	1.02063346	1.04959440	1.03364849	1.01291370	1.03455377	1.08610356	1.05447340	1.06321299
1.04857588	1.02032542	1.04747462	1.03254879	1.02173543	1.04053497	1.08955657	1.04940617	1.05619025
1.15343344	1.02140629	1.04285967	1.02978075	1.02368450	1.03882492	1.09113121	1.04207087	1.04774153
1.25829101	1.00359309	1.03687656	1.03179979	1.02157211	1.03673732	1.09102821	1.03748059	1.04056501
1.36314869	1.00820613	1.03478134	1.03296661	1.02199745	1.03627121	1.09305060	1.03117955	1.03201842
1.46800625	1.00811374	1.03877175	1.03266382	1.02631485	1.02928710	1.08883262	1.03013062	1.03001976
1.57286382	1.02088702	1.03461111	1.03451025	1.02419972	1.03609490	1.08536601	1.03358400	1.02976573
1.67772150	1.00830400	1.03133476	1.03123677	1.02134407	1.01932693	1.07675004	1.03012919	1.02989352
1.88743675	0.99908841	1.01364696	1.01368594	1.00656712	1.01391637	1.03217804	1.01158345	1.01571381
2.09715199	0.99649936	1.02663016	1.00406671	1.00815499	1.00293446	1.00268674	1.00298691	1.00750983
2.30686712	1.00663674	0.99449283	1.00511563	1.00882173	0.99481910	0.98665631	1.00298953	1.00509119
2.51658225	1.00761509	0.99686927	1.00344062	0.99594319	0.99596369	0.97605038	1.01137245	1.00920546
2.72629738	1.00960100	1.00692844	1.00030386	0.98984683	0.99581248	0.97605443	1.01359165	1.00785995
2.93601274	1.01675057	0.99282962	1.00157487	0.99642706	0.99986303	0.97719681	1.00276446	1.00015068
3.14572787	0.99581450	1.00500000	0.99576253	0.98927164	0.99520761	0.98772448	0.99603826	0.98942727
3.35544300	0.99984777	0.99834317	0.99908489	0.99843860	1.00086200	1.01000810	0.99363035	0.98864377
3.77487350	1.00206387	0.99489945	1.00669420	1.00943851	0.99922621	1.04675734	0.99681526	0.99572217
4.19430399	1.00372005	0.99941796	1.00357962	1.00500488	1.00104189	1.02123916	1.00962222	1.00793576
4.61373425	0.99310344	1.00046408	0.99767536	1.00368619	0.99925786	0.99983865	0.99592692	1.00000000
5.03316450	1.00000000	1.00000000	1.00000000	1.00000000	1.00000000	1.00000000	1.00000000	1.00000000
5.45259476	0.00000000	0.00000000	0.00000000	0.00000000	0.00000000	0.00000000	0.00000000	0.00000000
5.87202549	0.00000000	0.00000000	0.00000000	0.00000000	0.00000000	0.00000000	0.00000000	0.00000000
6.29145575	0.00000000	0.00000000	0.00000000	0.00000000	0.00000000	0.00000000	0.00000000	0.00000000
6.71088600	0.00000000	0.00000000	0.00000000	0.00000000	0.00000000	0.00000000	0.00000000	0.00000000
7.54974699	0.00000000	0.00000000	0.00000000	0.00000000	0.00000000	0.00000000	0.00000000	0.00000000
8.38860798	0.00000000	0.00000000	0.00000000	0.00000000	0.00000000	0.00000000	0.00000000	0.00000000
9.22746849	0.00000000	0.00000000	0.00000000	0.00000000	0.00000000	0.00000000	0.00000000	0.00000000
10.06632900	0.00000000	0.00000000	0.00000000	0.00000000	0.00000000	0.00000000	0.00000000	0.00000000
10.90518951	0.00000000	0.00000000	0.00000000	0.00000000	0.00000000	0.00000000	0.00000000	0.00000000
11.74405098	0.00000000	0.00000000	0.00000000	0.00000000	0.00000000	0.00000000	0.00000000	0.00000000
12.58291149	0.00000000	0.00000000	0.00000000	0.00000000	0.00000000	0.00000000	0.00000000	0.00000000
13.42177200	0.00000000	0.00000000	0.00000000	0.00000000	0.00000000	0.00000000	0.00000000	0.00000000
15.09949398	0.00000000	0.00000000	0.00000000	0.00000000	0.00000000	0.00000000	0.00000000	0.00000000
16.77721596	0.00000000	0.00000000	0.00000000	0.00000000	0.00000000	0.00000000	0.00000000	0.00000000
18.45493698	0.00000000	0.00000000	0.00000000	0.00000000	0.00000000	0.00000000	0.00000000	0.00000000
20.13265800	0.00000000	0.00000000	0.00000000	0.00000000	0.00000000	0.00000000	0.00000000	0.00000000
21.81037903	0.00000000	0.00000000	0.00000000	0.00000000	0.00000000	0.00000000	0.00000000	0.00000000
23.48810196	0.00000000	0.00000000	0.00000000	0.00000000	0.00000000	0.00000000	0.00000000	0.00000000
25.16582298	0.00000000	0.00000000	0.00000000	0.00000000	0.00000000	0.00000000	0.00000000	0.00000000
26.84354401	0.00000000	0.00000000	0.00000000	0.00000000	0.00000000	0.00000000	0.00000000	0.00000000
30.19898796	0.00000000	0.00000000	0.00000000	0.00000000	0.00000000	0.00000000	0.00000000	0.00000000
33.55443192	0.00000000	0.00000000	0.00000000	0.00000000	0.00000000	0.00000000	0.00000000	0.00000000
36.90987396	0.00000000	0.00000000	0.00000000	0.00000000	0.00000000	0.00000000	0.00000000	0.00000000
40.26531601	0.00000000	0.00000000	0.00000000	0.00000000	0.00000000	0.00000000	0.00000000	0.00000000
43.62075806	0.00000000	0.00000000	0.00000000	0.00000000	0.00000000	0.00000000	0.00000000	0.00000000
46.97620392	0.00000000	0.00000000	0.00000000	0.00000000	0.00000000	0.00000000	0.00000000	0.00000000
50.33164597	0.00000000	0.00000000	0.00000000	0.00000000	0.00000000	0.00000000	0.00000000	0.00000000
53.68708801	0.00000000	0.00000000	0.00000000	0.00000000	0.00000000	0.00000000	0.00000000	0.00000000
60.39797592	0.00000000	0.00000000	0.00000000	0.00000000	0.00000000	0.00000000	0.00000000	0.00000000
67.10886383	0.00000000	0.00000000	0.00000000	0.00000000	0.00000000	0.00000000	0.00000000	0.00000000
73.81974792	0.00000000	0.00000000	0.00000000	0.00000000	0.00000000	0.00000000	0.00000000	0.00000000
80.53063202	0.00000000	0.00000000	0.00000000	0.00000000	0.00000000	0.00000000	0.00000000	0.00000000
87.24151611	0.00000000	0.00000000	0.00000000	0.00000000	0.00000000	0.00000000	0.00000000	0.00000000
93.95240784	0.00000000	0.00000000	0.00000000	0.00000000	0.00000000	0.00000000	0.00000000	0.00000000
100.66329193	0.00000000	0.00000000	0.00000000	0.00000000	0.00000000	0.00000000	0.00000000	0.00000000
107.37417603	0.00000000	0.00000000	0.00000000	0.00000000	0.00000000	0.00000000	0.00000000	0.00000000
120.79595184	0.00000000	0.00000000	0.00000000	0.00000000	0.00000000	0.00000000	0.00000000	0.00000000
134.21772766	0.00000000	0.00000000	0.00000000	0.00000000	0.00000000	0.00000000	0.00000000	0.00000000
147.63949585	0.00000000	0.00000000	0.00000000	0.00000000	0.00000000	0.00000000	0.00000000	0.00000000
161.06126404	0.00000000	0.00000000	0.00000000	0.00000000	0.00000000	0.00000000	0.00000000	0.00000000
174.48303223	0.00000000	0.00000000	0.00000000	0.00000000	0.00000000	0.00000000	0.00000000	0.00000000
187.90481567	0.00000000	0.00000000	0.00000000	0.00000000	0.00000000	0.00000000	0.00000000	0.00000000
201.32658386	0.00000000	0.00000000	0.00000000	0.00000000	0.00000000	0.00000000	0.00000000	0.00000000
214.74835205	0.00000000	0.00000000	0.00000000	0.00000000	0.00000000	0.00000000	0.00000000	0.00000000
241.59190369	0.00000000	0.00000000	0.00000000	0.00000000	0.00000000	0.00000000	0.00000000	0.00000000
268.43545532	0.00000000	0.00000000	0.00000000	0.00000000	0.00000000	0.00000000	0.00000000	0.00000000
295.27899170	0.00000000	0.00000000	0.00000000	0.00000000	0.00000000	0.00000000	0.00000000	0.00000000
322.12252808	0.00000000	0.00000000	0.00000000	0.00000000	0.00000000	0.00000000	0.00000000	0.00000000
348.96606445	0.00000000	0.00000000	0.00000000	0.00000000	0.00000000	0.00000000	0.00000000	0.00000000
375.80963135	0.00000000	0.00000000	0.00000000	0.00000000	0.00000000	0.00000000	0.00000000	0.00000000
402.65316772	0.00000000	0.00000000	0.00000000	0.00000000	0.00000000	0.00000000	0.00000000	0.00000000
429.49670410	0.00000000	0.00000000	0.00000000	0.00000000	0.00000000	0.00000000	0.00000000	0.00000000
483.18380737	0.00000000	0.00000000	0.00000000	0.00000000	0.00000000	0.00000000	0.00000000	0.00000000
536.87091064	0.00000000	0.00000000	0.00000000	0.00000000	0.00000000	0.00000000	0.00000000	0.00000000
590.55798340	0.00000000	0.00000000	0.00000000	0.00000000	0.00000000	0.00000000	0.00000000	0.00000000
644.24505615	0.00000000	0.00000000	0.00000000	0.00000000	0.00000000	0.00000000	0.00000000	0.00000000
697.93212891	0.00000000	0.00000000	0.00000000	0.00000000	0.00000000	0.00000000	0.00000000	0.00000000
751.61926270	0.00000000	0.00000000	0.00000000	0.00000000	0.00000000	0.00000000	0.00000000	0.00000000
805.30633545	0.00000000	0.00000000	0.00000000	0.00000000	0.00000000	0.00000000	0.00000000	0.00000000
858.99340820	0.00000000	0.00000000	0.00000000	0.00000000	0.00000000	0.00000000	0.00000000	0.00000000
966.36761475	0.00000000	0.00000000	0.00000000	0.00000000	0.00000000	0.00000000	0.00000000	0.00000000
1073.74182129	0.00000000	0.00000000	0.00000000	0.00000000	0.00000000	0.00000000	0.00000000	0.00000000
1181.11596680	0.00000000	0.00000000	0.00000000	0.00000000	0.00000000	0.00000000	0.00000000	0.00000000
1288.49011230	0.00000000	0.00000000	0.00000000	0.00000000	0.00000000	0.00000000	0.00000000	0.00000000
1395.86425781	0.00000000	0.00000000	0.00000000	0.00000000	0.00000000	0.00000000	0.00000000	0.00000000
1503.23852539	0.00000000	0.00000000	0.00000000	0.00000000	0.00000000	0.00000000	0.00000000	0.00000000
1610.61267090	0.00000000	0.00000000	0.00000000	0.00000000	0.00000000	0.00000000	0.00000000	0.00000000
1717.98681641	0.00000000	0.00000000	0.00000000	0.00000000	0.00000000	0.00000000	0.00000000	0.00000000
1932.73522949	0.00000000	0.00000000	0.00000000	0.00000000	0.00000000	0.00000000	0.00000000	0.00000000
2147.48364258	0.00000000	0.00000000	0.00000000	0.00000000	0.00000000	0.00000000	0.00000000	0.00000000
2362.23193359	0.00000000	0.00000000	0.00000000	0.00000000	0.00000000	0.00000000	0.00000000	0.00000000
2576.98022461	0.00000000	0.00000000	0.00000000	0.00000000	0.00000000	0.00000000	0.00000000	0.00000000
2791.72851562	0.00000000	0.00000000	0.00000000	0.00000000	0.00000000	0.00000000	0.00000000	0.00000000
3006.47705078	0.00000000	0.00000000	0.00000000	0.00000000	0.00000000	0.00000000	0.00000000	0.00000000
3221.22534180	0.00000000	0.00000000	0.00000000	0.00000000	0.00000000	0.00000000	0.00000000	0.00000000
3435.97363281	0.00000000	0.00000000	0.00000000	0.00000000	0.00000000	0.00000000	0.00000000	0.00000000
0	0	0	0	0	0	0	0	0
