%4/14/2015 3:23:12 PM
%Duration	ID1		ID2		ID3		ID4		ID5		ID6		ID7		ID8
3000.000000	2.183914	2.861023	3.957748	4.892349	4.739761	30.679703	31.538010	23.126602
%Tau		Tau1		Tau2		Tau3		Tau4		Tau5		Tau6		Tau7		Tau8
%		0.000001	0.000001	0.000002	0.000003	0.000003	0.000048	0.000035	0.000035
%Delaytime	D1		D2		D3		D4		D5		D6		D7		D8
0.00000000	9.67448330	25.43259048	22.90917587	14.81371117	10.78780174	1.83861506	2.58652258	3.55503154
0.00000020	2.57986236	4.05447102	3.81819582	2.27903247	2.12917137	1.51677775	1.66995621	1.71361816
0.00000040	1.28993118	0.73717654	1.67046070	2.70635104	1.70333719	1.47216666	1.53802621	1.58582294
0.00000060	4.51475906	1.84294128	2.62500978	1.85171390	2.12917137	1.44667459	1.55885732	1.51030755
0.00000080	1.28993118	3.68588257	1.43182349	0.99707675	1.84528196	1.37338495	1.39568067	1.37670338
0.00000100	1.28993118	1.10576475	1.90909791	1.42439532	1.13555813	1.44986117	1.33318758	1.53354299
0.00000120	1.28993118	2.21152949	2.14773512	1.56683493	1.56139243	1.52315080	1.50330782	1.51611638
0.00000140	3.22482777	1.10576475	1.67046070	0.71219766	2.27111626	1.39250398	1.41998363	1.49868977
0.00000160	1.28993118	1.47435308	2.38637233	1.99415350	1.98722672	1.50084531	1.43734276	1.52773416
0.00000180	2.57986236	0.00000000	0.71591175	1.13951623	0.56777906	1.36701190	1.49983597	1.41155672
0.00000200	2.57986236	0.36858827	2.86364698	0.85463721	0.85166860	1.37975800	1.55538547	1.37670338
0.00000220	1.28993118	1.10576475	2.86364698	1.85171390	1.56139243	1.40206349	1.53802621	1.55096972
0.00000240	1.28993118	1.47435308	0.71591175	1.56683493	1.70333719	1.24911118	1.30888462	1.35346794
0.00000260	0.64496559	1.84294128	1.19318616	1.28195584	2.27111626	1.36382544	1.43734276	1.44640994
0.00000280	3.22482777	1.84294128	1.19318616	1.56683493	1.84528196	1.48491275	1.44081461	1.51611638
0.00000300	0.00000000	0.36858827	1.90909791	1.28195584	2.69695044	1.45623410	1.48247671	1.48707199
0.00000340	0.00000000	1.47435308	1.31250489	1.56683493	1.13555813	1.45145440	1.55712140	1.45802772
0.00000380	0.64496559	0.73717654	1.19318616	1.42439532	1.06458569	1.36860514	1.49289227	1.49578536
0.00000420	1.61241388	2.58011770	2.02841663	0.99707675	1.70333719	1.46420038	1.45817387	1.44350553
0.00000460	1.61241388	1.65864718	1.67046070	1.35317552	1.13555813	1.47375989	1.46164572	1.34185016
0.00000500	0.00000000	1.65864718	1.67046070	1.13951623	0.70972383	1.45782745	1.49810004	1.48416758
0.00000540	1.61241388	0.73717654	1.67046070	1.56683493	1.13555813	1.48650599	1.45470202	1.51611638
0.00000580	1.61241388	1.65864718	1.31250489	1.49561512	1.49041998	1.43074203	1.35922635	1.54516077
0.00000620	0.32248279	0.55288237	0.83523035	1.42439532	1.63236475	1.45464087	1.41651177	1.43769658
0.00000700	0.48372418	1.75079417	1.49148273	1.35317552	1.98722672	1.41321623	1.47987282	1.46093214
0.00000780	2.09613800	1.56650007	1.31250489	1.35317552	0.99361336	1.47853971	1.44428647	1.48852432
0.00000860	1.12868977	0.73717654	1.25284553	1.53122497	1.17104435	1.40684330	1.44428647	1.31135356
0.00000940	0.80620694	1.10576475	1.25284553	1.35317552	0.92264098	1.34151983	1.42085159	1.44640994
0.00001020	1.12868977	1.19791186	1.49148273	1.60244477	1.31298912	1.34311306	1.43647480	1.40284336
0.00001100	1.28993118	1.01361775	1.73012006	1.70927441	1.41944766	1.42516565	1.38439727	1.40574777
0.00001180	1.45117247	1.19791186	0.95454895	1.46000516	1.17104435	1.36940181	1.43300295	1.35056353
0.00001260	1.77365530	1.38220596	1.13352692	1.42439532	1.41944766	1.40365672	1.39481270	1.42462659
0.00001420	1.45117247	0.96754420	1.13352692	1.53122497	1.11781502	1.38852084	1.38222730	1.41591334
0.00001580	1.12868977	1.38220596	1.58097172	1.13951623	1.29524601	1.37457991	1.38266134	1.39340389
0.00001740	0.80620694	1.29005885	1.16335654	1.38878548	1.40170455	1.32877386	1.40783215	1.41591334
0.00001900	1.20931041	1.75079417	1.19318616	1.21073604	1.40170455	1.32240081	1.33492351	1.37162066
0.00002060	0.96744835	1.61257362	1.25284553	1.15732121	1.20653045	1.35585916	1.34273505	1.35637236
0.00002220	1.20931041	0.96754420	1.46165311	1.19293106	1.31298912	1.30686653	1.29239333	1.33241069
0.00002380	1.45117247	1.19791186	1.10369730	1.26415086	1.54364932	1.31005311	1.30541277	1.27867866
0.00002540	1.37055182	1.15183830	1.28267515	1.21073604	1.36621833	1.29212904	1.31713021	1.35637236
0.00002860	1.11772919	1.07909775	1.31772685	1.01658034	1.21574008	1.27323282	1.26635790	1.29791629
0.00003180	1.03789139	1.01021922	1.21290767	1.22167993	1.18911815	1.25380838	1.21947992	1.27144611
0.00003500	0.71854019	1.10205722	1.16798520	1.19492781	1.27785826	1.22845495	1.24986374	1.23080623
0.00003820	1.15764809	1.12501681	1.12306261	1.15925825	1.23348820	1.21538198	1.22664177	1.21266353
0.00004140	1.03789139	1.01021922	1.21290767	1.20384514	1.10925198	1.19141507	1.18757677	1.21084917
0.00004460	1.39716148	1.28573346	1.03321767	1.31085360	1.02938581	1.19438624	1.16370368	1.18690073
0.00004780	1.23748589	1.33165252	1.15301096	1.13250613	1.04713380	1.21498585	1.14373708	1.16222656
0.00005100	1.27740479	1.14797628	1.22788179	1.15925825	1.26011026	1.16190207	1.16218448	1.12993240
0.00005740	1.13852811	1.15867829	0.97402471	1.07559276	1.26410770	1.16711211	1.13270032	1.12228096
0.00006380	1.13852811	1.38811958	0.96653223	1.06220365	1.25523674	1.13707185	1.10545480	1.11592913
0.00007020	0.87886381	1.13573420	1.00399470	1.00864708	1.06451166	1.12735581	1.10294616	1.09070325
0.00007660	1.07860565	1.08984590	1.15384471	0.99525797	1.04676986	1.06925797	1.09077704	1.08362544
0.00008300	1.29832160	1.06690180	0.98900974	0.91938633	0.94918960	1.09296453	1.05853891	1.07128465
0.00008940	1.11855400	1.11279011	1.06393468	1.08451879	1.00241518	1.07095456	1.04519916	1.07600319
0.00009580	1.19845068	0.90629292	1.13885975	1.04435146	0.99797970	1.07571340	1.01827955	1.04696620
0.00010220	0.99870890	0.99806947	1.22876966	1.06220365	0.97136694	1.02802515	1.04183424	1.02083290
0.00011500	0.88289756	1.08018494	1.13132763	1.01587200	1.09205103	1.03756523	1.03279305	1.04888511
0.00012780	0.95312804	1.18935251	1.00437999	1.07379460	1.03224301	1.02381372	1.04571450	1.03212106
0.00014060	0.99325973	0.92505199	0.94090611	1.04483330	0.93256289	1.03165758	1.02899265	0.99711233
0.00015340	0.98322684	0.87908667	0.89610106	1.04260552	1.00344646	1.02292013	1.02600658	1.00745165
0.00016620	1.24408293	1.13764155	0.95584112	0.99129730	1.05660927	1.02171803	1.01330233	1.00146580
0.00017900	1.03339148	0.94803464	1.00064623	1.08708560	0.97686517	1.00940645	1.00010943	1.00427735
0.00019180	1.02335846	1.09167624	1.12759387	1.04476047	1.11420214	1.01749837	1.00684166	0.98296380
0.00020460	0.98322684	1.12040460	1.09025633	1.06480920	0.90155131	1.01835287	1.00304115	0.99727970
0.00023020	0.98809713	0.97308528	1.01848781	1.03645813	1.00808692	1.00619864	1.00398278	1.00046158
0.00025580	0.90771139	1.00187480	1.00729573	0.98747408	0.98482335	1.00302362	1.01170433	1.00581229
0.00028140	0.98293608	0.90399051	0.92895043	1.03979802	1.05897152	1.00481176	1.01470482	1.02058709
0.00030700	0.96789116	1.04218006	1.04646826	0.98970062	0.99908572	1.00668490	1.00370574	1.01600432
0.00033260	1.09326565	0.92990106	0.97744989	0.98858738	1.02456129	1.00765347	1.00377631	0.99833995
0.00035820	0.95786119	0.96444845	1.08937156	0.98636085	0.97028726	1.00251245	1.01209438	1.00614405
0.00038380	0.97290611	0.98748004	1.02594924	0.99081391	1.08437347	1.00939190	1.00068343	0.99598056
0.00040940	1.02807093	0.95869052	0.99983424	1.06762981	0.97914833	1.00334251	0.99143189	0.99343967
0.00046060	0.95188630	0.91232842	0.99361080	0.99318480	1.00110209	1.00568342	1.00286400	0.99265265
0.00051180	0.92425901	0.93100601	0.98895037	0.95919627	1.04494202	1.00295329	1.01082742	1.00814056
0.00056300	0.96961081	1.00427961	1.01784527	0.99589592	1.00935590	0.99596930	0.99604869	0.99728978
0.00061420	0.99221832	1.01002657	0.99352127	1.02307141	1.01261485	1.00139999	1.00135493	0.99886936
0.00066540	0.89174050	0.98129183	1.01411688	1.08256531	1.01705372	0.99753106	1.00046194	0.99082363
0.00071660	1.01733780	1.01146328	1.00759220	1.02195942	1.02482176	1.00219131	1.00257897	0.99657243
0.00076780	0.95453918	0.99134898	0.96564806	1.01917934	0.95386630	1.00850439	1.00859082	1.00777185
0.00081900	1.00980198	0.95697439	1.01691318	1.00194275	1.03536403	1.00290763	0.99815488	1.00411046
0.00092140	1.02461267	0.99449563	1.06093693	1.02661407	1.01030636	1.00645757	1.00361753	1.00616431
0.00102380	0.94184101	1.00454831	1.01008284	0.99520129	0.98094177	0.99844533	1.00525963	1.00719070
0.00112620	0.96706635	0.98228878	1.01381528	1.00910079	1.00455868	0.99421626	1.00437546	1.00173819
0.00122860	0.95577759	1.01962721	0.99701941	1.03245187	1.00926840	1.00146806	0.99967366	0.99908692
0.00133100	1.03730714	1.05122137	1.00532663	1.00465286	0.99209172	0.99835205	1.00516474	0.99877477
0.00143340	1.01598406	1.02608967	0.99561971	1.01000500	0.98454309	1.00110912	1.00635135	1.00677097
0.00153580	1.04985023	1.01172876	1.03602278	1.00117850	0.99562407	0.99940717	1.00094295	0.99880338
0.00163820	1.03856146	1.02488303	1.01456535	1.03120553	1.05407608	1.00722182	0.99907148	1.00085902
0.00184300	1.00562000	0.98148179	1.00304985	0.97934538	1.02519834	1.00830007	1.00844789	1.00346875
0.00204780	0.98554516	0.99334157	1.00528765	1.00152755	1.00497305	1.00391531	1.00273430	1.00716817
0.00225260	0.96658212	0.97609103	1.00514543	1.02579927	0.98627520	1.00576973	1.00097227	1.00673735
0.00245740	0.98303586	0.97645044	1.00793946	0.99603367	1.01127386	1.00249577	1.00588059	1.00471902
0.00266220	0.98178118	1.01238894	1.04053617	0.99763328	1.00781155	1.00496519	1.00403571	1.00089526
0.00286700	0.98163599	0.99430835	1.01641297	0.99436569	0.97803563	1.00234401	1.00398183	0.99802661
0.00307180	0.99104464	0.97023225	1.03178144	0.98268527	0.99133092	1.00392604	1.00203955	0.99692047
0.00327660	1.01111639	0.98714930	1.01044989	1.01550174	0.99887860	1.00005245	0.99957955	0.99919689
0.00368620	0.98610657	1.00674820	1.00051844	0.98797286	1.01212525	1.00623906	1.00516820	1.00000334
0.00409580	0.99018782	1.00201237	1.00541723	1.00103986	1.00297260	1.00209582	1.00233340	1.00086761
0.00450540	1.00854599	0.96383524	1.00640213	0.99443549	0.99201721	1.00763726	1.00421178	1.00391173
0.00491500	0.97243679	1.00257361	1.00780153	0.98977697	0.99929786	1.00278461	1.00592029	1.00081933
0.00532460	0.96738517	0.99844486	0.99753928	0.98622864	1.00054574	1.00310493	1.00731778	1.00799584
0.00573420	0.98154259	1.01747310	1.00112808	0.99394858	1.02509141	1.00302780	1.00549901	1.00165558
0.00614380	0.99801791	1.01029265	0.99331403	0.99318343	1.02175975	1.00324130	1.00640571	1.00088727
0.00655340	0.99833190	1.00986707	0.99987161	1.01543462	0.99603921	1.00511885	1.00423849	1.00609112
0.00737260	0.99532914	0.99576116	1.00524259	1.01738548	1.00692356	1.00465739	1.00412214	1.00054014
0.00819180	0.97788244	0.99883085	1.01198447	0.99572051	1.00415146	1.00407350	1.00294542	1.00056767
0.00901100	1.01385593	1.01592910	1.01166773	1.00524843	0.99544996	1.00141692	1.00376046	1.00137520
0.00983020	0.99609518	0.99871910	1.00776207	0.99297404	1.00695670	1.00417089	1.00590301	1.00390315
0.01064940	1.02909362	1.01855290	1.01063335	1.00615251	1.00016379	1.00110281	1.00358391	1.00017107
0.01146860	1.01167870	0.99582648	1.00086296	0.99318302	1.01676536	1.00601184	1.00332713	1.00087118
0.01228780	1.01087868	1.02654254	1.01778841	1.00555992	1.00973308	1.00543272	1.00341046	1.00256479
0.01310700	0.98041975	1.00414264	0.99231458	1.00945055	1.00986993	1.00541651	1.00506258	1.00306106
0.01474540	1.00962985	0.99781722	0.99507421	1.00564933	1.00399971	1.00343931	1.00277209	1.00153959
0.01638380	0.99799931	1.00033033	0.98854607	1.00571787	1.00470924	1.00141454	1.00393665	1.00203300
0.01802220	1.00524092	0.99693990	0.99349868	1.00258863	1.00333750	1.00390518	1.00391483	1.00165689
0.01966060	0.99830413	0.99808288	1.00162399	1.00657201	0.99985296	1.00248098	1.00251102	1.00292552
0.02129900	1.00340092	1.00823212	1.01276755	1.00319779	1.00233126	1.00385249	1.00365591	1.00023520
0.02293740	1.00355804	0.98665184	1.00001490	1.00114584	1.00071967	1.00193489	1.00396442	1.00137711
0.02457580	1.00317383	0.99297994	1.01017392	0.99469489	1.00051224	1.00283420	1.00555754	1.00216484
0.02621420	0.99808717	0.99480456	0.99647027	1.00790465	1.00068521	1.00318158	1.00163293	1.00382781
0.02949100	1.00239742	1.00351691	1.00368607	1.00503933	0.99200058	1.00238609	1.00380397	1.00211465
0.03276780	1.00177300	1.00596464	1.00430727	1.00069332	1.00134194	1.00353277	1.00340617	1.00162923
0.03604460	0.99671417	0.99376523	1.00691473	1.00305712	1.00526142	1.00175345	1.00250006	1.00208545
0.03932140	0.99139231	1.00266337	1.00504041	0.99899781	1.00811779	1.00301850	1.00474215	0.99940491
0.04259820	1.00198710	0.99819523	1.00496757	1.00107586	0.99630779	1.00133801	1.00416780	1.00222111
0.04587500	0.99595803	1.00055158	1.01498258	1.00594187	1.00713372	1.00116408	1.00365198	1.00283754
0.04915180	0.99647772	1.00326967	0.99869221	1.00149262	1.01098001	1.00312126	1.00307429	1.00131655
0.05242860	0.99995095	1.00180912	0.99702018	1.00385678	1.00780690	1.00311911	1.00365508	1.00211287
0.05898220	1.00350261	0.99866301	1.00573683	1.00871563	1.00083196	1.00272655	1.00287497	1.00142348
0.06553581	0.99456358	0.99845243	1.00484562	1.00435364	1.00538659	1.00245607	1.00265181	1.00179231
0.07208940	1.00327575	1.00209105	1.00286663	1.00058711	1.00368226	1.00196767	1.00339305	1.00250638
0.07864300	1.00772154	1.00046039	0.99893951	1.00564981	1.00188196	1.00285757	1.00397158	1.00295448
0.08519660	0.99637932	0.99963021	1.00419116	1.00093043	1.00725758	1.00336266	1.00296116	1.00291765
0.09175020	0.99973613	1.00194347	1.00176501	1.00074553	1.00715744	1.00298917	1.00337803	1.00243866
0.09830380	1.00187171	1.00587809	1.00114119	1.00270927	1.00437987	1.00274563	1.00261593	1.00227451
0.10485740	1.00145090	0.99843830	1.00266695	1.00495744	1.00759554	1.00230956	1.00298238	1.00260127
0.11796460	0.99887878	1.00076151	1.00264871	1.00353193	1.00286174	1.00343359	1.00259995	1.00209987
0.13107181	0.99687737	1.00195587	1.00100148	1.00583816	1.00148761	1.00268853	1.00308716	1.00238013
0.14417900	0.99492121	1.00253010	1.00196183	1.00278878	1.00549781	1.00284314	1.00375748	1.00214183
0.15728620	0.99897140	1.00459909	1.00035119	1.00468433	1.00666320	1.00291657	1.00321007	1.00121450
0.17039341	1.00253439	1.00027227	1.00393224	1.00324357	1.00432754	1.00216901	1.00323439	1.00276947
0.18350060	1.00032878	1.00021636	1.00204062	1.00221789	1.00034916	1.00299752	1.00294304	1.00192094
0.19660780	0.99737990	1.00096262	1.00120199	1.00480390	1.00314748	1.00256383	1.00266111	1.00200856
0.20971501	0.99718094	0.99976593	1.00433505	1.00207269	1.00397527	1.00259817	1.00244522	1.00187469
0.23592941	0.99891955	1.00536835	0.99997175	1.00376725	1.00346923	1.00316536	1.00256133	1.00216568
0.26214382	0.99993467	0.99788541	0.99982041	1.00300276	1.00510979	1.00242853	1.00259554	1.00151217
0.28835821	1.00029242	1.00170791	1.00053847	1.00425255	1.00098395	1.00212908	1.00267875	1.00199068
0.31457260	1.00013304	1.00106025	1.00078785	1.00628066	1.00395107	1.00264728	1.00232649	1.00231743
0.34078699	1.00040460	1.00136530	0.99790901	1.00343764	1.00298738	1.00288439	1.00236297	1.00166738
0.36700141	1.00156415	1.00031900	1.00515676	1.00221872	1.00492561	1.00254560	1.00214505	1.00206935
0.39321581	1.00123060	1.00283158	0.99919915	1.00317061	1.00197160	1.00251484	1.00223589	1.00219798
0.41943020	1.00154901	1.00207424	1.00605011	1.00447369	1.00522804	1.00229263	1.00262272	1.00148463
0.47185901	1.00050330	1.00109291	0.99994618	1.00411034	1.00208724	1.00231886	1.00206864	1.00159812
0.52428782	0.99712926	1.00237513	1.00109398	1.00448751	1.00416768	1.00243199	1.00177169	1.00139177
0.57671660	0.99883294	1.00066912	1.00275958	1.00223005	1.00214005	1.00189424	1.00203669	1.00144386
0.62914538	1.00044858	1.00260615	1.00061023	1.00275338	1.00165474	1.00231719	1.00235868	1.00142992
0.68157423	0.99918777	0.99952495	1.00189042	1.00369883	1.00338316	1.00173366	1.00227296	1.00128233
0.73400301	1.00033224	1.00104678	1.00236344	1.00419152	1.00194669	1.00209296	1.00193393	1.00136638
0.78643179	1.00001442	0.99960792	1.00210559	1.00327420	1.00194597	1.00177622	1.00207055	1.00140882
0.83886063	0.99934542	1.00115502	1.00131154	1.00363553	1.00265872	1.00204420	1.00184464	1.00127089
0.94371825	1.00050461	1.00247097	1.00022995	1.00353074	1.00276208	1.00199056	1.00198710	1.00107837
1.04857588	1.00088799	0.99932158	1.00073457	1.00276840	1.00265455	1.00155306	1.00187981	1.00092161
1.15343344	0.99884135	0.99915302	1.00116622	1.00278115	1.00147510	1.00164247	1.00161147	1.00123239
1.25829101	0.99978185	0.99920613	1.00210333	1.00287080	1.00093317	1.00157464	1.00102341	1.00099456
1.36314869	0.99927402	0.99876505	0.99881804	1.00260067	1.00299168	1.00156283	1.00137734	1.00080001
1.46800625	0.99911070	0.99987584	1.00171280	1.00275195	1.00151289	1.00112665	1.00031030	1.00079262
1.57286382	0.99958783	0.99962288	1.00044501	1.00236559	0.99975306	1.00097525	1.00062621	1.00052357
1.67772150	0.99972075	1.00017726	1.00263834	1.00211143	0.99993289	1.00069249	0.99990946	1.00054538
1.88743675	1.00083792	1.00028849	1.00084817	1.00171769	1.00001609	1.00010586	1.00024617	1.00060177
2.09715199	0.99986130	0.99922633	1.00201488	1.00064766	0.99952489	0.99986631	0.99981940	1.00008702
2.30686712	0.99975550	1.00002813	1.00199831	1.00056255	0.99927783	0.99985939	0.99928945	0.99992788
2.51658225	1.00045455	1.00104892	0.99907643	0.99952489	0.99928868	1.00005448	0.99923646	0.99967569
2.72629738	1.00061274	1.00010729	1.00028574	0.99991268	1.00094748	0.99988377	0.99972463	1.00025940
2.93601274	1.00014842	1.00054550	1.00098825	0.99992347	0.99992871	0.99999762	1.00006413	1.00016284
3.14572787	0.99852121	1.00008810	0.99773294	1.00019228	1.00136209	0.99976486	1.00022042	1.00006402
3.35544300	1.00078857	0.99976701	0.99977964	1.00001991	0.99938834	0.99995404	1.00040972	0.99996400
3.77487350	0.99982810	0.99987215	1.00064230	0.99987602	0.99991888	1.00006855	0.99986947	0.99999493
4.19430399	1.00062692	0.99855506	0.99937087	0.99993771	1.00061703	1.00010931	1.00022221	1.00000167
4.61373425	0.99974942	0.99988842	1.00006425	1.00031602	1.00028741	1.00000286	1.00000739	0.99999905
5.03316450	1.00000000	1.00000000	1.00000000	1.00000000	1.00000000	1.00000000	1.00000000	1.00000000
5.45259476	0.00000000	0.00000000	0.00000000	0.00000000	0.00000000	0.00000000	0.00000000	0.00000000
5.87202549	0.00000000	0.00000000	0.00000000	0.00000000	0.00000000	0.00000000	0.00000000	0.00000000
6.29145575	0.00000000	0.00000000	0.00000000	0.00000000	0.00000000	0.00000000	0.00000000	0.00000000
6.71088600	0.00000000	0.00000000	0.00000000	0.00000000	0.00000000	0.00000000	0.00000000	0.00000000
7.54974699	0.00000000	0.00000000	0.00000000	0.00000000	0.00000000	0.00000000	0.00000000	0.00000000
8.38860798	0.00000000	0.00000000	0.00000000	0.00000000	0.00000000	0.00000000	0.00000000	0.00000000
9.22746849	0.00000000	0.00000000	0.00000000	0.00000000	0.00000000	0.00000000	0.00000000	0.00000000
10.06632900	0.00000000	0.00000000	0.00000000	0.00000000	0.00000000	0.00000000	0.00000000	0.00000000
10.90518951	0.00000000	0.00000000	0.00000000	0.00000000	0.00000000	0.00000000	0.00000000	0.00000000
11.74405098	0.00000000	0.00000000	0.00000000	0.00000000	0.00000000	0.00000000	0.00000000	0.00000000
12.58291149	0.00000000	0.00000000	0.00000000	0.00000000	0.00000000	0.00000000	0.00000000	0.00000000
13.42177200	0.00000000	0.00000000	0.00000000	0.00000000	0.00000000	0.00000000	0.00000000	0.00000000
15.09949398	0.00000000	0.00000000	0.00000000	0.00000000	0.00000000	0.00000000	0.00000000	0.00000000
16.77721596	0.00000000	0.00000000	0.00000000	0.00000000	0.00000000	0.00000000	0.00000000	0.00000000
18.45493698	0.00000000	0.00000000	0.00000000	0.00000000	0.00000000	0.00000000	0.00000000	0.00000000
20.13265800	0.00000000	0.00000000	0.00000000	0.00000000	0.00000000	0.00000000	0.00000000	0.00000000
21.81037903	0.00000000	0.00000000	0.00000000	0.00000000	0.00000000	0.00000000	0.00000000	0.00000000
23.48810196	0.00000000	0.00000000	0.00000000	0.00000000	0.00000000	0.00000000	0.00000000	0.00000000
25.16582298	0.00000000	0.00000000	0.00000000	0.00000000	0.00000000	0.00000000	0.00000000	0.00000000
26.84354401	0.00000000	0.00000000	0.00000000	0.00000000	0.00000000	0.00000000	0.00000000	0.00000000
30.19898796	0.00000000	0.00000000	0.00000000	0.00000000	0.00000000	0.00000000	0.00000000	0.00000000
33.55443192	0.00000000	0.00000000	0.00000000	0.00000000	0.00000000	0.00000000	0.00000000	0.00000000
36.90987396	0.00000000	0.00000000	0.00000000	0.00000000	0.00000000	0.00000000	0.00000000	0.00000000
40.26531601	0.00000000	0.00000000	0.00000000	0.00000000	0.00000000	0.00000000	0.00000000	0.00000000
43.62075806	0.00000000	0.00000000	0.00000000	0.00000000	0.00000000	0.00000000	0.00000000	0.00000000
46.97620392	0.00000000	0.00000000	0.00000000	0.00000000	0.00000000	0.00000000	0.00000000	0.00000000
50.33164597	0.00000000	0.00000000	0.00000000	0.00000000	0.00000000	0.00000000	0.00000000	0.00000000
53.68708801	0.00000000	0.00000000	0.00000000	0.00000000	0.00000000	0.00000000	0.00000000	0.00000000
60.39797592	0.00000000	0.00000000	0.00000000	0.00000000	0.00000000	0.00000000	0.00000000	0.00000000
67.10886383	0.00000000	0.00000000	0.00000000	0.00000000	0.00000000	0.00000000	0.00000000	0.00000000
73.81974792	0.00000000	0.00000000	0.00000000	0.00000000	0.00000000	0.00000000	0.00000000	0.00000000
80.53063202	0.00000000	0.00000000	0.00000000	0.00000000	0.00000000	0.00000000	0.00000000	0.00000000
87.24151611	0.00000000	0.00000000	0.00000000	0.00000000	0.00000000	0.00000000	0.00000000	0.00000000
93.95240784	0.00000000	0.00000000	0.00000000	0.00000000	0.00000000	0.00000000	0.00000000	0.00000000
100.66329193	0.00000000	0.00000000	0.00000000	0.00000000	0.00000000	0.00000000	0.00000000	0.00000000
107.37417603	0.00000000	0.00000000	0.00000000	0.00000000	0.00000000	0.00000000	0.00000000	0.00000000
120.79595184	0.00000000	0.00000000	0.00000000	0.00000000	0.00000000	0.00000000	0.00000000	0.00000000
134.21772766	0.00000000	0.00000000	0.00000000	0.00000000	0.00000000	0.00000000	0.00000000	0.00000000
147.63949585	0.00000000	0.00000000	0.00000000	0.00000000	0.00000000	0.00000000	0.00000000	0.00000000
161.06126404	0.00000000	0.00000000	0.00000000	0.00000000	0.00000000	0.00000000	0.00000000	0.00000000
174.48303223	0.00000000	0.00000000	0.00000000	0.00000000	0.00000000	0.00000000	0.00000000	0.00000000
187.90481567	0.00000000	0.00000000	0.00000000	0.00000000	0.00000000	0.00000000	0.00000000	0.00000000
201.32658386	0.00000000	0.00000000	0.00000000	0.00000000	0.00000000	0.00000000	0.00000000	0.00000000
214.74835205	0.00000000	0.00000000	0.00000000	0.00000000	0.00000000	0.00000000	0.00000000	0.00000000
241.59190369	0.00000000	0.00000000	0.00000000	0.00000000	0.00000000	0.00000000	0.00000000	0.00000000
268.43545532	0.00000000	0.00000000	0.00000000	0.00000000	0.00000000	0.00000000	0.00000000	0.00000000
295.27899170	0.00000000	0.00000000	0.00000000	0.00000000	0.00000000	0.00000000	0.00000000	0.00000000
322.12252808	0.00000000	0.00000000	0.00000000	0.00000000	0.00000000	0.00000000	0.00000000	0.00000000
348.96606445	0.00000000	0.00000000	0.00000000	0.00000000	0.00000000	0.00000000	0.00000000	0.00000000
375.80963135	0.00000000	0.00000000	0.00000000	0.00000000	0.00000000	0.00000000	0.00000000	0.00000000
402.65316772	0.00000000	0.00000000	0.00000000	0.00000000	0.00000000	0.00000000	0.00000000	0.00000000
429.49670410	0.00000000	0.00000000	0.00000000	0.00000000	0.00000000	0.00000000	0.00000000	0.00000000
483.18380737	0.00000000	0.00000000	0.00000000	0.00000000	0.00000000	0.00000000	0.00000000	0.00000000
536.87091064	0.00000000	0.00000000	0.00000000	0.00000000	0.00000000	0.00000000	0.00000000	0.00000000
590.55798340	0.00000000	0.00000000	0.00000000	0.00000000	0.00000000	0.00000000	0.00000000	0.00000000
644.24505615	0.00000000	0.00000000	0.00000000	0.00000000	0.00000000	0.00000000	0.00000000	0.00000000
697.93212891	0.00000000	0.00000000	0.00000000	0.00000000	0.00000000	0.00000000	0.00000000	0.00000000
751.61926270	0.00000000	0.00000000	0.00000000	0.00000000	0.00000000	0.00000000	0.00000000	0.00000000
805.30633545	0.00000000	0.00000000	0.00000000	0.00000000	0.00000000	0.00000000	0.00000000	0.00000000
858.99340820	0.00000000	0.00000000	0.00000000	0.00000000	0.00000000	0.00000000	0.00000000	0.00000000
966.36761475	0.00000000	0.00000000	0.00000000	0.00000000	0.00000000	0.00000000	0.00000000	0.00000000
1073.74182129	0.00000000	0.00000000	0.00000000	0.00000000	0.00000000	0.00000000	0.00000000	0.00000000
1181.11596680	0.00000000	0.00000000	0.00000000	0.00000000	0.00000000	0.00000000	0.00000000	0.00000000
1288.49011230	0.00000000	0.00000000	0.00000000	0.00000000	0.00000000	0.00000000	0.00000000	0.00000000
1395.86425781	0.00000000	0.00000000	0.00000000	0.00000000	0.00000000	0.00000000	0.00000000	0.00000000
1503.23852539	0.00000000	0.00000000	0.00000000	0.00000000	0.00000000	0.00000000	0.00000000	0.00000000
1610.61267090	0.00000000	0.00000000	0.00000000	0.00000000	0.00000000	0.00000000	0.00000000	0.00000000
1717.98681641	0.00000000	0.00000000	0.00000000	0.00000000	0.00000000	0.00000000	0.00000000	0.00000000
1932.73522949	0.00000000	0.00000000	0.00000000	0.00000000	0.00000000	0.00000000	0.00000000	0.00000000
2147.48364258	0.00000000	0.00000000	0.00000000	0.00000000	0.00000000	0.00000000	0.00000000	0.00000000
2362.23193359	0.00000000	0.00000000	0.00000000	0.00000000	0.00000000	0.00000000	0.00000000	0.00000000
2576.98022461	0.00000000	0.00000000	0.00000000	0.00000000	0.00000000	0.00000000	0.00000000	0.00000000
2791.72851562	0.00000000	0.00000000	0.00000000	0.00000000	0.00000000	0.00000000	0.00000000	0.00000000
3006.47705078	0.00000000	0.00000000	0.00000000	0.00000000	0.00000000	0.00000000	0.00000000	0.00000000
3221.22534180	0.00000000	0.00000000	0.00000000	0.00000000	0.00000000	0.00000000	0.00000000	0.00000000
3435.97363281	0.00000000	0.00000000	0.00000000	0.00000000	0.00000000	0.00000000	0.00000000	0.00000000
0	0	0	0	0	0	0	0	0
