%5/14/2015 6:15:28 PM
%Duration	ID1		ID2		ID3		ID4		ID5		ID6		ID7		ID8
3000.000000	1.373291	1.382828	2.422333	2.355576	2.555847	20.322800	17.318726	14.905930
%Tau		Tau1		Tau2		Tau3		Tau4		Tau5		Tau6		Tau7		Tau8
%		0.000002	0.000001	0.000002	0.000001	0.000001	0.000029	0.000017	0.000009
%Delaytime	D1		D2		D3		D4		D5		D6		D7		D8
0.00000000	19.77463531	54.05602646	30.42180443	26.32611847	14.78235531	2.11927748	4.19844818	5.43341446
0.00000020	4.94365883	5.06775284	2.82993531	4.89788246	6.02244091	1.53715837	1.79753923	2.00572324
0.00000040	4.94365883	1.68925083	0.00000000	2.44894123	1.64248395	1.22790766	1.29473102	1.45190406
0.00000060	4.94365883	1.68925083	0.70748383	1.83670604	1.64248395	1.33705497	1.43300331	1.42196798
0.00000080	1.64788628	3.37850165	0.00000000	2.44894123	1.64248395	1.50077593	1.54613507	1.63152111
0.00000100	1.64788628	1.68925083	1.41496766	1.22447062	0.54749465	1.35524619	1.26959062	1.18247855
0.00000120	0.00000000	3.37850165	2.12245131	0.61223531	1.09498930	1.40981984	1.40786290	1.33215940
0.00000140	4.94365883	6.75700331	1.41496766	0.61223531	0.54749465	1.29157686	1.68440735	1.54171264
0.00000160	0.00000000	0.00000000	1.41496766	0.00000000	0.54749465	1.16423833	1.50842452	1.19744670
0.00000180	1.64788628	0.00000000	0.70748383	0.00000000	0.00000000	1.33705497	1.45814371	1.28725517
0.00000200	0.00000000	1.68925083	1.41496766	2.44894123	1.09498930	1.34615052	1.29473102	1.57164872
0.00000220	1.64788628	0.00000000	2.12245131	0.61223531	1.09498930	1.48258471	1.48328412	1.36209559
0.00000240	3.29577255	1.68925083	0.70748383	0.61223531	0.54749465	1.33705497	1.47071385	1.40699983
0.00000260	3.29577255	0.00000000	0.70748383	0.61223531	2.18997860	1.57354081	1.37015224	1.22738290
0.00000280	0.00000000	0.00000000	0.70748383	0.00000000	0.54749465	1.17333388	1.69697750	1.24235094
0.00000300	1.64788628	5.06775284	2.82993531	0.61223531	0.54749465	1.32795930	1.67183709	1.60158491
0.00000340	4.11971569	0.84462541	1.41496766	0.91835302	1.64248395	1.26429009	1.40157771	1.41448390
0.00000380	1.64788628	0.84462541	0.70748383	1.22447062	0.82124197	1.39617646	1.48956919	1.54171264
0.00000420	0.82394314	0.00000000	1.76870954	1.22447062	2.46372581	1.34615052	1.55870533	1.34712756
0.00000460	0.82394314	0.84462541	0.70748383	2.14282370	0.27374732	1.37343740	1.47071385	1.36957967
0.00000500	0.82394314	0.84462541	0.35374191	1.53058839	0.00000000	1.37343740	1.33872676	1.60906899
0.00000540	1.64788628	0.84462541	2.12245131	0.91835302	0.54749465	1.37343740	1.54613507	1.24983501
0.00000580	2.47182941	0.00000000	0.35374191	1.83670604	1.36873662	1.43710673	1.34501183	1.25731897
0.00000620	0.00000000	0.00000000	1.06122565	0.61223531	3.01122046	1.39617646	1.47071385	1.44442010
0.00000700	0.82394314	1.68925083	1.59183860	1.68364716	0.82124197	1.30749416	1.31044376	1.50429237
0.00000780	2.47182941	0.84462541	1.41496766	1.22447062	1.77935755	1.36888957	1.40786290	1.35086954
0.00000860	0.82394314	1.26693821	0.88435477	0.91835302	0.82124197	1.35069835	1.29158843	1.32467544
0.00000940	0.82394314	0.84462541	1.59183860	1.22447062	1.77935755	1.33023322	1.40157771	1.33590150
0.00001020	2.05985785	0.42231271	1.59183860	0.91835302	1.77935755	1.31658983	1.46128619	1.37332165
0.00001100	0.82394314	0.42231271	1.41496766	1.68364716	1.23186290	1.31886375	1.42357564	1.23112488
0.00001180	0.82394314	0.84462541	0.70748383	1.22447062	1.36873662	1.32113767	1.25073528	1.23112488
0.00001260	0.82394314	0.84462541	1.76870954	2.14282370	1.36873662	1.48485863	1.28844595	1.29473925
0.00001420	1.02992892	0.63346910	0.53061283	1.22447062	1.16342616	1.31090510	1.31830013	1.30970728
0.00001580	1.02992892	1.05578184	0.79591930	1.45405889	1.16342616	1.28702915	1.31830013	1.37706363
0.00001740	1.23591471	0.21115635	1.41496766	1.22447062	1.02655244	1.23814023	1.32772779	1.33215940
0.00001900	0.82394314	1.26693821	1.68027401	1.14794123	1.09498930	1.27907038	1.21773851	1.22925389
0.00002060	1.64788628	0.42231271	0.88435477	1.07141185	1.57404709	1.27452266	1.26801932	1.31344926
0.00002220	2.05985785	1.68925083	1.06122565	1.07141185	1.50561023	1.29953551	1.21773851	1.29661024
0.00002380	1.02992892	1.05578184	1.06122565	1.14794123	1.02655244	1.21540117	1.27587569	1.18622065
0.00002540	1.44190049	2.11156368	1.32653213	1.30100012	1.16342616	1.24382496	1.21459591	1.18060756
0.00002860	1.12067556	0.41828975	0.84616840	0.83457690	0.85406029	1.27152503	1.28456271	1.23212624
0.00003180	0.61127758	1.25486922	1.02430916	0.83457690	1.29817164	1.24757707	1.20737875	1.16377878
0.00003500	1.63007355	1.25486922	1.29152024	1.02425349	1.43482125	1.18941760	1.17193711	1.19935691
0.00003820	1.01879597	1.04572439	1.06884432	1.40360665	1.16152203	1.16661000	1.16091073	1.18063152
0.00004140	1.22255516	1.67315900	1.24698508	1.17599475	1.16152203	1.17231190	1.12940705	1.15816116
0.00004460	1.22255516	1.25486922	1.29152024	1.59328318	0.81989789	1.18314552	1.17429984	1.16096997
0.00004780	1.22255516	0.52286220	1.29152024	1.28980076	1.33233404	1.18713677	1.10814214	1.16190624
0.00005100	0.61127758	0.62743461	0.93523878	0.91044754	0.99070996	1.12897742	1.11286771	1.09824014
0.00005740	1.06973577	1.14919925	0.91496569	0.68421227	1.07611597	1.12285185	1.09604800	1.14019179
0.00006380	1.42631435	1.04472661	1.16044426	1.04532433	1.40065885	1.11715066	1.10075116	1.06530237
0.00007020	1.12067556	1.25367188	1.18276048	1.10234201	1.05903471	1.06983066	1.10232651	1.05874956
0.00007660	1.32443476	0.94025391	0.78106827	1.06433022	1.19568443	1.06384432	1.07830298	1.06015372
0.00008300	1.27349496	0.88801759	0.89278865	1.29240096	0.93946630	1.07693815	1.06451893	1.02551734
0.00008940	0.91691637	0.99249023	1.07134640	1.21637738	0.87114149	1.05099809	1.05189466	1.07185519
0.00009580	1.22255516	1.20143557	0.89278865	0.96930069	1.11027837	1.02562821	1.01999521	1.02270901
0.00010220	0.96785617	1.41038084	0.87046897	0.91228300	1.22984684	1.04926932	1.03968620	1.01568806
0.00011500	0.86863530	1.02006829	0.98084331	1.00299966	0.99884164	1.03044891	1.04069519	1.00558627
0.00012780	0.66425049	1.04622388	0.94740546	1.08897114	1.10128689	1.01989627	0.98556942	1.02968478
0.00014060	1.04747200	1.07237947	0.98084331	1.10807586	1.10128689	1.02431691	1.01724565	1.01494491
0.00015340	1.09856820	0.86313468	1.03657305	1.06986630	0.93921000	1.03285491	0.99421144	1.02032614
0.00016620	1.17521250	0.65388989	0.90282166	0.86926639	1.07582235	1.01032400	1.01901758	1.00558627
0.00017900	1.17521250	1.09853506	1.01428115	0.89792353	0.96482480	0.98365778	0.99342394	0.99669558
0.00019180	1.12411630	0.99391264	0.86938381	1.06986630	0.90505689	0.98041254	1.00326765	1.00932980
0.00020460	1.14966440	0.88929027	0.88052976	1.07941866	1.10143721	0.99752522	0.98633653	1.00020504
0.00023020	1.09960592	1.20545900	0.86152643	0.89753497	0.95046079	1.00140572	0.99590886	1.01284969
0.00025580	0.97174472	1.00891674	0.98936582	1.08849978	0.92914999	1.00420046	0.99199498	0.99895751
0.00028140	1.02288926	0.90409428	0.93378347	1.07417750	1.02305686	0.99973190	0.99061787	1.00316715
0.00030700	1.13796425	1.02201962	1.03938997	1.04075861	1.01879418	0.99360776	1.00702369	1.00538886
0.00033260	1.07403362	1.16615057	0.95601642	0.97392088	1.07847250	0.99253958	0.98853177	1.00316715
0.00035820	0.84388357	0.85168302	0.96713293	1.02643621	0.87398022	1.00311410	0.99758101	0.98866743
0.00038380	0.89502805	1.00891674	0.97824937	0.97869503	0.94219333	1.00062168	1.00704455	1.04070258
0.00040940	1.08681977	1.15304780	1.01159883	1.08372569	1.13404262	0.99115026	1.00792980	0.98106676
0.00046060	0.95369107	1.04067862	0.93583411	1.06031394	0.98830509	0.99146646	0.99888819	1.01003361
0.00051180	0.95369107	0.96891350	1.01374662	1.02688062	1.02672732	0.99093276	1.00292099	0.99747604
0.00056300	0.96009165	1.10011065	0.93597972	0.89075923	0.93067175	1.00123370	0.99623251	0.99955618
0.00061420	0.88328433	1.06082094	0.99152750	1.06270206	1.01391995	0.99329919	1.00840080	0.99400765
0.00066540	0.94088984	0.92985541	0.94708931	0.98628300	0.92853719	1.00783384	1.01402831	1.00008178
0.00071660	0.90888679	0.91675884	0.98875010	1.02688062	1.00111246	1.00036204	1.01612210	0.99456924
0.00076780	1.01129651	1.06736922	0.93597972	0.94568545	0.96482486	0.99450952	1.00011766	1.00644803
0.00081900	1.19051361	1.08046579	1.03318834	1.04837346	0.94774830	0.99732023	1.00292099	0.99011678
0.00092140	1.03666782	1.00324190	1.08955050	1.01569450	0.97336775	1.00733721	1.00502431	1.01059079
0.00102380	0.99862641	0.95422351	1.02971566	0.96914679	1.03413665	1.01051974	0.99865520	1.00270772
0.00112620	1.03053141	0.98690242	0.96153176	0.97869503	1.01508486	1.00070524	0.99695837	1.00422716
0.00122860	1.02415037	0.98993397	0.94622517	0.98943681	0.97883183	1.00043857	0.99767154	1.00161326
0.00133100	0.93162590	0.93112600	1.05615425	0.91663146	0.98323101	0.99725640	1.00945449	1.00346744
0.00143340	0.99543589	1.03240633	1.04223919	1.01927507	0.99709433	1.00369298	1.00854826	1.00700963
0.00153580	0.90610194	0.93766022	0.99492794	1.00972688	1.07707524	1.00598633	1.00653565	0.99681181
0.00163820	1.05286491	0.97056293	0.98379588	0.95601797	1.05361414	1.00340891	0.99293345	0.99248046
0.00184300	1.01553690	1.03691065	1.06909907	1.01044166	1.01090240	0.99296391	0.99430764	1.00179863
0.00204780	1.04906869	1.00256503	1.01977742	0.98847526	1.01196706	1.00368977	0.99336445	0.99740380
0.00225260	0.95645690	1.01728463	1.00449467	0.99923259	0.99067366	1.00152004	1.00233781	1.00204718
0.00245740	0.93432277	0.94368684	0.99963194	1.01402688	1.03138244	1.00139582	0.99979603	1.00480676
0.00266220	0.95508546	0.99929404	1.04548025	0.99669814	1.01967418	1.00821674	0.99603301	0.99430996
0.00286700	0.96945965	1.02873313	0.96559304	0.99461836	1.03031802	0.99670041	0.99764401	1.00092685
0.00307180	1.02216506	0.95349991	0.99183613	0.99134541	1.00224853	0.99603367	1.00085747	1.00462472
0.00327660	1.03015077	0.99275202	0.95958751	0.97402668	1.01236141	1.00423265	0.99824709	0.99917895
0.00368620	0.97827965	0.97299510	0.97373837	1.02776623	0.98721910	1.00380111	1.00126827	0.99799895
0.00409580	0.97267115	0.97053599	1.00977707	0.97800040	1.01171982	0.99723375	1.00058651	0.99840939
0.00450540	1.00391841	0.98142689	1.01185620	1.05003524	1.00453687	0.99794179	1.00157511	1.00074935
0.00491500	1.03837049	1.00906229	1.01217103	1.05735517	0.95525569	1.00169837	1.00291836	1.00298142
0.00532460	1.04903412	0.94945055	0.98771369	0.97532761	0.98176163	1.00513101	0.99369395	1.00507998
0.00573420	1.05975282	0.98447102	0.99722946	1.00730062	1.00227606	1.00560272	0.99752343	0.99856055
0.00614380	0.94783360	0.98236179	1.00917578	1.00222087	1.00494027	1.00156140	1.00401759	1.00356174
0.00655340	1.01353300	1.00939929	0.99495709	1.02851641	0.99641478	1.00315237	0.99993610	1.00047636
0.00737260	1.01617372	1.04865909	1.00844705	1.00326204	0.98590040	0.99692202	0.99877387	1.00152230
0.00819180	0.96694362	0.97445768	0.98180217	1.01252651	0.99070299	1.00162888	1.00142407	1.00054109
0.00901100	0.98966479	0.96379888	1.00836563	1.00415862	1.00096643	0.99874967	0.99623519	0.99954712
0.00983020	0.97176230	0.97896713	0.98916036	0.99519289	1.00215971	1.00271678	0.99823606	1.00195038
0.01064940	0.98461205	1.02258754	1.00073528	0.98308921	0.99376398	1.00070131	1.00001955	1.00068462
0.01146860	1.00886822	0.97914290	1.02183294	1.00505519	1.00468874	1.00484490	0.99624223	1.00247288
0.01228780	1.03175139	1.02012837	1.00542438	1.02059364	0.98402721	1.00010610	1.00137258	0.99922538
0.01310700	1.01240385	0.98078233	1.00784659	0.99279594	0.99575132	1.00140977	1.00121033	1.00258899
0.01474540	1.01516283	0.99192101	1.00177372	0.97960949	0.99631470	1.00064933	0.99994183	0.99979043
0.01638380	0.99187881	1.00038695	0.99501169	0.99006343	1.00279021	0.99981284	1.00109506	1.00206172
0.01802220	0.97248697	1.01718009	1.02036190	1.00551188	1.01772761	0.99981236	1.00069892	1.00112307
0.01966060	0.98131329	1.00175893	0.98026657	1.00080144	1.01199472	1.00297737	0.99978536	1.00295949
0.02129900	0.99338847	1.00648808	0.99634075	1.00042784	1.00511849	1.00010395	1.00036633	1.00312245
0.02293740	1.02333438	0.98240173	0.99917787	0.99848557	0.99677670	0.99898762	1.00140977	1.00227165
0.02457580	1.00780427	1.03975475	1.00291550	1.00348628	0.98869818	1.00160134	1.00264859	0.99860674
0.02621420	1.02232635	0.98401648	0.99961048	0.99811733	0.98683172	1.00191605	0.99896497	1.00266016
0.02949100	1.00481141	0.97060817	0.99225020	0.99966043	0.98590702	0.99950522	1.00099909	1.00225556
0.03276780	1.00929749	0.98520684	0.99827653	1.01228929	0.99625057	0.99885172	0.99999636	0.99995339
0.03604460	1.00178790	0.99350232	0.99979115	0.99594909	0.99816966	0.99923772	1.00067580	1.00182426
0.03932140	0.97943252	1.00662339	0.99135768	1.00238395	0.99416685	1.00023425	0.99991059	1.00060892
0.04259820	0.99893409	0.99035633	0.99170107	0.99915290	1.00424790	0.99937439	1.00016046	1.00036860
0.04587500	0.99291217	1.01484406	0.99616468	0.99452060	0.99156499	1.00070477	0.99963135	1.00037766
0.04915180	0.98960221	0.99080729	1.00041163	0.99716192	0.99336684	1.00080431	1.00035334	1.00265718
0.05242860	1.00808060	0.99146312	0.98814750	1.00543749	0.99925566	1.00000215	0.99918234	1.00217843
0.05898220	1.01334643	1.02267957	0.99894214	0.99910313	0.99972326	0.99926531	0.99988490	1.00114262
0.06553581	1.00509644	0.99604523	0.98779833	1.00058687	1.00491059	0.99966478	1.00000203	1.00237918
0.07208940	1.00371099	1.01089847	1.00119781	0.99617809	0.99888128	1.00001454	0.99910671	1.00119483
0.07864300	1.00607419	0.99046904	0.99675179	1.00163078	1.00682664	0.99989355	0.99996608	1.00022364
0.08519660	1.00486958	0.99479389	0.99607724	0.99732518	0.99828017	1.00188160	1.00159872	1.00008345
0.09175020	1.00802732	0.99295735	1.00938857	1.00567687	0.99867260	0.99921918	1.00071275	1.00038564
0.09830380	0.99432504	1.00676215	1.00503099	0.99089128	1.00246394	1.00146210	0.99897319	1.00108254
0.10485740	0.99963558	0.99257362	0.99863517	0.99831015	0.99068028	1.00047970	1.00143027	1.00105965
0.11796460	1.00711644	0.99554819	0.99892491	1.00312543	1.00188065	0.99984580	1.00093675	0.99984533
0.13107181	0.99858391	0.99980801	1.00295186	0.99900496	1.00198054	1.00010192	1.00104499	1.00174820
0.14417900	1.00152230	0.99835193	0.99543816	0.99696672	0.99859178	0.99960172	1.00029290	1.00104392
0.15728620	0.99690181	0.99211413	0.99729508	0.99918908	0.99703759	0.99962610	1.00044560	1.00199425
0.17039341	0.99862957	1.00223458	0.99987853	0.99588883	1.00096166	1.00048506	0.99978197	1.00062978
0.18350060	1.00630331	0.99343812	1.00003123	0.99663872	1.00189829	1.00066197	1.00019193	1.00117922
0.19660780	1.00295663	0.99905246	0.99632758	0.99623483	1.00137043	0.99928021	0.99913478	1.00099182
0.20971501	1.01084852	1.00289881	0.99902719	1.00029039	1.00114954	0.99944258	1.00084305	1.00171816
0.23592941	0.99989915	1.00147450	1.00278068	1.00073779	1.00041866	0.99953669	1.00107574	1.00162435
0.26214382	0.99826062	0.99997211	0.99873728	1.00139225	0.99662626	1.00019932	1.00061607	1.00118876
0.28835821	1.00153625	1.00399733	1.00229633	0.99999523	1.00147736	1.00040102	1.00020170	1.00060618
0.31457260	0.99382508	1.00420082	0.99769133	1.00017786	1.00014663	0.99926049	1.00027812	1.00084019
0.34078699	1.00216806	1.00016916	1.00377500	1.00179517	1.00353324	1.00013244	1.00063407	1.00055861
0.36700141	1.00307286	0.99676436	1.00239182	0.99777782	0.99949747	0.99999136	1.00021696	1.00053799
0.39321581	0.99129421	1.00401103	0.99844968	1.00048864	0.99374926	0.99988973	0.99987799	1.00089777
0.41943020	0.99345887	0.99701053	1.00008547	0.99732828	1.00079226	1.00019455	0.99984896	1.00080943
0.47185901	0.99392319	0.99854785	1.00057304	0.99914187	1.00111389	0.99999708	1.00059414	1.00127733
0.52428782	0.99900860	1.00122285	0.99839997	0.99763829	1.00204670	1.00012469	1.00015044	1.00061083
0.57671660	1.00196373	1.00397182	1.00132716	1.00095582	0.99782979	1.00008106	1.00005317	1.00005674
0.62914538	0.99944520	0.99908781	0.99622393	0.99888164	1.00241733	1.00007415	1.00041425	1.00089121
0.68157423	1.00083208	0.99435860	1.00368607	1.00258708	0.99879795	1.00025356	1.00009215	1.00111842
0.73400301	1.00297081	0.99989098	0.99950874	0.99946928	1.00060642	1.00004745	1.00065780	1.00023758
0.78643179	1.00396752	1.00096667	1.00209653	1.00059974	1.00124109	1.00024974	0.99985516	0.99997932
0.83886063	0.99804521	1.00217509	0.99850929	0.99944580	0.99950522	1.00026309	1.00045013	1.00005519
0.94371825	0.99472511	0.99895424	1.00011778	1.00086653	0.99980307	0.99993783	1.00008678	1.00048769
1.04857588	0.99729955	0.99830216	1.00070369	1.00069046	1.00006747	0.99980450	1.00000727	0.99986058
1.15343344	0.99577057	0.99749881	0.99993491	0.99983811	1.00216687	1.00000238	1.00004780	1.00047278
1.25829101	0.99765450	0.99963516	0.99937356	0.99946970	1.00022018	1.00003946	0.99996185	1.00038552
1.36314869	1.00393546	1.00096333	0.99898839	1.00045919	1.00068617	0.99995685	1.00009096	1.00074804
1.46800625	1.00273764	0.99903667	1.00196242	0.99845958	0.99981624	1.00004840	1.00035143	1.00025988
1.57286382	1.00364172	0.99837834	0.99838305	1.00062013	1.00009489	1.00009859	1.00012803	1.00062168
1.67772150	1.00256503	0.99840897	0.99975288	0.99999791	0.99996758	0.99998569	0.99983662	1.00009787
1.88743675	1.00061297	0.99860120	0.99913037	1.00080752	0.99921203	0.99984705	1.00019169	1.00051761
2.09715199	1.00215697	1.00194192	0.99983358	0.99957979	0.99974942	0.99990737	1.00000608	1.00030375
2.30686712	0.99866265	0.99959099	0.99914896	0.99867052	0.99946046	1.00012410	0.99982685	0.99974185
2.51658225	0.99709707	1.00017428	1.00022697	1.00002682	0.99969035	1.00007355	0.99964744	0.99975771
2.72629738	0.99957210	1.00071537	1.00002766	1.00176322	1.00034380	0.99966216	1.00009751	1.00026488
2.93601274	0.99957073	1.00132179	0.99976730	0.99998742	1.00083804	1.00026762	0.99993169	0.99998045
3.14572787	0.99800873	0.99979711	0.99945199	1.00005174	0.99870652	1.00008845	1.00013745	0.99993497
3.35544300	1.00281656	1.00015783	0.99933571	0.99943173	0.99963874	0.99987572	1.00040090	1.00047767
3.77487350	0.99919271	0.99974692	0.99997163	1.00014317	1.00032413	1.00000215	0.99981785	0.99980897
4.19430399	1.00076282	0.99953508	1.00037050	1.00200450	1.00046659	0.99997199	1.00003743	0.99938625
4.61373425	0.99987328	1.00000000	1.00038123	0.99909550	0.99925494	1.00000930	0.99987382	1.00090778
5.03316450	1.00000000	1.00000000	1.00000000	1.00000000	1.00000000	1.00000000	1.00000000	1.00000000
5.45259476	0.00000000	0.00000000	0.00000000	0.00000000	0.00000000	0.00000000	0.00000000	0.00000000
5.87202549	0.00000000	0.00000000	0.00000000	0.00000000	0.00000000	0.00000000	0.00000000	0.00000000
6.29145575	0.00000000	0.00000000	0.00000000	0.00000000	0.00000000	0.00000000	0.00000000	0.00000000
6.71088600	0.00000000	0.00000000	0.00000000	0.00000000	0.00000000	0.00000000	0.00000000	0.00000000
7.54974699	0.00000000	0.00000000	0.00000000	0.00000000	0.00000000	0.00000000	0.00000000	0.00000000
8.38860798	0.00000000	0.00000000	0.00000000	0.00000000	0.00000000	0.00000000	0.00000000	0.00000000
9.22746849	0.00000000	0.00000000	0.00000000	0.00000000	0.00000000	0.00000000	0.00000000	0.00000000
10.06632900	0.00000000	0.00000000	0.00000000	0.00000000	0.00000000	0.00000000	0.00000000	0.00000000
10.90518951	0.00000000	0.00000000	0.00000000	0.00000000	0.00000000	0.00000000	0.00000000	0.00000000
11.74405098	0.00000000	0.00000000	0.00000000	0.00000000	0.00000000	0.00000000	0.00000000	0.00000000
12.58291149	0.00000000	0.00000000	0.00000000	0.00000000	0.00000000	0.00000000	0.00000000	0.00000000
13.42177200	0.00000000	0.00000000	0.00000000	0.00000000	0.00000000	0.00000000	0.00000000	0.00000000
15.09949398	0.00000000	0.00000000	0.00000000	0.00000000	0.00000000	0.00000000	0.00000000	0.00000000
16.77721596	0.00000000	0.00000000	0.00000000	0.00000000	0.00000000	0.00000000	0.00000000	0.00000000
18.45493698	0.00000000	0.00000000	0.00000000	0.00000000	0.00000000	0.00000000	0.00000000	0.00000000
20.13265800	0.00000000	0.00000000	0.00000000	0.00000000	0.00000000	0.00000000	0.00000000	0.00000000
21.81037903	0.00000000	0.00000000	0.00000000	0.00000000	0.00000000	0.00000000	0.00000000	0.00000000
23.48810196	0.00000000	0.00000000	0.00000000	0.00000000	0.00000000	0.00000000	0.00000000	0.00000000
25.16582298	0.00000000	0.00000000	0.00000000	0.00000000	0.00000000	0.00000000	0.00000000	0.00000000
26.84354401	0.00000000	0.00000000	0.00000000	0.00000000	0.00000000	0.00000000	0.00000000	0.00000000
30.19898796	0.00000000	0.00000000	0.00000000	0.00000000	0.00000000	0.00000000	0.00000000	0.00000000
33.55443192	0.00000000	0.00000000	0.00000000	0.00000000	0.00000000	0.00000000	0.00000000	0.00000000
36.90987396	0.00000000	0.00000000	0.00000000	0.00000000	0.00000000	0.00000000	0.00000000	0.00000000
40.26531601	0.00000000	0.00000000	0.00000000	0.00000000	0.00000000	0.00000000	0.00000000	0.00000000
43.62075806	0.00000000	0.00000000	0.00000000	0.00000000	0.00000000	0.00000000	0.00000000	0.00000000
46.97620392	0.00000000	0.00000000	0.00000000	0.00000000	0.00000000	0.00000000	0.00000000	0.00000000
50.33164597	0.00000000	0.00000000	0.00000000	0.00000000	0.00000000	0.00000000	0.00000000	0.00000000
53.68708801	0.00000000	0.00000000	0.00000000	0.00000000	0.00000000	0.00000000	0.00000000	0.00000000
60.39797592	0.00000000	0.00000000	0.00000000	0.00000000	0.00000000	0.00000000	0.00000000	0.00000000
67.10886383	0.00000000	0.00000000	0.00000000	0.00000000	0.00000000	0.00000000	0.00000000	0.00000000
73.81974792	0.00000000	0.00000000	0.00000000	0.00000000	0.00000000	0.00000000	0.00000000	0.00000000
80.53063202	0.00000000	0.00000000	0.00000000	0.00000000	0.00000000	0.00000000	0.00000000	0.00000000
87.24151611	0.00000000	0.00000000	0.00000000	0.00000000	0.00000000	0.00000000	0.00000000	0.00000000
93.95240784	0.00000000	0.00000000	0.00000000	0.00000000	0.00000000	0.00000000	0.00000000	0.00000000
100.66329193	0.00000000	0.00000000	0.00000000	0.00000000	0.00000000	0.00000000	0.00000000	0.00000000
107.37417603	0.00000000	0.00000000	0.00000000	0.00000000	0.00000000	0.00000000	0.00000000	0.00000000
120.79595184	0.00000000	0.00000000	0.00000000	0.00000000	0.00000000	0.00000000	0.00000000	0.00000000
134.21772766	0.00000000	0.00000000	0.00000000	0.00000000	0.00000000	0.00000000	0.00000000	0.00000000
147.63949585	0.00000000	0.00000000	0.00000000	0.00000000	0.00000000	0.00000000	0.00000000	0.00000000
161.06126404	0.00000000	0.00000000	0.00000000	0.00000000	0.00000000	0.00000000	0.00000000	0.00000000
174.48303223	0.00000000	0.00000000	0.00000000	0.00000000	0.00000000	0.00000000	0.00000000	0.00000000
187.90481567	0.00000000	0.00000000	0.00000000	0.00000000	0.00000000	0.00000000	0.00000000	0.00000000
201.32658386	0.00000000	0.00000000	0.00000000	0.00000000	0.00000000	0.00000000	0.00000000	0.00000000
214.74835205	0.00000000	0.00000000	0.00000000	0.00000000	0.00000000	0.00000000	0.00000000	0.00000000
241.59190369	0.00000000	0.00000000	0.00000000	0.00000000	0.00000000	0.00000000	0.00000000	0.00000000
268.43545532	0.00000000	0.00000000	0.00000000	0.00000000	0.00000000	0.00000000	0.00000000	0.00000000
295.27899170	0.00000000	0.00000000	0.00000000	0.00000000	0.00000000	0.00000000	0.00000000	0.00000000
322.12252808	0.00000000	0.00000000	0.00000000	0.00000000	0.00000000	0.00000000	0.00000000	0.00000000
348.96606445	0.00000000	0.00000000	0.00000000	0.00000000	0.00000000	0.00000000	0.00000000	0.00000000
375.80963135	0.00000000	0.00000000	0.00000000	0.00000000	0.00000000	0.00000000	0.00000000	0.00000000
402.65316772	0.00000000	0.00000000	0.00000000	0.00000000	0.00000000	0.00000000	0.00000000	0.00000000
429.49670410	0.00000000	0.00000000	0.00000000	0.00000000	0.00000000	0.00000000	0.00000000	0.00000000
483.18380737	0.00000000	0.00000000	0.00000000	0.00000000	0.00000000	0.00000000	0.00000000	0.00000000
536.87091064	0.00000000	0.00000000	0.00000000	0.00000000	0.00000000	0.00000000	0.00000000	0.00000000
590.55798340	0.00000000	0.00000000	0.00000000	0.00000000	0.00000000	0.00000000	0.00000000	0.00000000
644.24505615	0.00000000	0.00000000	0.00000000	0.00000000	0.00000000	0.00000000	0.00000000	0.00000000
697.93212891	0.00000000	0.00000000	0.00000000	0.00000000	0.00000000	0.00000000	0.00000000	0.00000000
751.61926270	0.00000000	0.00000000	0.00000000	0.00000000	0.00000000	0.00000000	0.00000000	0.00000000
805.30633545	0.00000000	0.00000000	0.00000000	0.00000000	0.00000000	0.00000000	0.00000000	0.00000000
858.99340820	0.00000000	0.00000000	0.00000000	0.00000000	0.00000000	0.00000000	0.00000000	0.00000000
966.36761475	0.00000000	0.00000000	0.00000000	0.00000000	0.00000000	0.00000000	0.00000000	0.00000000
1073.74182129	0.00000000	0.00000000	0.00000000	0.00000000	0.00000000	0.00000000	0.00000000	0.00000000
1181.11596680	0.00000000	0.00000000	0.00000000	0.00000000	0.00000000	0.00000000	0.00000000	0.00000000
1288.49011230	0.00000000	0.00000000	0.00000000	0.00000000	0.00000000	0.00000000	0.00000000	0.00000000
1395.86425781	0.00000000	0.00000000	0.00000000	0.00000000	0.00000000	0.00000000	0.00000000	0.00000000
1503.23852539	0.00000000	0.00000000	0.00000000	0.00000000	0.00000000	0.00000000	0.00000000	0.00000000
1610.61267090	0.00000000	0.00000000	0.00000000	0.00000000	0.00000000	0.00000000	0.00000000	0.00000000
1717.98681641	0.00000000	0.00000000	0.00000000	0.00000000	0.00000000	0.00000000	0.00000000	0.00000000
1932.73522949	0.00000000	0.00000000	0.00000000	0.00000000	0.00000000	0.00000000	0.00000000	0.00000000
2147.48364258	0.00000000	0.00000000	0.00000000	0.00000000	0.00000000	0.00000000	0.00000000	0.00000000
2362.23193359	0.00000000	0.00000000	0.00000000	0.00000000	0.00000000	0.00000000	0.00000000	0.00000000
2576.98022461	0.00000000	0.00000000	0.00000000	0.00000000	0.00000000	0.00000000	0.00000000	0.00000000
2791.72851562	0.00000000	0.00000000	0.00000000	0.00000000	0.00000000	0.00000000	0.00000000	0.00000000
3006.47705078	0.00000000	0.00000000	0.00000000	0.00000000	0.00000000	0.00000000	0.00000000	0.00000000
3221.22534180	0.00000000	0.00000000	0.00000000	0.00000000	0.00000000	0.00000000	0.00000000	0.00000000
3435.97363281	0.00000000	0.00000000	0.00000000	0.00000000	0.00000000	0.00000000	0.00000000	0.00000000
0	0	0	0	0	0	0	0	0
