%5/14/2015 9:44:07 AM
%Duration	ID1		ID2		ID3		ID4		ID5		ID6		ID7		ID8
3000.000000	3.719330	3.004074	5.950928	6.647110	6.933212	62.990189	49.514771	42.600632
%Tau		Tau1		Tau2		Tau3		Tau4		Tau5		Tau6		Tau7		Tau8
%		0.000002	0.000001	0.000002	0.000004	0.000005	0.000048	0.000038	0.000038
%Delaytime	D1		D2		D3		D4		D5		D6		D7		D8
0.00000000	5.26574850	22.75837708	13.69241905	8.59547997	7.74777317	1.53282166	2.10053849	2.55433559
0.00000020	1.84301198	5.31028795	2.78127265	2.34422183	2.15539551	1.46909690	1.48500097	1.43639040
0.00000040	1.31643713	5.68959427	1.49760830	1.50270629	1.86412585	1.47320807	1.41852820	1.44824731
0.00000060	1.31643713	1.51722515	0.96274817	1.14205682	1.33984041	1.45539260	1.47037697	1.48043060
0.00000080	2.63287425	2.65514398	1.39063632	1.74313927	1.86412585	1.47800457	1.33344316	1.43977809
0.00000100	1.05314970	0.37930629	1.49760830	1.50270629	1.74761796	1.46430039	1.37598574	1.33645284
0.00000120	1.57972455	1.13791883	0.96274817	2.16389704	1.04857075	1.43003964	1.41985774	1.40420711
0.00000140	1.31643713	3.03445029	1.06972015	1.50270629	1.51460230	1.43689179	1.42650497	1.47196138
0.00000160	2.89616156	2.65514398	1.06972015	1.38248980	1.33984041	1.45539260	1.44511735	1.35000372
0.00000180	1.05314970	1.13791883	1.06972015	1.80324757	1.28158653	1.39920509	1.39991581	1.43130875
0.00000200	0.78986228	0.37930629	1.06972015	1.74313927	1.39809442	1.45196652	1.47170639	1.42792106
0.00000220	1.57972455	1.13791883	1.28366423	1.14205682	0.99031687	1.46361518	1.44910574	1.42961490
0.00000240	1.57972455	0.37930629	1.39063632	1.62292278	1.16507864	1.43757701	1.48500097	1.44655347
0.00000260	1.05314970	0.75861257	0.96274817	1.44259799	1.45634830	1.44511437	1.40789258	1.39065623
0.00000280	1.31643713	1.13791883	0.85577619	1.80324757	1.39809442	1.43003964	1.36003220	1.36524844
0.00000300	1.57972455	2.27583766	1.17669225	1.56281459	0.93206292	1.42729890	1.46107078	1.39573777
0.00000340	1.84301198	1.32757199	1.33715022	1.41254389	1.10682476	1.46190214	1.40922201	1.40251327
0.00000380	1.05314970	0.94826567	1.23017824	1.38248980	1.13595176	1.45539260	1.44179368	1.49567533
0.00000420	1.05314970	1.13791883	1.23017824	1.14205682	1.42722142	1.41188157	1.48765993	1.45502281
0.00000460	1.44808078	1.13791883	1.01623416	1.35243571	1.45634830	1.40777028	1.40523374	1.41267633
0.00000500	2.10629940	1.51722515	1.06972015	1.29232740	1.68936408	1.45025349	1.41321039	1.36863613
0.00000540	1.05314970	0.75861257	1.44412231	1.38248980	1.31071353	1.41188157	1.44445264	1.39743161
0.00000580	1.97465563	1.32757199	0.85577619	1.11200261	1.36896741	1.41222417	1.37133265	1.35254443
0.00000620	2.10629940	1.51722515	0.90926218	1.44259799	1.36896741	1.41907632	1.35537910	1.41606414
0.00000700	1.57972455	1.80170476	1.55109429	1.18713796	1.48547530	1.45607781	1.38230062	1.39277351
0.00000780	1.25061524	1.70687830	1.33715022	1.06692147	1.29614997	1.42421544	1.36302352	1.39573777
0.00000860	1.57972455	1.42239857	0.96274817	1.54778743	1.58741963	1.42558587	1.34341407	1.39870203
0.00000940	0.65821856	1.51722515	1.25692129	1.48767924	1.20876908	1.41599286	1.38894784	1.37625849
0.00001020	1.18479335	0.66378599	1.47086525	1.36746275	1.17964220	1.37916267	1.36800897	1.37710536
0.00001100	1.38225901	0.85343915	1.49760830	1.36746275	1.64567363	1.41941893	1.37465620	1.34958017
0.00001180	1.25061524	1.51722515	1.12320626	1.23221910	1.39809442	1.33942032	1.37864459	1.37287080
0.00001260	1.44808078	0.94826567	1.20343518	1.45762515	1.29614997	1.41393721	1.33377552	1.36694229
0.00001420	1.21770430	1.46981180	1.19006371	1.54027390	1.47091186	1.37196791	1.35388350	1.33454728
0.00001580	1.57972455	0.94826567	1.21680677	1.23221910	1.42722142	1.37556529	1.33676672	1.34809804
0.00001740	1.31643713	1.04309225	1.17669225	1.22470558	1.50003874	1.35603666	1.31931770	1.30130529
0.00001900	0.95441687	1.13791883	1.52435124	1.32238150	1.31799519	1.35629368	1.27910161	1.30172873
0.00002060	1.54681361	1.37498522	1.13657773	1.29984093	1.44178486	1.33822119	1.29854500	1.31739700
0.00002220	1.64554632	0.90085238	1.23017824	1.34492218	1.40537620	1.30798614	1.28275764	1.28521371
0.00002380	1.28352618	0.99567896	1.04297721	1.25475979	1.34712219	1.31252563	1.25184786	1.28860140
0.00002540	1.51390266	1.18533206	1.13657773	1.25475979	1.28158653	1.30062008	1.26796746	1.27335668
0.00002860	1.09288049	1.04689658	1.21117222	1.32154429	1.16321266	1.27788723	1.22581768	1.23091948
0.00003180	1.07632160	1.04689658	1.27845955	1.29901791	1.34859967	1.24967277	1.23321772	1.20566940
0.00003500	1.20879197	0.61862069	1.19771481	1.26147401	1.20319808	1.23698640	1.19181108	1.18686378
0.00003820	1.01008642	1.11827588	1.07653236	1.22768462	1.26135874	1.21679020	1.18890095	1.16076839
0.00004140	1.07632160	1.09448278	1.25819719	1.24270213	1.20319808	1.20474112	1.16695058	1.17566490
0.00004460	1.01008642	1.07068968	1.06980407	1.07000029	1.16684771	1.18540251	1.16620219	1.15030909
0.00004780	1.14255679	0.99931037	1.25819719	1.16385996	1.24681854	1.16717875	1.12961805	1.14640009
0.00005100	0.82793975	1.02310348	1.36585045	1.07375467	1.11232209	1.16044664	1.11873353	1.15347862
0.00005740	1.11856854	1.12683380	1.18153691	1.08896923	1.15120721	1.13165152	1.11725950	1.10072374
0.00006380	1.05228293	1.24544799	1.09090769	1.03827584	1.09119165	1.10988653	1.08352530	1.09222591
0.00007020	1.02742589	1.22172511	1.04055810	0.98007238	1.06391191	1.09702051	1.08672428	1.09486759
0.00007660	1.11028278	0.97263551	1.04391468	1.12651992	1.15302587	1.08123302	1.07072234	1.05915213
0.00008300	1.14342558	1.16241813	1.09762096	0.99697018	1.08568740	1.07371163	1.05049026	1.06020880
0.00008940	1.05228293	1.04380393	1.13454401	1.04390848	1.15297449	1.07357776	1.04936862	1.04743111
0.00009580	0.86999774	1.05566537	1.17482364	0.98945999	1.08573568	1.06888175	1.04317844	1.03031290
0.00010220	1.16828263	1.04380393	0.93650228	1.09835696	1.01662695	1.05230093	1.03540969	1.00774515
0.00011500	1.07381344	1.03787327	1.06896234	1.09563982	1.06640935	1.05348217	1.02709317	1.02026403
0.00012780	0.98260146	1.03194261	0.93282098	1.03930867	1.04551721	1.04360688	1.01287997	1.02089798
0.00014060	1.03235340	1.00821972	0.98996675	0.97922218	1.09275174	1.03714323	1.01121759	1.02176964
0.00015340	0.92870349	1.00228906	0.97988218	0.99799919	1.03189194	1.03615785	1.01458383	1.01640761
0.00016620	1.00747740	0.97263551	0.90760958	1.00457120	1.02553344	1.02757847	1.01044869	1.01321149
0.00017900	1.02406144	0.96077412	0.95971310	1.02710366	1.02099156	1.03511894	1.00654888	1.01640761
0.00019180	1.04893744	1.02008116	1.00173199	1.06653535	1.06186759	1.03687608	1.01071167	1.01201522
0.00020460	1.13185740	0.87181354	0.93282098	1.09000671	1.03915870	1.03561223	1.01168835	1.01414704
0.00023020	1.02931774	0.95933527	0.98768806	1.06694317	1.02067375	1.02918589	1.00348127	1.01323318
0.00025580	0.99004662	1.06031787	0.99020767	1.07069671	1.08063316	1.02710855	1.00659645	1.00488639
0.00028140	1.07065582	1.10783923	1.03052151	1.04582953	1.01844788	1.02374637	1.00337064	1.00541508
0.00030700	0.96937758	0.96824551	1.00364566	1.05751157	1.02798724	1.01972473	1.00498688	1.00692165
0.00033260	1.07272267	1.03358722	1.02800190	1.05000484	1.05837548	1.02170610	1.00786328	1.00722551
0.00035820	1.03955364	1.08110845	1.02044296	0.98760504	1.07427382	1.02397037	1.00992966	1.00392163
0.00038380	1.00648630	0.87914312	0.99440700	1.05469656	1.06382632	1.02280736	1.01409745	0.99962854
0.00040940	0.98168582	0.95636517	1.02632213	1.03827548	1.08068120	1.02512562	1.01187539	1.00198853
0.00046060	1.06447780	0.97241437	0.99543071	1.05462039	1.05084050	1.02019775	1.00956154	1.00409770
0.00051180	0.99220484	1.00057888	1.02863979	1.01451039	1.02698874	1.02318025	1.00851762	1.00623441
0.00056300	1.01182187	0.98279077	1.01686954	1.02437365	1.05333924	1.02342951	1.00715005	1.00991857
0.00061420	1.02008164	1.02577865	1.03740466	1.00769997	1.04925036	1.02175808	1.00651133	1.00473452
0.00066540	1.04589331	1.08210742	1.06634378	1.05772102	1.03157783	1.02613282	1.00569272	1.00463533
0.00071660	0.99117237	0.95017928	0.97303343	1.04475749	1.03248656	1.02735019	1.00477910	1.00593233
0.00076780	0.99736720	1.00354350	1.00749946	1.07763362	1.02498984	1.02558613	1.00492656	1.00424063
0.00081900	1.04176342	1.02566195	1.01464474	1.04259682	1.07042384	1.02361870	1.00834024	1.00340545
0.00092140	0.99093390	0.97102541	0.99197704	1.03479874	1.03842950	1.02349806	1.00481856	0.99992162
0.00102380	0.97383648	1.00222898	0.99470508	1.04819191	1.06359923	1.02381158	1.00577295	0.99706376
0.00112620	1.00124002	0.98142666	1.01227152	1.05911791	1.05359530	1.02623069	1.00440502	1.00116193
0.00122860	1.00072467	0.99479961	1.01436996	1.03538620	1.04393244	1.02612066	1.00434005	1.00181174
0.00133100	1.03988802	1.03417552	1.00954366	1.05148149	1.02733505	1.02926552	1.00422478	0.99820536
0.00143340	0.99351043	0.95977205	0.99674332	1.05047166	1.05461848	1.02581334	1.00556982	0.99837524
0.00153580	0.97074491	1.01685631	1.01071513	1.03848779	1.04643345	1.02493560	1.00814044	1.00721049
0.00163820	1.01721454	1.03085172	0.99728370	1.03014600	1.04415989	1.02813590	1.00129986	1.00507116
0.00184300	1.03856754	1.00497198	0.99554974	1.04052305	1.04233146	1.02204120	1.00199044	1.00386965
0.00204780	0.99546593	1.01474357	1.01404130	1.04173517	1.04386556	1.02417803	1.00687838	0.99992329
0.00225260	1.02730894	1.00460064	1.00719035	1.02143705	1.03578711	1.02561414	1.00459015	1.00169337
0.00245740	1.00846636	0.98777580	1.00190973	1.03540492	1.05061650	1.02242374	1.00596702	1.00328243
0.00266220	0.98127079	1.02367973	0.99579048	1.02081513	1.04903567	1.02539408	1.00539422	1.00322855
0.00286700	1.00114405	0.97110516	1.01328254	1.03768742	1.03902566	1.02513301	1.00710678	1.00037813
0.00307180	0.99907923	1.00599957	1.01110899	1.04274702	1.04601419	1.02435291	1.00373435	1.00312030
0.00327660	0.98385173	0.98235339	0.99887234	1.04317045	1.03471828	1.02261865	1.00419867	1.00316024
0.00368620	0.99848968	0.99998820	1.00378799	1.03506756	1.03774416	1.02278650	1.00499749	1.00446689
0.00409580	1.01290464	0.99901831	1.00304770	1.04210126	1.03887475	1.02324820	1.00626612	1.00387597
0.00450540	0.97789699	1.01219499	1.02303874	1.03860486	1.03965318	1.02399087	1.00312304	1.00236595
0.00491500	0.97782487	0.98008835	1.00661993	1.04944730	1.03780818	1.02222991	1.00495303	1.00208116
0.00532460	1.01016879	1.01052475	1.00549495	1.04110062	1.04247153	1.02632737	1.00294816	1.00370657
0.00573420	0.96760064	0.99449176	0.99501413	1.03600931	1.04783785	1.02249277	1.00698459	1.00235987
0.00614380	1.01300061	0.99363625	1.00777805	1.04037654	1.04856694	1.02378893	1.00236428	1.00586236
0.00655340	1.00575912	1.00755537	1.00805688	1.05733824	1.04167843	1.02586913	1.00273597	1.00329602
0.00737260	1.00775445	0.99915284	1.00395811	1.04093671	1.03983915	1.02453196	1.00324631	1.00127447
0.00819180	1.00344205	0.99367678	1.00625098	1.04232693	1.04585981	1.02390361	1.00461161	1.00300443
0.00901100	1.00353706	1.00504327	1.01274836	1.04083967	1.04895079	1.02466607	1.00553453	1.00298619
0.00983020	0.99455506	1.00662148	1.00237060	1.04553068	1.03509068	1.02473462	1.00445712	1.00091600
0.01064940	1.01937234	0.99984449	1.00358486	1.04270983	1.03328621	1.02336788	1.00537336	1.00337744
0.01146860	0.99371332	0.99154204	1.00700247	1.04887307	1.04124820	1.02357495	1.00413764	1.00215912
0.01228780	1.00343907	1.01583672	1.00360262	1.04732859	1.03396666	1.02395689	1.00621152	1.00255132
0.01310700	1.00900865	1.00541461	1.00730777	1.04406047	1.03707206	1.02431691	1.00527298	1.00321925
0.01474540	0.99869221	0.99943143	1.00503063	1.04517817	1.04285705	1.02368331	1.00505066	1.00279772
0.01638380	0.99965346	0.99778152	1.00789165	1.04538405	1.04640257	1.02520657	1.00406885	1.00315797
0.01802220	0.99762696	1.00356519	0.99888510	1.04040861	1.04650140	1.02474701	1.00243413	1.00263107
0.01966060	0.98640674	1.00043559	1.00869763	1.04613745	1.03874719	1.02470422	1.00476110	1.00328982
0.02129900	1.00045931	1.00544274	1.01646793	1.04172385	1.04161358	1.02400613	1.00451946	1.00217819
0.02293740	1.00499189	0.99890006	1.00834930	1.04674709	1.04165745	1.02426946	1.00411916	1.00243866
0.02457580	0.99727309	0.99953318	1.00785697	1.04603612	1.04793441	1.02453625	1.00637329	1.00234115
0.02621420	1.00210130	0.99437302	1.00373459	1.04437530	1.04026210	1.02380848	1.00445795	1.00308156
0.02949100	1.00056851	0.99231261	1.00835240	1.04055524	1.04188907	1.02436125	1.00543940	1.00222576
0.03276780	1.00999510	0.99931079	1.00664365	1.04381430	1.04281938	1.02408302	1.00562918	1.00254118
0.03604460	1.01001036	0.99667537	1.01053488	1.04311538	1.04181063	1.02378261	1.00432837	1.00266707
0.03932140	1.00195026	1.00222993	1.00686753	1.04147816	1.04236424	1.02396691	1.00475633	1.00316668
0.04259820	0.99919575	0.99702543	1.00324798	1.04390728	1.04267228	1.02460158	1.00504029	1.00180519
0.04587500	1.00217903	0.99966067	1.00803745	1.04157567	1.04093087	1.02347255	1.00428820	1.00349629
0.04915180	0.99759698	1.00174689	1.00758898	1.04045308	1.04349875	1.02424502	1.00424969	1.00163388
0.05242860	1.00476170	1.00381649	0.99872488	1.04126072	1.04502249	1.02432334	1.00417304	1.00192940
0.05898220	1.00412107	1.00228786	1.00866723	1.04236126	1.04338491	1.02364552	1.00577819	1.00249767
0.06553581	1.00214267	0.99759376	1.01163411	1.04260826	1.03948510	1.02351248	1.00488818	1.00276589
0.07208940	1.00672138	1.00054622	1.00499582	1.04169869	1.04041994	1.02370536	1.00506854	1.00208354
0.07864300	1.00043046	1.00309396	1.00730217	1.04043078	1.04052258	1.02345443	1.00491452	1.00220811
0.08519660	0.99790370	1.00274372	1.00750232	1.04008400	1.03910768	1.02303565	1.00470185	1.00360727
0.09175020	1.00302303	1.00100589	1.00867903	1.04153872	1.03965867	1.02355242	1.00491273	1.00297034
0.09830380	0.99996400	1.00713277	1.00715733	1.04327905	1.04128277	1.02357721	1.00407779	1.00295877
0.10485740	1.00226498	1.00265574	1.00303066	1.03870940	1.04084039	1.02335620	1.00498056	1.00244200
0.11796460	1.00199914	0.99892503	1.00599647	1.03973222	1.03946686	1.02303934	1.00445342	1.00233233
0.13107181	1.00078809	0.99800640	1.00614882	1.04096210	1.03841448	1.02253950	1.00419140	1.00240505
0.14417900	0.99937844	1.00101662	1.00637388	1.04179370	1.03805065	1.02245224	1.00425565	1.00141525
0.15728620	0.99951720	1.00059748	1.00749028	1.03919232	1.03770351	1.02168310	1.00397360	1.00268829
0.17039341	1.00132656	1.00257349	1.00462246	1.03990102	1.03857946	1.02231193	1.00402462	1.00203180
0.18350060	0.99917102	1.00423515	1.00576568	1.03781188	1.03673172	1.02144372	1.00414681	1.00208414
0.19660780	1.00165343	1.00143588	1.00581741	1.03704846	1.03542411	1.02073443	1.00414431	1.00235391
0.20971501	1.00191832	0.99939787	1.00477123	1.03714561	1.03432202	1.02069068	1.00382996	1.00222111
0.23592941	0.99925280	0.99717569	1.00589561	1.03724813	1.03399694	1.01995325	1.00383186	1.00150299
0.26214382	1.00008535	0.99882513	1.00614309	1.03583014	1.03236687	1.01910281	1.00343001	1.00217831
0.28835821	1.00007701	1.00534701	1.00774598	1.03384495	1.03080416	1.01781619	1.00290692	1.00186062
0.31457260	1.00151539	1.00048923	1.00685942	1.03142333	1.02950644	1.01711369	1.00313306	1.00168145
0.34078699	1.00108588	0.99802256	1.00446093	1.02892303	1.02846205	1.01569271	1.00297952	1.00163805
0.36700141	1.00170481	1.00044274	1.00693393	1.02825153	1.02510762	1.01487386	1.00245774	1.00188065
0.39321581	1.00084043	1.00104618	1.00313413	1.02737725	1.02237642	1.01361346	1.00224006	1.00130248
0.41943020	1.00200629	0.99649501	1.00182378	1.02696633	1.02089620	1.01280475	1.00222600	1.00157261
0.47185901	1.00189483	1.00206327	1.00269461	1.02205789	1.01678574	1.01086175	1.00157273	1.00140023
0.52428782	1.00071359	0.99777478	1.00176644	1.01902032	1.01427269	1.00900066	1.00122559	1.00104594
0.57671660	0.99886477	0.99898744	1.00125015	1.01549566	1.00860763	1.00693822	1.00120020	1.00078368
0.62914538	1.00127494	0.99813092	1.00124550	1.01063883	1.00589573	1.00494015	1.00113809	1.00092518
0.68157423	0.99885792	0.99928337	1.00125062	1.00760949	1.00380468	1.00296259	1.00069833	1.00060046
0.73400301	0.99881732	0.99739367	0.99969888	1.00368559	1.00056863	1.00169516	1.00031221	0.99981922
0.78643179	0.99838567	0.99739754	0.99880475	1.00139761	0.99891376	1.00009668	1.00018096	0.99975783
0.83886063	0.99964786	0.99875885	0.99883354	0.99723870	0.99758083	0.99828893	1.00007558	0.99952483
0.94371825	0.99815828	1.00025570	1.00015640	0.99086177	0.99385011	0.99552083	0.99996352	0.99921125
1.04857588	0.99844450	0.99904311	0.99811947	0.98735893	0.99224794	0.99341464	0.99972725	0.99886358
1.15343344	0.99762988	0.99973172	0.99838108	0.98413366	0.99113512	0.99183828	0.99969745	0.99871159
1.25829101	0.99855721	1.00028026	0.99933469	0.98162526	0.98923343	0.99106169	0.99989510	0.99861687
1.36314869	0.99952734	0.99931157	0.99711519	0.98136479	0.98883355	0.99042267	0.99994010	0.99828666
1.46800625	0.99837297	1.00121975	0.99748397	0.98075998	0.98749572	0.99002510	0.99981827	0.99821079
1.57286382	0.99809122	1.00175905	0.99801743	0.98192805	0.98615891	0.98999262	0.99965233	0.99857622
1.67772150	0.99883920	0.99973524	0.99760121	0.98209608	0.98438156	0.98943615	0.99957269	0.99847174
1.88743675	0.99902159	1.00080407	0.99734312	0.98732823	0.98416692	0.98992062	0.99979299	0.99920952
2.09715199	0.99988383	1.00057471	0.99830115	0.99376565	0.98764157	0.99141347	1.00010002	0.99930793
2.30686712	1.00034487	1.00039411	0.99924231	0.99983484	0.99554318	0.99535680	1.00042415	1.00005949
2.51658225	1.00141656	0.99906027	1.00062335	1.00529611	1.00133908	0.99848914	1.00024652	1.00083625
2.72629738	1.00182819	0.99996817	0.99959767	1.00142634	1.00135565	0.99766171	0.99983108	1.00034809
2.93601274	1.00130689	0.99753505	0.99889290	0.99935400	0.99959099	0.99608129	0.99940819	1.00006843
3.14572787	1.00085807	1.00027311	0.99849504	0.99568319	0.99593771	0.99550861	0.99928331	0.99991429
3.35544300	1.00036550	0.99956363	0.99795300	0.99318975	0.99691737	0.99564964	0.99898517	0.99925733
3.77487350	0.99955297	1.00123048	0.99918818	0.99693221	0.99625480	0.99839664	0.99960399	0.99934757
4.19430399	0.99980766	0.99953300	0.99999338	1.00033951	0.99910676	0.99973327	1.00005543	0.99990010
4.61373425	1.00003922	0.99908561	0.99970704	0.99979842	0.99872619	1.00000131	0.99998772	1.00010204
5.03316450	1.00000000	1.00000000	1.00000000	1.00000000	1.00000000	1.00000000	1.00000000	1.00000000
5.45259476	0.00000000	0.00000000	0.00000000	0.00000000	0.00000000	0.00000000	0.00000000	0.00000000
5.87202549	0.00000000	0.00000000	0.00000000	0.00000000	0.00000000	0.00000000	0.00000000	0.00000000
6.29145575	0.00000000	0.00000000	0.00000000	0.00000000	0.00000000	0.00000000	0.00000000	0.00000000
6.71088600	0.00000000	0.00000000	0.00000000	0.00000000	0.00000000	0.00000000	0.00000000	0.00000000
7.54974699	0.00000000	0.00000000	0.00000000	0.00000000	0.00000000	0.00000000	0.00000000	0.00000000
8.38860798	0.00000000	0.00000000	0.00000000	0.00000000	0.00000000	0.00000000	0.00000000	0.00000000
9.22746849	0.00000000	0.00000000	0.00000000	0.00000000	0.00000000	0.00000000	0.00000000	0.00000000
10.06632900	0.00000000	0.00000000	0.00000000	0.00000000	0.00000000	0.00000000	0.00000000	0.00000000
10.90518951	0.00000000	0.00000000	0.00000000	0.00000000	0.00000000	0.00000000	0.00000000	0.00000000
11.74405098	0.00000000	0.00000000	0.00000000	0.00000000	0.00000000	0.00000000	0.00000000	0.00000000
12.58291149	0.00000000	0.00000000	0.00000000	0.00000000	0.00000000	0.00000000	0.00000000	0.00000000
13.42177200	0.00000000	0.00000000	0.00000000	0.00000000	0.00000000	0.00000000	0.00000000	0.00000000
15.09949398	0.00000000	0.00000000	0.00000000	0.00000000	0.00000000	0.00000000	0.00000000	0.00000000
16.77721596	0.00000000	0.00000000	0.00000000	0.00000000	0.00000000	0.00000000	0.00000000	0.00000000
18.45493698	0.00000000	0.00000000	0.00000000	0.00000000	0.00000000	0.00000000	0.00000000	0.00000000
20.13265800	0.00000000	0.00000000	0.00000000	0.00000000	0.00000000	0.00000000	0.00000000	0.00000000
21.81037903	0.00000000	0.00000000	0.00000000	0.00000000	0.00000000	0.00000000	0.00000000	0.00000000
23.48810196	0.00000000	0.00000000	0.00000000	0.00000000	0.00000000	0.00000000	0.00000000	0.00000000
25.16582298	0.00000000	0.00000000	0.00000000	0.00000000	0.00000000	0.00000000	0.00000000	0.00000000
26.84354401	0.00000000	0.00000000	0.00000000	0.00000000	0.00000000	0.00000000	0.00000000	0.00000000
30.19898796	0.00000000	0.00000000	0.00000000	0.00000000	0.00000000	0.00000000	0.00000000	0.00000000
33.55443192	0.00000000	0.00000000	0.00000000	0.00000000	0.00000000	0.00000000	0.00000000	0.00000000
36.90987396	0.00000000	0.00000000	0.00000000	0.00000000	0.00000000	0.00000000	0.00000000	0.00000000
40.26531601	0.00000000	0.00000000	0.00000000	0.00000000	0.00000000	0.00000000	0.00000000	0.00000000
43.62075806	0.00000000	0.00000000	0.00000000	0.00000000	0.00000000	0.00000000	0.00000000	0.00000000
46.97620392	0.00000000	0.00000000	0.00000000	0.00000000	0.00000000	0.00000000	0.00000000	0.00000000
50.33164597	0.00000000	0.00000000	0.00000000	0.00000000	0.00000000	0.00000000	0.00000000	0.00000000
53.68708801	0.00000000	0.00000000	0.00000000	0.00000000	0.00000000	0.00000000	0.00000000	0.00000000
60.39797592	0.00000000	0.00000000	0.00000000	0.00000000	0.00000000	0.00000000	0.00000000	0.00000000
67.10886383	0.00000000	0.00000000	0.00000000	0.00000000	0.00000000	0.00000000	0.00000000	0.00000000
73.81974792	0.00000000	0.00000000	0.00000000	0.00000000	0.00000000	0.00000000	0.00000000	0.00000000
80.53063202	0.00000000	0.00000000	0.00000000	0.00000000	0.00000000	0.00000000	0.00000000	0.00000000
87.24151611	0.00000000	0.00000000	0.00000000	0.00000000	0.00000000	0.00000000	0.00000000	0.00000000
93.95240784	0.00000000	0.00000000	0.00000000	0.00000000	0.00000000	0.00000000	0.00000000	0.00000000
100.66329193	0.00000000	0.00000000	0.00000000	0.00000000	0.00000000	0.00000000	0.00000000	0.00000000
107.37417603	0.00000000	0.00000000	0.00000000	0.00000000	0.00000000	0.00000000	0.00000000	0.00000000
120.79595184	0.00000000	0.00000000	0.00000000	0.00000000	0.00000000	0.00000000	0.00000000	0.00000000
134.21772766	0.00000000	0.00000000	0.00000000	0.00000000	0.00000000	0.00000000	0.00000000	0.00000000
147.63949585	0.00000000	0.00000000	0.00000000	0.00000000	0.00000000	0.00000000	0.00000000	0.00000000
161.06126404	0.00000000	0.00000000	0.00000000	0.00000000	0.00000000	0.00000000	0.00000000	0.00000000
174.48303223	0.00000000	0.00000000	0.00000000	0.00000000	0.00000000	0.00000000	0.00000000	0.00000000
187.90481567	0.00000000	0.00000000	0.00000000	0.00000000	0.00000000	0.00000000	0.00000000	0.00000000
201.32658386	0.00000000	0.00000000	0.00000000	0.00000000	0.00000000	0.00000000	0.00000000	0.00000000
214.74835205	0.00000000	0.00000000	0.00000000	0.00000000	0.00000000	0.00000000	0.00000000	0.00000000
241.59190369	0.00000000	0.00000000	0.00000000	0.00000000	0.00000000	0.00000000	0.00000000	0.00000000
268.43545532	0.00000000	0.00000000	0.00000000	0.00000000	0.00000000	0.00000000	0.00000000	0.00000000
295.27899170	0.00000000	0.00000000	0.00000000	0.00000000	0.00000000	0.00000000	0.00000000	0.00000000
322.12252808	0.00000000	0.00000000	0.00000000	0.00000000	0.00000000	0.00000000	0.00000000	0.00000000
348.96606445	0.00000000	0.00000000	0.00000000	0.00000000	0.00000000	0.00000000	0.00000000	0.00000000
375.80963135	0.00000000	0.00000000	0.00000000	0.00000000	0.00000000	0.00000000	0.00000000	0.00000000
402.65316772	0.00000000	0.00000000	0.00000000	0.00000000	0.00000000	0.00000000	0.00000000	0.00000000
429.49670410	0.00000000	0.00000000	0.00000000	0.00000000	0.00000000	0.00000000	0.00000000	0.00000000
483.18380737	0.00000000	0.00000000	0.00000000	0.00000000	0.00000000	0.00000000	0.00000000	0.00000000
536.87091064	0.00000000	0.00000000	0.00000000	0.00000000	0.00000000	0.00000000	0.00000000	0.00000000
590.55798340	0.00000000	0.00000000	0.00000000	0.00000000	0.00000000	0.00000000	0.00000000	0.00000000
644.24505615	0.00000000	0.00000000	0.00000000	0.00000000	0.00000000	0.00000000	0.00000000	0.00000000
697.93212891	0.00000000	0.00000000	0.00000000	0.00000000	0.00000000	0.00000000	0.00000000	0.00000000
751.61926270	0.00000000	0.00000000	0.00000000	0.00000000	0.00000000	0.00000000	0.00000000	0.00000000
805.30633545	0.00000000	0.00000000	0.00000000	0.00000000	0.00000000	0.00000000	0.00000000	0.00000000
858.99340820	0.00000000	0.00000000	0.00000000	0.00000000	0.00000000	0.00000000	0.00000000	0.00000000
966.36761475	0.00000000	0.00000000	0.00000000	0.00000000	0.00000000	0.00000000	0.00000000	0.00000000
1073.74182129	0.00000000	0.00000000	0.00000000	0.00000000	0.00000000	0.00000000	0.00000000	0.00000000
1181.11596680	0.00000000	0.00000000	0.00000000	0.00000000	0.00000000	0.00000000	0.00000000	0.00000000
1288.49011230	0.00000000	0.00000000	0.00000000	0.00000000	0.00000000	0.00000000	0.00000000	0.00000000
1395.86425781	0.00000000	0.00000000	0.00000000	0.00000000	0.00000000	0.00000000	0.00000000	0.00000000
1503.23852539	0.00000000	0.00000000	0.00000000	0.00000000	0.00000000	0.00000000	0.00000000	0.00000000
1610.61267090	0.00000000	0.00000000	0.00000000	0.00000000	0.00000000	0.00000000	0.00000000	0.00000000
1717.98681641	0.00000000	0.00000000	0.00000000	0.00000000	0.00000000	0.00000000	0.00000000	0.00000000
1932.73522949	0.00000000	0.00000000	0.00000000	0.00000000	0.00000000	0.00000000	0.00000000	0.00000000
2147.48364258	0.00000000	0.00000000	0.00000000	0.00000000	0.00000000	0.00000000	0.00000000	0.00000000
2362.23193359	0.00000000	0.00000000	0.00000000	0.00000000	0.00000000	0.00000000	0.00000000	0.00000000
2576.98022461	0.00000000	0.00000000	0.00000000	0.00000000	0.00000000	0.00000000	0.00000000	0.00000000
2791.72851562	0.00000000	0.00000000	0.00000000	0.00000000	0.00000000	0.00000000	0.00000000	0.00000000
3006.47705078	0.00000000	0.00000000	0.00000000	0.00000000	0.00000000	0.00000000	0.00000000	0.00000000
3221.22534180	0.00000000	0.00000000	0.00000000	0.00000000	0.00000000	0.00000000	0.00000000	0.00000000
3435.97363281	0.00000000	0.00000000	0.00000000	0.00000000	0.00000000	0.00000000	0.00000000	0.00000000
0	0	0	0	0	0	0	0	0
