%5/31/2015 10:34:17 AM
%Duration	ID1		ID2		ID3		ID4		ID5		ID6		ID7		ID8
3000.000000	9.136200	7.953644	16.689301	6.885529	7.076263	7.896423	13.475418	157.566071
%Tau		Tau1		Tau2		Tau3		Tau4		Tau5		Tau6		Tau7		Tau8
%		0.000004	0.000002	0.000009	0.000001	0.000002	0.000008	0.000004	0.000070
%Delaytime	D1		D2		D3		D4		D5		D6		D7		D8
0.00000000	3.53602743	8.19071102	5.12068748	10.83798790	7.39070368	2.44784975	3.96254277	1.74144113
0.00000020	1.66640365	2.39728117	1.88185263	2.82730126	2.30290055	1.29320371	2.03207326	1.47006714
0.00000040	1.38189578	1.99773431	1.56180966	2.43462062	1.60667479	1.57031870	1.64597929	1.44927585
0.00000060	1.42253971	1.44835734	1.19055986	1.33511448	1.23178399	1.24701786	1.21924388	1.46558273
0.00000080	1.62575972	1.69807422	1.33137870	1.33511448	1.49956310	1.70887625	1.32084763	1.47441566
0.00000100	1.50382769	1.34847069	1.34418046	1.25657833	1.33889568	1.66269040	1.46309268	1.45607042
0.00000120	1.66640365	2.04767776	1.16495633	1.41365063	1.82089806	1.66269040	1.50373423	1.47278500
0.00000140	1.38189578	1.54824412	1.54900789	1.25657833	1.49956310	1.70887625	1.64597929	1.43894815
0.00000160	1.95091164	1.04881048	1.49780107	1.02096987	1.12467229	1.43176126	1.30052686	1.43446374
0.00000180	1.54447174	1.19864058	1.47219765	1.17804217	1.98156559	1.33938956	1.28020608	1.46802878
0.00000200	1.34125173	1.54824412	1.65142167	1.25657833	1.28533983	1.52413285	1.30052686	1.45158601
0.00000220	1.21931982	1.54824412	1.54900789	0.94243377	1.71378636	1.33938956	1.30052686	1.45145011
0.00000240	1.09738779	1.39841402	1.38258564	1.02096987	1.39245141	1.10846031	1.46309268	1.44112241
0.00000260	1.01609981	1.39841402	1.43379247	1.64925909	1.12467229	1.20083201	1.52405488	1.44859636
0.00000280	1.09738779	0.99886715	1.48499930	1.49218678	1.28533983	1.15464616	1.17860246	1.42291307
0.00000300	1.42253971	1.49830079	1.24176669	1.57072294	1.12467229	0.96990275	1.46309268	1.45430386
0.00000340	1.19899774	1.59818745	1.36978388	1.09950602	1.41922939	1.61650455	1.39197016	1.43303692
0.00000380	1.21931982	1.29852736	1.36338305	1.06023800	1.25856185	1.54722583	1.35132873	1.45043099
0.00000420	1.32092977	1.62315917	1.38258564	1.21731031	1.33889568	1.33938956	1.47325313	1.42624235
0.00000460	1.30060780	1.22361231	1.38258564	1.21731031	1.49956310	1.29320371	1.46309268	1.45362437
0.00000500	1.42253971	1.17366898	1.40818906	1.53145492	1.20500612	0.94680983	1.53421533	1.43806481
0.00000540	1.64608169	1.62315917	1.37618470	1.41365063	1.36567354	1.31629658	1.36148906	1.43296897
0.00000580	1.60543776	1.27355564	1.36338305	1.29584646	1.17822814	1.31629658	1.45293236	1.42855251
0.00000620	1.09738779	1.37344241	1.38898647	0.98170185	1.17822814	1.27011073	1.16844213	1.43378437
0.00000700	1.53431070	1.11123967	1.20976233	1.49218678	1.47278523	1.18928552	1.27512598	1.43167806
0.00000780	1.25996375	1.14869726	1.40498865	1.33511448	1.33889568	1.29320371	1.18368268	1.42549491
0.00000860	1.23964179	1.24858391	1.27377093	1.31548047	1.31211770	1.37402892	1.18876278	1.41907418
0.00000940	1.29044676	1.28604150	1.33457911	1.06023800	1.39245141	1.00454211	1.24972498	1.41455579
0.00001020	1.23964179	1.06129634	1.37618470	1.13877416	1.37906253	1.08536732	1.02619696	1.42009330
0.00001100	1.21931982	1.23609817	1.25136793	1.21731031	1.15145028	1.27011073	1.13796103	1.41540504
0.00001180	1.13803184	1.26106977	1.28977311	1.21731031	1.33889568	1.31629658	1.27512598	1.41499746
0.00001260	1.09738779	1.08626807	1.31537652	0.96206778	1.45939624	1.60495818	1.18876278	1.40534914
0.00001420	1.27520525	1.27355564	1.21616328	1.11914015	1.29872882	1.32206976	1.29290664	1.38819289
0.00001580	1.04150236	1.21736932	1.23216546	1.32529747	1.15814471	1.21815169	1.23702455	1.38967073
0.00001740	1.24980271	1.15494013	1.25136793	1.29584646	1.24517298	1.11423349	1.12526059	1.38730967
0.00001900	1.16343427	1.17991185	1.22256410	1.20749331	1.16483915	1.17196584	1.31322730	1.37981868
0.00002060	1.21931982	1.08626807	1.19536042	1.31548047	1.15814471	1.33938956	1.18622279	1.36782634
0.00002220	1.01101935	1.11748266	1.22416437	1.05042100	1.19831157	1.19505870	1.13796103	1.35435617
0.00002380	1.25488329	1.19239771	1.15215468	0.99151886	1.09119999	1.21237838	1.09223938	1.35641146
0.00002540	1.19899774	0.98638135	1.16975701	1.15840816	1.15814471	1.07382095	1.13796103	1.34175229
0.00002860	1.06135035	1.05684566	1.13069582	1.11699331	1.05206919	1.09569025	1.07828879	1.33047044
0.00003180	1.08420241	0.96359456	1.06423140	1.04779911	1.05206919	1.12137055	1.05404329	1.30923378
0.00003500	1.24162757	1.01643682	1.09546173	1.14664805	1.18029010	1.03862309	1.01320863	1.30449665
0.00003820	1.00548983	1.13144648	1.05702448	1.23066962	1.04549372	1.01864958	1.01193261	1.28126848
0.00004140	1.07150686	1.05062890	1.03700507	1.18618762	0.98631489	0.94446218	1.09615397	1.26878583
0.00004460	0.95978576	1.08482099	1.00337243	1.10216606	1.02905524	1.03862309	1.09232569	1.26311648
0.00004780	1.03849828	1.09414613	1.04581356	1.17630267	0.94357455	1.10991335	0.96599364	1.24183476
0.00005100	0.96740311	0.98846155	0.98655617	1.04779911	1.11124814	0.98437041	1.06297588	1.23747897
0.00005740	1.03122973	1.03751206	1.02275681	0.99708050	1.06235600	1.00084555	1.02979779	1.21208954
0.00006380	1.05786669	1.04061842	1.01108778	0.94525206	0.97012043	0.97367972	1.03043580	1.19372046
0.00007020	0.99825066	1.00178945	1.00988507	1.13781667	0.97835577	1.04659843	0.99215335	1.17567194
0.00007660	1.04137707	1.03129947	0.98382610	1.01194108	1.00964999	0.92077786	1.01001847	1.16077065
0.00008300	1.00078750	1.04993737	1.01229048	1.03168631	1.01623821	1.03516018	1.01129460	1.14439404
0.00008940	0.98556638	0.97538567	1.01389408	1.08845377	0.98823810	1.07233453	1.00236201	1.13135803
0.00009580	0.97668743	1.04217160	0.99705601	0.96998256	0.99157429	0.98225838	1.05914760	1.12534666
0.00010220	1.07055092	1.00023627	0.98983973	1.03662264	0.98992711	1.01228380	0.95961326	1.11156034
0.00011500	1.06698310	0.97033042	1.05355084	0.97951370	1.01574636	1.00997961	1.02313781	1.09614348
0.00012780	1.00485337	0.93456501	1.00028253	0.99306673	1.00254405	1.01569784	0.95779723	1.07848740
0.00014060	1.02450657	0.96488786	1.00408745	0.98069495	1.04297590	0.98782152	1.02693558	1.06752467
0.00015340	1.01626492	0.94545013	1.01870620	1.02253091	0.96706313	0.98925108	0.99729401	1.06087804
0.00016620	0.98836994	0.98043805	0.99868053	0.98557204	1.00584459	1.01212394	1.00401378	1.05628455
0.00017900	1.01055908	0.98043805	0.98526335	0.94368523	1.03885019	1.01998651	0.97976410	1.04497838
0.00019180	0.96554679	0.97810549	0.99367410	1.05086613	1.02234745	1.05143666	0.98103899	1.04175150
0.00020460	0.99978149	0.97655046	0.97224665	0.99665970	1.01162064	0.99425453	0.96127796	1.03205585
0.00023020	0.99843299	1.04276752	1.00261569	0.98619062	0.99388164	1.01177049	1.03322279	1.02803457
0.00025580	0.97970837	0.98600239	1.00842452	1.00101686	1.03402805	1.00783646	0.98977399	1.02318740
0.00028140	1.03778636	1.01632893	0.99089795	0.98931986	1.02369189	1.01959836	1.00839496	1.01810920
0.00030700	1.00351083	1.02799296	0.99059755	0.98444581	1.05139279	0.99063051	0.99948233	1.01525116
0.00033260	0.99716353	1.00038803	1.00271583	0.99491209	1.02162468	1.01602209	1.01460195	1.01122701
0.00035820	0.96130121	1.02721536	0.99680692	1.01091933	1.00587106	0.99420679	1.01173711	1.01066649
0.00038380	1.03810370	0.98639119	1.00031221	1.00599408	1.00256360	1.02532041	0.99136555	1.00931263
0.00040940	1.00922346	0.97511590	1.01793885	1.01830733	1.02447534	1.02281702	1.00168407	1.00708401
0.00046060	1.01048863	1.03208697	0.99436545	1.01413286	1.02291453	1.00493228	1.02048945	1.00704157
0.00051180	0.98082823	0.99555951	0.99739945	1.01197970	1.00344622	0.98504865	1.00088882	1.00535691
0.00056300	0.98889089	0.99575406	0.99927318	1.00054705	1.00282490	1.02589083	0.98937750	1.00329721
0.00061420	0.98384571	1.00684178	0.99513745	1.00423789	1.00137508	1.00582802	1.00009322	1.00272453
0.00066540	1.01405787	1.01773500	1.00269949	1.02146220	1.02452779	0.96086574	0.99120760	1.00402534
0.00071660	0.99678373	1.01205218	0.99679005	0.99131972	1.01173055	1.01980031	0.99001408	1.00272787
0.00076780	0.99789548	1.01905465	0.98919857	1.01900160	1.00406754	0.99364698	1.00160491	1.00297475
0.00081900	1.00195038	0.97357863	0.99726164	1.00787663	1.00199640	1.03001082	1.01022470	1.00115883
0.00092140	1.00812209	0.98469096	1.00817204	1.00033486	1.01036668	1.04149425	0.99058384	1.00407910
0.00102380	0.99628615	0.99851054	1.00737035	1.01145256	1.00579631	1.02543402	0.98859614	1.00278091
0.00112620	0.99227184	0.99004364	1.00053453	1.02687490	1.00685322	1.00425959	0.99478418	0.99893481
0.00122860	0.99068308	0.99718910	0.99797904	1.02615952	0.99544740	1.00543618	1.00742626	1.00089216
0.00133100	1.00025296	1.01669598	0.99516875	0.98604161	1.04083192	0.99135095	1.00122368	0.99968296
0.00143340	0.99898189	0.99736863	1.00381255	1.01637483	1.02649999	0.99165928	0.99712825	1.00020349
0.00153580	0.99135548	0.99353170	1.00646436	0.99593055	1.02406764	0.99784988	1.00686967	1.00170386
0.00163820	0.98102802	0.99518633	1.00235939	1.01037991	0.99712807	0.99479944	0.99431783	1.00129533
0.00184300	0.99778926	0.98737603	1.00170386	0.99484938	1.02642679	1.00268948	0.99636948	1.00350499
0.00204780	0.99921590	1.00674689	0.99896455	0.99098426	1.01395500	1.00152302	0.99172342	0.99932563
0.00225260	0.99775213	1.00333989	0.99990004	1.00342250	1.00570524	0.99838281	1.00281310	0.99990731
0.00245740	0.99953598	1.00056577	1.00005043	1.00672400	1.01543725	0.98959005	1.00166667	1.00027883
0.00266220	1.00243878	1.00032234	1.00089824	0.99292916	1.00715196	0.99695265	0.99664313	0.99969399
0.00286700	1.01085639	1.00323522	0.99598670	1.00677609	1.01692772	1.00018251	1.00789702	1.00287318
0.00307180	0.99978167	0.98405832	1.00861514	1.01286995	1.01905954	1.00040150	0.99777651	1.00457966
0.00327660	1.01271999	1.00717056	1.00393784	0.98540401	1.00542688	1.00941861	0.99751091	1.00210047
0.00368620	0.99600482	1.00455618	1.00327849	0.99706739	1.01011086	1.00767863	1.00090086	1.00366819
0.00409580	1.00356102	1.00135398	1.00301766	1.01115644	1.01390445	1.01059926	0.99279130	0.99931949
0.00450540	0.98675174	1.00227571	1.00189042	0.99797601	1.01374876	1.00355744	1.00245404	0.99968183
0.00491500	1.00086713	0.99574506	0.99942565	1.00163329	1.01643991	1.00648105	1.00105989	0.99931169
0.00532460	0.99615562	0.99407637	1.00512779	0.99494684	1.01196980	1.01328349	0.99951965	0.99869496
0.00573420	1.00235724	0.99936026	1.00269020	0.99082929	1.01644897	0.99877000	0.99710780	1.00075972
0.00614380	0.99627197	1.00145864	0.99174476	1.00281096	1.01394057	1.00315845	1.00422299	0.99994814
0.00655340	1.00366604	1.00786018	1.00471079	0.99589276	1.01992059	1.00655568	0.99572289	0.99848962
0.00737260	0.99810398	1.00231779	1.00308537	0.99949998	1.01642215	1.00190592	1.00354815	0.99883723
0.00819180	1.00765634	1.00276577	0.99923456	1.01041067	1.01237595	1.00753891	0.99978310	1.00003469
0.00901100	0.99665135	1.00149572	1.00216854	0.99850363	1.01768541	0.99904376	0.99876481	1.00069880
0.00983020	0.99512917	1.00640297	1.00030410	1.01182353	1.01528490	1.00213432	1.00357068	0.99862134
0.01064940	1.00129390	1.00119162	1.00406420	1.01102567	1.01068878	1.00222945	1.00134420	1.00179887
0.01146860	1.00322974	1.00427926	0.99921584	1.00172877	1.01666558	1.00838506	1.00288427	1.00023270
0.01228780	1.00193357	0.99454153	1.00106263	0.99897593	1.01039433	0.99881160	1.00132692	1.00071454
0.01310700	1.00085759	1.00973892	1.00343561	1.00135314	1.01669157	1.00853395	0.99955916	0.99860871
0.01474540	0.99473447	0.99717581	1.00049198	1.00022805	1.01090741	1.00523055	0.99899924	1.00058365
0.01638380	1.00340152	1.00162148	1.00025535	0.99797523	1.01663744	1.00686753	0.99755418	0.99893004
0.01802220	0.99603933	1.00355232	1.00239754	1.00041962	1.01262045	1.00511396	1.00074661	1.00038898
0.01966060	0.99541211	0.99935073	1.00296140	1.00626886	1.01763058	1.00442040	1.00165963	1.00042009
0.02129900	0.99968517	0.99899733	0.99912542	1.00532055	1.00915956	1.00434685	1.00101650	1.00189829
0.02293740	1.00195348	1.00169992	1.00138187	1.00129366	1.01360011	1.00033212	1.00372016	0.99978596
0.02457580	1.00039661	1.00047505	0.99968141	1.00416732	1.01522708	1.00536764	0.99778384	0.99839151
0.02621420	0.99811351	1.00444877	1.00077903	0.99898767	1.01203561	1.00144041	1.00022113	0.99937671
0.02949100	0.99741274	1.00359619	1.00200999	1.00214779	1.01651657	1.00729942	0.99865711	0.99990058
0.03276780	0.99939269	1.00247419	1.00261867	1.00074923	1.01499856	1.00478125	0.99961984	0.99921644
0.03604460	0.99934304	1.00117338	1.00085366	1.00024450	1.01232278	1.00106668	0.99842155	1.00004160
0.03932140	0.99676973	1.00269020	1.00228000	1.00386441	1.01516140	1.00245738	1.00118589	1.00062883
0.04259820	1.00210726	0.99920928	1.00288892	0.99649090	1.01035130	1.00563157	0.99982536	1.00113726
0.04587500	0.99759918	1.00093532	1.00033224	1.00452220	1.01615286	1.00206506	1.00046015	1.00039935
0.04915180	0.99770343	0.99960011	1.00064683	1.00242019	1.01513672	1.00411105	0.99929005	1.00018919
0.05242860	0.99843758	1.00211930	0.99984658	1.00266874	1.01160336	1.00346529	1.00023246	0.99885482
0.05898220	0.99998146	0.99984705	1.00186300	1.00418794	1.01398742	1.00336611	0.99867868	0.99913609
0.06553581	1.00139916	1.00034833	1.00109935	1.00162065	1.01245570	1.00473475	1.00004148	1.00101221
0.07208940	0.99859089	0.99937344	1.00147569	1.00120175	1.01515985	1.00354326	0.99961567	0.99949837
0.07864300	1.00236952	0.99832129	1.00220478	1.00200832	1.01573110	1.00432551	1.00173688	1.00027192
0.08519660	0.99874872	0.99902749	1.00126195	1.00522566	1.01168478	1.00425017	1.00116324	0.99960262
0.09175020	1.00079429	1.00071669	1.00104356	1.00122726	1.01060951	1.00276005	0.99901021	0.99953628
0.09830380	1.00131893	1.00352848	1.00167346	1.00361562	1.01429176	1.00289750	1.00047541	0.99976623
0.10485740	0.99992424	1.00188386	1.00203979	1.00171793	1.01570439	1.00573194	0.99992692	1.00054491
0.11796460	1.00046360	1.00045335	1.00093198	1.00030315	1.01379991	1.00396228	1.00057948	0.99972045
0.13107181	1.00104976	1.00019741	1.00143230	1.00230980	1.01324987	1.00317216	0.99858934	0.99977148
0.14417900	0.99964768	0.99961942	1.00195789	1.00096178	1.01342094	1.00244844	1.00011241	1.00009227
0.15728620	1.00100386	1.00210381	1.00239778	1.00121343	1.01416397	1.00214458	0.99942070	0.99954182
0.17039341	0.99757552	0.99879080	1.00125742	1.00492811	1.01310253	1.00195599	1.00006855	1.00039065
0.18350060	0.99947417	0.99953824	1.00224721	1.00174248	1.01315165	1.00294721	1.00127614	1.00038373
0.19660780	1.00009024	1.00055587	1.00133562	1.00227928	1.01617658	1.00296533	0.99962586	0.99951321
0.20971501	1.00075078	1.00077665	1.00198650	1.00027847	1.01272917	1.00211537	1.00047827	1.00043833
0.23592941	1.00055397	1.00133491	1.00194490	1.00098622	1.01375210	1.00291812	0.99917716	0.99989206
0.26214382	0.99872601	1.00085545	1.00125682	1.00241566	1.01386726	1.00173128	1.00024426	0.99991471
0.28835821	1.00005627	0.99891418	1.00170577	1.00270414	1.01285911	1.00125551	1.00006258	1.00019431
0.31457260	0.99986082	0.99976444	1.00150323	1.00236654	1.01327801	1.00284159	0.99958527	0.99997401
0.34078699	1.00018537	1.00082183	1.00127244	1.00136757	1.01370621	1.00259423	1.00019443	1.00022280
0.36700141	0.99982512	0.99981654	1.00033820	1.00214875	1.01312923	1.00288498	1.00010872	0.99986535
0.39321581	0.99970639	1.00059748	1.00188267	1.00103021	1.01317835	1.00193548	0.99990952	0.99985039
0.41943020	1.00109124	0.99935788	1.00146627	1.00137401	1.01395071	1.00239289	1.00033414	1.00026000
0.47185901	0.99954766	0.99968791	1.00124395	1.00174785	1.01197481	1.00293171	0.99978346	0.99970841
0.52428782	1.00018787	1.00071430	1.00142682	1.00177026	1.01258337	1.00229120	1.00025034	1.00050902
0.57671660	0.99967951	1.00016189	1.00181532	1.00172985	1.01202798	1.00228775	1.00021815	0.99999654
0.62914538	1.00036180	0.99980581	1.00102913	1.00175464	1.01234710	1.00289929	0.99979192	0.99995786
0.68157423	1.00038505	0.99939662	1.00147867	1.00271320	1.01092982	1.00327110	1.00010014	1.00024295
0.73400301	0.99901497	0.99959606	1.00096178	1.00146580	1.01221514	1.00173175	0.99989367	0.99991453
0.78643179	1.00045323	0.99931818	1.00072479	1.00164759	1.01108015	1.00176549	1.00009143	1.00013268
0.83886063	0.99975520	0.99985057	1.00146830	1.00146234	1.01180601	1.00154924	1.00033402	0.99995190
0.94371825	1.00031221	0.99896109	1.00055301	1.00099814	1.01073861	1.00234592	1.00008523	1.00023317
1.04857588	1.00008047	0.99923748	1.00063419	1.00130665	1.00971878	1.00176477	1.00014639	0.99974835
1.15343344	1.00000930	0.99935615	1.00095761	1.00097632	1.00929284	1.00162208	1.00000823	1.00006902
1.25829101	1.00003922	0.99915975	1.00055528	1.00190127	1.00877428	1.00083959	0.99997008	1.00002539
1.36314869	0.99988914	1.00007796	1.00049663	1.00105202	1.00896358	1.00046813	0.99990559	1.00005877
1.46800625	1.00011802	0.99955267	1.00009406	1.00135314	1.00844240	1.00081062	1.00004351	1.00002313
1.57286382	0.99964166	1.00041270	0.99996978	1.00045121	1.00724554	1.00074279	0.99997050	0.99984848
1.67772150	0.99972951	1.00052035	0.99986959	1.00121343	1.00679886	1.00024545	0.99989039	1.00023782
1.88743675	0.99980277	1.00003695	0.99950010	1.00116336	1.00452948	1.00072813	1.00010586	1.00001311
2.09715199	1.00011098	1.00019097	0.99913818	1.00061142	1.00328195	0.99995399	0.99990803	0.99979556
2.30686712	1.00015259	1.00026834	0.99907625	0.99911898	1.00274730	1.00000954	1.00010026	1.00023019
2.51658225	0.99984998	1.00109124	0.99931657	1.00002337	1.00168169	1.00072706	0.99995714	0.99992257
2.72629738	0.99987787	0.99996978	0.99925208	0.99976462	1.00181389	1.00035143	1.00026798	0.99999791
2.93601274	1.00012720	1.00000608	0.99920481	0.99898946	1.00102484	1.00142801	1.00006735	0.99987549
3.14572787	0.99989450	0.99952668	0.99945492	1.00071657	1.00098789	1.00046921	0.99982327	1.00020206
3.35544300	1.00024164	0.99979043	0.99954003	1.00016499	0.99952799	0.99951988	0.99991250	0.99999589
3.77487350	1.00007665	1.00006235	1.00019741	1.00006628	0.99933600	1.00026131	1.00001240	0.99999380
4.19430399	1.00000477	1.00068963	1.00009692	0.99971861	0.99963313	1.00000346	0.99993509	0.99990231
4.61373425	1.00006115	0.99917471	0.99994081	0.99984932	0.99971831	1.00053895	0.99992871	1.00013781
5.03316450	1.00000000	1.00000000	1.00000000	1.00000000	1.00000000	1.00000000	1.00000000	1.00000000
5.45259476	0.00000000	0.00000000	0.00000000	0.00000000	0.00000000	0.00000000	0.00000000	0.00000000
5.87202549	0.00000000	0.00000000	0.00000000	0.00000000	0.00000000	0.00000000	0.00000000	0.00000000
6.29145575	0.00000000	0.00000000	0.00000000	0.00000000	0.00000000	0.00000000	0.00000000	0.00000000
6.71088600	0.00000000	0.00000000	0.00000000	0.00000000	0.00000000	0.00000000	0.00000000	0.00000000
7.54974699	0.00000000	0.00000000	0.00000000	0.00000000	0.00000000	0.00000000	0.00000000	0.00000000
8.38860798	0.00000000	0.00000000	0.00000000	0.00000000	0.00000000	0.00000000	0.00000000	0.00000000
9.22746849	0.00000000	0.00000000	0.00000000	0.00000000	0.00000000	0.00000000	0.00000000	0.00000000
10.06632900	0.00000000	0.00000000	0.00000000	0.00000000	0.00000000	0.00000000	0.00000000	0.00000000
10.90518951	0.00000000	0.00000000	0.00000000	0.00000000	0.00000000	0.00000000	0.00000000	0.00000000
11.74405098	0.00000000	0.00000000	0.00000000	0.00000000	0.00000000	0.00000000	0.00000000	0.00000000
12.58291149	0.00000000	0.00000000	0.00000000	0.00000000	0.00000000	0.00000000	0.00000000	0.00000000
13.42177200	0.00000000	0.00000000	0.00000000	0.00000000	0.00000000	0.00000000	0.00000000	0.00000000
15.09949398	0.00000000	0.00000000	0.00000000	0.00000000	0.00000000	0.00000000	0.00000000	0.00000000
16.77721596	0.00000000	0.00000000	0.00000000	0.00000000	0.00000000	0.00000000	0.00000000	0.00000000
18.45493698	0.00000000	0.00000000	0.00000000	0.00000000	0.00000000	0.00000000	0.00000000	0.00000000
20.13265800	0.00000000	0.00000000	0.00000000	0.00000000	0.00000000	0.00000000	0.00000000	0.00000000
21.81037903	0.00000000	0.00000000	0.00000000	0.00000000	0.00000000	0.00000000	0.00000000	0.00000000
23.48810196	0.00000000	0.00000000	0.00000000	0.00000000	0.00000000	0.00000000	0.00000000	0.00000000
25.16582298	0.00000000	0.00000000	0.00000000	0.00000000	0.00000000	0.00000000	0.00000000	0.00000000
26.84354401	0.00000000	0.00000000	0.00000000	0.00000000	0.00000000	0.00000000	0.00000000	0.00000000
30.19898796	0.00000000	0.00000000	0.00000000	0.00000000	0.00000000	0.00000000	0.00000000	0.00000000
33.55443192	0.00000000	0.00000000	0.00000000	0.00000000	0.00000000	0.00000000	0.00000000	0.00000000
36.90987396	0.00000000	0.00000000	0.00000000	0.00000000	0.00000000	0.00000000	0.00000000	0.00000000
40.26531601	0.00000000	0.00000000	0.00000000	0.00000000	0.00000000	0.00000000	0.00000000	0.00000000
43.62075806	0.00000000	0.00000000	0.00000000	0.00000000	0.00000000	0.00000000	0.00000000	0.00000000
46.97620392	0.00000000	0.00000000	0.00000000	0.00000000	0.00000000	0.00000000	0.00000000	0.00000000
50.33164597	0.00000000	0.00000000	0.00000000	0.00000000	0.00000000	0.00000000	0.00000000	0.00000000
53.68708801	0.00000000	0.00000000	0.00000000	0.00000000	0.00000000	0.00000000	0.00000000	0.00000000
60.39797592	0.00000000	0.00000000	0.00000000	0.00000000	0.00000000	0.00000000	0.00000000	0.00000000
67.10886383	0.00000000	0.00000000	0.00000000	0.00000000	0.00000000	0.00000000	0.00000000	0.00000000
73.81974792	0.00000000	0.00000000	0.00000000	0.00000000	0.00000000	0.00000000	0.00000000	0.00000000
80.53063202	0.00000000	0.00000000	0.00000000	0.00000000	0.00000000	0.00000000	0.00000000	0.00000000
87.24151611	0.00000000	0.00000000	0.00000000	0.00000000	0.00000000	0.00000000	0.00000000	0.00000000
93.95240784	0.00000000	0.00000000	0.00000000	0.00000000	0.00000000	0.00000000	0.00000000	0.00000000
100.66329193	0.00000000	0.00000000	0.00000000	0.00000000	0.00000000	0.00000000	0.00000000	0.00000000
107.37417603	0.00000000	0.00000000	0.00000000	0.00000000	0.00000000	0.00000000	0.00000000	0.00000000
120.79595184	0.00000000	0.00000000	0.00000000	0.00000000	0.00000000	0.00000000	0.00000000	0.00000000
134.21772766	0.00000000	0.00000000	0.00000000	0.00000000	0.00000000	0.00000000	0.00000000	0.00000000
147.63949585	0.00000000	0.00000000	0.00000000	0.00000000	0.00000000	0.00000000	0.00000000	0.00000000
161.06126404	0.00000000	0.00000000	0.00000000	0.00000000	0.00000000	0.00000000	0.00000000	0.00000000
174.48303223	0.00000000	0.00000000	0.00000000	0.00000000	0.00000000	0.00000000	0.00000000	0.00000000
187.90481567	0.00000000	0.00000000	0.00000000	0.00000000	0.00000000	0.00000000	0.00000000	0.00000000
201.32658386	0.00000000	0.00000000	0.00000000	0.00000000	0.00000000	0.00000000	0.00000000	0.00000000
214.74835205	0.00000000	0.00000000	0.00000000	0.00000000	0.00000000	0.00000000	0.00000000	0.00000000
241.59190369	0.00000000	0.00000000	0.00000000	0.00000000	0.00000000	0.00000000	0.00000000	0.00000000
268.43545532	0.00000000	0.00000000	0.00000000	0.00000000	0.00000000	0.00000000	0.00000000	0.00000000
295.27899170	0.00000000	0.00000000	0.00000000	0.00000000	0.00000000	0.00000000	0.00000000	0.00000000
322.12252808	0.00000000	0.00000000	0.00000000	0.00000000	0.00000000	0.00000000	0.00000000	0.00000000
348.96606445	0.00000000	0.00000000	0.00000000	0.00000000	0.00000000	0.00000000	0.00000000	0.00000000
375.80963135	0.00000000	0.00000000	0.00000000	0.00000000	0.00000000	0.00000000	0.00000000	0.00000000
402.65316772	0.00000000	0.00000000	0.00000000	0.00000000	0.00000000	0.00000000	0.00000000	0.00000000
429.49670410	0.00000000	0.00000000	0.00000000	0.00000000	0.00000000	0.00000000	0.00000000	0.00000000
483.18380737	0.00000000	0.00000000	0.00000000	0.00000000	0.00000000	0.00000000	0.00000000	0.00000000
536.87091064	0.00000000	0.00000000	0.00000000	0.00000000	0.00000000	0.00000000	0.00000000	0.00000000
590.55798340	0.00000000	0.00000000	0.00000000	0.00000000	0.00000000	0.00000000	0.00000000	0.00000000
644.24505615	0.00000000	0.00000000	0.00000000	0.00000000	0.00000000	0.00000000	0.00000000	0.00000000
697.93212891	0.00000000	0.00000000	0.00000000	0.00000000	0.00000000	0.00000000	0.00000000	0.00000000
751.61926270	0.00000000	0.00000000	0.00000000	0.00000000	0.00000000	0.00000000	0.00000000	0.00000000
805.30633545	0.00000000	0.00000000	0.00000000	0.00000000	0.00000000	0.00000000	0.00000000	0.00000000
858.99340820	0.00000000	0.00000000	0.00000000	0.00000000	0.00000000	0.00000000	0.00000000	0.00000000
966.36761475	0.00000000	0.00000000	0.00000000	0.00000000	0.00000000	0.00000000	0.00000000	0.00000000
1073.74182129	0.00000000	0.00000000	0.00000000	0.00000000	0.00000000	0.00000000	0.00000000	0.00000000
1181.11596680	0.00000000	0.00000000	0.00000000	0.00000000	0.00000000	0.00000000	0.00000000	0.00000000
1288.49011230	0.00000000	0.00000000	0.00000000	0.00000000	0.00000000	0.00000000	0.00000000	0.00000000
1395.86425781	0.00000000	0.00000000	0.00000000	0.00000000	0.00000000	0.00000000	0.00000000	0.00000000
1503.23852539	0.00000000	0.00000000	0.00000000	0.00000000	0.00000000	0.00000000	0.00000000	0.00000000
1610.61267090	0.00000000	0.00000000	0.00000000	0.00000000	0.00000000	0.00000000	0.00000000	0.00000000
1717.98681641	0.00000000	0.00000000	0.00000000	0.00000000	0.00000000	0.00000000	0.00000000	0.00000000
1932.73522949	0.00000000	0.00000000	0.00000000	0.00000000	0.00000000	0.00000000	0.00000000	0.00000000
2147.48364258	0.00000000	0.00000000	0.00000000	0.00000000	0.00000000	0.00000000	0.00000000	0.00000000
2362.23193359	0.00000000	0.00000000	0.00000000	0.00000000	0.00000000	0.00000000	0.00000000	0.00000000
2576.98022461	0.00000000	0.00000000	0.00000000	0.00000000	0.00000000	0.00000000	0.00000000	0.00000000
2791.72851562	0.00000000	0.00000000	0.00000000	0.00000000	0.00000000	0.00000000	0.00000000	0.00000000
3006.47705078	0.00000000	0.00000000	0.00000000	0.00000000	0.00000000	0.00000000	0.00000000	0.00000000
3221.22534180	0.00000000	0.00000000	0.00000000	0.00000000	0.00000000	0.00000000	0.00000000	0.00000000
3435.97363281	0.00000000	0.00000000	0.00000000	0.00000000	0.00000000	0.00000000	0.00000000	0.00000000
0	0	0	0	0	0	0	0	0
