%6/2/2015 11:13:12 AM
%Duration	ID1		ID2		ID3		ID4		ID5		ID6		ID7		ID8
3000.000000	30.574799	23.298264	20.513535	23.784637	23.450851	22.668839	27.132034	220.813751
%Tau		Tau1		Tau2		Tau3		Tau4		Tau5		Tau6		Tau7		Tau8
%		0.000029	0.000025	0.000022	0.000029	0.000038	0.000032	0.000025	0.000128
%Delaytime	D1		D2		D3		D4		D5		D6		D7		D8
0.00000000	1.96114337	4.09215260	4.54071140	3.74452257	3.48682308	2.11281657	2.71511984	1.64327574
0.00000020	1.63661253	1.88778377	1.82923496	1.75960374	1.56852388	1.44655895	1.67973053	1.48954296
0.00000040	1.67499793	1.58292425	1.68354368	1.57184112	1.53026724	1.60862160	1.44421279	1.47660279
0.00000060	1.57031059	1.41876912	1.41644299	1.62012291	1.42642772	1.36252654	1.64418066	1.47538960
0.00000080	1.45515442	1.31324089	1.45691288	1.67376935	1.41003191	1.49457753	1.76416135	1.46689761
0.00000100	1.68197703	1.49498403	1.52166450	1.43236041	1.35537958	1.31450796	1.55086231	1.47586143
0.00000120	1.44119608	1.51257205	1.59451020	1.48064220	1.48654532	1.59661698	1.37755680	1.45813596
0.00000140	1.53890431	1.36014235	1.43263090	1.39480782	1.44828868	1.63863325	1.54641855	1.46116889
0.00000160	1.41676903	1.66500187	1.52975845	1.42699575	1.39363623	1.47657061	1.52864361	1.45442915
0.00000180	1.42374825	1.51843476	1.30312753	1.50210071	1.30619240	1.54259610	1.35533810	1.46905434
0.00000200	1.42025864	1.30737817	1.42453694	1.27142096	1.51933670	1.44055665	1.45754397	1.47795069
0.00000220	1.40281081	1.49498403	1.52975845	1.46454823	1.48108006	1.39854050	1.38644421	1.47478306
0.00000240	1.58426881	1.61810040	1.60260415	1.40017247	1.42096245	1.47056830	1.51531243	1.47552443
0.00000260	1.54937303	1.44221985	1.74020147	1.34652603	1.52480197	1.63863325	1.37755680	1.46588659
0.00000280	1.52843559	1.46567059	1.47310078	1.40553713	1.60131538	1.39253807	1.55530608	1.44715023
0.00000300	1.38187325	1.45394528	1.64307392	1.56111181	1.43735814	1.49457753	1.55086231	1.47215450
0.00000340	1.38885248	1.55947351	1.51761758	1.52087700	1.44282341	1.54259610	1.39088798	1.47279477
0.00000380	1.56333137	1.49791539	1.61069810	1.55842948	1.46468437	1.47957170	1.41310656	1.45132887
0.00000420	1.50051892	1.49205267	1.40430212	1.49137151	1.41549718	1.66264248	1.47309697	1.45709133
0.00000460	1.49528456	1.37773037	1.44072485	1.44845426	1.55212820	1.37753236	1.44421279	1.45608032
0.00000500	1.44468570	1.41583776	1.35169137	1.42967808	1.53299987	1.38653576	1.50198126	1.46174169
0.00000540	1.49877417	1.34255433	1.48524165	1.44308960	1.45648646	1.46756709	1.39310980	1.45715868
0.00000580	1.49179506	1.47739601	1.44881892	1.42163110	1.49201059	1.56360424	1.48198450	1.44896996
0.00000620	1.42898262	1.38652444	1.35978532	1.40017247	1.42369509	1.46156478	1.57974660	1.46538115
0.00000700	1.49877417	1.49791539	1.38002026	1.39346671	1.47014964	1.46156478	1.40310824	1.45207024
0.00000780	1.40281081	1.43782294	1.35776186	1.45516014	1.39363623	1.52008736	1.40755200	1.45035160
0.00000860	1.43247223	1.31324089	1.48524165	1.41358411	1.48381269	1.46756709	1.48198450	1.45233977
0.00000940	1.39408684	1.43049455	1.43263090	1.43101919	1.45921910	1.35952532	1.46087670	1.44802642
0.00001020	1.43945134	1.43928850	1.40834904	1.43101919	1.36631000	1.44205725	1.39422071	1.44125295
0.00001100	1.36878741	1.41290653	1.31324506	1.45113659	1.40320039	1.46756709	1.46865320	1.44268513
0.00001180	1.47260237	1.40997517	1.37394977	1.37334931	1.48244643	1.35952532	1.42199409	1.44934058
0.00001260	1.41589665	1.44368553	1.38406718	1.40419602	1.38953733	1.45106077	1.39866447	1.44015777
0.00001420	1.38274562	1.38139451	1.38204372	1.42967808	1.39636886	1.41804802	1.31978822	1.43539786
0.00001580	1.35046709	1.40850949	1.29705715	1.31567931	1.33898377	1.37753236	1.41532850	1.43378031
0.00001740	1.36486161	1.32056928	1.38507891	1.34451425	1.34854794	1.39328837	1.33922958	1.43180060
0.00001900	1.36573398	1.32056928	1.30616283	1.36664343	1.30072713	1.37303054	1.28201652	1.42736077
0.00002060	1.33738112	1.32056928	1.27378702	1.33311439	1.36494374	1.29124904	1.29812503	1.41379714
0.00002220	1.33389163	1.33229458	1.31223333	1.33311439	1.31302392	1.35952532	1.27757275	1.41347694
0.00002380	1.32298660	1.33889008	1.27682221	1.37267864	1.28979671	1.27024090	1.32867575	1.40739441
0.00002540	1.25930178	1.29272151	1.25962257	1.31903219	1.28296506	1.26198769	1.31201172	1.40031767
0.00002860	1.24847782	1.23979807	1.26494133	1.26096857	1.24228132	1.27323163	1.21668589	1.38634229
0.00003180	1.20178545	1.18522501	1.21898937	1.19007885	1.23105276	1.22621310	1.19026387	1.38594151
0.00003500	1.21509492	1.23137414	1.21444464	1.18573177	1.22390735	1.19561374	1.21194541	1.37121022
0.00003820	1.17778456	1.19621289	1.25383210	1.17001569	1.21063733	1.19337475	1.18665016	1.35999703
0.00004140	1.17189348	1.15445900	1.15031397	1.17636895	1.14939094	1.15456593	1.15885329	1.35028374
0.00004460	1.14003789	1.13651216	1.14071953	1.15262759	1.17831278	1.17956781	1.16580248	1.34448099
0.00004780	1.12825572	1.13065195	1.11799610	1.16667187	1.13373899	1.15867066	1.13883948	1.33121419
0.00005100	1.09640002	1.13797724	1.15132391	1.12721431	1.11672616	1.11875820	1.14829051	1.32414007
0.00005740	1.11740422	1.11165345	1.08737350	1.09699678	1.11796439	1.11645019	1.11096060	1.30904162
0.00006380	1.07540941	1.08566296	1.09874237	1.10870075	1.07318449	1.10225642	1.07146227	1.29208612
0.00007020	1.09240866	1.07027912	1.07042861	1.07057929	1.05683899	1.07667041	1.07730353	1.27744901
0.00007660	1.05793905	1.06093895	1.04011202	1.05937696	1.07148182	1.06714559	1.03933513	1.26377797
0.00008300	1.03960848	1.03656650	1.02798545	1.03881133	1.03928757	1.05425918	1.05254757	1.24872720
0.00008940	1.03448343	1.08015347	1.02950120	1.04115212	1.04133070	1.02904665	1.04920971	1.23532677
0.00009580	1.02652335	1.05396461	1.03605270	1.05051529	1.04507649	1.01896155	1.03029501	1.22732759
0.00010220	1.01169360	1.05140066	1.00144172	1.02459943	1.02515566	1.04734910	1.03222942	1.21238172
0.00011500	1.02281940	1.02802944	1.00375795	1.01462078	1.00600684	1.02276385	1.03137612	1.19271648
0.00012780	1.00901675	1.02793789	1.01501620	1.02431965	0.99538064	1.01277518	1.02581286	1.17794502
0.00014060	1.00416124	1.02876258	1.01602817	1.01855052	1.00210512	1.00950789	1.02442193	1.16142678
0.00015340	1.00010228	1.00466311	1.01855814	0.99037355	1.01172352	0.99531841	1.02073622	1.14937782
0.00016620	1.00273180	0.99789637	1.00907075	0.99704897	1.01087236	1.00334668	1.00162458	1.13799095
0.00017900	1.00317919	1.00037050	0.99148762	1.01101184	1.01131165	1.00502694	1.00941336	1.12605417
0.00019180	0.99903297	1.00944233	1.01955318	0.99546039	0.99335134	0.98934388	1.00678313	1.11769772
0.00020460	0.97841072	0.99963742	1.01892066	0.98970467	0.99546576	0.99569178	0.98356766	1.11148071
0.00023020	0.99538380	0.98862505	1.00120211	1.00470853	0.99863440	0.99839425	1.00016844	1.09795439
0.00025580	0.99251997	1.00708652	1.00341392	1.02070260	1.00965309	1.01184440	1.00528026	1.08734190
0.00028140	1.01142120	0.99577141	1.00188065	1.00099885	0.99385005	1.00595999	1.01400852	1.07693326
0.00030700	1.00195694	1.00105703	0.99036282	1.01831806	0.99078310	0.99770796	0.99213570	1.07004440
0.00033260	0.99237281	0.98473525	1.00312781	0.99652261	1.00696957	1.00686169	1.00347197	1.06304264
0.00035820	1.00076234	1.00017262	1.00628746	0.99208826	1.00087833	1.01014531	1.00110734	1.05647027
0.00038380	1.00152600	0.99838609	1.00238621	1.00986755	1.00288033	1.00724971	1.00868809	1.05232084
0.00040940	1.00429165	1.00702953	1.00104249	0.99740112	0.99793923	1.00785685	1.00100303	1.04752767
0.00046060	1.01204479	0.99917048	0.99980986	1.00047374	0.99850780	0.99461591	1.00170994	1.04121351
0.00051180	0.99927104	1.00508094	1.00260687	0.99905068	1.00718212	0.98754728	1.00209224	1.03612983
0.00056300	0.99493676	1.00288165	0.99673349	1.00287306	1.00807643	0.99102777	1.01264489	1.03019845
0.00061420	0.99423885	0.99747521	0.99813944	1.00028539	1.00571287	1.00537014	1.01105118	1.02822852
0.00066540	0.99069506	1.00480604	1.00241899	0.99411184	1.00039697	0.99339622	1.00608158	1.02345800
0.00071660	0.99515206	0.99742055	1.00273478	0.98828071	1.00709832	0.99386340	1.00406587	1.02079773
0.00076780	1.00039411	0.99112052	1.00254536	1.00234365	1.00074530	1.00391662	0.99249309	1.01969075
0.00081900	0.99462295	0.99238056	1.00985479	0.99854100	1.00399566	0.99639529	0.99952555	1.01940548
0.00092140	0.99792206	0.98795938	0.99305058	1.00857103	1.00402391	0.98741984	0.99808568	1.01583374
0.00102380	0.99792886	0.99328768	1.00284684	1.00642657	1.00213504	0.99631780	1.00144887	1.01029480
0.00112620	1.00761390	0.99077564	0.99978024	1.00028300	1.00469220	1.00762451	0.99915969	1.01227891
0.00122860	1.00375998	1.00429702	0.98816687	0.99334580	1.01280475	0.99757403	1.00424361	1.01149738
0.00133100	0.99812382	0.99982679	0.99375945	1.00640762	0.99932396	1.00546396	0.99822831	1.00895643
0.00143340	0.99712092	0.99729812	1.00258982	0.99129516	0.99894810	0.99883169	1.00068271	1.00614810
0.00153580	0.99661142	0.99523896	1.00691938	0.99106467	0.99200940	0.99249190	1.00268519	1.00546646
0.00163820	0.99909139	1.00520146	0.99837488	0.99987298	0.99560273	1.00264990	0.99841952	1.00461042
0.00184300	1.00535023	1.00239885	1.00115919	1.00599122	0.99902987	0.99907720	1.00138032	1.00482929
0.00204780	0.99821520	0.99625146	1.00764525	1.00076830	1.00724459	1.00702405	0.99853665	1.00474381
0.00225260	0.99667251	1.00398064	0.99547970	0.99544233	1.00216198	0.99764121	1.00196958	1.00424683
0.00245740	1.00313330	0.99428833	1.00401461	1.00253999	0.99819404	1.00868690	0.99889725	1.00398898
0.00266220	0.99837863	1.00406623	0.99885148	1.00142753	1.00286794	0.99661684	1.00229609	1.00399733
0.00286700	1.00333154	1.00111735	1.00370765	1.00531590	1.00489676	0.99697721	0.99932432	1.00247943
0.00307180	1.00019300	1.00326765	1.00096107	0.99715900	1.00079858	0.99946052	0.99817759	1.00309002
0.00327660	0.99954873	1.00254917	1.00221634	1.00296450	1.00351214	0.99912614	0.99597257	1.00351226
0.00368620	1.00320387	0.99926776	1.00405502	1.00188363	1.00073946	0.99647152	0.99850917	1.00199234
0.00409580	1.00307131	0.99756598	1.00272954	0.99918979	0.99902511	1.00337744	1.00188935	0.99932975
0.00450540	0.99819040	1.00057709	1.00508261	1.00160849	1.00031674	1.00294280	1.00177717	0.99676114
0.00491500	1.00019681	1.00140953	1.00164127	0.99862945	1.00354910	1.00492442	0.99924093	0.99760842
0.00532460	0.99704558	0.99581230	1.00207365	0.99908012	1.00163293	0.99540174	0.99533743	0.99937838
0.00573420	0.99546647	0.99749082	1.00074315	1.00656438	1.00278687	0.99880642	0.99740320	0.99831223
0.00614380	1.00041306	1.00087976	1.00254917	1.00130928	0.99894816	0.99957711	1.00244486	1.00274336
0.00655340	0.99936604	1.00073600	1.00393140	1.00287712	1.00071645	1.00112712	0.99861830	1.00149429
0.00737260	1.00044596	0.99911886	1.00196886	1.00044227	1.00319445	0.99886030	1.00106120	0.99896395
0.00819180	1.00167620	1.00312281	1.00214648	1.00111425	1.00661075	0.99914998	1.00024498	1.00101388
0.00901100	1.00313306	0.99894023	1.00472260	0.99995154	1.00249052	0.99800843	0.99966609	1.00197005
0.00983020	0.99884570	0.99790102	1.00220239	1.00175881	1.00332367	1.00173950	0.99982315	1.00011706
0.01064940	1.00067902	1.00057781	1.00070441	0.99749100	1.00198209	1.00051820	1.00174630	1.00225341
0.01146860	0.99948853	1.00265837	0.99823505	1.00074220	1.00095475	1.00001574	0.99886757	1.00446820
0.01228780	1.00135314	1.00153148	1.00044143	0.99756759	1.00497460	0.99868804	1.00032496	1.00211096
0.01310700	0.99883622	1.00011301	1.00009346	1.00064635	1.00468743	1.00065088	1.00270557	1.00164068
0.01474540	1.00236940	1.00114274	1.00316072	1.00055444	0.99963027	1.00144207	1.00227821	0.99957520
0.01638380	1.00081968	1.00019610	1.00218701	0.99887156	1.00097263	0.99937552	1.00011396	1.00068367
0.01802220	1.00060380	0.99991280	1.00067532	0.99932486	1.00458932	0.99938101	0.99998480	1.00048482
0.01966060	0.99966460	1.00111258	1.00040579	1.00145781	1.00424218	1.00073361	0.99889582	0.99800849
0.02129900	1.00031006	0.99830490	1.00109649	0.99902475	1.00412035	0.99952090	0.99798548	0.99726379
0.02293740	0.99983442	1.00182283	1.00166214	1.00098264	1.00345337	0.99949229	1.00115538	0.99839491
0.02457580	1.00071609	1.00070357	1.00170183	0.99927986	1.00068402	0.99995017	1.00015593	1.00088072
0.02621420	1.00195885	0.99961716	1.00088120	1.00097883	1.00383723	1.00208426	0.99801379	1.00122881
0.02949100	1.00105095	0.99954063	1.00235629	0.99979872	1.00255644	1.00056136	1.00089550	1.00140142
0.03276780	1.00021768	1.00075924	1.00398970	1.00044858	1.00402474	1.00078905	0.99987459	1.00183427
0.03604460	1.00164986	1.00097597	1.00331688	1.00140989	1.00120115	0.99997461	0.99991012	1.00034702
0.03932140	1.00035501	0.99958694	1.00115013	1.00220180	1.00253654	1.00075078	1.00102139	0.99916339
0.04259820	1.00057089	1.00004101	1.00021696	1.00034869	1.00392592	1.00024736	1.00121820	0.99963969
0.04587500	1.00016320	0.99873036	1.00122249	1.00032485	1.00253379	0.99880087	1.00052643	0.99977392
0.04915180	0.99912208	1.00184965	1.00081110	0.99789566	1.00150979	1.00077426	1.00069523	1.00006592
0.05242860	1.00038767	1.00130796	0.99988079	0.99951148	1.00234652	1.00011408	1.00086474	0.99958324
0.05898220	1.00067985	0.99914980	1.00158870	0.99958497	1.00218713	1.00149381	1.00073493	0.99927884
0.06553581	1.00096023	1.00096905	1.00221777	1.00062263	1.00173903	1.00088191	0.99933338	1.00156093
0.07208940	1.00028622	1.00065708	1.00175440	1.00073290	1.00228715	1.00043750	0.99939090	0.99979848
0.07864300	1.00059581	0.99898964	1.00231838	1.00030148	1.00206578	1.00057936	1.00061309	1.00104237
0.08519660	1.00079823	1.00025904	1.00204265	0.99995190	1.00244737	1.00048673	0.99964708	1.00295305
0.09175020	1.00025451	1.00041842	1.00235176	1.00017154	1.00167239	1.00079036	0.99986303	1.00073469
0.09830380	1.00024509	1.00029099	1.00134885	1.00002670	1.00328386	0.99965924	1.00107455	1.00001550
0.10485740	1.00009906	1.00059021	1.00155151	1.00092363	1.00231206	0.99896443	0.99914896	1.00013399
0.11796460	1.00032282	1.00030768	1.00119913	1.00045097	1.00179470	1.00081050	1.00036621	0.99873233
0.13107181	1.00036013	0.99925995	1.00098896	1.00090611	1.00220716	1.00087905	1.00048828	1.00190222
0.14417900	1.00052440	0.99988896	1.00109959	0.99984574	1.00120473	0.99967062	1.00085151	1.00023174
0.15728620	0.99990731	1.00001240	1.00081325	1.00049138	1.00132227	1.00066233	1.00030148	0.99964774
0.17039341	1.00016868	0.99983436	1.00080383	1.00068951	1.00065756	1.00087297	1.00062609	1.00011122
0.18350060	0.99976522	0.99935836	1.00088453	0.99908203	1.00189877	1.00053835	1.00087869	0.99985003
0.19660780	1.00062633	1.00023568	1.00123966	0.99964118	1.00138724	1.00100625	1.00013697	0.99989212
0.20971501	0.99977326	0.99981517	1.00110424	0.99978870	1.00153947	1.00042236	0.99967384	1.00040579
0.23592941	0.99963719	1.00022590	1.00072825	1.00024986	1.00152969	1.00039184	0.99984968	1.00018764
0.26214382	0.99975979	1.00013566	1.00095499	1.00011897	1.00181377	1.00107658	0.99994588	0.99986899
0.28835821	1.00015593	0.99978971	1.00078869	1.00017357	1.00144982	1.00016356	1.00018072	1.00004697
0.31457260	0.99988663	0.99979991	1.00056148	0.99992949	1.00198376	1.00040507	1.00018644	0.99953270
0.34078699	1.00012457	0.99984431	1.00079787	0.99976009	1.00165498	1.00024247	1.00076699	0.99907243
0.36700141	0.99987978	1.00052667	1.00053000	1.00050867	1.00177956	1.00037324	1.00011575	1.00030053
0.39321581	0.99989146	1.00007689	1.00102091	1.00019443	1.00108433	1.00023580	0.99959558	0.99991882
0.41943020	0.99982017	0.99994195	1.00106871	1.00022161	1.00131488	1.00020659	1.00029290	1.00080729
0.47185901	1.00007927	1.00008059	1.00089836	0.99976635	1.00121832	1.00025761	1.00031590	1.00023913
0.52428782	0.99982727	0.99981242	1.00071788	0.99985331	1.00083792	1.00052702	1.00030828	0.99968112
0.57671660	0.99967730	0.99992388	1.00080001	0.99980778	1.00086498	1.00046241	1.00004947	1.00014460
0.62914538	1.00000763	0.99994487	1.00114727	1.00020087	0.99987787	1.00033498	1.00040269	0.99974060
0.68157423	0.99998188	0.99997288	1.00080752	1.00000834	1.00042391	1.00037324	1.00014269	1.00032425
0.73400301	1.00028825	1.00061345	1.00147474	1.00012267	1.00057256	1.00025797	0.99992883	0.99980801
0.78643179	1.00025272	1.00009966	1.00128067	0.99965799	1.00102687	1.00035560	1.00045395	0.99989897
0.83886063	1.00040996	0.99976277	1.00114346	0.99983150	1.00053215	1.00015652	1.00032306	0.99958390
0.94371825	0.99995869	1.00002980	1.00113320	0.99965310	1.00041556	1.00034285	1.00036609	0.99991125
1.04857588	0.99977624	1.00004494	1.00115108	0.99970829	1.00103390	0.99988073	0.99993253	0.99976808
1.15343344	0.99991858	0.99996960	1.00065517	0.99980605	1.00092614	1.00014400	1.00008261	1.00019538
1.25829101	0.99978983	1.00015211	1.00037074	0.99999088	1.00134861	1.00009334	1.00022840	0.99977523
1.36314869	1.00001907	1.00000536	1.00045776	1.00048077	1.00119877	1.00003791	1.00010026	1.00018656
1.46800625	1.00014734	0.99998033	1.00044310	1.00011492	1.00071311	1.00025427	0.99995100	0.99995345
1.57286382	1.00012171	0.99978089	1.00032139	1.00024664	1.00131166	1.00028312	0.99997246	1.00009871
1.67772150	0.99977833	1.00031996	1.00045121	1.00022483	1.00049913	1.00002515	1.00020957	0.99921930
1.88743675	0.99993652	0.99999326	1.00033212	1.00010610	1.00006568	0.99997163	1.00011051	0.99959373
2.09715199	0.99973649	0.99976981	1.00019538	1.00000334	0.99983573	0.99991238	1.00016057	0.99998766
2.30686712	0.99991244	0.99978620	0.99997669	0.99982065	0.99933642	0.99968565	0.99989235	0.99969471
2.51658225	0.99982733	1.00007522	0.99987352	0.99954116	0.99979895	0.99981087	1.00013399	1.00026071
2.72629738	1.00010383	1.00019920	1.00007319	0.99970633	0.99965513	0.99980712	1.00009549	1.00007474
2.93601274	0.99977809	0.99987346	0.99978274	1.00006211	1.00030494	0.99994928	1.00001013	0.99983013
3.14572787	1.00028849	1.00011396	0.99991608	1.00027561	1.00000727	1.00012231	0.99990791	1.00033033
3.35544300	1.00024247	0.99989396	1.00031388	1.00021374	1.00000894	1.00002062	0.99995291	1.00041485
3.77487350	0.99991059	0.99993366	0.99984181	0.99999827	0.99995273	0.99992651	1.00001228	0.99989754
4.19430399	0.99973142	1.00017655	0.99981046	0.99998051	1.00006032	0.99999553	1.00010824	1.00023007
4.61373425	1.00060105	0.99971956	1.00017667	1.00002766	0.99995446	1.00011766	0.99998152	1.00026071
5.03316450	1.00000000	1.00000000	1.00000000	1.00000000	1.00000000	1.00000000	1.00000000	1.00000000
5.45259476	0.00000000	0.00000000	0.00000000	0.00000000	0.00000000	0.00000000	0.00000000	0.00000000
5.87202549	0.00000000	0.00000000	0.00000000	0.00000000	0.00000000	0.00000000	0.00000000	0.00000000
6.29145575	0.00000000	0.00000000	0.00000000	0.00000000	0.00000000	0.00000000	0.00000000	0.00000000
6.71088600	0.00000000	0.00000000	0.00000000	0.00000000	0.00000000	0.00000000	0.00000000	0.00000000
7.54974699	0.00000000	0.00000000	0.00000000	0.00000000	0.00000000	0.00000000	0.00000000	0.00000000
8.38860798	0.00000000	0.00000000	0.00000000	0.00000000	0.00000000	0.00000000	0.00000000	0.00000000
9.22746849	0.00000000	0.00000000	0.00000000	0.00000000	0.00000000	0.00000000	0.00000000	0.00000000
10.06632900	0.00000000	0.00000000	0.00000000	0.00000000	0.00000000	0.00000000	0.00000000	0.00000000
10.90518951	0.00000000	0.00000000	0.00000000	0.00000000	0.00000000	0.00000000	0.00000000	0.00000000
11.74405098	0.00000000	0.00000000	0.00000000	0.00000000	0.00000000	0.00000000	0.00000000	0.00000000
12.58291149	0.00000000	0.00000000	0.00000000	0.00000000	0.00000000	0.00000000	0.00000000	0.00000000
13.42177200	0.00000000	0.00000000	0.00000000	0.00000000	0.00000000	0.00000000	0.00000000	0.00000000
15.09949398	0.00000000	0.00000000	0.00000000	0.00000000	0.00000000	0.00000000	0.00000000	0.00000000
16.77721596	0.00000000	0.00000000	0.00000000	0.00000000	0.00000000	0.00000000	0.00000000	0.00000000
18.45493698	0.00000000	0.00000000	0.00000000	0.00000000	0.00000000	0.00000000	0.00000000	0.00000000
20.13265800	0.00000000	0.00000000	0.00000000	0.00000000	0.00000000	0.00000000	0.00000000	0.00000000
21.81037903	0.00000000	0.00000000	0.00000000	0.00000000	0.00000000	0.00000000	0.00000000	0.00000000
23.48810196	0.00000000	0.00000000	0.00000000	0.00000000	0.00000000	0.00000000	0.00000000	0.00000000
25.16582298	0.00000000	0.00000000	0.00000000	0.00000000	0.00000000	0.00000000	0.00000000	0.00000000
26.84354401	0.00000000	0.00000000	0.00000000	0.00000000	0.00000000	0.00000000	0.00000000	0.00000000
30.19898796	0.00000000	0.00000000	0.00000000	0.00000000	0.00000000	0.00000000	0.00000000	0.00000000
33.55443192	0.00000000	0.00000000	0.00000000	0.00000000	0.00000000	0.00000000	0.00000000	0.00000000
36.90987396	0.00000000	0.00000000	0.00000000	0.00000000	0.00000000	0.00000000	0.00000000	0.00000000
40.26531601	0.00000000	0.00000000	0.00000000	0.00000000	0.00000000	0.00000000	0.00000000	0.00000000
43.62075806	0.00000000	0.00000000	0.00000000	0.00000000	0.00000000	0.00000000	0.00000000	0.00000000
46.97620392	0.00000000	0.00000000	0.00000000	0.00000000	0.00000000	0.00000000	0.00000000	0.00000000
50.33164597	0.00000000	0.00000000	0.00000000	0.00000000	0.00000000	0.00000000	0.00000000	0.00000000
53.68708801	0.00000000	0.00000000	0.00000000	0.00000000	0.00000000	0.00000000	0.00000000	0.00000000
60.39797592	0.00000000	0.00000000	0.00000000	0.00000000	0.00000000	0.00000000	0.00000000	0.00000000
67.10886383	0.00000000	0.00000000	0.00000000	0.00000000	0.00000000	0.00000000	0.00000000	0.00000000
73.81974792	0.00000000	0.00000000	0.00000000	0.00000000	0.00000000	0.00000000	0.00000000	0.00000000
80.53063202	0.00000000	0.00000000	0.00000000	0.00000000	0.00000000	0.00000000	0.00000000	0.00000000
87.24151611	0.00000000	0.00000000	0.00000000	0.00000000	0.00000000	0.00000000	0.00000000	0.00000000
93.95240784	0.00000000	0.00000000	0.00000000	0.00000000	0.00000000	0.00000000	0.00000000	0.00000000
100.66329193	0.00000000	0.00000000	0.00000000	0.00000000	0.00000000	0.00000000	0.00000000	0.00000000
107.37417603	0.00000000	0.00000000	0.00000000	0.00000000	0.00000000	0.00000000	0.00000000	0.00000000
120.79595184	0.00000000	0.00000000	0.00000000	0.00000000	0.00000000	0.00000000	0.00000000	0.00000000
134.21772766	0.00000000	0.00000000	0.00000000	0.00000000	0.00000000	0.00000000	0.00000000	0.00000000
147.63949585	0.00000000	0.00000000	0.00000000	0.00000000	0.00000000	0.00000000	0.00000000	0.00000000
161.06126404	0.00000000	0.00000000	0.00000000	0.00000000	0.00000000	0.00000000	0.00000000	0.00000000
174.48303223	0.00000000	0.00000000	0.00000000	0.00000000	0.00000000	0.00000000	0.00000000	0.00000000
187.90481567	0.00000000	0.00000000	0.00000000	0.00000000	0.00000000	0.00000000	0.00000000	0.00000000
201.32658386	0.00000000	0.00000000	0.00000000	0.00000000	0.00000000	0.00000000	0.00000000	0.00000000
214.74835205	0.00000000	0.00000000	0.00000000	0.00000000	0.00000000	0.00000000	0.00000000	0.00000000
241.59190369	0.00000000	0.00000000	0.00000000	0.00000000	0.00000000	0.00000000	0.00000000	0.00000000
268.43545532	0.00000000	0.00000000	0.00000000	0.00000000	0.00000000	0.00000000	0.00000000	0.00000000
295.27899170	0.00000000	0.00000000	0.00000000	0.00000000	0.00000000	0.00000000	0.00000000	0.00000000
322.12252808	0.00000000	0.00000000	0.00000000	0.00000000	0.00000000	0.00000000	0.00000000	0.00000000
348.96606445	0.00000000	0.00000000	0.00000000	0.00000000	0.00000000	0.00000000	0.00000000	0.00000000
375.80963135	0.00000000	0.00000000	0.00000000	0.00000000	0.00000000	0.00000000	0.00000000	0.00000000
402.65316772	0.00000000	0.00000000	0.00000000	0.00000000	0.00000000	0.00000000	0.00000000	0.00000000
429.49670410	0.00000000	0.00000000	0.00000000	0.00000000	0.00000000	0.00000000	0.00000000	0.00000000
483.18380737	0.00000000	0.00000000	0.00000000	0.00000000	0.00000000	0.00000000	0.00000000	0.00000000
536.87091064	0.00000000	0.00000000	0.00000000	0.00000000	0.00000000	0.00000000	0.00000000	0.00000000
590.55798340	0.00000000	0.00000000	0.00000000	0.00000000	0.00000000	0.00000000	0.00000000	0.00000000
644.24505615	0.00000000	0.00000000	0.00000000	0.00000000	0.00000000	0.00000000	0.00000000	0.00000000
697.93212891	0.00000000	0.00000000	0.00000000	0.00000000	0.00000000	0.00000000	0.00000000	0.00000000
751.61926270	0.00000000	0.00000000	0.00000000	0.00000000	0.00000000	0.00000000	0.00000000	0.00000000
805.30633545	0.00000000	0.00000000	0.00000000	0.00000000	0.00000000	0.00000000	0.00000000	0.00000000
858.99340820	0.00000000	0.00000000	0.00000000	0.00000000	0.00000000	0.00000000	0.00000000	0.00000000
966.36761475	0.00000000	0.00000000	0.00000000	0.00000000	0.00000000	0.00000000	0.00000000	0.00000000
1073.74182129	0.00000000	0.00000000	0.00000000	0.00000000	0.00000000	0.00000000	0.00000000	0.00000000
1181.11596680	0.00000000	0.00000000	0.00000000	0.00000000	0.00000000	0.00000000	0.00000000	0.00000000
1288.49011230	0.00000000	0.00000000	0.00000000	0.00000000	0.00000000	0.00000000	0.00000000	0.00000000
1395.86425781	0.00000000	0.00000000	0.00000000	0.00000000	0.00000000	0.00000000	0.00000000	0.00000000
1503.23852539	0.00000000	0.00000000	0.00000000	0.00000000	0.00000000	0.00000000	0.00000000	0.00000000
1610.61267090	0.00000000	0.00000000	0.00000000	0.00000000	0.00000000	0.00000000	0.00000000	0.00000000
1717.98681641	0.00000000	0.00000000	0.00000000	0.00000000	0.00000000	0.00000000	0.00000000	0.00000000
1932.73522949	0.00000000	0.00000000	0.00000000	0.00000000	0.00000000	0.00000000	0.00000000	0.00000000
2147.48364258	0.00000000	0.00000000	0.00000000	0.00000000	0.00000000	0.00000000	0.00000000	0.00000000
2362.23193359	0.00000000	0.00000000	0.00000000	0.00000000	0.00000000	0.00000000	0.00000000	0.00000000
2576.98022461	0.00000000	0.00000000	0.00000000	0.00000000	0.00000000	0.00000000	0.00000000	0.00000000
2791.72851562	0.00000000	0.00000000	0.00000000	0.00000000	0.00000000	0.00000000	0.00000000	0.00000000
3006.47705078	0.00000000	0.00000000	0.00000000	0.00000000	0.00000000	0.00000000	0.00000000	0.00000000
3221.22534180	0.00000000	0.00000000	0.00000000	0.00000000	0.00000000	0.00000000	0.00000000	0.00000000
3435.97363281	0.00000000	0.00000000	0.00000000	0.00000000	0.00000000	0.00000000	0.00000000	0.00000000
0	0	0	0	0	0	0	0	0
