%6/1/2015 1:03:59 PM
%Duration	ID1		ID2		ID3		ID4		ID5		ID6		ID7		ID8
3000.000000	28.800964	26.254654	26.435852	20.952225	23.012161	22.315979	27.103424	205.478668
%Tau		Tau1		Tau2		Tau3		Tau4		Tau5		Tau6		Tau7		Tau8
%		0.000019	0.000017	0.000021	0.000014	0.000022	0.000021	0.000022	0.000070
%Delaytime	D1		D2		D3		D4		D5		D6		D7		D8
0.00000000	1.99409282	3.61180496	3.62094569	4.03950691	3.41802144	2.27101469	2.90883088	1.66385102
0.00000020	1.42435205	1.71943665	1.63009357	1.82072675	1.55656374	1.54498696	1.48756456	1.49225008
0.00000040	1.64101410	1.58603203	1.34950376	1.49638677	1.34795213	1.44043899	1.55800629	1.48268771
0.00000060	1.61694050	1.44274569	1.49202561	1.40793037	1.47632849	1.52175403	1.58286810	1.45756471
0.00000080	1.54471982	1.60579562	1.41185701	1.47427273	1.41748929	1.51013756	1.43784094	1.45860791
0.00000100	1.46046233	1.57615018	1.31832707	1.55535769	1.38004625	1.52756226	1.50413907	1.47182131
0.00000120	1.38021719	1.53168201	1.49202561	1.40055907	1.36934817	1.39978135	1.41712284	1.46625781
0.00000140	1.40027845	1.44768655	1.43412614	1.40793037	1.38004625	1.23715115	1.42126644	1.47103894
0.00000160	1.47249913	1.35380924	1.28269660	1.20890355	1.47632849	1.48690474	1.44612825	1.47312534
0.00000180	1.39626622	1.45262742	1.41631091	1.46690130	1.44423437	1.34169924	1.35911191	1.47442925
0.00000200	1.35213137	1.51191843	1.53210986	1.37844491	1.42818737	1.27780879	1.37983012	1.47095203
0.00000220	1.47249913	1.55144572	1.47421038	1.56272900	1.57261086	1.59726095	1.47927725	1.46208513
0.00000240	1.52867079	1.43286383	1.48757184	1.55535769	1.39609325	1.37654853	1.43784094	1.44739389
0.00000260	1.48854816	1.63544118	1.36286521	1.37107360	1.52446961	1.30104160	1.49170816	1.46782255
0.00000280	1.44842565	1.51685929	1.41185701	1.55535769	1.52981865	1.49271297	1.34668100	1.45034957
0.00000300	1.44040108	1.36863196	1.36731899	1.46690130	1.50842261	1.52756226	1.42955375	1.45634770
0.00000340	1.44240725	1.37357295	1.38068044	1.25681746	1.45225799	1.52175403	1.42541003	1.46247637
0.00000380	1.35012519	1.42051160	1.35841131	1.30841696	1.47097945	1.54208279	1.34668100	1.45565224
0.00000420	1.50860953	1.41557062	1.44303370	1.44110155	1.35062659	1.51304173	1.46891820	1.46152008
0.00000460	1.41833365	1.45262742	1.45194137	1.46321559	1.52981865	1.48980880	1.45855916	1.46060729
0.00000500	1.44040108	1.52921152	1.42744541	1.48532975	1.52446961	1.39397323	1.46891820	1.45013213
0.00000540	1.54672599	1.48227298	1.45194137	1.51112950	1.40679133	1.46367180	1.47513366	1.46504080
0.00000580	1.47049308	1.40568888	1.35618448	1.37844491	1.43353641	1.32427454	1.41505098	1.44552481
0.00000620	1.40629685	1.46003878	1.47866416	1.48901546	1.48970103	1.43172657	1.42955375	1.44256926
0.00000700	1.41131222	1.39086616	1.37956691	1.36738789	1.38004625	1.47964442	1.39951229	1.44732869
0.00000780	1.35614359	1.35133886	1.42744541	1.31763124	1.39341879	1.37800062	1.41608691	1.45160997
0.00000860	1.37520182	1.31551719	1.44080675	1.32315969	1.39074421	1.45641160	1.34875286	1.44813275
0.00000940	1.35514057	1.41433537	1.33280194	1.32315969	1.33859134	1.36783624	1.31871152	1.43715775
0.00001020	1.27288926	1.35998547	1.30607915	1.45584428	1.34795213	1.35041153	1.35186052	1.43385446
0.00001100	1.41030920	1.41310024	1.33948267	1.31763124	1.34126580	1.44769919	1.37361467	1.44048285
0.00001180	1.35514057	1.34763312	1.38402081	1.33237398	1.33725405	1.37945259	1.33425009	1.42477024
0.00001260	1.34711611	1.34639788	1.36620557	1.33605957	1.31452072	1.32282245	1.33425009	1.43667972
0.00001420	1.29997206	1.32107580	1.29772818	1.27616727	1.23562276	1.27127445	1.30938828	1.42157555
0.00001580	1.29144597	1.26054966	1.29271770	1.25313175	1.28978157	1.30975401	1.27934694	1.41703343
0.00001740	1.26687086	1.20187628	1.24706614	1.19876802	1.23696005	1.24586356	1.31249607	1.40826428
0.00001900	1.21420991	1.25313818	1.26265454	1.24391758	1.24698949	1.31193209	1.23221314	1.40103817
0.00002060	1.19866252	1.18952405	1.22368371	1.23931050	1.25166988	1.19213748	1.24360812	1.39603961
0.00002220	1.16756749	1.21546376	1.19195032	1.19416082	1.23027372	1.19721973	1.21512067	1.38514078
0.00002380	1.17509043	1.15061438	1.17246485	1.17941809	1.16474831	1.17689085	1.19492042	1.38339126
0.00002540	1.17860115	1.19508255	1.17636192	1.11215448	1.16675425	1.13695943	1.15659177	1.37808847
0.00002860	1.12585008	1.09533453	1.12315238	1.15367234	1.14833176	1.09813905	1.13803494	1.35547554
0.00003180	1.11707985	1.12059963	1.08742201	1.07182550	1.10609651	1.12087405	1.11539257	1.33870649
0.00003500	1.07899189	1.06914520	1.10487175	1.07412457	1.13270140	1.11582184	1.10870278	1.31728792
0.00003820	1.06671357	1.02354467	1.08825302	1.07688355	1.11840129	1.08623016	1.06806219	1.31000018
0.00004140	1.06921935	1.09964812	1.05584633	1.05251336	1.04656816	1.08442581	1.07964075	1.29428542
0.00004460	1.07097340	1.03771782	1.03978157	1.01526845	1.07849395	1.02235544	1.09121943	1.27526534
0.00004780	1.05918372	1.05682075	1.02537858	1.03044236	1.05854034	1.06349516	1.04644871	1.26348293
0.00005100	1.03938830	1.04634500	1.04809093	1.04515636	1.05587983	1.03572237	1.01171291	1.25209498
0.00005740	1.04003906	1.03616726	1.01613724	1.02344382	1.02407551	1.01401615	1.03904116	1.23046279
0.00006380	1.04505062	0.99434400	1.01170540	1.04158843	1.02241170	1.01762724	1.03981411	1.20471144
0.00007020	1.00295293	1.03246331	1.01073599	1.00851476	1.04437399	1.00209928	1.01559639	1.18638921
0.00007660	1.01585793	1.03925383	1.01529384	1.01402712	1.02157974	1.02105784	1.01947296	1.16866469
0.00008300	1.01873958	1.00576437	1.00850761	0.98623604	1.02407551	1.00444651	1.01573730	1.15433037
0.00008940	1.02575588	0.99881953	1.01224697	0.98416895	0.98482287	1.00715482	1.01380491	1.14178312
0.00009580	1.01322675	1.01301777	1.02000260	0.97911602	1.02325737	1.02250230	0.99061757	1.12615442
0.00010220	1.01699746	1.00960946	1.00602710	1.00160861	1.01443911	1.02232182	1.00324178	1.11843204
0.00011500	1.00262439	0.99665850	1.01638472	1.01186943	1.00124979	1.01997292	1.00005019	1.09689677
0.00012780	1.00318813	1.00692058	0.99243069	1.00406289	1.00823867	0.99647963	0.98755521	1.08119023
0.00014060	0.99522167	0.99195182	0.99936610	1.00440729	1.02013659	1.00813591	0.99644339	1.06955707
0.00015340	0.97975057	1.00905490	1.00400460	1.00027442	1.02304864	0.98482329	1.00900280	1.06165433
0.00016620	0.98501199	0.97742069	0.99699992	0.99373060	1.01772368	1.00659978	1.01698923	1.05168009
0.00017900	1.00430381	0.99271053	1.00482309	1.01175463	1.01572680	0.99276096	1.00428915	1.04430985
0.00019180	1.00004458	0.99556541	0.99154288	1.00773656	1.01006913	1.00324249	1.00068235	1.03918803
0.00020460	0.98953336	1.00128806	0.99583524	0.99338621	1.01754355	0.99303204	1.00101626	1.03489363
0.00023020	1.00345135	1.00383234	0.99711496	0.99471229	0.99913043	1.01305389	0.98771912	1.02656400
0.00025580	1.00583005	1.01329601	0.99719650	1.00632143	1.00230682	1.02102089	1.00050437	1.02095830
0.00028140	1.00316966	1.00183952	1.01190162	1.00408006	1.00645494	1.00558615	0.99251765	1.01607704
0.00030700	1.01192141	1.00222528	1.00206697	1.00022948	1.00179386	0.99718410	1.00386560	1.01390684
0.00033260	1.00162435	1.02077925	0.99611074	0.99431002	0.99684149	1.00383854	0.99734831	1.01280344
0.00035820	0.99367476	0.99409908	0.99514109	0.99425250	1.00732887	1.01079524	1.00179255	1.00830889
0.00038380	1.00762177	1.00011671	1.00295734	0.98666632	1.00856376	0.99846292	1.00248075	1.00713611
0.00040940	1.00953090	0.99587351	1.00180221	0.99581999	1.00938249	1.00822031	1.00196552	1.00622606
0.00046060	0.99570680	1.00131834	0.99808818	0.99059278	0.99600416	0.99327081	0.99881613	1.00452065
0.00051180	0.99618018	0.99589163	0.99502391	0.99806547	1.00877237	0.99872154	1.00733995	1.00088489
0.00056300	1.00259900	0.99763632	0.99967587	1.00413191	1.00092268	1.01291680	1.00327945	0.99964154
0.00061420	0.99444747	0.99591750	1.00694215	1.01087892	1.00411129	0.99953991	1.00817776	0.99811709
0.00066540	0.99588692	1.00332057	0.99736613	1.00599098	0.99275303	0.99895829	1.00490260	0.99634892
0.00071660	1.00171113	0.99809319	0.99909228	0.99716401	1.01054382	1.00150156	1.00633609	0.99746740
0.00076780	0.99723244	1.00280535	1.00044262	1.00236821	1.00270760	1.00071120	0.99892366	0.99843669
0.00081900	0.99985695	0.98971170	0.99951285	0.99805534	1.01098156	0.99882823	1.00373411	0.99880224
0.00092140	0.99080384	1.00058007	1.00278902	1.00022614	1.00874853	1.00227952	0.99852324	0.99826741
0.00102380	1.00299609	1.00138140	1.00460148	1.00123107	0.99974245	0.99748439	1.00543129	1.00153232
0.00112620	0.99823523	0.99690640	0.99865329	0.99665946	1.00292897	1.00326872	0.99919683	0.99918807
0.00122860	1.00130486	0.99635279	0.99891472	0.99293607	1.00370765	0.99797630	0.99967241	0.99820751
0.00133100	0.99901056	1.00176108	1.00339091	0.99707639	1.00456548	1.00116086	1.00611234	0.99844128
0.00143340	1.00304699	0.99405730	0.99612963	0.99424291	1.00252247	0.99866349	1.00511587	0.99881041
0.00153580	1.00386918	0.99851602	0.99252844	0.99749041	1.00340223	1.00787425	0.99353987	1.00086987
0.00163820	1.00846553	0.99582475	1.00098205	1.00044036	1.00343049	0.99973476	0.99615937	0.99789125
0.00184300	0.99914479	1.00067103	0.99850136	0.99516714	1.00539005	0.99736971	1.00561738	0.99846494
0.00204780	0.99709660	1.00316644	1.00688887	0.99785829	1.00310659	0.99811584	1.00406384	0.99974990
0.00225260	0.99991691	1.00025868	1.00128973	0.99710482	1.00013292	0.99712402	0.99666512	0.99928516
0.00245740	0.99922347	0.99859881	1.00227416	0.99882740	1.00448191	0.99542886	1.00076663	0.99884540
0.00266220	0.99452364	0.99761188	0.99717873	1.00199342	1.01041448	0.99864656	1.00099635	0.99916291
0.00286700	1.00053191	0.99861789	1.00063860	1.00653601	1.00630450	0.99981028	0.99699455	1.00185347
0.00307180	1.00145221	0.99629813	0.99913955	1.00436330	0.99872357	0.99542588	0.99770874	1.00330007
0.00327660	0.99713224	0.99774712	1.00544548	1.00338244	0.99584454	0.99959373	0.99740833	1.00071001
0.00368620	0.99708354	1.00022852	0.99931163	0.99684256	1.00076878	0.99934089	0.99733442	0.99937433
0.00409580	1.00013244	1.00170100	1.00188053	1.00068402	0.99998862	1.00093055	1.00171411	1.00000942
0.00450540	0.99892592	0.99922693	0.99867499	1.00342155	0.99929833	0.99962389	0.99874538	1.00283754
0.00491500	0.99990880	0.99966419	1.00215983	1.00081718	1.00006020	1.00145090	1.00147438	1.00012660
0.00532460	0.99833256	1.00347948	1.00048077	1.00018799	1.00205374	0.99733925	1.00300491	0.99944884
0.00573420	1.00093687	1.00129294	1.00228119	0.99598825	1.00106025	0.99816519	0.99891984	0.99798900
0.00614380	1.00128746	0.99967200	1.00055230	1.00121772	1.00343096	1.00130665	0.99977857	0.99738371
0.00655340	1.00215137	1.00222027	1.00363016	0.99780697	1.00253499	0.99833214	1.00043607	1.00149131
0.00737260	1.00064623	0.99934185	1.00148845	1.00010645	1.00243187	1.00114691	1.00147557	0.99939770
0.00819180	1.00288880	0.99797004	0.99731147	0.99970895	1.00294697	0.99882036	0.99845535	1.00252843
0.00901100	0.99857950	1.00332415	1.00098169	1.00102353	1.00162029	1.00132525	1.00039506	1.00028253
0.00983020	1.00058389	0.99997228	1.00018907	1.00034535	1.00247526	1.00061738	0.99949652	1.00014853
0.01064940	1.00008011	0.99927771	0.99868083	0.99917620	0.99860531	1.00264883	1.00088441	1.00081849
0.01146860	0.99876374	1.00032663	1.00125277	1.00237334	1.00038731	1.00065625	1.00207019	0.99990630
0.01228780	1.00009584	1.00067830	0.99914622	0.99901938	1.00202227	0.99837708	0.99868220	1.00215244
0.01310700	1.00058830	1.00196123	0.99933130	1.00274086	1.00371599	1.00072908	1.00242352	1.00134206
0.01474540	1.00161791	1.00124812	1.00050688	0.99963164	1.00160956	1.00153935	1.00061500	1.00243926
0.01638380	1.00150597	1.00059402	1.00044453	1.00047266	1.00268066	1.00034583	0.99947548	1.00127721
0.01802220	0.99977756	1.00263548	0.99857479	1.00095975	1.00275588	0.99996150	1.00049424	1.00058877
0.01966060	0.99931061	1.00053680	0.99937755	1.00058961	0.99990499	0.99937582	1.00008893	0.99951220
0.02129900	1.00081170	1.00090432	0.99983358	1.00016475	1.00206053	0.99944317	1.00068641	0.99954218
0.02293740	1.00040603	0.99962133	1.00142205	1.00029767	1.00357163	1.00039423	1.00000000	1.00154328
0.02457580	0.99935853	0.99997139	0.99994779	1.00075948	1.00158298	0.99881727	1.00032294	0.99946922
0.02621420	1.00000906	1.00000310	1.00145769	1.00056243	1.00200927	1.00203776	0.99926394	1.00018823
0.02949100	0.99991018	1.00127518	1.00057244	0.99901909	1.00118709	1.00144887	1.00048470	0.99924666
0.03276780	0.99943006	1.00109363	0.99947238	0.99972415	1.00368476	1.00011051	1.00212049	0.99981970
0.03604460	1.00054789	1.00129843	1.00002146	1.00128794	1.00285721	0.99996495	1.00102830	0.99950796
0.03932140	1.00086057	1.00065386	0.99949992	1.00041568	1.00379026	0.99850780	0.99981976	0.99906772
0.04259820	1.00011313	0.99979091	1.00062776	1.00091791	1.00234497	0.99980909	0.99961698	0.99912208
0.04587500	0.99956113	1.00031483	1.00043595	0.99938583	1.00294209	0.99972463	1.00033271	0.99909854
0.04915180	1.00108528	1.00088573	0.99920911	0.99975210	1.00157845	1.00051081	1.00156879	0.99978530
0.05242860	0.99980056	1.00081015	1.00061357	0.99949181	1.00205636	1.00089121	0.99982697	1.00047958
0.05898220	0.99986035	1.00000656	1.00031424	1.00032103	1.00153518	0.99993616	1.00009108	0.99956882
0.06553581	1.00083828	1.00163209	0.99988747	0.99989361	1.00142348	1.00085926	1.00065458	1.00081611
0.07208940	1.00044549	1.00120354	0.99987221	0.99992877	1.00264621	0.99947476	0.99962485	0.99978894
0.07864300	0.99927735	1.00059402	1.00034904	1.00021601	1.00225222	1.00112915	1.00056267	1.00025201
0.08519660	0.99989510	1.00037682	1.00006390	1.00156105	1.00321054	1.00029767	0.99972403	1.00050890
0.09175020	1.00073195	1.00032091	0.99964470	0.99996579	1.00165594	1.00058866	1.00040150	0.99967349
0.09830380	1.00031376	1.00089383	1.00017822	0.99971151	1.00265706	0.99998939	1.00091505	0.99997765
0.10485740	0.99952960	1.00155115	1.00037074	1.00055861	1.00208461	1.00083065	0.99999553	1.00067437
0.11796460	1.00000370	1.00043881	0.99992627	1.00009406	1.00219095	1.00052476	1.00003910	0.99980247
0.13107181	1.00012708	1.00086033	1.00021064	1.00015903	1.00184977	1.00058997	1.00023997	0.99986613
0.14417900	0.99999428	1.00021756	0.99993902	1.00015819	1.00187302	1.00027072	1.00044155	1.00016129
0.15728620	0.99968618	1.00071383	0.99985111	0.99993944	1.00151563	1.00015557	1.00084567	0.99990857
0.17039341	1.00004828	1.00063241	1.00014484	1.00043714	1.00212240	1.00067401	1.00047421	0.99976569
0.18350060	1.00025737	1.00003207	0.99932176	1.00004959	1.00166690	0.99975860	1.00039792	0.99978197
0.19660780	1.00022912	1.00030231	1.00016177	1.00030124	1.00167978	1.00072491	0.99980330	1.00000691
0.20971501	0.99987513	1.00095570	1.00018036	0.99991709	1.00195122	1.00000894	0.99990761	0.99993384
0.23592941	1.00032878	1.00047350	0.99986476	1.00022805	1.00206769	1.00022233	0.99996305	1.00044310
0.26214382	1.00014901	1.00040972	0.99991840	1.00004721	1.00139248	1.00025892	0.99985683	1.00027406
0.28835821	1.00012612	0.99991393	1.00053680	0.99978960	1.00165844	1.00017130	1.00018954	1.00039363
0.31457260	1.00062561	1.00033402	1.00014889	1.00002110	1.00179613	0.99990368	1.00067985	0.99986339
0.34078699	0.99982136	1.00037098	0.99948442	0.99987155	1.00169444	1.00007510	1.00035572	0.99977183
0.36700141	0.99967194	1.00061738	1.00011206	1.00029492	1.00121963	1.00001681	1.00018299	0.99977630
0.39321581	1.00004399	0.99972796	1.00026560	1.00013673	1.00110364	1.00002980	1.00046158	0.99966967
0.41943020	1.00002885	1.00009084	1.00012946	0.99987847	1.00139308	1.00020874	1.00052559	0.99987411
0.47185901	1.00003433	1.00014126	0.99982858	1.00033391	1.00084460	1.00025558	1.00048411	1.00007010
0.52428782	0.99977124	0.99995500	0.99978358	0.99992394	1.00066853	0.99984330	1.00015008	0.99984604
0.57671660	0.99986356	1.00004601	0.99976462	1.00024223	1.00085390	1.00007343	1.00013661	1.00011992
0.62914538	1.00015438	0.99985427	0.99996281	0.99990904	1.00063396	0.99986315	1.00025332	1.00017798
0.68157423	1.00012422	1.00017345	1.00028992	1.00014460	1.00038910	1.00005388	1.00036144	0.99983072
0.73400301	1.00005722	0.99985075	0.99987662	0.99973238	1.00032914	0.99988592	1.00003231	1.00020325
0.78643179	0.99985796	1.00003839	1.00009227	0.99973166	0.99995995	0.99988174	1.00013363	0.99969435
0.83886063	0.99994051	1.00018454	0.99961907	0.99993396	1.00013280	1.00021660	1.00015688	1.00015044
0.94371825	0.99993783	1.00006056	0.99975389	0.99986684	0.99979299	1.00010216	1.00012231	0.99994951
1.04857588	0.99980146	1.00005352	1.00006914	0.99994963	1.00004685	1.00007761	1.00034821	0.99997073
1.15343344	0.99998200	1.00022876	0.99977595	0.99984640	0.99977207	1.00005293	1.00001907	0.99989104
1.25829101	0.99962962	1.00012696	0.99976993	0.99971479	0.99967897	0.99998909	0.99975181	0.99982792
1.36314869	1.00012004	0.99991721	1.00020194	1.00001848	0.99961352	1.00004900	1.00003171	0.99987495
1.46800625	0.99988258	0.99982196	1.00018299	0.99997371	0.99953157	0.99991316	1.00013566	1.00001097
1.57286382	0.99983734	0.99976677	1.00011408	1.00001979	0.99976903	0.99989897	1.00005996	1.00009298
1.67772150	1.00001657	0.99956298	1.00012708	0.99997127	0.99956512	0.99980241	1.00004101	0.99998975
1.88743675	1.00003028	0.99949968	0.99998993	1.00003409	0.99945676	1.00000465	0.99998587	0.99996376
2.09715199	1.00000870	0.99980402	0.99985296	1.00015593	1.00002241	0.99994814	1.00008190	1.00002849
2.30686712	1.00010586	0.99996769	1.00000477	0.99991184	1.00010216	1.00016797	1.00007069	1.00001168
2.51658225	0.99988997	1.00000918	0.99963713	1.00010455	0.99984270	1.00026608	1.00005567	1.00000095
2.72629738	1.00008237	0.99978393	0.99992090	1.00003266	0.99979091	0.99998367	1.00013626	1.00010765
2.93601274	1.00000167	0.99951291	1.00005865	1.00019979	1.00037563	1.00008118	0.99995530	1.00001371
3.14572787	0.99989134	0.99973094	1.00010741	0.99995422	1.00022304	0.99989247	0.99990761	0.99999726
3.35544300	1.00009561	1.00025272	1.00022089	0.99994373	1.00008035	1.00026262	0.99999750	0.99982840
3.77487350	0.99995244	1.00002563	1.00011575	0.99984318	0.99988240	0.99991000	0.99999279	0.99992192
4.19430399	0.99997550	0.99980408	0.99992657	0.99990594	1.00005913	0.99979985	1.00004041	1.00005770
4.61373425	1.00003314	1.00014949	1.00005126	1.00024211	0.99997503	0.99999523	1.00000036	0.99994558
5.03316450	1.00000000	1.00000000	1.00000000	1.00000000	1.00000000	1.00000000	1.00000000	1.00000000
5.45259476	0.00000000	0.00000000	0.00000000	0.00000000	0.00000000	0.00000000	0.00000000	0.00000000
5.87202549	0.00000000	0.00000000	0.00000000	0.00000000	0.00000000	0.00000000	0.00000000	0.00000000
6.29145575	0.00000000	0.00000000	0.00000000	0.00000000	0.00000000	0.00000000	0.00000000	0.00000000
6.71088600	0.00000000	0.00000000	0.00000000	0.00000000	0.00000000	0.00000000	0.00000000	0.00000000
7.54974699	0.00000000	0.00000000	0.00000000	0.00000000	0.00000000	0.00000000	0.00000000	0.00000000
8.38860798	0.00000000	0.00000000	0.00000000	0.00000000	0.00000000	0.00000000	0.00000000	0.00000000
9.22746849	0.00000000	0.00000000	0.00000000	0.00000000	0.00000000	0.00000000	0.00000000	0.00000000
10.06632900	0.00000000	0.00000000	0.00000000	0.00000000	0.00000000	0.00000000	0.00000000	0.00000000
10.90518951	0.00000000	0.00000000	0.00000000	0.00000000	0.00000000	0.00000000	0.00000000	0.00000000
11.74405098	0.00000000	0.00000000	0.00000000	0.00000000	0.00000000	0.00000000	0.00000000	0.00000000
12.58291149	0.00000000	0.00000000	0.00000000	0.00000000	0.00000000	0.00000000	0.00000000	0.00000000
13.42177200	0.00000000	0.00000000	0.00000000	0.00000000	0.00000000	0.00000000	0.00000000	0.00000000
15.09949398	0.00000000	0.00000000	0.00000000	0.00000000	0.00000000	0.00000000	0.00000000	0.00000000
16.77721596	0.00000000	0.00000000	0.00000000	0.00000000	0.00000000	0.00000000	0.00000000	0.00000000
18.45493698	0.00000000	0.00000000	0.00000000	0.00000000	0.00000000	0.00000000	0.00000000	0.00000000
20.13265800	0.00000000	0.00000000	0.00000000	0.00000000	0.00000000	0.00000000	0.00000000	0.00000000
21.81037903	0.00000000	0.00000000	0.00000000	0.00000000	0.00000000	0.00000000	0.00000000	0.00000000
23.48810196	0.00000000	0.00000000	0.00000000	0.00000000	0.00000000	0.00000000	0.00000000	0.00000000
25.16582298	0.00000000	0.00000000	0.00000000	0.00000000	0.00000000	0.00000000	0.00000000	0.00000000
26.84354401	0.00000000	0.00000000	0.00000000	0.00000000	0.00000000	0.00000000	0.00000000	0.00000000
30.19898796	0.00000000	0.00000000	0.00000000	0.00000000	0.00000000	0.00000000	0.00000000	0.00000000
33.55443192	0.00000000	0.00000000	0.00000000	0.00000000	0.00000000	0.00000000	0.00000000	0.00000000
36.90987396	0.00000000	0.00000000	0.00000000	0.00000000	0.00000000	0.00000000	0.00000000	0.00000000
40.26531601	0.00000000	0.00000000	0.00000000	0.00000000	0.00000000	0.00000000	0.00000000	0.00000000
43.62075806	0.00000000	0.00000000	0.00000000	0.00000000	0.00000000	0.00000000	0.00000000	0.00000000
46.97620392	0.00000000	0.00000000	0.00000000	0.00000000	0.00000000	0.00000000	0.00000000	0.00000000
50.33164597	0.00000000	0.00000000	0.00000000	0.00000000	0.00000000	0.00000000	0.00000000	0.00000000
53.68708801	0.00000000	0.00000000	0.00000000	0.00000000	0.00000000	0.00000000	0.00000000	0.00000000
60.39797592	0.00000000	0.00000000	0.00000000	0.00000000	0.00000000	0.00000000	0.00000000	0.00000000
67.10886383	0.00000000	0.00000000	0.00000000	0.00000000	0.00000000	0.00000000	0.00000000	0.00000000
73.81974792	0.00000000	0.00000000	0.00000000	0.00000000	0.00000000	0.00000000	0.00000000	0.00000000
80.53063202	0.00000000	0.00000000	0.00000000	0.00000000	0.00000000	0.00000000	0.00000000	0.00000000
87.24151611	0.00000000	0.00000000	0.00000000	0.00000000	0.00000000	0.00000000	0.00000000	0.00000000
93.95240784	0.00000000	0.00000000	0.00000000	0.00000000	0.00000000	0.00000000	0.00000000	0.00000000
100.66329193	0.00000000	0.00000000	0.00000000	0.00000000	0.00000000	0.00000000	0.00000000	0.00000000
107.37417603	0.00000000	0.00000000	0.00000000	0.00000000	0.00000000	0.00000000	0.00000000	0.00000000
120.79595184	0.00000000	0.00000000	0.00000000	0.00000000	0.00000000	0.00000000	0.00000000	0.00000000
134.21772766	0.00000000	0.00000000	0.00000000	0.00000000	0.00000000	0.00000000	0.00000000	0.00000000
147.63949585	0.00000000	0.00000000	0.00000000	0.00000000	0.00000000	0.00000000	0.00000000	0.00000000
161.06126404	0.00000000	0.00000000	0.00000000	0.00000000	0.00000000	0.00000000	0.00000000	0.00000000
174.48303223	0.00000000	0.00000000	0.00000000	0.00000000	0.00000000	0.00000000	0.00000000	0.00000000
187.90481567	0.00000000	0.00000000	0.00000000	0.00000000	0.00000000	0.00000000	0.00000000	0.00000000
201.32658386	0.00000000	0.00000000	0.00000000	0.00000000	0.00000000	0.00000000	0.00000000	0.00000000
214.74835205	0.00000000	0.00000000	0.00000000	0.00000000	0.00000000	0.00000000	0.00000000	0.00000000
241.59190369	0.00000000	0.00000000	0.00000000	0.00000000	0.00000000	0.00000000	0.00000000	0.00000000
268.43545532	0.00000000	0.00000000	0.00000000	0.00000000	0.00000000	0.00000000	0.00000000	0.00000000
295.27899170	0.00000000	0.00000000	0.00000000	0.00000000	0.00000000	0.00000000	0.00000000	0.00000000
322.12252808	0.00000000	0.00000000	0.00000000	0.00000000	0.00000000	0.00000000	0.00000000	0.00000000
348.96606445	0.00000000	0.00000000	0.00000000	0.00000000	0.00000000	0.00000000	0.00000000	0.00000000
375.80963135	0.00000000	0.00000000	0.00000000	0.00000000	0.00000000	0.00000000	0.00000000	0.00000000
402.65316772	0.00000000	0.00000000	0.00000000	0.00000000	0.00000000	0.00000000	0.00000000	0.00000000
429.49670410	0.00000000	0.00000000	0.00000000	0.00000000	0.00000000	0.00000000	0.00000000	0.00000000
483.18380737	0.00000000	0.00000000	0.00000000	0.00000000	0.00000000	0.00000000	0.00000000	0.00000000
536.87091064	0.00000000	0.00000000	0.00000000	0.00000000	0.00000000	0.00000000	0.00000000	0.00000000
590.55798340	0.00000000	0.00000000	0.00000000	0.00000000	0.00000000	0.00000000	0.00000000	0.00000000
644.24505615	0.00000000	0.00000000	0.00000000	0.00000000	0.00000000	0.00000000	0.00000000	0.00000000
697.93212891	0.00000000	0.00000000	0.00000000	0.00000000	0.00000000	0.00000000	0.00000000	0.00000000
751.61926270	0.00000000	0.00000000	0.00000000	0.00000000	0.00000000	0.00000000	0.00000000	0.00000000
805.30633545	0.00000000	0.00000000	0.00000000	0.00000000	0.00000000	0.00000000	0.00000000	0.00000000
858.99340820	0.00000000	0.00000000	0.00000000	0.00000000	0.00000000	0.00000000	0.00000000	0.00000000
966.36761475	0.00000000	0.00000000	0.00000000	0.00000000	0.00000000	0.00000000	0.00000000	0.00000000
1073.74182129	0.00000000	0.00000000	0.00000000	0.00000000	0.00000000	0.00000000	0.00000000	0.00000000
1181.11596680	0.00000000	0.00000000	0.00000000	0.00000000	0.00000000	0.00000000	0.00000000	0.00000000
1288.49011230	0.00000000	0.00000000	0.00000000	0.00000000	0.00000000	0.00000000	0.00000000	0.00000000
1395.86425781	0.00000000	0.00000000	0.00000000	0.00000000	0.00000000	0.00000000	0.00000000	0.00000000
1503.23852539	0.00000000	0.00000000	0.00000000	0.00000000	0.00000000	0.00000000	0.00000000	0.00000000
1610.61267090	0.00000000	0.00000000	0.00000000	0.00000000	0.00000000	0.00000000	0.00000000	0.00000000
1717.98681641	0.00000000	0.00000000	0.00000000	0.00000000	0.00000000	0.00000000	0.00000000	0.00000000
1932.73522949	0.00000000	0.00000000	0.00000000	0.00000000	0.00000000	0.00000000	0.00000000	0.00000000
2147.48364258	0.00000000	0.00000000	0.00000000	0.00000000	0.00000000	0.00000000	0.00000000	0.00000000
2362.23193359	0.00000000	0.00000000	0.00000000	0.00000000	0.00000000	0.00000000	0.00000000	0.00000000
2576.98022461	0.00000000	0.00000000	0.00000000	0.00000000	0.00000000	0.00000000	0.00000000	0.00000000
2791.72851562	0.00000000	0.00000000	0.00000000	0.00000000	0.00000000	0.00000000	0.00000000	0.00000000
3006.47705078	0.00000000	0.00000000	0.00000000	0.00000000	0.00000000	0.00000000	0.00000000	0.00000000
3221.22534180	0.00000000	0.00000000	0.00000000	0.00000000	0.00000000	0.00000000	0.00000000	0.00000000
3435.97363281	0.00000000	0.00000000	0.00000000	0.00000000	0.00000000	0.00000000	0.00000000	0.00000000
0	0	0	0	0	0	0	0	0
