%6/1/2015 1:03:44 PM
%Duration	ID1		ID2		ID3		ID4		ID5		ID6		ID7		ID8
3000.000000	31.118393	29.287338	29.811859	22.296906	26.874542	24.814606	29.830933	184.946060
%Tau		Tau1		Tau2		Tau3		Tau4		Tau5		Tau6		Tau7		Tau8
%		0.000022	0.000019	0.000021	0.000016	0.000021	0.000017	0.000024	0.000070
%Delaytime	D1		D2		D3		D4		D5		D6		D7		D8
0.00000000	1.92707276	3.55402398	3.54552770	3.59530544	2.93847346	2.13248968	2.52191687	1.66374254
0.00000020	1.63059998	1.70049000	1.68243194	1.97544265	1.47153592	1.46316803	1.55669403	1.49436975
0.00000040	1.35136402	1.59420931	1.59210002	1.33013129	1.43014896	1.54099607	1.39340436	1.47449434
0.00000060	1.43410063	1.47942626	1.48671281	1.47499716	1.64168227	1.58769298	1.58572328	1.47708678
0.00000080	1.49270570	1.39015055	1.42649150	1.51450598	1.32898092	1.64995539	1.45146286	1.45790267
0.00000100	1.49270570	1.48367751	1.46789372	1.40256429	1.39795911	1.50986493	1.43694830	1.45384121
0.00000120	1.39962709	1.45391893	1.42649150	1.54743004	1.50372577	1.55656171	1.38251841	1.46014953
0.00000140	1.40996909	1.49643123	1.41520000	1.44207311	1.48533165	1.32826602	1.48774946	1.46853173
0.00000160	1.56854761	1.41565788	1.43778300	1.41573381	1.44394469	1.62401271	1.46234894	1.46775401
0.00000180	1.45478475	1.44116521	1.33239579	1.39597940	1.45314181	1.56693888	1.35348916	1.48495054
0.00000200	1.48925841	1.42416036	1.39261711	1.52767563	1.41175485	1.58250439	1.59660923	1.45384121
0.00000220	1.46512687	1.52618980	1.32486808	1.48816681	1.32898092	1.57212734	1.32445991	1.45081675
0.00000240	1.58233702	1.53894341	1.42272770	1.40914905	1.55890846	1.41128266	1.41880500	1.45928538
0.00000260	1.50649512	1.39015055	1.46789372	1.59352374	1.41635334	1.21411812	1.43694830	1.47129703
0.00000280	1.39962709	1.41140664	1.45660222	1.42890346	1.43014896	1.44241393	1.48412085	1.46706271
0.00000300	1.51338983	1.51343608	1.55069792	1.34330094	1.54511273	1.64995539	1.46597755	1.45263135
0.00000340	1.48236370	1.40715551	1.49047661	1.45524275	1.43474758	1.43722534	1.34441757	1.46369255
0.00000380	1.47546887	1.41353226	1.42084575	1.41902626	1.37956500	1.48132789	1.48049212	1.46390855
0.00000420	1.49098206	1.47092390	1.46224797	1.50792122	1.47383523	1.50467634	1.35348916	1.47846937
0.00000460	1.47374523	1.44541645	1.42460966	1.48816681	1.43934608	1.54618466	1.48774946	1.46822929
0.00000500	1.46512687	1.41990912	1.41708195	1.53755283	1.38186419	1.41387689	1.48230648	1.46295798
0.00000540	1.40996909	1.50280797	1.49047661	1.41573381	1.38186419	1.50208211	1.51133573	1.46230984
0.00000580	1.43582428	1.52406418	1.54128838	1.37951744	1.51062369	1.38533998	1.42243361	1.46040869
0.00000620	1.43237698	1.34126151	1.39261711	1.38610220	1.42784977	1.40090561	1.46597755	1.44917476
0.00000700	1.45047557	1.46879828	1.39920378	1.39433324	1.42325115	1.38923132	1.40882623	1.45209134
0.00000780	1.38411391	1.35295236	1.37567985	1.35811675	1.36921823	1.36977434	1.41245484	1.45304191
0.00000860	1.42031121	1.36570597	1.32110429	1.37128639	1.38876212	1.35161448	1.38977575	1.45340919
0.00000940	1.34791672	1.39546454	1.40296757	1.32025409	1.39336061	1.40479696	1.34169602	1.44692802
0.00001020	1.41514015	1.40609264	1.36627030	1.34494722	1.35542262	1.38015139	1.34351039	1.44848347
0.00001100	1.33671284	1.32000530	1.38226652	1.30543828	1.30483854	1.36458576	1.35621071	1.44215357
0.00001180	1.31516683	1.34551275	1.33804154	1.38445604	1.36232042	1.33994019	1.35167480	1.43195665
0.00001260	1.30741024	1.37527132	1.33333671	1.33177757	1.35082400	1.28935194	1.30813098	1.42994750
0.00001420	1.27035117	1.30193770	1.29381657	1.31778479	1.33932769	1.29972911	1.34214962	1.42089558
0.00001580	1.30137742	1.24773455	1.31404710	1.26263702	1.26230192	1.28027201	1.25370109	1.41649926
0.00001740	1.24535787	1.26314521	1.25994205	1.29473805	1.23988402	1.22384667	1.29225552	1.40804136
0.00001900	1.27983141	1.26739645	1.24018192	1.22477436	1.25310481	1.22319806	1.24417591	1.40025330
0.00002060	1.25656176	1.21159911	1.22747898	1.24864435	1.19964671	1.26730072	1.23102200	1.39245439
0.00002220	1.21519351	1.20841074	1.19219315	1.25275981	1.22436392	1.22644091	1.22875404	1.38369405
0.00002380	1.20872962	1.21691310	1.17760825	1.23053610	1.19907188	1.22968376	1.23283637	1.37010539
0.00002540	1.14710820	1.15952158	1.18325400	1.20337379	1.19907188	1.20503819	1.14710927	1.36390507
0.00002860	1.17242789	1.14456487	1.15104055	1.16236734	1.14600432	1.13729823	1.14598525	1.35259390
0.00003180	1.12937939	1.15176344	1.14328074	1.14921474	1.09635282	1.10230446	1.13941598	1.33495665
0.00003500	1.14143288	1.08777654	1.11318195	1.11013448	1.11070299	1.11072886	1.11178005	1.31796837
0.00003820	1.10246205	1.08031142	1.08943224	1.07560980	1.06994843	1.08415949	1.09592342	1.30201244
0.00004140	1.08158374	1.06858051	1.09460545	1.05136025	1.07511449	1.07638311	1.07466602	1.28221655
0.00004460	1.08761048	1.06646049	1.08049667	1.08629596	1.08257663	1.07119882	1.09301507	1.27306116
0.00004780	1.05145001	1.04753077	1.02476704	1.09944832	1.04813623	1.04106534	1.06265974	1.25679266
0.00005100	1.04478884	1.05739558	1.07579374	1.06451249	1.05531132	1.06667674	1.06832314	1.24672973
0.00005740	1.04329014	1.03020477	1.03603065	1.03781605	1.03707957	1.02301550	1.03399336	1.22313678
0.00006380	1.03275287	1.02460074	1.03073990	1.02569354	1.03822887	1.03273690	1.03796113	1.20375431
0.00007020	1.02576399	0.99503291	1.00298190	1.05384254	1.02300096	1.03387105	1.04362929	1.18128157
0.00007660	1.01178610	1.02192569	0.98545301	1.02137864	1.01280117	1.02090919	1.02957213	1.16507435
0.00008300	1.01437759	1.00768054	1.01084769	1.02178967	0.99484366	1.03225088	1.02447081	1.15268278
0.00008940	0.98050761	1.01273954	1.01178813	1.05548632	1.01624894	1.00810933	1.01075375	1.13723946
0.00009580	1.01642048	1.00327504	1.00779092	1.05178785	1.02012777	1.02155733	1.01540160	1.13082290
0.00010220	0.99802315	0.99303591	0.98827463	1.00843430	1.01495600	1.00292456	1.00599241	1.11631727
0.00011500	1.02529407	0.99056023	1.00925088	0.99671102	1.00763202	0.99766475	0.99860334	1.09985220
0.00012780	1.01145101	0.99401885	0.99862731	0.98931277	1.00482988	1.00268960	1.00467563	1.08448339
0.00014060	1.00235534	0.99608070	0.99504316	1.02035964	1.00526094	1.00025821	1.00512874	1.07291663
0.00015340	0.99880320	1.00325191	0.98335063	0.99076611	1.00763202	1.00001502	0.99925977	1.06207347
0.00016620	1.00870621	1.00657749	0.98129416	1.02118170	0.99548930	0.98210412	1.01251519	1.05346990
0.00017900	1.01898587	1.01743102	1.01361024	0.99991137	1.00597942	0.99037069	1.00328171	1.04784274
0.00019180	1.01306570	1.02029097	1.00544310	1.00196648	0.99807590	0.98907399	0.99767363	1.04183161
0.00020460	1.00170946	1.01091290	1.00974381	1.01018691	1.00073433	1.00358105	1.00328171	1.03689539
0.00023020	0.99823928	1.00579679	0.99801278	1.00805962	0.99646282	1.00260520	1.00500417	1.02813351
0.00025580	1.00086105	1.00430095	0.98779422	1.00210106	0.99355346	1.01221132	1.01121402	1.02364731
0.00028140	1.00391889	1.00243950	1.00576484	1.00427353	0.99208087	0.99940318	1.00672269	1.01826930
0.00030700	0.99650574	0.99463987	1.00949395	1.00699592	1.00416172	0.99891680	1.01749766	1.01406813
0.00033260	0.99489605	1.00511074	1.00147772	0.99841768	0.98411947	1.00386167	1.00244105	1.01195204
0.00035820	0.99920273	1.00639510	1.00227058	1.00495636	1.00049806	1.00730693	0.99331063	1.01095188
0.00038380	1.00558197	1.00270534	0.99858874	0.99761075	1.00491607	1.01657534	1.00170374	1.00788081
0.00040940	0.99880427	1.00001287	1.00845480	0.99835980	1.00118053	0.99837661	1.00901937	1.00876510
0.00046060	0.99025697	1.00040829	0.99204373	0.99565011	0.99711424	1.00695813	1.00292611	1.00757778
0.00051180	1.00828671	0.99941230	1.00274885	1.00456595	0.99961549	1.01043618	0.99191338	1.00624967
0.00056300	0.99927992	1.00075698	1.00451565	1.00371814	1.00444019	0.99898869	0.99993771	1.00602746
0.00061420	0.99551839	0.99733269	0.99573821	1.00033712	0.99938369	0.98966157	1.00713980	1.00432956
0.00066540	0.99597347	0.99809629	0.99600267	1.00407338	1.00046110	0.99919063	1.00295448	1.00155151
0.00071660	1.00523889	1.00368154	1.00267410	0.99721330	0.98609614	0.99623245	1.00213218	1.00271451
0.00076780	0.99844807	0.99981815	0.99928296	1.00469005	0.99749827	0.99815655	1.00551760	0.99944562
0.00081900	1.00578833	0.99444425	0.99538893	1.00578427	1.00294435	0.99500883	1.00381327	0.99959481
0.00092140	1.00728750	1.00038338	1.00471222	0.99761569	0.99784380	1.00217736	1.00279212	1.00026023
0.00102380	1.00703156	1.00527787	1.00661969	1.00634730	0.99497664	0.99646449	1.00178933	1.00048113
0.00112620	1.00093305	1.00746894	1.00615335	0.99975270	1.00562501	0.99764639	1.00460804	1.00199401
0.00122860	1.00348938	0.99917042	1.00018191	1.00136924	1.00061440	1.00392640	0.99993795	1.00382662
0.00133100	1.00420868	0.99786240	1.00124025	1.00644338	0.99635959	0.99671400	1.00544965	0.99991143
0.00143340	1.00266755	1.00190568	1.00049007	0.99869722	0.99869347	1.00315988	0.99404001	0.99973530
0.00153580	0.99716997	1.00564551	1.00473690	0.99972492	1.00219965	1.00343037	0.99769610	0.99771023
0.00163820	1.00100756	1.00168073	1.00695145	1.00264525	1.00036693	0.99625790	0.99562359	0.99684781
0.00184300	0.99870080	1.00254560	1.00226855	1.00209951	1.00337863	1.00155580	1.00377500	0.99884105
0.00204780	1.00130582	1.00118434	0.99841511	1.00225151	1.00075698	0.99470627	1.00119090	1.00083447
0.00225260	1.00376081	0.99992752	0.99854428	1.00220442	1.00194466	0.99812162	0.99964982	0.99848986
0.00245740	0.99913317	0.99754888	0.99927175	0.99874157	1.00277042	0.99849719	0.99993479	0.99996436
0.00266220	0.99771798	1.00368822	1.00028217	0.99900699	0.99742502	1.00119913	0.99885291	1.00078404
0.00286700	1.00367689	1.00240302	0.99720407	1.00242925	1.00231457	1.00646460	1.00076568	1.00160968
0.00307180	1.00041842	1.00297284	1.00253606	1.00264120	0.99985141	1.00149667	0.99858969	1.00018370
0.00327660	0.99953926	1.00594723	0.99899089	0.99866223	1.00290847	0.99855870	1.00224149	0.99922007
0.00368620	1.00183594	1.00303006	1.00115407	0.99808562	0.99910897	1.00004494	1.00175750	0.99758011
0.00409580	1.00013936	1.00250733	1.00235021	1.00258970	0.99847680	0.99973917	0.99810934	0.99857390
0.00450540	1.00373328	1.00467598	1.00166059	0.99774545	0.99987477	0.99736685	1.00168049	0.99961275
0.00491500	0.99895746	0.99935019	1.00064003	1.00230801	1.00124395	1.00425029	0.99811727	1.00110924
0.00532460	1.00229537	0.99960667	1.00175607	1.00473285	1.00142491	1.00290906	0.99924046	1.00038826
0.00573420	1.00302672	1.00243187	1.00059175	1.00349188	1.00209856	0.99906069	0.99936140	1.00023329
0.00614380	1.00123680	1.00001168	1.00257456	0.99979782	1.00237417	1.00252235	1.00412989	1.00009274
0.00655340	1.00205040	1.00094855	1.00066578	1.00252426	0.99957800	1.00112975	1.00194752	1.00129366
0.00737260	1.00195992	1.00148666	1.00113845	1.00298452	1.00002527	1.00211096	1.00044847	0.99996161
0.00819180	1.00233293	1.00396526	0.99998432	1.00101650	0.99883920	1.00295579	1.00057220	0.99985123
0.00901100	1.00183570	1.00080967	1.00384164	0.99969196	1.00195479	1.00049412	1.00009727	1.00242674
0.00983020	1.00128722	1.00303185	1.00036943	1.00164318	0.99980015	1.00015688	1.00119603	1.00100112
0.01064940	1.00086045	1.00034606	0.99915767	1.00202167	0.99830920	0.99981332	0.99810714	0.99973154
0.01146860	0.99977028	1.00298238	1.00175858	1.00380099	1.00188220	1.00110412	0.99839586	1.00063419
0.01228780	1.00071025	1.00246680	1.00260365	1.00077033	1.00140941	1.00225222	1.00087190	1.00103879
0.01310700	1.00251031	1.00176823	1.00018799	1.00231278	0.99995315	0.99888813	1.00167227	1.00167537
0.01474540	1.00115991	1.00108433	1.00108981	1.00144124	0.99837154	0.99953175	1.00108349	1.00034475
0.01638380	1.00067961	1.00166082	1.00147009	1.00136685	0.99903488	0.99796009	1.00013041	1.00041497
0.01802220	1.00168908	1.00424516	0.99919987	1.00201833	1.00175583	1.00127172	1.00130713	0.99973112
0.01966060	1.00019801	1.00318110	1.00033867	0.99986714	0.99973881	1.00023985	0.99945104	0.99919134
0.02129900	1.00076711	1.00217628	1.00140893	1.00215733	1.00038302	0.99982029	1.00042689	0.99984735
0.02293740	1.00055742	1.00136077	1.00115097	1.00120211	0.99899673	1.00078416	1.00119233	0.99991721
0.02457580	1.00160229	1.00016510	1.00083148	1.00173020	1.00014472	1.00068486	1.00022566	0.99987620
0.02621420	1.00057745	1.00018728	1.00068212	0.99988723	1.00015497	1.00038671	1.00067389	0.99967748
0.02949100	1.00092220	1.00166976	1.00144029	1.00258613	1.00022912	1.00063026	0.99957871	0.99949104
0.03276780	1.00035608	1.00206196	1.00120795	1.00052619	0.99950206	1.00037193	0.99960434	1.00037253
0.03604460	1.00110173	1.00080025	0.99996608	0.99982721	1.00077868	1.00117195	1.00008297	1.00007129
0.03932140	1.00168133	1.00071776	1.00210166	1.00252008	0.99965930	1.00022936	0.99952036	1.00167108
0.04259820	1.00049436	1.00080740	1.00124395	1.00194073	1.00074124	1.00070405	1.00029039	1.00143015
0.04587500	1.00155509	1.00052869	1.00113451	1.00067210	1.00199449	1.00055707	1.00194132	0.99968159
0.04915180	1.00017107	1.00069952	1.00172520	0.99982077	0.99967712	1.00013626	0.99917185	1.00024462
0.05242860	1.00136638	1.00243402	0.99956560	1.00350201	1.00042593	1.00043738	1.00129104	1.00112903
0.05898220	1.00065744	1.00133884	1.00035667	1.00079715	1.00108147	1.00163805	1.00013733	1.00045967
0.06553581	1.00175321	1.00137651	1.00070250	1.00211751	1.00159574	1.00036347	0.99983913	0.99971628
0.07208940	0.99995589	1.00176728	1.00105810	1.00045073	0.99968880	1.00095046	1.00013459	1.00071514
0.07864300	1.00060737	1.00223517	1.00134885	1.00074279	1.00033844	1.00039709	1.00066769	1.00058484
0.08519660	1.00104213	1.00191116	1.00065768	1.00089955	1.00025070	1.00039470	1.00074077	1.00051200
0.09175020	1.00067413	1.00162637	1.00128734	1.00089753	0.99967480	1.00129354	0.99976790	1.00006914
0.09830380	1.00065613	1.00220394	1.00084209	1.00141215	1.00021541	1.00084710	1.00154364	1.00081575
0.10485740	1.00122356	1.00104320	1.00039768	1.00121629	1.00138521	1.00049353	1.00039923	1.00048792
0.11796460	1.00122321	1.00145817	1.00041437	1.00066400	1.00048780	1.00095057	1.00068295	1.00080180
0.13107181	1.00124681	1.00119138	1.00021935	1.00120914	1.00042748	1.00058115	1.00030303	1.00050807
0.14417900	1.00039113	1.00142944	1.00096226	1.00076604	0.99965262	1.00013936	0.99990624	1.00034118
0.15728620	1.00020242	1.00089586	1.00047255	1.00079918	1.00067139	1.00014913	0.99972647	0.99997395
0.17039341	1.00050128	1.00005269	1.00058150	1.00044966	0.99987304	0.99971765	1.00010693	1.00018406
0.18350060	1.00056958	1.00112236	1.00073564	1.00012565	1.00020432	1.00100112	1.00050330	1.00006843
0.19660780	1.00043070	1.00108445	1.00083840	1.00099528	1.00072217	1.00006032	1.00048780	1.00021160
0.20971501	1.00046206	1.00038671	1.00058651	1.00027752	1.00006199	1.00029504	1.00065100	1.00044155
0.23592941	1.00056541	1.00058305	1.00072849	1.00033605	1.00004876	1.00049376	1.00019073	1.00027883
0.26214382	1.00039828	1.00087976	1.00033140	1.00025308	1.00083935	1.00092876	1.00007021	1.00040805
0.28835821	1.00045657	1.00048089	1.00018811	1.00003004	1.00007033	1.00030124	1.00001395	1.00014305
0.31457260	1.00028789	1.00017226	0.99984640	1.00037920	1.00034201	0.99998856	0.99996948	1.00029922
0.34078699	1.00062847	1.00066733	1.00011241	0.99991477	1.00004971	0.99976045	0.99982464	1.00023854
0.36700141	1.00049400	1.00015390	0.99970263	1.00031292	1.00068891	1.00008416	1.00015080	1.00053549
0.39321581	1.00049651	1.00064349	0.99988884	0.99999839	1.00033617	0.99986738	0.99997085	1.00055754
0.41943020	1.00057185	1.00039554	0.99955159	1.00087988	1.00018215	0.99966621	1.00006258	1.00007975
0.47185901	1.00051200	1.00042486	0.99960029	1.00010288	0.99980015	0.99993664	0.99988139	1.00020885
0.52428782	1.00030041	1.00047171	0.99973011	0.99976397	1.00000823	0.99971461	0.99944693	1.00012982
0.57671660	1.00064421	1.00027132	0.99969387	0.99986589	1.00021803	0.99979967	1.00000787	0.99993640
0.62914538	1.00041223	1.00002110	0.99948800	1.00028276	1.00026822	0.99957573	0.99979019	1.00024331
0.68157423	1.00048149	1.00034952	0.99992824	1.00047219	1.00001192	0.99996793	1.00025654	0.99996096
0.73400301	1.00046253	1.00041521	1.00012755	0.99996394	0.99983460	0.99993247	1.00002277	1.00021327
0.78643179	1.00074673	1.00008750	0.99997395	0.99987155	1.00022042	1.00000894	1.00020313	1.00047231
0.83886063	1.00061750	0.99984556	1.00009644	1.00009120	1.00000405	1.00006735	0.99998504	1.00010324
0.94371825	1.00035512	0.99980849	1.00026703	0.99986154	1.00008893	1.00036454	1.00014067	1.00004637
1.04857588	1.00002789	0.99931622	1.00042522	1.00009406	0.99995404	1.00046933	1.00004900	0.99986768
1.15343344	1.00005460	0.99921161	1.00023079	0.99986362	0.99982244	1.00014710	0.99985754	1.00011766
1.25829101	1.00022948	0.99958926	0.99994028	0.99955082	0.99984723	1.00012004	0.99973649	1.00006664
1.36314869	1.00045884	0.99972504	0.99959201	0.99985409	0.99953640	1.00024891	1.00000989	1.00017679
1.46800625	1.00042260	0.99985087	0.99975103	0.99992251	0.99977994	1.00007296	1.00030196	1.00007474
1.57286382	1.00045156	0.99983889	0.99999654	0.99983042	0.99980336	0.99998200	1.00053132	1.00020015
1.67772150	1.00028777	1.00007439	1.00037742	1.00007379	0.99937195	0.99991685	1.00033927	1.00023234
1.88743675	0.99951935	0.99983871	1.00058246	0.99968320	0.99979317	0.99994481	0.99999553	1.00010300
2.09715199	0.99986809	1.00004423	1.00019407	0.99950099	0.99993807	0.99965864	0.99980837	1.00006199
2.30686712	0.99996108	1.00031340	0.99974984	0.99986720	0.99947989	1.00002301	1.00000036	0.99997687
2.51658225	0.99986166	1.00021768	0.99980265	0.99984521	0.99989659	0.99975055	0.99997789	1.00010133
2.72629738	0.99941123	0.99906808	1.00016427	0.99984956	0.99955630	0.99955940	0.99986589	0.99996507
2.93601274	0.99995863	0.99914968	1.00003397	0.99979526	0.99997580	0.99969167	0.99995816	1.00018585
3.14572787	0.99996001	0.99908453	0.99977732	1.00048733	1.00035489	0.99997693	1.00013900	1.00027394
3.35544300	1.00019145	0.99942756	0.99972123	1.00057781	0.99994648	1.00037801	1.00021029	1.00035834
3.77487350	1.00016165	1.00081789	1.00012779	1.00046682	0.99996930	0.99983233	0.99998063	1.00007737
4.19430399	0.99993324	0.99989623	0.99990153	0.99945587	1.00011134	0.99978971	0.99991059	0.99995202
4.61373425	1.00022697	1.00029159	1.00005651	1.00004804	0.99992210	1.00000107	1.00000310	0.99996871
5.03316450	1.00000000	1.00000000	1.00000000	1.00000000	1.00000000	1.00000000	1.00000000	1.00000000
5.45259476	0.00000000	0.00000000	0.00000000	0.00000000	0.00000000	0.00000000	0.00000000	0.00000000
5.87202549	0.00000000	0.00000000	0.00000000	0.00000000	0.00000000	0.00000000	0.00000000	0.00000000
6.29145575	0.00000000	0.00000000	0.00000000	0.00000000	0.00000000	0.00000000	0.00000000	0.00000000
6.71088600	0.00000000	0.00000000	0.00000000	0.00000000	0.00000000	0.00000000	0.00000000	0.00000000
7.54974699	0.00000000	0.00000000	0.00000000	0.00000000	0.00000000	0.00000000	0.00000000	0.00000000
8.38860798	0.00000000	0.00000000	0.00000000	0.00000000	0.00000000	0.00000000	0.00000000	0.00000000
9.22746849	0.00000000	0.00000000	0.00000000	0.00000000	0.00000000	0.00000000	0.00000000	0.00000000
10.06632900	0.00000000	0.00000000	0.00000000	0.00000000	0.00000000	0.00000000	0.00000000	0.00000000
10.90518951	0.00000000	0.00000000	0.00000000	0.00000000	0.00000000	0.00000000	0.00000000	0.00000000
11.74405098	0.00000000	0.00000000	0.00000000	0.00000000	0.00000000	0.00000000	0.00000000	0.00000000
12.58291149	0.00000000	0.00000000	0.00000000	0.00000000	0.00000000	0.00000000	0.00000000	0.00000000
13.42177200	0.00000000	0.00000000	0.00000000	0.00000000	0.00000000	0.00000000	0.00000000	0.00000000
15.09949398	0.00000000	0.00000000	0.00000000	0.00000000	0.00000000	0.00000000	0.00000000	0.00000000
16.77721596	0.00000000	0.00000000	0.00000000	0.00000000	0.00000000	0.00000000	0.00000000	0.00000000
18.45493698	0.00000000	0.00000000	0.00000000	0.00000000	0.00000000	0.00000000	0.00000000	0.00000000
20.13265800	0.00000000	0.00000000	0.00000000	0.00000000	0.00000000	0.00000000	0.00000000	0.00000000
21.81037903	0.00000000	0.00000000	0.00000000	0.00000000	0.00000000	0.00000000	0.00000000	0.00000000
23.48810196	0.00000000	0.00000000	0.00000000	0.00000000	0.00000000	0.00000000	0.00000000	0.00000000
25.16582298	0.00000000	0.00000000	0.00000000	0.00000000	0.00000000	0.00000000	0.00000000	0.00000000
26.84354401	0.00000000	0.00000000	0.00000000	0.00000000	0.00000000	0.00000000	0.00000000	0.00000000
30.19898796	0.00000000	0.00000000	0.00000000	0.00000000	0.00000000	0.00000000	0.00000000	0.00000000
33.55443192	0.00000000	0.00000000	0.00000000	0.00000000	0.00000000	0.00000000	0.00000000	0.00000000
36.90987396	0.00000000	0.00000000	0.00000000	0.00000000	0.00000000	0.00000000	0.00000000	0.00000000
40.26531601	0.00000000	0.00000000	0.00000000	0.00000000	0.00000000	0.00000000	0.00000000	0.00000000
43.62075806	0.00000000	0.00000000	0.00000000	0.00000000	0.00000000	0.00000000	0.00000000	0.00000000
46.97620392	0.00000000	0.00000000	0.00000000	0.00000000	0.00000000	0.00000000	0.00000000	0.00000000
50.33164597	0.00000000	0.00000000	0.00000000	0.00000000	0.00000000	0.00000000	0.00000000	0.00000000
53.68708801	0.00000000	0.00000000	0.00000000	0.00000000	0.00000000	0.00000000	0.00000000	0.00000000
60.39797592	0.00000000	0.00000000	0.00000000	0.00000000	0.00000000	0.00000000	0.00000000	0.00000000
67.10886383	0.00000000	0.00000000	0.00000000	0.00000000	0.00000000	0.00000000	0.00000000	0.00000000
73.81974792	0.00000000	0.00000000	0.00000000	0.00000000	0.00000000	0.00000000	0.00000000	0.00000000
80.53063202	0.00000000	0.00000000	0.00000000	0.00000000	0.00000000	0.00000000	0.00000000	0.00000000
87.24151611	0.00000000	0.00000000	0.00000000	0.00000000	0.00000000	0.00000000	0.00000000	0.00000000
93.95240784	0.00000000	0.00000000	0.00000000	0.00000000	0.00000000	0.00000000	0.00000000	0.00000000
100.66329193	0.00000000	0.00000000	0.00000000	0.00000000	0.00000000	0.00000000	0.00000000	0.00000000
107.37417603	0.00000000	0.00000000	0.00000000	0.00000000	0.00000000	0.00000000	0.00000000	0.00000000
120.79595184	0.00000000	0.00000000	0.00000000	0.00000000	0.00000000	0.00000000	0.00000000	0.00000000
134.21772766	0.00000000	0.00000000	0.00000000	0.00000000	0.00000000	0.00000000	0.00000000	0.00000000
147.63949585	0.00000000	0.00000000	0.00000000	0.00000000	0.00000000	0.00000000	0.00000000	0.00000000
161.06126404	0.00000000	0.00000000	0.00000000	0.00000000	0.00000000	0.00000000	0.00000000	0.00000000
174.48303223	0.00000000	0.00000000	0.00000000	0.00000000	0.00000000	0.00000000	0.00000000	0.00000000
187.90481567	0.00000000	0.00000000	0.00000000	0.00000000	0.00000000	0.00000000	0.00000000	0.00000000
201.32658386	0.00000000	0.00000000	0.00000000	0.00000000	0.00000000	0.00000000	0.00000000	0.00000000
214.74835205	0.00000000	0.00000000	0.00000000	0.00000000	0.00000000	0.00000000	0.00000000	0.00000000
241.59190369	0.00000000	0.00000000	0.00000000	0.00000000	0.00000000	0.00000000	0.00000000	0.00000000
268.43545532	0.00000000	0.00000000	0.00000000	0.00000000	0.00000000	0.00000000	0.00000000	0.00000000
295.27899170	0.00000000	0.00000000	0.00000000	0.00000000	0.00000000	0.00000000	0.00000000	0.00000000
322.12252808	0.00000000	0.00000000	0.00000000	0.00000000	0.00000000	0.00000000	0.00000000	0.00000000
348.96606445	0.00000000	0.00000000	0.00000000	0.00000000	0.00000000	0.00000000	0.00000000	0.00000000
375.80963135	0.00000000	0.00000000	0.00000000	0.00000000	0.00000000	0.00000000	0.00000000	0.00000000
402.65316772	0.00000000	0.00000000	0.00000000	0.00000000	0.00000000	0.00000000	0.00000000	0.00000000
429.49670410	0.00000000	0.00000000	0.00000000	0.00000000	0.00000000	0.00000000	0.00000000	0.00000000
483.18380737	0.00000000	0.00000000	0.00000000	0.00000000	0.00000000	0.00000000	0.00000000	0.00000000
536.87091064	0.00000000	0.00000000	0.00000000	0.00000000	0.00000000	0.00000000	0.00000000	0.00000000
590.55798340	0.00000000	0.00000000	0.00000000	0.00000000	0.00000000	0.00000000	0.00000000	0.00000000
644.24505615	0.00000000	0.00000000	0.00000000	0.00000000	0.00000000	0.00000000	0.00000000	0.00000000
697.93212891	0.00000000	0.00000000	0.00000000	0.00000000	0.00000000	0.00000000	0.00000000	0.00000000
751.61926270	0.00000000	0.00000000	0.00000000	0.00000000	0.00000000	0.00000000	0.00000000	0.00000000
805.30633545	0.00000000	0.00000000	0.00000000	0.00000000	0.00000000	0.00000000	0.00000000	0.00000000
858.99340820	0.00000000	0.00000000	0.00000000	0.00000000	0.00000000	0.00000000	0.00000000	0.00000000
966.36761475	0.00000000	0.00000000	0.00000000	0.00000000	0.00000000	0.00000000	0.00000000	0.00000000
1073.74182129	0.00000000	0.00000000	0.00000000	0.00000000	0.00000000	0.00000000	0.00000000	0.00000000
1181.11596680	0.00000000	0.00000000	0.00000000	0.00000000	0.00000000	0.00000000	0.00000000	0.00000000
1288.49011230	0.00000000	0.00000000	0.00000000	0.00000000	0.00000000	0.00000000	0.00000000	0.00000000
1395.86425781	0.00000000	0.00000000	0.00000000	0.00000000	0.00000000	0.00000000	0.00000000	0.00000000
1503.23852539	0.00000000	0.00000000	0.00000000	0.00000000	0.00000000	0.00000000	0.00000000	0.00000000
1610.61267090	0.00000000	0.00000000	0.00000000	0.00000000	0.00000000	0.00000000	0.00000000	0.00000000
1717.98681641	0.00000000	0.00000000	0.00000000	0.00000000	0.00000000	0.00000000	0.00000000	0.00000000
1932.73522949	0.00000000	0.00000000	0.00000000	0.00000000	0.00000000	0.00000000	0.00000000	0.00000000
2147.48364258	0.00000000	0.00000000	0.00000000	0.00000000	0.00000000	0.00000000	0.00000000	0.00000000
2362.23193359	0.00000000	0.00000000	0.00000000	0.00000000	0.00000000	0.00000000	0.00000000	0.00000000
2576.98022461	0.00000000	0.00000000	0.00000000	0.00000000	0.00000000	0.00000000	0.00000000	0.00000000
2791.72851562	0.00000000	0.00000000	0.00000000	0.00000000	0.00000000	0.00000000	0.00000000	0.00000000
3006.47705078	0.00000000	0.00000000	0.00000000	0.00000000	0.00000000	0.00000000	0.00000000	0.00000000
3221.22534180	0.00000000	0.00000000	0.00000000	0.00000000	0.00000000	0.00000000	0.00000000	0.00000000
3435.97363281	0.00000000	0.00000000	0.00000000	0.00000000	0.00000000	0.00000000	0.00000000	0.00000000
0	0	0	0	0	0	0	0	0
