%6/2/2015 11:14:54 AM
%Duration	ID1		ID2		ID3		ID4		ID5		ID6		ID7		ID8
3000.000000	7.429123	8.020401	6.628036	5.569458	6.208420	4.749298	6.437302	86.936951
%Tau		Tau1		Tau2		Tau3		Tau4		Tau5		Tau6		Tau7		Tau8
%		0.000002	0.000001	0.000002	0.000002	0.000005	0.000003	0.000002	0.000070
%Delaytime	D1		D2		D3		D4		D5		D6		D7		D8
0.00000000	6.24978781	23.65861893	19.68652725	11.36118793	9.50188923	4.29602051	7.38062859	1.96490467
0.00000020	1.68913186	3.88908815	2.18739176	2.88399386	1.40191805	1.59111881	2.23906708	1.52260089
0.00000040	1.52021873	2.91681623	1.98853803	2.27223754	1.55768681	1.75023067	1.65856814	1.45422399
0.00000060	1.35130548	0.97227204	1.59083045	2.44702506	1.24614942	1.75023067	1.32685459	1.44363844
0.00000080	2.36478472	0.64818138	1.19312286	1.39830005	1.71345544	1.59111881	1.99028182	1.43047810
0.00000100	0.50673956	2.59272552	0.79541522	1.31090629	2.02499270	2.06845450	1.32685459	1.48798335
0.00000120	2.02695823	1.94454408	1.39197659	1.39830005	1.24614942	1.11378312	1.24392617	1.49427736
0.00000140	1.85804510	1.29636276	1.78968418	1.39830005	1.09038079	1.59111881	2.07321024	1.47110367
0.00000160	1.18239236	0.32409069	0.99426901	1.39830005	1.71345544	1.59111881	1.82442498	1.44478285
0.00000180	0.84456593	1.29636276	1.98853803	0.87393755	1.40191805	1.90934253	1.07806933	1.45393789
0.00000200	0.67565274	1.62045336	1.19312286	2.01005626	1.55768681	1.27289498	1.49271142	1.48025870
0.00000220	1.18239236	1.62045336	0.99426901	1.83526886	1.71345544	1.43200684	2.48785233	1.44220793
0.00000240	0.67565274	1.94454408	0.79541522	1.92266262	1.40191805	2.22756624	1.32685459	1.43162251
0.00000260	1.35130548	0.64818138	1.19312286	0.87393755	1.71345544	0.95467126	1.57563972	1.44592726
0.00000280	0.84456593	1.94454408	1.39197659	2.18484378	1.55768681	1.43200684	1.90735340	1.45222139
0.00000300	1.35130548	1.29636276	0.99426901	1.57308757	1.40191805	0.95467126	1.49271142	1.46738446
0.00000340	1.85804510	1.78249872	1.59083045	1.31090629	0.93461210	1.51156282	1.11953354	1.46194863
0.00000380	1.52021873	1.62045336	0.99426901	1.26720941	0.93461210	1.03422725	1.40978301	1.42275345
0.00000420	0.92902255	1.62045336	1.09369588	1.09242189	1.79133976	1.27289498	1.82442498	1.43834567
0.00000460	1.60467529	1.78249872	1.19312286	1.09242189	0.93461210	1.19333911	1.07806933	1.45522535
0.00000500	1.85804510	0.64818138	1.19312286	1.04872501	1.86922419	1.03422725	1.49271142	1.46838570
0.00000540	1.18239236	0.64818138	1.09369588	1.70417821	1.47980249	1.67067468	1.11953354	1.44850206
0.00000580	1.52021873	1.62045336	0.99426901	1.31090629	1.32403374	1.19333911	1.45124722	1.43319595
0.00000620	0.92902255	0.64818138	1.09369588	1.35460317	1.40191805	1.11378312	0.95367670	1.42661583
0.00000700	1.22462058	1.13431740	1.09369588	1.24536097	1.44086027	1.51156282	1.38905084	1.44328082
0.00000780	1.01347911	1.37738538	0.79541522	1.33275473	1.01249635	0.95467126	1.03660512	1.43934703
0.00000860	0.80233765	1.45840812	1.19312286	1.39830005	2.02499270	0.99444926	1.24392617	1.40794802
0.00000940	1.22462058	1.29636276	1.24283624	1.20166409	1.40191805	1.03422725	0.95367670	1.41567266
0.00001020	1.30907714	1.21534002	0.94455558	1.22351253	1.09038079	1.39222896	1.14026558	1.40780497
0.00001100	1.35130548	1.53943074	1.49140358	1.22351253	1.09038079	0.99444926	0.93294460	1.40687513
0.00001180	1.05570745	1.70147610	0.84512866	1.11427033	1.12932289	1.15356112	1.24392617	1.38756371
0.00001260	1.22462058	1.45840812	0.79541522	1.39830005	0.81778556	1.31267297	1.28539038	1.38255703
0.00001420	1.03459322	0.76971537	0.77055848	1.04872501	1.22667837	1.17345011	1.30612242	1.39149749
0.00001580	1.11904991	0.97227204	1.06883919	1.35460317	1.14879405	1.13367212	1.22319400	1.36202967
0.00001740	1.09793568	1.17482877	1.34226322	1.19073987	1.14879405	1.09389412	1.05733716	1.36117136
0.00001900	1.11904991	0.93176073	1.11855268	0.90671021	1.12932289	1.13367212	0.97440881	1.36253035
0.00002060	1.05570745	1.41789675	1.04398251	1.10334611	0.91514099	0.85522634	1.03660512	1.33942819
0.00002220	1.16127813	1.37738538	0.94455558	1.12519455	1.16826510	1.05411613	1.10916746	1.33842683
0.00002380	1.22462058	0.72920406	1.06883919	0.89578599	1.18773615	0.97456026	1.03660512	1.33488631
0.00002540	0.99236500	1.17482877	1.31740642	1.00502813	1.18773615	1.25300598	1.03660512	1.33095253
0.00002860	1.10733342	0.84810513	1.00905883	1.01785731	1.16025913	1.20057547	1.03693581	1.30570292
0.00003180	1.19592011	0.91334397	1.18787944	0.99064189	1.11109555	1.03049386	1.16655266	1.29938006
0.00003500	1.05196679	1.19604564	1.21342528	1.07228816	1.12092829	0.91043639	0.96435022	1.28981602
0.00003820	0.99660009	1.17429936	1.16233361	1.01785731	1.05209935	1.04049873	1.11989057	1.27573562
0.00004140	0.90801346	0.84810513	0.93242151	1.08317435	1.17009187	1.01048434	0.98508894	1.26130104
0.00004460	1.08518684	1.15255308	0.79191965	0.96886957	1.09143019	0.96046036	0.99545830	1.25329554
0.00004780	1.08518684	1.08731425	1.00914311	1.09950364	1.05209935	1.12053704	1.07322848	1.24295223
0.00005100	0.97445345	0.97858286	1.09856081	1.09406054	0.96360505	1.01048434	0.94361150	1.22954106
0.00005740	1.10082483	1.05429041	0.86667597	1.08417797	1.03967750	0.87970734	1.05699158	1.21748447
0.00006380	1.01275885	1.22641945	0.96226525	1.03242075	0.96611536	0.88470566	0.96090138	1.20318699
0.00007020	1.02376699	0.83912909	1.05785453	1.14138329	0.95630711	0.93468904	1.10639393	1.18631566
0.00007660	0.98523819	1.10808074	0.98138309	0.92890626	0.99063605	0.94968402	0.97913271	1.17193818
0.00008300	0.91918868	0.98974198	1.00050092	0.95069873	1.10833538	0.89970064	0.97653550	1.16803324
0.00008940	1.00175059	0.98974198	1.00050092	1.00790417	0.97101951	0.93968737	1.09081089	1.16131485
0.00009580	1.03477526	1.15111291	1.07697237	0.94252658	1.08871889	0.97467571	1.05185342	1.14711857
0.00010220	0.95771754	1.31248391	0.95589262	1.12231481	1.01515675	0.96967739	1.00250721	1.14672804
0.00011500	0.96306247	1.08000565	1.03450775	1.05382717	0.94848830	1.02973342	1.06579757	1.12594938
0.00012780	1.02342534	1.09616363	0.87274015	0.94749010	1.06582701	0.95725220	1.01387084	1.10524309
0.00014060	1.04263175	1.11755228	1.04094100	1.00065863	1.02182496	1.00224054	0.99310005	1.10206950
0.00015340	1.03988791	1.14428794	1.02181447	1.04701066	1.01938045	0.91476321	1.01127446	1.08987069
0.00016620	0.94934362	0.96783233	1.09806585	0.99929535	0.96071106	0.99724185	0.96194398	1.08203518
0.00017900	1.16061378	1.10151076	0.97445750	0.94340026	1.03404772	1.02973342	1.05800855	1.07263410
0.00019180	1.06732559	1.16032934	0.99032813	0.97475600	1.04871511	1.03223276	1.06320131	1.06017315
0.00020460	0.97678131	1.16567647	1.06650722	1.01429164	1.06093788	1.07222247	1.00608182	1.05988634
0.00023020	1.01373577	1.08041024	1.01924312	0.99735916	1.05939066	1.01162004	1.00186741	1.04973888
0.00025580	1.09014118	1.09100258	1.04452658	0.97758919	1.06427264	1.01660955	1.02392936	1.04141486
0.00028140	0.98781246	1.05392969	1.03820574	1.00894845	1.03253973	1.01910424	0.94476622	1.03749049
0.00030700	1.03283703	1.08835447	0.94023198	0.97963434	1.01057088	0.97045672	0.98110336	1.02854276
0.00033260	1.01782894	1.04863358	0.97973752	0.97281712	1.05450869	1.06276238	1.00511181	1.02832890
0.00035820	1.08331919	1.09365058	1.01766288	0.98576987	1.00690937	1.04030967	0.98759216	1.02397478
0.00038380	1.08331919	1.19427705	1.03820574	0.95713753	0.99592489	0.97669357	1.00251639	1.02237022
0.00040940	1.06421793	1.11483514	1.04136622	0.96867400	0.99592489	1.01660955	0.98694324	1.02202976
0.00046060	1.07542479	1.04554439	0.98612815	0.99689478	1.05867147	1.01229632	1.00900757	1.01878905
0.00051180	1.02990770	1.07714772	1.01207888	1.02445471	0.97283328	1.02600133	0.99700713	1.01230729
0.00056300	1.00273335	1.00208974	1.04589343	1.00342727	0.99840206	0.96557498	0.99441242	1.01192164
0.00061420	1.06047881	1.09294939	1.00342858	1.00854158	1.02221906	0.97803402	1.03041363	1.00889969
0.00066540	1.03941870	1.14825535	1.02702022	1.01501966	1.03439558	1.00918162	1.01841331	1.00947618
0.00071660	1.04145682	0.99287218	1.02151549	1.00109518	1.03683090	1.04718161	0.97106028	1.01024556
0.00076780	1.01767921	1.10480070	0.97747785	0.98541045	1.03378677	0.99360782	1.00414252	1.01170421
0.00081900	1.03126645	1.12706566	1.04432070	1.00075424	0.99786597	0.96370614	1.02911639	1.01123989
0.00092140	1.02494061	1.07434165	1.04720604	1.00866258	1.03104305	1.00228095	0.97682101	1.01148081
0.00102380	1.02689207	1.09679449	1.02047563	1.00354946	0.97196972	1.02784455	1.00857079	1.01279354
0.00112620	1.05091488	1.10463810	1.00750351	0.99252492	1.03561068	1.02402806	1.02311921	1.01270187
0.00122860	0.99482518	1.08841348	1.01309073	1.02462518	1.01101959	1.01093543	1.01078856	1.00922537
0.00133100	1.03771925	1.14867675	1.02802956	1.00507724	0.99762058	1.00158358	1.00056708	1.00859332
0.00143340	1.02520025	1.11925709	1.04886532	1.01115894	1.04025400	1.01872861	1.01614273	1.00500512
0.00153580	1.01640320	1.08395338	1.02558589	1.03860283	1.01711011	1.00968850	0.99683547	1.00500202
0.00163820	1.01715803	1.10683537	1.03541327	1.01349020	0.98848486	0.99877799	0.98088330	1.00359082
0.00184300	1.03421104	1.03982902	1.02787161	1.02599406	1.02535725	1.00114846	1.00149453	1.00592971
0.00204780	1.03673720	1.05869365	1.00653112	1.01480281	1.03402627	1.01237977	1.01411581	1.00719392
0.00225260	1.04895842	1.06942689	1.01072609	0.98489553	1.02437317	0.99724871	1.01216984	1.00552654
0.00245740	1.03928161	1.07711828	1.00750995	1.01795542	1.02870703	1.02758670	0.99935859	1.00548911
0.00266220	1.03305233	1.06313396	1.02093482	0.99929535	0.99868017	1.04349887	1.01676464	1.00382757
0.00286700	1.03001130	1.10325313	1.04364395	1.00969052	0.99761599	1.01463854	1.00073695	1.00405085
0.00307180	1.01148903	1.10455406	0.99352717	1.01625133	1.03410304	1.00948334	1.00484467	1.00475502
0.00327660	1.02850664	1.09284508	1.02485013	1.01451731	1.01517320	1.01596141	0.99846667	1.00668359
0.00368620	1.03259349	1.10559380	1.00675619	0.99418640	1.02119851	0.99784625	1.01109099	1.00619769
0.00409580	1.03476548	1.10723996	1.03703666	1.01081514	1.00775206	1.02048039	1.02100575	1.00477743
0.00450540	1.03568852	1.09982848	1.02733624	0.99782234	1.01747489	1.00376856	0.99882179	1.00416493
0.00491500	1.03660250	1.08982325	1.03302467	0.99423265	1.01420653	1.00111508	1.01957536	1.00824797
0.00532460	1.02358794	1.10591626	1.01708865	1.01144958	1.02643561	1.00571954	1.00060022	1.00652897
0.00573420	1.03885090	1.11222839	1.03391778	0.99529880	1.00911188	1.00923145	1.00334454	1.00780129
0.00614380	1.03422391	1.11493659	1.01892030	0.99596953	1.01974845	1.00096738	1.01150799	1.00187433
0.00655340	1.03918672	1.09178972	1.02487659	0.99872959	1.03236043	1.00214195	1.01438653	1.00511169
0.00737260	1.02944696	1.08846676	1.02472937	0.99848974	1.01128888	1.01314652	1.00694454	1.00430059
0.00819180	1.04626036	1.08827114	1.02526331	1.00112879	1.00665605	0.99735832	1.01996398	1.00528741
0.00901100	1.03530002	1.10400915	1.03716946	1.00528419	1.01496613	1.00839579	1.00478005	1.00601125
0.00983020	1.03339624	1.09514689	1.00700045	0.99939299	1.01978993	1.00954676	1.00504160	1.00388217
0.01064940	1.03000975	1.07812822	1.01596260	1.00219977	1.00308347	1.00779021	1.00663471	1.00546908
0.01146860	1.03175139	1.09139180	1.01645124	0.99763185	1.00129557	1.00945151	1.01429272	1.00638843
0.01228780	1.02087045	1.07271087	1.01908994	0.99725747	1.00942314	1.01263726	1.01619029	1.00649559
0.01310700	1.03199661	1.10908759	1.03075624	1.00462615	1.02549255	1.01050031	1.00547433	1.00544989
0.01474540	1.03253829	1.10908401	1.02388358	0.99682873	1.01839983	1.01028395	1.01245511	1.00629699
0.01638380	1.02573645	1.10339105	1.02402663	1.00328875	1.01229823	1.01120114	1.00634873	1.00406206
0.01802220	1.03908408	1.10487247	1.02362359	1.00368607	1.01278210	1.01515293	1.00903094	1.00181067
0.01966060	1.03102207	1.10337496	1.01688957	1.00114369	1.02081871	1.00165367	1.01600111	1.00373828
0.02129900	1.04069877	1.08962131	1.01984680	0.99792099	1.01861060	1.01431656	1.00671458	1.00344276
0.02293740	1.03123307	1.09585202	1.03201997	1.00157845	1.00304258	0.99657017	1.01211309	1.00543535
0.02457580	1.03670883	1.09924519	1.01759696	1.00600040	1.01225042	1.01482224	1.00335073	1.00122428
0.02621420	1.03609085	1.09634542	1.02076948	1.00450587	1.01360309	0.99582821	1.00478935	1.00375426
0.02949100	1.03494954	1.10067761	1.02833498	1.00048268	1.01013505	1.00339079	1.00755823	1.00370049
0.03276780	1.02859414	1.10518730	1.01967871	1.00059962	1.01207972	1.01264703	1.00812173	1.00325012
0.03604460	1.02911961	1.09426451	1.02283180	1.00328755	1.01438999	1.00559902	1.00651419	1.00328779
0.03932140	1.02820444	1.09893703	1.02222228	1.00290740	1.01790786	1.00770819	1.00811040	1.00434387
0.04259820	1.02686179	1.09407544	1.02388179	0.99622643	1.01588452	1.00679350	1.00442445	1.00264072
0.04587500	1.02898002	1.09636617	1.02253497	0.99851412	1.01117265	1.00351977	1.00719333	1.00228024
0.04915180	1.02968299	1.09791648	1.02968276	1.00006795	1.01460516	1.00661576	1.00631380	1.00376654
0.05242860	1.02755380	1.09782231	1.01683116	0.99828494	1.00586784	1.01260900	1.00972450	1.00252962
0.05898220	1.02559149	1.09480953	1.02676654	0.99989647	1.01285005	1.00800586	1.00741398	1.00261927
0.06553581	1.02881551	1.09213698	1.01926804	1.00224733	1.01777208	1.00875378	1.00849605	1.00245345
0.07208940	1.02501941	1.08993030	1.02191699	1.00240076	1.01046872	1.01037264	1.01009643	1.00284922
0.07864300	1.02711391	1.08661795	1.02009284	1.00206625	1.00975132	1.00494242	1.00952291	1.00220168
0.08519660	1.02659059	1.08926463	1.02273810	0.99835759	1.00885737	1.00746143	1.00780046	1.00183964
0.09175020	1.02273667	1.08783567	1.02365029	1.00142157	1.00304246	1.00607204	1.00645506	1.00182354
0.09830380	1.02101970	1.08960652	1.01716757	1.00008690	1.00718856	1.00581610	1.00770974	1.00244272
0.10485740	1.01876545	1.08064055	1.02069676	0.99986106	1.00324404	1.00952399	1.00670600	1.00149167
0.11796460	1.01871741	1.07987905	1.01643252	1.00073600	1.00304592	1.00748479	1.00616145	1.00084162
0.13107181	1.01516926	1.07421577	1.01982939	1.00135529	1.00517344	1.00772107	1.00458157	1.00179517
0.14417900	1.01567817	1.07378674	1.01734054	1.00012755	1.00046253	1.00827706	1.00682342	1.00059950
0.15728620	1.01363504	1.07142580	1.01593733	0.99986005	0.99958473	1.00522602	1.00767255	1.00110698
0.17039341	1.01163840	1.06808960	1.01559055	1.00334442	1.00071228	1.00527287	1.00498199	1.00207591
0.18350060	1.01671016	1.06048882	1.01381850	0.99947810	0.99668944	1.00801265	1.00352252	1.00213778
0.19660780	1.01979554	1.05521476	1.01281416	0.99928844	1.00213289	1.00416446	1.00453269	1.00208044
0.20971501	1.01484525	1.05444562	1.01169014	1.00056040	0.99927551	1.00568688	1.00290513	1.00243974
0.23592941	1.01825511	1.04331481	1.00887775	0.99950850	0.99859536	1.00228381	1.00480688	1.00210416
0.26214382	1.01951921	1.03932941	1.00921643	1.00093365	0.99679488	1.00534761	1.00262892	1.00154638
0.28835821	1.01649880	1.03772676	1.00864923	1.00070608	0.99711090	1.00192690	1.00429773	1.00101221
0.31457260	1.01766443	1.03580022	1.00676835	0.99941349	0.99906641	1.00334108	1.00483274	1.00082147
0.34078699	1.01402700	1.02954614	1.00963390	1.00178933	1.00179374	1.00142324	1.00357461	1.00083268
0.36700141	1.01176012	1.02987933	1.00615859	1.00137472	1.00063789	1.00013781	1.00470173	0.99969906
0.39321581	1.00988948	1.02135742	1.00784409	1.00025523	1.00017238	1.00057840	1.00480700	0.99991786
0.41943020	1.01081192	1.02072477	1.01232696	1.00031328	1.00005078	1.00238204	1.00381196	1.00001085
0.47185901	1.01057124	1.01989365	1.00734329	0.99976575	0.99877757	1.00101876	1.00228930	0.99950051
0.52428782	1.00895774	1.01675498	1.00548792	1.00072026	0.99545646	1.00102818	1.00191569	0.99990863
0.57671660	1.00792480	1.01388776	1.00353158	1.00081170	0.99521524	1.00174987	1.00025189	0.99933422
0.62914538	1.00280571	1.01110613	1.00094545	0.99880934	0.99467158	0.99871022	0.99938571	0.99980378
0.68157423	1.00264919	1.00884879	0.99769348	0.99903435	0.99847549	0.99928820	0.99978286	0.99943781
0.73400301	1.00985873	1.00227118	0.99656606	1.00088227	1.00075305	1.00157285	0.99996150	0.99988097
0.78643179	1.00809216	1.00247228	0.99716055	1.00015676	1.00282776	0.99869841	0.99945879	0.99938440
0.83886063	1.00251973	1.00050890	0.99761629	1.00023723	1.00161350	0.99978930	1.00127435	0.99989480
0.94371825	1.00280583	0.99823928	0.99538946	1.00081885	1.00073850	0.99928409	0.99961281	0.99956214
1.04857588	1.00478721	1.00006759	0.99691206	0.99940670	0.99845374	1.00117946	0.99846458	0.99956626
1.15343344	1.00560069	1.00408888	0.99556178	1.00009644	1.00051451	1.00021195	0.99819332	0.99949223
1.25829101	1.00457740	0.99979460	0.99611026	1.00018370	1.00095546	1.00044966	0.99860251	0.99906874
1.36314869	1.00330269	0.99260843	0.99956536	1.00055814	0.99850017	0.99956852	0.99913949	0.99939078
1.46800625	1.00467122	0.99440086	1.00168633	0.99968427	0.99742901	0.99938929	0.99835134	0.99967051
1.57286382	1.00435400	0.99340338	1.00144136	0.99892038	0.99881059	0.99990308	0.99740946	0.99969774
1.67772150	1.00178576	0.99774450	0.99954605	1.00045192	0.99585682	0.99896592	0.99823046	1.00047553
1.88743675	1.00138021	0.99886012	1.00236011	0.99935174	0.99797720	0.99824440	0.99740869	1.00026870
2.09715199	1.00371623	0.99801356	1.00078773	0.99969441	0.99989974	0.99768370	0.99900466	1.00037909
2.30686712	1.00254381	0.99392200	1.00146353	0.99945492	0.99882841	0.99768704	1.00047278	1.00018394
2.51658225	1.00045133	0.99483538	1.00241029	0.99974495	0.99848938	0.99739778	0.99933881	1.00071454
2.72629738	1.00211346	0.98648006	1.00358319	0.99965584	0.99982363	0.99423724	0.99914944	1.00047636
2.93601274	1.00205076	0.99469507	0.99835658	0.99969310	0.99936807	0.99385738	0.99719805	0.99924290
3.14572787	1.00326240	0.99687427	0.99534780	0.99948066	0.99711818	0.99578261	0.99954766	0.99960554
3.35544300	1.00201917	0.99531066	0.99252796	0.99968636	1.00082588	0.99790853	0.99762619	0.99987954
3.77487350	1.00146616	0.99820960	1.00162709	0.99973768	1.00075626	0.99796051	1.00013685	1.00002837
4.19430399	0.99984366	1.00036836	1.00710034	0.99985361	1.00173557	0.99722630	1.00069678	1.00002301
4.61373425	0.99715996	0.99769849	1.00240326	0.99998379	1.00097525	1.00165665	1.00264716	0.99997216
5.03316450	1.00000000	1.00000000	1.00000000	1.00000000	1.00000000	1.00000000	1.00000000	1.00000000
5.45259476	0.00000000	0.00000000	0.00000000	0.00000000	0.00000000	0.00000000	0.00000000	0.00000000
5.87202549	0.00000000	0.00000000	0.00000000	0.00000000	0.00000000	0.00000000	0.00000000	0.00000000
6.29145575	0.00000000	0.00000000	0.00000000	0.00000000	0.00000000	0.00000000	0.00000000	0.00000000
6.71088600	0.00000000	0.00000000	0.00000000	0.00000000	0.00000000	0.00000000	0.00000000	0.00000000
7.54974699	0.00000000	0.00000000	0.00000000	0.00000000	0.00000000	0.00000000	0.00000000	0.00000000
8.38860798	0.00000000	0.00000000	0.00000000	0.00000000	0.00000000	0.00000000	0.00000000	0.00000000
9.22746849	0.00000000	0.00000000	0.00000000	0.00000000	0.00000000	0.00000000	0.00000000	0.00000000
10.06632900	0.00000000	0.00000000	0.00000000	0.00000000	0.00000000	0.00000000	0.00000000	0.00000000
10.90518951	0.00000000	0.00000000	0.00000000	0.00000000	0.00000000	0.00000000	0.00000000	0.00000000
11.74405098	0.00000000	0.00000000	0.00000000	0.00000000	0.00000000	0.00000000	0.00000000	0.00000000
12.58291149	0.00000000	0.00000000	0.00000000	0.00000000	0.00000000	0.00000000	0.00000000	0.00000000
13.42177200	0.00000000	0.00000000	0.00000000	0.00000000	0.00000000	0.00000000	0.00000000	0.00000000
15.09949398	0.00000000	0.00000000	0.00000000	0.00000000	0.00000000	0.00000000	0.00000000	0.00000000
16.77721596	0.00000000	0.00000000	0.00000000	0.00000000	0.00000000	0.00000000	0.00000000	0.00000000
18.45493698	0.00000000	0.00000000	0.00000000	0.00000000	0.00000000	0.00000000	0.00000000	0.00000000
20.13265800	0.00000000	0.00000000	0.00000000	0.00000000	0.00000000	0.00000000	0.00000000	0.00000000
21.81037903	0.00000000	0.00000000	0.00000000	0.00000000	0.00000000	0.00000000	0.00000000	0.00000000
23.48810196	0.00000000	0.00000000	0.00000000	0.00000000	0.00000000	0.00000000	0.00000000	0.00000000
25.16582298	0.00000000	0.00000000	0.00000000	0.00000000	0.00000000	0.00000000	0.00000000	0.00000000
26.84354401	0.00000000	0.00000000	0.00000000	0.00000000	0.00000000	0.00000000	0.00000000	0.00000000
30.19898796	0.00000000	0.00000000	0.00000000	0.00000000	0.00000000	0.00000000	0.00000000	0.00000000
33.55443192	0.00000000	0.00000000	0.00000000	0.00000000	0.00000000	0.00000000	0.00000000	0.00000000
36.90987396	0.00000000	0.00000000	0.00000000	0.00000000	0.00000000	0.00000000	0.00000000	0.00000000
40.26531601	0.00000000	0.00000000	0.00000000	0.00000000	0.00000000	0.00000000	0.00000000	0.00000000
43.62075806	0.00000000	0.00000000	0.00000000	0.00000000	0.00000000	0.00000000	0.00000000	0.00000000
46.97620392	0.00000000	0.00000000	0.00000000	0.00000000	0.00000000	0.00000000	0.00000000	0.00000000
50.33164597	0.00000000	0.00000000	0.00000000	0.00000000	0.00000000	0.00000000	0.00000000	0.00000000
53.68708801	0.00000000	0.00000000	0.00000000	0.00000000	0.00000000	0.00000000	0.00000000	0.00000000
60.39797592	0.00000000	0.00000000	0.00000000	0.00000000	0.00000000	0.00000000	0.00000000	0.00000000
67.10886383	0.00000000	0.00000000	0.00000000	0.00000000	0.00000000	0.00000000	0.00000000	0.00000000
73.81974792	0.00000000	0.00000000	0.00000000	0.00000000	0.00000000	0.00000000	0.00000000	0.00000000
80.53063202	0.00000000	0.00000000	0.00000000	0.00000000	0.00000000	0.00000000	0.00000000	0.00000000
87.24151611	0.00000000	0.00000000	0.00000000	0.00000000	0.00000000	0.00000000	0.00000000	0.00000000
93.95240784	0.00000000	0.00000000	0.00000000	0.00000000	0.00000000	0.00000000	0.00000000	0.00000000
100.66329193	0.00000000	0.00000000	0.00000000	0.00000000	0.00000000	0.00000000	0.00000000	0.00000000
107.37417603	0.00000000	0.00000000	0.00000000	0.00000000	0.00000000	0.00000000	0.00000000	0.00000000
120.79595184	0.00000000	0.00000000	0.00000000	0.00000000	0.00000000	0.00000000	0.00000000	0.00000000
134.21772766	0.00000000	0.00000000	0.00000000	0.00000000	0.00000000	0.00000000	0.00000000	0.00000000
147.63949585	0.00000000	0.00000000	0.00000000	0.00000000	0.00000000	0.00000000	0.00000000	0.00000000
161.06126404	0.00000000	0.00000000	0.00000000	0.00000000	0.00000000	0.00000000	0.00000000	0.00000000
174.48303223	0.00000000	0.00000000	0.00000000	0.00000000	0.00000000	0.00000000	0.00000000	0.00000000
187.90481567	0.00000000	0.00000000	0.00000000	0.00000000	0.00000000	0.00000000	0.00000000	0.00000000
201.32658386	0.00000000	0.00000000	0.00000000	0.00000000	0.00000000	0.00000000	0.00000000	0.00000000
214.74835205	0.00000000	0.00000000	0.00000000	0.00000000	0.00000000	0.00000000	0.00000000	0.00000000
241.59190369	0.00000000	0.00000000	0.00000000	0.00000000	0.00000000	0.00000000	0.00000000	0.00000000
268.43545532	0.00000000	0.00000000	0.00000000	0.00000000	0.00000000	0.00000000	0.00000000	0.00000000
295.27899170	0.00000000	0.00000000	0.00000000	0.00000000	0.00000000	0.00000000	0.00000000	0.00000000
322.12252808	0.00000000	0.00000000	0.00000000	0.00000000	0.00000000	0.00000000	0.00000000	0.00000000
348.96606445	0.00000000	0.00000000	0.00000000	0.00000000	0.00000000	0.00000000	0.00000000	0.00000000
375.80963135	0.00000000	0.00000000	0.00000000	0.00000000	0.00000000	0.00000000	0.00000000	0.00000000
402.65316772	0.00000000	0.00000000	0.00000000	0.00000000	0.00000000	0.00000000	0.00000000	0.00000000
429.49670410	0.00000000	0.00000000	0.00000000	0.00000000	0.00000000	0.00000000	0.00000000	0.00000000
483.18380737	0.00000000	0.00000000	0.00000000	0.00000000	0.00000000	0.00000000	0.00000000	0.00000000
536.87091064	0.00000000	0.00000000	0.00000000	0.00000000	0.00000000	0.00000000	0.00000000	0.00000000
590.55798340	0.00000000	0.00000000	0.00000000	0.00000000	0.00000000	0.00000000	0.00000000	0.00000000
644.24505615	0.00000000	0.00000000	0.00000000	0.00000000	0.00000000	0.00000000	0.00000000	0.00000000
697.93212891	0.00000000	0.00000000	0.00000000	0.00000000	0.00000000	0.00000000	0.00000000	0.00000000
751.61926270	0.00000000	0.00000000	0.00000000	0.00000000	0.00000000	0.00000000	0.00000000	0.00000000
805.30633545	0.00000000	0.00000000	0.00000000	0.00000000	0.00000000	0.00000000	0.00000000	0.00000000
858.99340820	0.00000000	0.00000000	0.00000000	0.00000000	0.00000000	0.00000000	0.00000000	0.00000000
966.36761475	0.00000000	0.00000000	0.00000000	0.00000000	0.00000000	0.00000000	0.00000000	0.00000000
1073.74182129	0.00000000	0.00000000	0.00000000	0.00000000	0.00000000	0.00000000	0.00000000	0.00000000
1181.11596680	0.00000000	0.00000000	0.00000000	0.00000000	0.00000000	0.00000000	0.00000000	0.00000000
1288.49011230	0.00000000	0.00000000	0.00000000	0.00000000	0.00000000	0.00000000	0.00000000	0.00000000
1395.86425781	0.00000000	0.00000000	0.00000000	0.00000000	0.00000000	0.00000000	0.00000000	0.00000000
1503.23852539	0.00000000	0.00000000	0.00000000	0.00000000	0.00000000	0.00000000	0.00000000	0.00000000
1610.61267090	0.00000000	0.00000000	0.00000000	0.00000000	0.00000000	0.00000000	0.00000000	0.00000000
1717.98681641	0.00000000	0.00000000	0.00000000	0.00000000	0.00000000	0.00000000	0.00000000	0.00000000
1932.73522949	0.00000000	0.00000000	0.00000000	0.00000000	0.00000000	0.00000000	0.00000000	0.00000000
2147.48364258	0.00000000	0.00000000	0.00000000	0.00000000	0.00000000	0.00000000	0.00000000	0.00000000
2362.23193359	0.00000000	0.00000000	0.00000000	0.00000000	0.00000000	0.00000000	0.00000000	0.00000000
2576.98022461	0.00000000	0.00000000	0.00000000	0.00000000	0.00000000	0.00000000	0.00000000	0.00000000
2791.72851562	0.00000000	0.00000000	0.00000000	0.00000000	0.00000000	0.00000000	0.00000000	0.00000000
3006.47705078	0.00000000	0.00000000	0.00000000	0.00000000	0.00000000	0.00000000	0.00000000	0.00000000
3221.22534180	0.00000000	0.00000000	0.00000000	0.00000000	0.00000000	0.00000000	0.00000000	0.00000000
3435.97363281	0.00000000	0.00000000	0.00000000	0.00000000	0.00000000	0.00000000	0.00000000	0.00000000
0	0	0	0	0	0	0	0	0
