%6/2/2015 11:14:44 AM
%Duration	ID1		ID2		ID3		ID4		ID5		ID6		ID7		ID8
3000.000000	6.847382	6.694794	5.931854	4.615784	7.619858	6.999969	7.419586	59.375763
%Tau		Tau1		Tau2		Tau3		Tau4		Tau5		Tau6		Tau7		Tau8
%		0.000003	0.000004	0.000003	0.000002	0.000002	0.000003	0.000002	0.000021
%Delaytime	D1		D2		D3		D4		D5		D6		D7		D8
0.00000000	3.00220823	9.36423779	13.19126225	9.21092319	6.25136375	3.86823821	11.49670506	2.25285029
0.00000020	2.15948319	1.72099507	2.25796390	2.30273080	2.14693308	0.99185592	2.87417626	1.54432833
0.00000040	1.73812056	1.46790755	1.42608237	1.48563278	1.38919199	1.48778391	2.58675861	1.49537265
0.00000060	1.26408768	1.46790755	1.54492259	1.11422467	1.38919199	1.38859832	1.43708813	1.48113108
0.00000080	1.36942840	1.51852500	1.66376281	1.11422467	1.51548219	1.58696949	0.86225289	1.40814269
0.00000100	1.36942840	1.41729009	1.30724216	1.55991447	1.57862723	2.18208313	1.14967060	1.40725255
0.00000120	1.21141744	1.61976004	1.54492259	1.41135120	1.13661158	0.89267033	0.86225289	1.43039525
0.00000140	0.94806582	1.51852500	1.90144324	1.33706951	1.32604682	1.58696949	0.28741765	1.43573582
0.00000160	1.52743936	0.86049753	1.30724216	0.96566135	1.07346654	1.68615508	2.29934120	1.38499999
0.00000180	1.21141744	1.26543760	1.42608237	1.48563278	1.89435267	1.58696949	2.01192355	1.42060411
0.00000200	1.42209864	0.70864505	2.02028346	1.33706951	1.51548219	0.89267033	1.14967060	1.45976853
0.00000220	1.47476900	1.26543760	1.42608237	0.74281639	2.08378792	1.58696949	1.14967060	1.43128526
0.00000240	1.36942840	1.36667252	1.54492259	1.33706951	0.82088614	1.38859832	3.73642921	1.42594469
0.00000260	1.52743936	1.31605506	1.66376281	1.78275943	1.26290178	1.09104156	3.44901156	1.49804306
0.00000280	1.15874708	1.46790755	1.42608237	1.11422467	1.32604682	1.28941274	1.43708813	1.40458226
0.00000300	1.63277996	1.01235008	1.90144324	0.81709808	0.75774109	1.48778391	0.57483530	1.48291123
0.00000340	1.31675804	1.34136379	1.01014173	1.33706951	1.32604682	1.23981988	0.86225289	1.42238426
0.00000380	1.10607672	1.36667252	1.36666226	1.29992878	1.23132920	1.43819106	0.86225289	1.43084025
0.00000420	1.18508220	1.03765881	1.06956184	1.11422467	1.48390961	1.23981988	2.15563226	1.41125798
0.00000460	1.31675804	1.11358500	1.42608237	1.00280213	1.07346654	1.43819106	2.01192355	1.37876928
0.00000500	1.31675804	1.46790755	1.24782205	1.48563278	1.54705465	1.19022715	1.43708813	1.36274743
0.00000540	1.23775256	1.16420257	0.83188140	1.11422467	1.19975674	1.38859832	1.72450578	1.38143957
0.00000580	1.21141744	1.21482003	1.42608237	1.18850625	1.76806247	1.23981988	1.72450578	1.35028589
0.00000620	1.39576352	1.24012876	1.06956184	0.85423887	1.29447436	1.04144871	1.29337931	1.34227502
0.00000700	1.23775256	1.22747445	0.98043168	1.31849909	1.18397045	0.99185592	1.65265143	1.30377805
0.00000780	1.09290922	1.25278318	0.95072162	1.13279510	1.15239787	1.21502352	1.07781613	1.31290162
0.00000860	1.58010960	1.06296754	1.45579243	1.26278794	1.12082529	1.19022715	1.50894260	1.33226132
0.00000940	1.09290922	1.13889384	0.95072162	1.42992163	1.43655074	1.26461625	1.79636025	1.32603061
0.00001020	1.05340648	1.29074633	1.15869200	1.16993582	1.26290178	1.33900547	1.29337931	1.26817393
0.00001100	1.10607672	1.24012876	1.39637232	1.50420320	1.04189396	1.21502352	1.79636025	1.28486335
0.00001180	1.19824982	1.08827627	1.18840206	1.61562574	1.13661158	1.26461625	1.29337931	1.28664362
0.00001260	1.14557946	1.20216572	1.06956184	0.87280929	1.18397045	1.19022715	1.14967060	1.23791051
0.00001420	1.34309316	1.17052972	0.93586659	1.22564709	1.18397045	1.40099645	1.14967060	1.24848044
0.00001580	1.13241196	1.08827627	1.01014173	1.16065061	1.19186354	1.09104156	1.04188895	1.24892545
0.00001740	1.03365505	1.15154815	1.21811211	1.19779146	1.11293221	1.27701449	1.14967060	1.21910703
0.00001900	1.13241196	1.13256657	1.26267707	1.14208019	1.15239787	1.00425410	1.11374331	1.19807839
0.00002060	0.94148201	1.00602281	1.32209718	1.01208735	0.97874886	1.12823606	1.58079696	1.20074868
0.00002220	1.07974160	1.15787530	0.93586659	1.09565425	1.05768025	1.25221813	1.18559778	1.17627084
0.00002380	1.13241196	1.19583845	0.84673643	1.24421751	1.20764983	0.97945774	1.18559778	1.18472683
0.00002540	0.94148201	1.13889384	1.02499676	1.04922819	1.19975674	1.23981988	0.86225289	1.16570091
0.00002860	0.98781955	1.07795727	0.99050415	1.10818422	1.04441106	1.09981322	1.15003729	1.16440070
0.00003180	1.08001602	1.01215184	0.98305672	1.04407442	1.02067447	1.05582070	1.20753920	1.14324296
0.00003500	1.03391778	1.04035413	1.05753076	1.02117801	1.09188437	0.99297428	0.90086257	1.13494682
0.00003820	1.05367422	1.04662132	1.15434694	1.04407442	1.11957705	1.13123655	1.07336819	1.13477981
0.00004140	1.00757599	0.98708302	1.02029371	1.01659870	1.11166477	1.04953611	1.11170280	1.12369990
0.00004460	1.01745415	0.94947982	1.04263592	1.06697071	1.00485003	1.00554359	1.38004482	1.10782540
0.00004780	1.10306513	1.10615969	1.17668915	1.01659870	0.94946462	1.01182818	0.88169527	1.10854924
0.00005100	0.99440503	1.11869407	1.09476769	1.12192202	0.98902565	1.11866724	1.07336819	1.10893893
0.00005740	1.08610499	1.01755476	0.96492994	1.07182896	0.98065805	0.90345526	1.10615623	1.09456766
0.00006380	1.02842116	1.04424989	1.17728901	0.98920399	1.02806151	1.01325011	0.90590382	1.08872867
0.00007020	1.07456827	0.92176646	1.00218594	1.03051651	0.89362270	1.00070214	1.11569214	1.07545221
0.00007660	0.95920050	1.01755476	0.97238111	1.03740191	1.06760240	1.06657910	1.08708465	1.07809639
0.00008300	1.06797576	0.97201610	0.98355794	0.99608940	1.02806151	1.02579820	1.09662044	1.07634282
0.00008940	0.94601560	1.07247090	1.05061865	1.07641923	1.01817632	0.97560620	1.09662044	1.06955147
0.00009580	1.02347684	1.03321505	1.04316747	0.95936722	0.89164567	1.03207219	0.97265464	1.05856323
0.00010220	0.92788637	1.03007460	0.99473470	0.95477694	0.99642885	0.96933222	1.15383542	1.07167864
0.00011500	1.04421091	1.01935184	1.04303455	0.96752310	0.98640627	1.04738963	1.05438852	1.05959392
0.00012780	1.01371706	0.96594852	0.96294439	0.99168241	1.00419724	1.01138592	0.99739450	1.04747891
0.00014060	0.98899221	1.01703608	1.00019562	1.03079748	1.00518560	0.92043960	0.96414804	1.05454957
0.00015340	0.98239893	0.95180118	1.10449910	1.00893903	1.01408100	0.95964062	1.00689352	1.03584313
0.00016620	0.98899221	1.06969559	1.08587348	1.06991255	1.03483701	1.02399015	1.07338643	1.03706789
0.00017900	1.01042044	0.99817300	0.99647051	1.04460275	1.01111591	1.08514726	1.13038039	1.02637851
0.00019180	1.01536536	1.02017999	1.00392079	0.98477972	0.94884771	0.99576378	1.06388748	1.02598047
0.00020460	0.98239893	0.96594852	1.00764585	0.94451421	0.99134821	0.99890006	1.10188341	1.03701794
0.00023020	0.97617799	1.02391219	0.95553678	1.03695655	0.99605894	0.95097142	1.12800264	1.02276492
0.00025580	1.01534057	1.01327920	0.95926571	1.04271734	1.04101992	0.93610024	0.93449599	1.02281237
0.00028140	0.98607171	0.96799082	1.00401282	1.03004348	0.97827214	1.00262916	1.05248785	1.01988506
0.00030700	0.98813289	1.01642978	1.01892853	1.06518483	1.03064430	1.00889063	1.02663374	1.01766253
0.00033260	1.02152407	1.03804636	1.04036987	1.05539131	1.00099969	0.99871570	1.01247334	1.01299846
0.00035820	1.04790735	0.99157846	1.02731860	0.96840215	0.97678995	1.00967336	1.00775313	1.01160443
0.00038380	1.00668359	0.98567152	1.00121617	1.02658689	1.02866805	1.00184643	0.97943223	1.00877738
0.00040940	0.97535354	1.02308214	1.04689550	1.03638041	0.96097946	0.97523493	1.11867678	1.00895000
0.00046060	1.00862408	1.02341843	1.00743699	1.04125404	0.98227429	0.97394013	1.03879285	1.00719917
0.00051180	1.01627707	1.01849723	1.02560163	1.00729382	0.99283808	0.98287892	1.05867970	1.00829637
0.00056300	1.02203608	1.03089869	1.03677988	0.97971427	1.01262343	1.02785754	1.09037471	1.00858128
0.00061420	1.01483727	0.99782801	1.02699888	0.99842209	1.01977885	1.03841770	1.07165587	1.00973344
0.00066540	1.00768101	1.00688303	0.98688072	1.02437651	0.98153406	1.03378463	1.05655348	1.00958025
0.00071660	0.98587775	0.99270993	0.96871728	1.00365293	1.02619410	1.01221275	1.07527423	1.00624752
0.00076780	0.99677938	0.98735410	1.02087903	1.03099656	1.00768864	1.00791049	0.98996073	1.00854146
0.00081900	0.99945337	1.01097500	0.99200374	1.05488622	0.97585905	0.99963862	1.05197954	1.00666618
0.00092140	0.99318922	1.01516879	1.02454102	1.00318551	1.01476133	0.99806440	1.03570199	1.00449693
0.00102380	1.00223505	1.00012577	1.02710652	1.01039851	1.00662148	0.99624908	1.04151404	1.00419962
0.00112620	0.99246967	1.02451599	0.99935317	1.00722480	0.98886198	1.00815797	1.05789423	1.00361967
0.00122860	1.01570094	0.99431926	0.99998909	0.99385321	0.99396461	0.99585861	1.08521342	1.00433838
0.00133100	1.00901937	0.99773175	1.02167726	1.00390005	0.98940116	1.00913417	1.09473407	1.00130701
0.00143340	0.99880058	1.01239276	0.99905622	1.02764785	0.97800887	1.01778352	1.02206182	1.00644422
0.00153580	1.00605607	1.00297713	1.01404607	1.02312541	1.01451468	1.02891219	1.05985141	1.00661147
0.00163820	1.01520383	0.99831414	1.02267528	1.00519121	1.01932454	0.99929410	1.02031767	1.00044978
0.00184300	1.00435638	1.00035453	1.02144730	1.00984597	1.00941575	0.99698287	1.04496551	1.00534272
0.00204780	0.99781704	0.98994446	0.98919272	1.00525391	0.99083281	0.99152637	1.05374575	1.00312698
0.00225260	1.00718439	1.00439250	0.98960584	1.01608479	1.00249183	1.00598598	1.06213176	1.00292265
0.00245740	0.99952304	1.00079858	1.01631379	1.01153588	1.00688839	1.00536251	1.05077600	1.00327015
0.00266220	1.00563300	1.00337946	0.99548298	1.00065470	1.00531590	1.00337481	1.05416942	1.00413859
0.00286700	1.00974667	0.99650621	1.00661838	1.02525508	0.99476480	0.98486060	1.04741049	1.00484121
0.00307180	1.00645578	1.00404704	1.00796592	1.01485729	1.00071883	1.01068306	1.05908728	1.00238502
0.00327660	1.01303756	1.00537157	1.01963222	1.00806999	1.00206089	0.99113661	1.05735159	1.00073910
0.00368620	1.00723803	1.00294137	1.00366211	1.01787186	1.00608492	0.99904180	1.06823099	1.00433695
0.00409580	1.00061750	1.00998974	1.02978861	1.01518071	1.00796986	1.00434780	1.06909299	1.00370014
0.00450540	1.00615001	1.00719166	1.00959063	1.00481653	1.00313365	1.00202084	1.06234026	1.00226438
0.00491500	1.00570440	0.99955934	0.99478996	1.01684213	1.00237596	1.00438726	1.05113351	1.00412798
0.00532460	1.01337099	0.99913198	1.02517545	1.01928568	1.00736523	1.00302398	1.06560791	1.00471878
0.00573420	1.00251889	0.98744363	1.00272930	1.01357996	1.01116395	1.01007617	1.06280327	1.00162888
0.00614380	1.01073277	1.00037479	0.99975592	1.01328278	1.00825834	1.01187813	1.04889047	1.00173688
0.00655340	0.99844998	0.99769276	1.01427937	1.01563215	1.00507712	0.99431533	1.04026473	1.00254393
0.00737260	0.99848145	1.00184608	1.01734495	1.01017725	0.99862230	1.00377381	1.06931055	1.00416183
0.00819180	0.99499315	1.01163089	1.00811565	1.01046693	0.99857599	0.99834943	1.06192601	1.00369751
0.00901100	0.99872559	1.00163710	1.00614965	1.00519609	1.00525463	1.00586200	1.04961371	1.00384688
0.00983020	1.00484264	1.00091577	1.01031566	1.02348053	0.99540728	1.00478923	1.06652462	1.00233686
0.01064940	1.00243056	1.00180566	1.01360941	1.01540637	1.00174439	1.00917685	1.07216346	1.00397861
0.01146860	1.00075364	0.99647850	0.99969596	1.01409554	1.00106466	1.01302516	1.06066108	1.00224054
0.01228780	1.00147700	1.00450611	1.00561476	1.01563013	1.00492859	1.01146686	1.05533361	1.00578654
0.01310700	1.00683033	1.00589144	1.00826371	1.01360357	1.00223923	1.00598204	1.05515325	1.00325048
0.01474540	1.00380945	1.00371051	1.00424993	1.01723254	1.00618231	1.00268483	1.06425142	1.00328207
0.01638380	1.00402260	1.00382948	1.00909972	1.01785123	1.00136733	1.00017834	1.06882882	1.00356209
0.01802220	1.00742984	0.99998581	1.00297117	1.01248264	1.00153673	1.00695503	1.05700588	1.00416505
0.01966060	1.00401425	1.00141990	1.00842822	1.01288652	0.99898553	1.00580561	1.06187069	1.00405991
0.02129900	1.00147569	1.00415075	1.00643742	1.01370704	1.00855982	1.00825787	1.06023204	1.00250196
0.02293740	1.00912774	1.00798726	1.01088524	1.01341963	1.00189781	1.00319409	1.06093764	1.00217319
0.02457580	1.00490844	1.00316441	1.01260781	1.01256669	1.00323451	1.00435317	1.06456280	1.00249088
0.02621420	1.00030601	1.00644267	1.00065100	1.01354849	1.00066960	1.00869548	1.06345749	1.00219083
0.02949100	1.00378823	1.00131536	1.00996041	1.00884902	1.00146174	1.00738633	1.06460500	1.00355196
0.03276780	1.00333655	1.00262368	1.01093018	1.01085222	1.00326359	1.00590420	1.05749655	1.00193214
0.03604460	1.00319314	1.00363207	1.00999665	1.00800192	1.00215447	1.00535107	1.06176400	1.00300431
0.03932140	1.00434673	1.00354600	1.00762451	1.01081264	0.99800825	1.00372255	1.06295073	1.00383675
0.04259820	1.00368786	1.00494087	1.01054740	1.01328540	1.00125003	1.00580692	1.05542397	1.00281274
0.04587500	1.00335050	1.00153148	1.01089656	1.01425016	0.99892640	1.00542450	1.06011879	1.00329113
0.04915180	1.00400782	1.00267255	1.01148295	1.01391530	1.00308466	1.00685203	1.06373072	1.00257218
0.05242860	1.00433517	1.00233483	1.00682092	1.01529133	1.00154161	1.00579107	1.05773520	1.00247228
0.05898220	1.00342119	1.00209069	1.01262927	1.01526487	1.00226653	1.00590408	1.06473303	1.00314760
0.06553581	1.00426805	1.00134146	1.00886297	1.01543665	1.00192964	1.00381231	1.06338382	1.00253189
0.07208940	1.00402534	1.00084484	1.00950301	1.01341212	0.99917114	1.00667214	1.05588830	1.00305700
0.07864300	1.00347757	1.00072873	1.00570250	1.01357603	1.00175393	1.00801182	1.06214511	1.00310433
0.08519660	1.00429749	1.00132930	1.00848818	1.01595390	0.99917734	1.00580871	1.06057918	1.00302672
0.09175020	1.00301743	1.00350678	1.00836515	1.01156807	1.00068307	1.00758564	1.05482864	1.00228906
0.09830380	1.00504577	1.00197017	1.00674522	1.01325834	1.00242913	1.00500274	1.05497539	1.00271130
0.10485740	1.00337338	1.00119400	1.00663376	1.01450920	1.00024354	1.00790739	1.05636704	1.00216317
0.11796460	1.00208724	1.00043893	1.00969136	1.01311839	1.00053144	1.00606203	1.04676294	1.00186861
0.13107181	1.00351787	1.00194383	1.00773799	1.00982738	1.00162363	1.00417399	1.05021608	1.00228822
0.14417900	1.00280273	1.00277436	1.00724292	1.01114273	1.00008047	1.00558507	1.04204464	1.00207543
0.15728620	1.00294638	0.99936181	1.00846970	1.01297843	1.00203609	1.00474584	1.04437351	1.00104606
0.17039341	1.00332069	1.00185525	1.00636709	1.01122558	1.00112915	1.00542390	1.04530239	1.00136900
0.18350060	1.00330353	0.99936181	1.00706077	1.01030934	1.00009525	1.00431490	1.04132521	1.00158143
0.19660780	1.00135732	1.00146091	1.00663745	1.01053178	1.00042009	1.00483513	1.04027176	1.00158644
0.20971501	1.00121844	1.00228131	1.01024520	1.01080596	1.00136673	1.00307143	1.03796220	1.00100803
0.23592941	1.00352585	1.00101006	1.00538421	1.00824487	0.99911785	1.00611913	1.03328323	1.00070810
0.26214382	1.00258327	1.00048125	1.00738442	1.00906777	0.99897557	1.00403047	1.03028619	1.00068259
0.28835821	1.00206721	1.00077033	1.00669205	1.00804186	0.99945253	1.00341773	1.02564490	1.00015080
0.31457260	1.00160384	1.00020444	1.00571418	1.00727737	0.99829066	1.00261712	1.02148592	1.00032270
0.34078699	1.00283444	1.00082624	1.00617528	1.00766993	0.99790317	1.00403082	1.01995456	1.00066471
0.36700141	1.00219321	1.00105143	1.00401688	1.00592184	0.99945933	1.00238323	1.01938844	1.00029194
0.39321581	1.00158441	1.00181401	1.00463259	1.00524259	1.00004435	1.00254619	1.01551914	1.00102401
0.41943020	1.00248945	1.00241661	1.00415516	1.00571072	0.99959183	1.00291634	1.01300979	1.00041795
0.47185901	1.00106907	1.00086153	1.00362062	1.00340772	0.99881607	1.00227261	1.01161182	1.00047290
0.52428782	1.00025022	1.00073624	1.00368392	1.00228190	0.99951661	1.00203848	1.00798380	1.00039196
0.57671660	1.00159645	0.99985152	1.00308466	1.00074387	1.00027668	1.00177991	1.00389481	1.00058913
0.62914538	1.00042212	1.00031745	1.00278568	1.00086951	1.00043178	1.00188899	1.00337207	1.00035810
0.68157423	0.99954057	0.99980593	1.00269735	1.00004995	0.99964350	1.00147045	1.00125778	1.00044167
0.73400301	0.99984300	0.99985051	1.00324261	0.99984527	0.99940395	1.00252223	1.00154781	1.00079978
0.78643179	1.00014210	0.99950457	1.00090933	0.99979228	1.00068128	1.00225651	1.00301015	1.00065517
0.83886063	1.00029647	0.99923563	1.00056541	0.99985886	1.00052595	1.00222325	0.99779803	1.00048447
0.94371825	1.00017881	0.99996650	1.00241148	0.99934822	0.99869436	1.00202703	0.99966508	1.00059056
1.04857588	1.00064301	1.00007546	1.00125301	0.99862742	0.99914753	1.00121880	1.00251102	1.00093472
1.15343344	0.99981874	1.00008047	1.00072074	0.99876809	0.99922609	1.00112629	1.00539219	1.00069177
1.25829101	0.99899518	0.99937433	1.00134087	0.99867302	1.00007415	1.00239074	1.00485194	1.00068641
1.36314869	1.00072575	0.99952114	1.00039208	0.99873757	1.00012910	1.00155628	1.00446904	1.00082982
1.46800625	1.00004029	1.00034320	1.00022840	0.99790347	1.00010705	1.00178063	1.00208330	1.00096369
1.57286382	0.99875224	1.00013113	1.00060868	0.99732798	1.00025582	1.00190365	1.00035453	1.00086939
1.67772150	0.99916333	0.99928814	1.00099814	0.99613088	0.99984604	1.00179517	1.00131941	1.00069106
1.88743675	1.00018036	0.99996626	1.00087965	0.99717367	1.00091088	1.00173569	0.99541509	1.00044191
2.09715199	0.99961418	1.00001931	1.00191116	0.99723387	1.00052369	1.00155985	0.99957901	1.00046420
2.30686712	0.99932355	1.00071251	1.00228298	0.99675554	1.00017214	1.00021815	0.99655771	1.00045514
2.51658225	0.99891353	1.00089931	1.00103438	0.99917877	0.99976104	1.00068939	0.99780416	0.99995762
2.72629738	0.99896675	1.00018036	1.00100112	1.00023580	0.99916303	1.00006950	1.00195408	1.00051272
2.93601274	0.99954909	1.00019336	0.99839300	0.99903941	0.99916440	1.00101745	1.00194395	1.00100422
3.14572787	1.00057602	0.99995428	0.99909645	0.99827874	1.00016141	1.00014865	1.01057601	1.00081694
3.35544300	0.99992275	1.00013030	0.99849045	1.00032938	1.00021589	0.99790692	1.00160384	1.00052261
3.77487350	0.99924690	0.99963993	0.99834853	1.00073111	1.00002611	1.00007343	1.00136685	0.99989825
4.19430399	0.99933499	0.99949884	0.99843037	1.00075161	1.00066662	0.99998403	0.99903852	1.00059938
4.61373425	0.99959540	1.00044692	0.99933225	1.00011492	0.99763012	1.00042558	1.00236452	1.00084245
5.03316450	1.00000000	1.00000000	1.00000000	1.00000000	1.00000000	1.00000000	1.00000000	1.00000000
5.45259476	0.00000000	0.00000000	0.00000000	0.00000000	0.00000000	0.00000000	0.00000000	0.00000000
5.87202549	0.00000000	0.00000000	0.00000000	0.00000000	0.00000000	0.00000000	0.00000000	0.00000000
6.29145575	0.00000000	0.00000000	0.00000000	0.00000000	0.00000000	0.00000000	0.00000000	0.00000000
6.71088600	0.00000000	0.00000000	0.00000000	0.00000000	0.00000000	0.00000000	0.00000000	0.00000000
7.54974699	0.00000000	0.00000000	0.00000000	0.00000000	0.00000000	0.00000000	0.00000000	0.00000000
8.38860798	0.00000000	0.00000000	0.00000000	0.00000000	0.00000000	0.00000000	0.00000000	0.00000000
9.22746849	0.00000000	0.00000000	0.00000000	0.00000000	0.00000000	0.00000000	0.00000000	0.00000000
10.06632900	0.00000000	0.00000000	0.00000000	0.00000000	0.00000000	0.00000000	0.00000000	0.00000000
10.90518951	0.00000000	0.00000000	0.00000000	0.00000000	0.00000000	0.00000000	0.00000000	0.00000000
11.74405098	0.00000000	0.00000000	0.00000000	0.00000000	0.00000000	0.00000000	0.00000000	0.00000000
12.58291149	0.00000000	0.00000000	0.00000000	0.00000000	0.00000000	0.00000000	0.00000000	0.00000000
13.42177200	0.00000000	0.00000000	0.00000000	0.00000000	0.00000000	0.00000000	0.00000000	0.00000000
15.09949398	0.00000000	0.00000000	0.00000000	0.00000000	0.00000000	0.00000000	0.00000000	0.00000000
16.77721596	0.00000000	0.00000000	0.00000000	0.00000000	0.00000000	0.00000000	0.00000000	0.00000000
18.45493698	0.00000000	0.00000000	0.00000000	0.00000000	0.00000000	0.00000000	0.00000000	0.00000000
20.13265800	0.00000000	0.00000000	0.00000000	0.00000000	0.00000000	0.00000000	0.00000000	0.00000000
21.81037903	0.00000000	0.00000000	0.00000000	0.00000000	0.00000000	0.00000000	0.00000000	0.00000000
23.48810196	0.00000000	0.00000000	0.00000000	0.00000000	0.00000000	0.00000000	0.00000000	0.00000000
25.16582298	0.00000000	0.00000000	0.00000000	0.00000000	0.00000000	0.00000000	0.00000000	0.00000000
26.84354401	0.00000000	0.00000000	0.00000000	0.00000000	0.00000000	0.00000000	0.00000000	0.00000000
30.19898796	0.00000000	0.00000000	0.00000000	0.00000000	0.00000000	0.00000000	0.00000000	0.00000000
33.55443192	0.00000000	0.00000000	0.00000000	0.00000000	0.00000000	0.00000000	0.00000000	0.00000000
36.90987396	0.00000000	0.00000000	0.00000000	0.00000000	0.00000000	0.00000000	0.00000000	0.00000000
40.26531601	0.00000000	0.00000000	0.00000000	0.00000000	0.00000000	0.00000000	0.00000000	0.00000000
43.62075806	0.00000000	0.00000000	0.00000000	0.00000000	0.00000000	0.00000000	0.00000000	0.00000000
46.97620392	0.00000000	0.00000000	0.00000000	0.00000000	0.00000000	0.00000000	0.00000000	0.00000000
50.33164597	0.00000000	0.00000000	0.00000000	0.00000000	0.00000000	0.00000000	0.00000000	0.00000000
53.68708801	0.00000000	0.00000000	0.00000000	0.00000000	0.00000000	0.00000000	0.00000000	0.00000000
60.39797592	0.00000000	0.00000000	0.00000000	0.00000000	0.00000000	0.00000000	0.00000000	0.00000000
67.10886383	0.00000000	0.00000000	0.00000000	0.00000000	0.00000000	0.00000000	0.00000000	0.00000000
73.81974792	0.00000000	0.00000000	0.00000000	0.00000000	0.00000000	0.00000000	0.00000000	0.00000000
80.53063202	0.00000000	0.00000000	0.00000000	0.00000000	0.00000000	0.00000000	0.00000000	0.00000000
87.24151611	0.00000000	0.00000000	0.00000000	0.00000000	0.00000000	0.00000000	0.00000000	0.00000000
93.95240784	0.00000000	0.00000000	0.00000000	0.00000000	0.00000000	0.00000000	0.00000000	0.00000000
100.66329193	0.00000000	0.00000000	0.00000000	0.00000000	0.00000000	0.00000000	0.00000000	0.00000000
107.37417603	0.00000000	0.00000000	0.00000000	0.00000000	0.00000000	0.00000000	0.00000000	0.00000000
120.79595184	0.00000000	0.00000000	0.00000000	0.00000000	0.00000000	0.00000000	0.00000000	0.00000000
134.21772766	0.00000000	0.00000000	0.00000000	0.00000000	0.00000000	0.00000000	0.00000000	0.00000000
147.63949585	0.00000000	0.00000000	0.00000000	0.00000000	0.00000000	0.00000000	0.00000000	0.00000000
161.06126404	0.00000000	0.00000000	0.00000000	0.00000000	0.00000000	0.00000000	0.00000000	0.00000000
174.48303223	0.00000000	0.00000000	0.00000000	0.00000000	0.00000000	0.00000000	0.00000000	0.00000000
187.90481567	0.00000000	0.00000000	0.00000000	0.00000000	0.00000000	0.00000000	0.00000000	0.00000000
201.32658386	0.00000000	0.00000000	0.00000000	0.00000000	0.00000000	0.00000000	0.00000000	0.00000000
214.74835205	0.00000000	0.00000000	0.00000000	0.00000000	0.00000000	0.00000000	0.00000000	0.00000000
241.59190369	0.00000000	0.00000000	0.00000000	0.00000000	0.00000000	0.00000000	0.00000000	0.00000000
268.43545532	0.00000000	0.00000000	0.00000000	0.00000000	0.00000000	0.00000000	0.00000000	0.00000000
295.27899170	0.00000000	0.00000000	0.00000000	0.00000000	0.00000000	0.00000000	0.00000000	0.00000000
322.12252808	0.00000000	0.00000000	0.00000000	0.00000000	0.00000000	0.00000000	0.00000000	0.00000000
348.96606445	0.00000000	0.00000000	0.00000000	0.00000000	0.00000000	0.00000000	0.00000000	0.00000000
375.80963135	0.00000000	0.00000000	0.00000000	0.00000000	0.00000000	0.00000000	0.00000000	0.00000000
402.65316772	0.00000000	0.00000000	0.00000000	0.00000000	0.00000000	0.00000000	0.00000000	0.00000000
429.49670410	0.00000000	0.00000000	0.00000000	0.00000000	0.00000000	0.00000000	0.00000000	0.00000000
483.18380737	0.00000000	0.00000000	0.00000000	0.00000000	0.00000000	0.00000000	0.00000000	0.00000000
536.87091064	0.00000000	0.00000000	0.00000000	0.00000000	0.00000000	0.00000000	0.00000000	0.00000000
590.55798340	0.00000000	0.00000000	0.00000000	0.00000000	0.00000000	0.00000000	0.00000000	0.00000000
644.24505615	0.00000000	0.00000000	0.00000000	0.00000000	0.00000000	0.00000000	0.00000000	0.00000000
697.93212891	0.00000000	0.00000000	0.00000000	0.00000000	0.00000000	0.00000000	0.00000000	0.00000000
751.61926270	0.00000000	0.00000000	0.00000000	0.00000000	0.00000000	0.00000000	0.00000000	0.00000000
805.30633545	0.00000000	0.00000000	0.00000000	0.00000000	0.00000000	0.00000000	0.00000000	0.00000000
858.99340820	0.00000000	0.00000000	0.00000000	0.00000000	0.00000000	0.00000000	0.00000000	0.00000000
966.36761475	0.00000000	0.00000000	0.00000000	0.00000000	0.00000000	0.00000000	0.00000000	0.00000000
1073.74182129	0.00000000	0.00000000	0.00000000	0.00000000	0.00000000	0.00000000	0.00000000	0.00000000
1181.11596680	0.00000000	0.00000000	0.00000000	0.00000000	0.00000000	0.00000000	0.00000000	0.00000000
1288.49011230	0.00000000	0.00000000	0.00000000	0.00000000	0.00000000	0.00000000	0.00000000	0.00000000
1395.86425781	0.00000000	0.00000000	0.00000000	0.00000000	0.00000000	0.00000000	0.00000000	0.00000000
1503.23852539	0.00000000	0.00000000	0.00000000	0.00000000	0.00000000	0.00000000	0.00000000	0.00000000
1610.61267090	0.00000000	0.00000000	0.00000000	0.00000000	0.00000000	0.00000000	0.00000000	0.00000000
1717.98681641	0.00000000	0.00000000	0.00000000	0.00000000	0.00000000	0.00000000	0.00000000	0.00000000
1932.73522949	0.00000000	0.00000000	0.00000000	0.00000000	0.00000000	0.00000000	0.00000000	0.00000000
2147.48364258	0.00000000	0.00000000	0.00000000	0.00000000	0.00000000	0.00000000	0.00000000	0.00000000
2362.23193359	0.00000000	0.00000000	0.00000000	0.00000000	0.00000000	0.00000000	0.00000000	0.00000000
2576.98022461	0.00000000	0.00000000	0.00000000	0.00000000	0.00000000	0.00000000	0.00000000	0.00000000
2791.72851562	0.00000000	0.00000000	0.00000000	0.00000000	0.00000000	0.00000000	0.00000000	0.00000000
3006.47705078	0.00000000	0.00000000	0.00000000	0.00000000	0.00000000	0.00000000	0.00000000	0.00000000
3221.22534180	0.00000000	0.00000000	0.00000000	0.00000000	0.00000000	0.00000000	0.00000000	0.00000000
3435.97363281	0.00000000	0.00000000	0.00000000	0.00000000	0.00000000	0.00000000	0.00000000	0.00000000
0	0	0	0	0	0	0	0	0
