%12/15/2014 8:03:08 AM
%Duration	ID1		ID2		ID3		ID4		ID5		ID6		ID7		ID8
3000.000000	2.613068	3.709793	3.862381	5.998611	3.480911	21.438599	32.873154	30.889511
%Tau		Tau1		Tau2		Tau3		Tau4		Tau5		Tau6		Tau7		Tau8
%		0.000001	0.000001	0.000001	0.000002	0.000003	0.000025	0.000029	0.000032
%Delaytime	D1		D2		D3		D4		D5		D6		D7		D8
0.00000000	8.41244602	19.29361343	15.46753311	11.19038868	14.09640312	2.11359692	2.49687076	3.35818052
0.00000020	5.14093971	2.79617572	4.14982605	2.57556581	1.34251451	1.65268803	1.56706154	1.55046439
0.00000040	2.80414891	1.67770553	2.82942677	2.30912781	2.23752427	1.61318147	1.48306012	1.58522809
0.00000060	1.86943257	1.39808786	2.07491302	1.33218920	1.34251451	1.44198668	1.43961108	1.43574393
0.00000080	1.86943257	0.83885276	1.13177073	1.86506486	0.67125726	1.46832442	1.47726691	1.42531478
0.00000100	1.86943257	1.11847031	1.69765615	1.42100179	0.67125726	1.52099967	1.52940571	1.49831867
0.00000120	0.46735814	0.83885276	1.13177073	1.33218920	1.56626701	1.48149323	1.48306012	1.42531478
0.00000140	0.00000000	0.83885276	2.07491302	1.15456390	0.89500970	1.46832442	1.55547512	1.53308249
0.00000160	1.40207446	1.39808786	1.32039917	1.86506486	1.34251451	1.48149323	1.31216061	1.54351163
0.00000180	3.27150702	1.39808786	1.50902760	1.06575131	0.89500970	1.46173990	1.43381786	1.39055097
0.00000200	1.40207446	0.83885276	1.50902760	0.97693872	1.56626701	1.40248024	1.42512810	1.51570058
0.00000220	1.86943257	2.23694062	1.88628459	1.68743956	1.11876214	1.34980488	1.41064501	1.40793288
0.00000240	0.93471628	0.55923516	1.50902760	1.95387745	0.89500970	1.47490883	1.45119750	1.43922031
0.00000260	0.93471628	1.39808786	1.13177073	0.71050090	1.79001939	1.37614262	1.53519893	1.43574393
0.00000280	0.93471628	1.11847031	1.32039917	0.97693872	1.79001939	1.38931143	1.50043964	1.60956275
0.00000300	0.93471628	1.95732307	1.50902760	1.42100179	2.01377177	1.49466205	1.45988727	1.33145261
0.00000340	1.16839540	0.97866154	1.22608495	1.46540809	1.23063838	1.52758408	1.45554233	1.35404897
0.00000380	1.63575351	2.51655817	1.50902760	1.28778291	1.90189564	1.47161663	1.36719596	1.48615134
0.00000420	0.23367907	1.11847031	1.22608495	1.50981438	1.45439076	1.47820103	1.45264578	1.38533640
0.00000460	2.10311151	0.83885276	0.94314229	1.37659550	1.11876214	1.37614262	1.42078316	1.41488564
0.00000500	1.86943257	1.25827909	1.13177073	0.93253243	2.34940052	1.41564906	1.40485179	1.43226755
0.00000540	1.86943257	1.39808786	1.88628459	0.97693872	1.79001939	1.41894126	1.48306012	1.36621630
0.00000580	1.16839540	1.39808786	1.50902760	1.37659550	1.11876214	1.42223346	1.38023067	1.39055097
0.00000620	0.93471628	1.11847031	1.69765615	1.46540809	1.23063838	1.47161663	1.44540429	1.45660210
0.00000700	1.05155575	1.39808786	1.17892790	1.55422068	1.45439076	1.36297369	1.45336998	1.41140926
0.00000780	0.70103723	1.18837476	1.55618477	1.17676711	1.17470026	1.34815884	1.39109302	1.40967107
0.00000860	0.93471628	0.97866154	1.17892790	1.28778291	0.78313351	1.45350945	1.42874885	1.40532553
0.00000940	0.93471628	1.46799231	1.27324212	1.13236082	1.51032889	1.36626589	1.40992093	1.30451059
0.00001020	1.51891398	1.11847031	0.75451380	1.26557970	1.11876214	1.37285042	1.34981644	1.39142013
0.00001100	1.63575351	1.11847031	1.36755633	1.24337661	1.39845264	1.34157443	1.33388507	1.33927441
0.00001180	1.28523493	1.25827909	1.13177073	1.26557970	1.51032889	1.35145104	1.36429942	1.37316906
0.00001260	0.70103723	0.90875715	1.13177073	1.11015761	1.28657651	1.32675946	1.39543784	1.34101260
0.00001420	1.86943257	1.57284892	1.08461368	1.35439229	1.34251451	1.40906465	1.33714378	1.34753084
0.00001580	1.28523493	0.76894832	1.24966347	1.11015761	1.28657651	1.31852889	1.30455697	1.29451609
0.00001740	1.63575351	1.01361370	0.96672082	1.25447810	1.14673114	1.26009226	1.27414274	1.32884526
0.00001900	0.87629652	1.25827909	1.34397781	1.24337661	1.23063838	1.30947542	1.28210831	1.33232164
0.00002060	1.05155575	1.01361370	1.06103504	1.26557970	1.39845264	1.27243805	1.25712514	1.30233788
0.00002220	1.10997558	1.50294447	1.06103504	1.32108760	1.25860739	1.21976268	1.25603890	1.28495598
0.00002380	1.22681510	1.22332692	1.13177073	1.22117341	1.48235989	1.25103867	1.23648691	1.26713955
0.00002540	1.16839540	1.11847031	1.32039917	1.07685292	1.45439076	1.21811664	1.22924531	1.24975765
0.00002860	1.39678252	1.26592708	1.01961052	1.32809556	1.23920798	1.25213313	1.19300354	1.22412014
0.00003180	1.10578620	1.01977456	1.26572347	1.13994861	1.14174211	1.20574272	1.17816782	1.23194623
0.00003500	1.01848733	1.17801547	0.98445159	1.06801009	1.04427636	1.15237308	1.17545402	1.20649850
0.00003820	1.22218478	1.19559777	0.96101224	1.11228001	1.21136057	1.14416242	1.14469719	1.16323841
0.00004140	1.36768293	0.86153370	0.99617124	1.12888122	1.15566587	1.16754544	1.14560175	1.15258646
0.00004460	1.28038406	1.23076248	1.07820892	1.04581773	1.11389482	1.16179800	1.12642395	1.14063025
0.00004780	0.87287921	1.12526846	0.93757296	1.17308664	0.90503949	1.13880837	1.13239443	1.15235662
0.00005100	1.16383886	1.38900328	1.00789094	1.09561861	1.18351316	1.15358746	1.09295332	1.15648687
0.00005740	1.06240427	1.12317860	1.06836677	1.12347090	0.91391098	1.09634149	1.11024249	1.11579823
0.00006380	1.13517177	1.09685409	1.05075634	0.94360483	1.08134508	1.08832848	1.07369566	1.09363008
0.00007020	1.20793915	0.98278129	1.03314590	1.02938712	1.08832145	1.05237281	1.06752312	1.09960675
0.00007660	0.88776249	0.92135745	1.19751000	1.12347090	0.92786384	1.06120765	1.04246557	1.07559133
0.00008300	1.04785085	0.93013233	1.04488611	0.97681087	1.04646289	1.05812573	1.04608393	1.07972062
0.00008940	1.00419033	0.98278129	1.06249666	0.96297503	0.98367518	1.07187557	1.05304945	1.04831576
0.00009580	0.88776249	0.96523166	0.95683396	1.01278412	1.05343938	1.03533494	1.03568101	1.04016566
0.00010220	1.06240427	0.84238398	1.15641892	0.96297503	1.01158082	1.07745516	1.02672541	1.05592251
0.00011500	1.05208671	1.09321499	1.09653592	1.05187309	0.90559161	1.02732670	1.03081679	1.03744328
0.00012780	1.06669903	1.00101614	0.95542669	1.00198197	1.01008296	1.03349137	1.01892734	1.02696133
0.00014060	0.97171897	1.04052997	0.95248693	0.97287869	1.06232870	1.02054572	1.00744462	1.02200794
0.00015340	0.86943275	1.07126284	1.12005413	0.98257977	0.93693900	1.01292753	1.01613462	1.01473033
0.00016620	0.85482043	0.98345441	1.09359610	0.99921018	0.97176945	1.01549613	1.01932943	1.00845230
0.00017900	0.97902513	0.96150231	1.06419837	0.96040589	1.03098118	1.01518786	1.01029766	1.00765955
0.00019180	1.08131135	1.08443415	1.00238287	1.01306891	0.95087123	0.98137128	1.01866138	1.00059891
0.00020460	1.00824976	1.04931080	1.02883875	0.92293680	0.97176945	1.03284395	1.00732386	1.00402069
0.00023020	1.01818073	0.95305109	0.99850100	1.00910556	0.95800424	1.00201142	1.00909495	0.99586290
0.00025580	0.93424475	0.91580540	0.95579225	1.07984698	1.04683733	1.00524843	0.99702293	0.99612367
0.00028140	1.02547956	1.02754235	0.95145035	0.99037987	0.95452058	1.00706172	0.99854720	0.99278349
0.00030700	1.08022046	0.97057843	0.97796136	1.01396036	1.00503361	1.00767827	1.00351703	0.98575020
0.00033260	0.99993384	0.98153305	1.01625502	1.01881516	0.97368068	0.99596351	0.99493784	0.99628657
0.00035820	1.13131201	1.02316058	1.07369554	1.06666970	1.12870324	1.00581360	0.99458605	1.00283110
0.00038380	0.96708930	1.05821526	1.03687465	0.97581547	0.95974606	1.00905049	1.00266540	0.99422276
0.00040940	1.01818073	0.99467856	1.02951050	1.05210519	0.96497154	0.99997121	0.99681109	0.99994171
0.00046060	0.94578934	0.99847484	0.99531627	0.96676594	1.04417253	1.00394201	1.00268614	1.00341737
0.00051180	1.09003127	0.90432042	1.03359771	1.03832674	0.92642617	1.00698364	1.00559318	0.99191487
0.00056300	0.97865456	0.96563029	0.99458009	0.97916389	1.00486302	0.99593878	1.00010347	1.00245070
0.00061420	1.00604224	0.97657847	0.99310774	1.01737177	1.03275168	1.00468254	1.00137305	0.99355769
0.00066540	0.92022741	0.99857241	0.96226525	0.99861521	1.02839410	1.01255286	1.00400519	0.99143970
0.00071660	0.92753083	1.05112886	0.98942685	0.97603780	1.03284168	1.00204766	0.99622327	0.99321824
0.00076780	1.06081772	1.04455924	0.96881378	1.00590944	0.95788443	1.00820148	0.99883139	0.99427730
0.00081900	0.97135121	0.97886372	1.00194192	1.00069928	1.01018023	0.99433547	0.99692369	1.00548100
0.00092140	1.07750058	1.03136289	0.99469012	0.95924443	0.99972081	1.00008762	1.00472903	0.99673843
0.00102380	0.98922557	1.02698576	0.98180073	1.02061021	0.99448663	1.00166905	1.00070977	1.00229275
0.00112620	1.00378644	1.02096725	0.97885460	0.99733561	0.98401839	1.00304043	1.00164711	1.00569046
0.00122860	0.97466475	1.01405251	0.99882108	0.98465616	0.98445457	1.00457478	1.00216961	0.99343997
0.00133100	0.99845189	0.98997349	0.97540641	1.01852596	1.02807236	1.00163472	1.00418556	1.00263345
0.00143340	1.02666700	1.02927494	0.97061783	1.01510799	0.98017824	0.99682200	1.00408924	1.00294173
0.00153580	1.03212798	1.00136793	0.99161410	0.98644733	0.98768008	1.00052059	0.99748808	1.00117207
0.00163820	1.00391293	0.98276329	0.99824452	0.99356908	0.97563517	1.00579166	0.99688250	1.00014424
0.00184300	0.97681689	0.97386545	0.98803556	0.99926060	0.99418187	0.99950558	0.99649298	0.99892497
0.00204780	0.98897642	1.00056612	0.99829280	1.00725257	0.99592644	1.00220668	0.99980265	1.00242937
0.00225260	0.99989426	0.97305739	1.00371265	1.01428902	0.98807591	1.00180399	0.99951172	0.99890184
0.00245740	1.01548922	0.98572683	1.01273525	1.02876604	0.98851204	0.99551719	1.00676632	1.00481141
0.00266220	0.96168172	0.98600018	1.00874269	1.00226939	1.00761437	0.99770623	0.99682474	1.00335312
0.00286700	0.96280390	1.01671553	1.00055861	1.00840604	0.98602724	0.99953991	0.99891013	0.99901527
0.00307180	1.00782871	0.98783326	1.00663602	1.00913239	0.98929805	1.00321567	0.99807996	1.00131011
0.00327660	1.02861977	1.00314426	0.99798036	1.00774240	1.00020063	1.00015032	0.99800795	1.00150776
0.00368620	1.00196445	1.00318301	1.00454164	0.99209136	0.99791002	1.00272417	1.00285685	0.99670106
0.00409580	0.99422026	0.99867213	1.00408161	0.99166834	1.00521791	0.99768507	1.00120974	0.99633181
0.00450540	0.99399245	1.00263619	0.99606472	1.00453198	1.02474201	1.00244260	0.99794948	1.00135314
0.00491500	0.97802979	0.98453724	1.00137806	1.01025128	0.98809344	0.99692458	1.00103307	1.00089550
0.00532460	0.97985148	1.00411904	1.00597954	1.00322127	0.99834633	1.00372279	0.99885076	1.00025642
0.00573420	0.99521059	1.01259148	1.01114416	1.00082111	1.00096405	0.99757051	1.00254011	0.99725491
0.00614380	1.01501918	1.00511408	1.01298463	1.00219893	0.99980801	0.99842107	0.99963033	0.99984694
0.00655340	0.99794281	1.00501597	0.99421203	0.99831128	0.98881632	0.99915171	0.99963045	0.99902165
0.00737260	1.00306451	0.98948073	0.99914342	1.00366127	1.00700843	0.99692118	1.00297070	0.99987072
0.00819180	0.99920154	0.98934412	0.99821055	1.00200701	0.99567193	1.00010812	0.99992657	0.99982089
0.00901100	1.00931966	0.99234957	0.99651933	1.00127029	0.99408966	0.99903762	1.00058186	1.00160599
0.00983020	0.98424906	1.01173365	1.00125062	0.99856567	1.00389910	0.99945295	0.99946922	0.99897295
0.01064940	0.99154234	0.99619323	0.99791497	0.99759984	0.98976135	0.99893403	0.99954122	0.99896073
0.01146860	1.01829338	0.99834049	0.99840909	1.00400686	1.00542653	1.00257933	0.99614358	0.99943388
0.01228780	0.97955775	1.00022447	1.00714195	0.99664313	0.99167967	0.99856275	1.00099528	0.99896169
0.01310700	1.00946033	0.99830133	0.99633807	1.00074744	1.00646293	1.00023937	1.00098920	0.99771029
0.01474540	0.99784553	1.00531912	0.99454856	1.00068784	0.99103475	1.00119126	1.00176156	1.00006628
0.01638380	1.00317860	0.99640340	0.99900424	1.00019896	1.00134122	0.99962944	1.00015414	1.00142980
0.01802220	0.99218029	0.99889702	1.00206625	1.00024319	1.00455701	1.00054634	0.99981964	0.99888897
0.01966060	0.99915653	0.99968761	1.00098491	0.99769944	1.00426114	1.00206769	1.00039661	1.00031912
0.02129900	1.00188017	0.99873120	0.99375707	0.99337596	1.00181603	0.99957919	1.00058699	1.00045991
0.02293740	0.98706204	1.00568628	1.00571513	0.99665564	0.99963850	0.99919194	1.00155175	1.00111234
0.02457580	0.99148542	1.00220132	1.00226319	1.00150836	1.00437021	1.00168514	0.99927878	0.99965876
0.02621420	0.99003649	1.01405346	1.00116980	0.99910581	1.00010228	0.99909800	1.00011945	0.99939573
0.02949100	1.00298476	0.99989003	1.00208998	1.00084913	1.00762510	1.00045633	1.00068653	1.00110531
0.03276780	1.00080156	0.99813652	0.99256313	1.00387204	1.00291681	0.99992180	1.00149679	1.00039268
0.03604460	1.00605106	0.99960715	0.99639690	1.00504160	0.99912471	1.00050282	1.00104034	1.00083339
0.03932140	0.99824011	1.00103223	0.99880069	1.00322950	0.99336046	1.00128973	1.00026214	1.00065041
0.04259820	1.00003290	0.99390274	0.99588698	1.00064635	1.00261343	0.99979663	0.99914461	0.99976969
0.04587500	1.00580049	0.99953884	0.99286026	0.99862397	1.00065887	0.99975920	1.00128472	0.99986804
0.04915180	1.00405335	1.00665104	0.99388450	0.99893463	1.00369966	0.99965185	0.99986756	1.00046194
0.05242860	0.99109399	0.99659145	1.00675118	1.00003195	0.99783474	1.00038946	0.99942410	0.99917322
0.05898220	1.00126398	1.00615573	1.00312555	0.99872035	0.99946398	0.99946088	1.00046074	1.00063598
0.06553581	1.00771427	1.00124407	0.99885875	0.99851620	0.99571341	1.00021470	0.99967998	0.99989122
0.07208940	0.99990678	1.00268161	1.00229084	0.99933290	0.99769759	0.99981213	0.99998051	1.00098825
0.07864300	0.99877453	0.99505889	0.99822491	1.00154579	1.00098896	0.99994820	1.00028598	0.99942225
0.08519660	1.00461590	0.99865156	0.99852926	1.00086045	0.99861932	0.99988753	0.99911529	1.00003350
0.09175020	0.99731249	1.00171947	0.99483144	1.00353360	1.00020230	0.99995375	1.00037551	1.00011706
0.09830380	0.99693251	1.00074649	1.00012779	0.99671531	0.99995297	1.00079000	0.99962652	0.99945670
0.10485740	1.00197887	0.99708289	1.00083017	1.00040615	0.99635804	0.99962223	1.00038373	1.00008297
0.11796460	1.00111425	1.00232160	0.99754250	0.99948174	0.99771321	1.00111949	1.00002062	1.00073695
0.13107181	1.00658238	0.99767822	0.99903721	1.00209713	0.99860817	1.00020576	1.00062597	0.99912953
0.14417900	0.99796671	1.00274909	0.99852109	1.00192177	0.99894023	0.99995053	1.00055051	0.99977416
0.15728620	1.00364029	0.99634635	0.99873513	0.99946302	1.00334871	1.00001073	0.99982655	1.00025940
0.17039341	0.99450564	0.99970812	1.00338173	1.00079429	1.00124657	0.99954027	0.99964702	0.99998367
0.18350060	0.99840480	1.00266743	1.00113702	0.99999470	1.00075233	1.00025141	0.99984396	0.99992949
0.19660780	1.00210559	0.99985141	1.00071609	1.00123680	1.00163436	0.99937767	1.00013363	0.99975002
0.20971501	0.99954307	0.99904650	1.00074410	0.99942172	0.99871796	1.00033474	0.99975365	1.00001132
0.23592941	0.99784398	1.00040424	0.99885011	1.00002229	0.99876261	1.00032103	1.00002217	0.99995148
0.26214382	0.99899596	1.00009227	1.00049901	1.00084662	1.00020063	0.99998188	1.00064313	0.99994522
0.28835821	0.99900407	1.00256312	0.99837869	0.99968773	1.00016212	1.00020111	1.00039124	0.99983799
0.31457260	0.99668604	1.00336301	0.99943113	1.00087309	0.99984509	1.00012732	1.00033927	1.00019431
0.34078699	1.00045633	1.00156081	0.99800849	1.00003099	1.00158322	1.00037313	1.00009501	0.99985605
0.36700141	1.00039232	0.99869710	1.00178277	1.00140119	1.00199914	0.99984604	0.99979311	1.00012851
0.39321581	1.00142515	0.99631405	1.00377858	0.99923533	0.99792433	0.99972034	1.00002563	1.00033236
0.41943020	0.99994051	1.00054419	0.99981439	0.99946475	1.00080633	1.00027907	0.99972326	1.00030065
0.47185901	1.00000048	1.00111198	0.99988925	0.99959785	1.00028443	0.99976337	0.99952799	1.00008607
0.52428782	1.00255752	1.00006580	0.99947143	1.00051260	1.00133622	1.00031900	1.00011718	0.99973065
0.57671660	0.99899453	1.00058401	0.99993199	1.00041437	0.99751484	1.00013781	1.00023031	0.99992669
0.62914538	0.99959224	1.00131512	0.99971253	1.00018108	0.99953943	0.99991840	1.00027955	0.99998391
0.68157423	0.99840248	1.00101590	0.99982876	1.00058472	1.00221741	1.00037098	0.99979836	0.99993128
0.73400301	1.00034988	1.00057769	0.99997050	0.99995488	0.99913532	1.00024796	0.99991453	1.00013101
0.78643179	0.99899304	1.00016189	1.00234818	0.99966776	1.00002563	1.00030494	0.99998200	0.99997807
0.83886063	0.99943471	0.99911106	0.99877524	1.00037336	1.00186026	1.00011873	1.00007844	0.99976134
0.94371825	1.00159311	1.00063860	0.99944717	0.99893153	0.99926937	0.99986148	0.99991924	1.00015879
1.04857588	1.00116348	1.00107563	0.99915570	0.99942005	0.99951488	1.00004625	0.99969846	1.00010502
1.15343344	0.99922681	1.00080872	1.00172234	0.99962252	1.00052857	0.99978691	0.99977142	0.99998540
1.25829101	0.99949092	1.00040257	0.99948084	0.99934906	0.99902272	0.99979651	0.99995202	0.99999148
1.36314869	1.00139832	1.00025082	1.00094914	0.99941021	0.99937403	0.99981791	0.99963701	0.99991977
1.46800625	1.00118732	0.99986434	0.99966300	0.99959797	0.99969292	0.99991339	1.00024068	1.00001144
1.57286382	1.00083816	1.00042343	1.00087655	0.99899918	0.99924034	1.00023758	1.00013697	0.99992770
1.67772150	0.99880815	0.99947464	0.99882823	0.99911702	1.00104821	0.99978918	1.00002038	0.99997562
1.88743675	1.00163794	1.00037622	1.00019944	1.00005865	1.00040340	0.99978256	0.99990904	0.99995923
2.09715199	0.99937701	1.00084138	0.99946892	1.00076926	0.99979192	0.99961090	0.99997967	1.00019073
2.30686712	0.99901724	0.99977791	0.99988067	0.99997419	1.00000131	1.00005770	1.00023198	0.99995953
2.51658225	1.00023842	1.00050533	1.00041187	1.00066221	0.99993217	0.99988580	0.99999839	1.00019920
2.72629738	1.00134170	1.00004613	0.99991685	1.00080395	1.00067115	0.99984628	0.99999917	0.99994248
2.93601274	0.99976599	0.99997467	1.00021541	1.00061762	1.00048614	1.00019646	0.99996960	1.00007868
3.14572787	1.00056505	1.00145602	1.00021636	1.00008786	0.99973625	1.00011528	1.00032842	1.00015461
3.35544300	1.00024450	0.99852508	0.99938256	0.99998850	0.99950045	1.00013471	0.99960977	0.99994576
3.77487350	0.99853402	0.99969596	1.00033236	0.99892253	1.00015450	1.00011873	1.00013268	0.99994093
4.19430399	1.00136077	1.00039732	0.99994367	0.99985468	0.99956703	1.00005996	0.99989361	0.99999547
4.61373425	0.99891621	1.00021625	0.99953198	0.99967301	0.99959934	1.00000036	1.00005519	0.99998015
5.03316450	1.00000000	1.00000000	1.00000000	1.00000000	1.00000000	1.00000000	1.00000000	1.00000000
5.45259476	0.00000000	0.00000000	0.00000000	0.00000000	0.00000000	0.00000000	0.00000000	0.00000000
5.87202549	0.00000000	0.00000000	0.00000000	0.00000000	0.00000000	0.00000000	0.00000000	0.00000000
6.29145575	0.00000000	0.00000000	0.00000000	0.00000000	0.00000000	0.00000000	0.00000000	0.00000000
6.71088600	0.00000000	0.00000000	0.00000000	0.00000000	0.00000000	0.00000000	0.00000000	0.00000000
7.54974699	0.00000000	0.00000000	0.00000000	0.00000000	0.00000000	0.00000000	0.00000000	0.00000000
8.38860798	0.00000000	0.00000000	0.00000000	0.00000000	0.00000000	0.00000000	0.00000000	0.00000000
9.22746849	0.00000000	0.00000000	0.00000000	0.00000000	0.00000000	0.00000000	0.00000000	0.00000000
10.06632900	0.00000000	0.00000000	0.00000000	0.00000000	0.00000000	0.00000000	0.00000000	0.00000000
10.90518951	0.00000000	0.00000000	0.00000000	0.00000000	0.00000000	0.00000000	0.00000000	0.00000000
11.74405098	0.00000000	0.00000000	0.00000000	0.00000000	0.00000000	0.00000000	0.00000000	0.00000000
12.58291149	0.00000000	0.00000000	0.00000000	0.00000000	0.00000000	0.00000000	0.00000000	0.00000000
13.42177200	0.00000000	0.00000000	0.00000000	0.00000000	0.00000000	0.00000000	0.00000000	0.00000000
15.09949398	0.00000000	0.00000000	0.00000000	0.00000000	0.00000000	0.00000000	0.00000000	0.00000000
16.77721596	0.00000000	0.00000000	0.00000000	0.00000000	0.00000000	0.00000000	0.00000000	0.00000000
18.45493698	0.00000000	0.00000000	0.00000000	0.00000000	0.00000000	0.00000000	0.00000000	0.00000000
20.13265800	0.00000000	0.00000000	0.00000000	0.00000000	0.00000000	0.00000000	0.00000000	0.00000000
21.81037903	0.00000000	0.00000000	0.00000000	0.00000000	0.00000000	0.00000000	0.00000000	0.00000000
23.48810196	0.00000000	0.00000000	0.00000000	0.00000000	0.00000000	0.00000000	0.00000000	0.00000000
25.16582298	0.00000000	0.00000000	0.00000000	0.00000000	0.00000000	0.00000000	0.00000000	0.00000000
26.84354401	0.00000000	0.00000000	0.00000000	0.00000000	0.00000000	0.00000000	0.00000000	0.00000000
30.19898796	0.00000000	0.00000000	0.00000000	0.00000000	0.00000000	0.00000000	0.00000000	0.00000000
33.55443192	0.00000000	0.00000000	0.00000000	0.00000000	0.00000000	0.00000000	0.00000000	0.00000000
36.90987396	0.00000000	0.00000000	0.00000000	0.00000000	0.00000000	0.00000000	0.00000000	0.00000000
40.26531601	0.00000000	0.00000000	0.00000000	0.00000000	0.00000000	0.00000000	0.00000000	0.00000000
43.62075806	0.00000000	0.00000000	0.00000000	0.00000000	0.00000000	0.00000000	0.00000000	0.00000000
46.97620392	0.00000000	0.00000000	0.00000000	0.00000000	0.00000000	0.00000000	0.00000000	0.00000000
50.33164597	0.00000000	0.00000000	0.00000000	0.00000000	0.00000000	0.00000000	0.00000000	0.00000000
53.68708801	0.00000000	0.00000000	0.00000000	0.00000000	0.00000000	0.00000000	0.00000000	0.00000000
60.39797592	0.00000000	0.00000000	0.00000000	0.00000000	0.00000000	0.00000000	0.00000000	0.00000000
67.10886383	0.00000000	0.00000000	0.00000000	0.00000000	0.00000000	0.00000000	0.00000000	0.00000000
73.81974792	0.00000000	0.00000000	0.00000000	0.00000000	0.00000000	0.00000000	0.00000000	0.00000000
80.53063202	0.00000000	0.00000000	0.00000000	0.00000000	0.00000000	0.00000000	0.00000000	0.00000000
87.24151611	0.00000000	0.00000000	0.00000000	0.00000000	0.00000000	0.00000000	0.00000000	0.00000000
93.95240784	0.00000000	0.00000000	0.00000000	0.00000000	0.00000000	0.00000000	0.00000000	0.00000000
100.66329193	0.00000000	0.00000000	0.00000000	0.00000000	0.00000000	0.00000000	0.00000000	0.00000000
107.37417603	0.00000000	0.00000000	0.00000000	0.00000000	0.00000000	0.00000000	0.00000000	0.00000000
120.79595184	0.00000000	0.00000000	0.00000000	0.00000000	0.00000000	0.00000000	0.00000000	0.00000000
134.21772766	0.00000000	0.00000000	0.00000000	0.00000000	0.00000000	0.00000000	0.00000000	0.00000000
147.63949585	0.00000000	0.00000000	0.00000000	0.00000000	0.00000000	0.00000000	0.00000000	0.00000000
161.06126404	0.00000000	0.00000000	0.00000000	0.00000000	0.00000000	0.00000000	0.00000000	0.00000000
174.48303223	0.00000000	0.00000000	0.00000000	0.00000000	0.00000000	0.00000000	0.00000000	0.00000000
187.90481567	0.00000000	0.00000000	0.00000000	0.00000000	0.00000000	0.00000000	0.00000000	0.00000000
201.32658386	0.00000000	0.00000000	0.00000000	0.00000000	0.00000000	0.00000000	0.00000000	0.00000000
214.74835205	0.00000000	0.00000000	0.00000000	0.00000000	0.00000000	0.00000000	0.00000000	0.00000000
241.59190369	0.00000000	0.00000000	0.00000000	0.00000000	0.00000000	0.00000000	0.00000000	0.00000000
268.43545532	0.00000000	0.00000000	0.00000000	0.00000000	0.00000000	0.00000000	0.00000000	0.00000000
295.27899170	0.00000000	0.00000000	0.00000000	0.00000000	0.00000000	0.00000000	0.00000000	0.00000000
322.12252808	0.00000000	0.00000000	0.00000000	0.00000000	0.00000000	0.00000000	0.00000000	0.00000000
348.96606445	0.00000000	0.00000000	0.00000000	0.00000000	0.00000000	0.00000000	0.00000000	0.00000000
375.80963135	0.00000000	0.00000000	0.00000000	0.00000000	0.00000000	0.00000000	0.00000000	0.00000000
402.65316772	0.00000000	0.00000000	0.00000000	0.00000000	0.00000000	0.00000000	0.00000000	0.00000000
429.49670410	0.00000000	0.00000000	0.00000000	0.00000000	0.00000000	0.00000000	0.00000000	0.00000000
483.18380737	0.00000000	0.00000000	0.00000000	0.00000000	0.00000000	0.00000000	0.00000000	0.00000000
536.87091064	0.00000000	0.00000000	0.00000000	0.00000000	0.00000000	0.00000000	0.00000000	0.00000000
590.55798340	0.00000000	0.00000000	0.00000000	0.00000000	0.00000000	0.00000000	0.00000000	0.00000000
644.24505615	0.00000000	0.00000000	0.00000000	0.00000000	0.00000000	0.00000000	0.00000000	0.00000000
697.93212891	0.00000000	0.00000000	0.00000000	0.00000000	0.00000000	0.00000000	0.00000000	0.00000000
751.61926270	0.00000000	0.00000000	0.00000000	0.00000000	0.00000000	0.00000000	0.00000000	0.00000000
805.30633545	0.00000000	0.00000000	0.00000000	0.00000000	0.00000000	0.00000000	0.00000000	0.00000000
858.99340820	0.00000000	0.00000000	0.00000000	0.00000000	0.00000000	0.00000000	0.00000000	0.00000000
966.36761475	0.00000000	0.00000000	0.00000000	0.00000000	0.00000000	0.00000000	0.00000000	0.00000000
1073.74182129	0.00000000	0.00000000	0.00000000	0.00000000	0.00000000	0.00000000	0.00000000	0.00000000
1181.11596680	0.00000000	0.00000000	0.00000000	0.00000000	0.00000000	0.00000000	0.00000000	0.00000000
1288.49011230	0.00000000	0.00000000	0.00000000	0.00000000	0.00000000	0.00000000	0.00000000	0.00000000
1395.86425781	0.00000000	0.00000000	0.00000000	0.00000000	0.00000000	0.00000000	0.00000000	0.00000000
1503.23852539	0.00000000	0.00000000	0.00000000	0.00000000	0.00000000	0.00000000	0.00000000	0.00000000
1610.61267090	0.00000000	0.00000000	0.00000000	0.00000000	0.00000000	0.00000000	0.00000000	0.00000000
1717.98681641	0.00000000	0.00000000	0.00000000	0.00000000	0.00000000	0.00000000	0.00000000	0.00000000
1932.73522949	0.00000000	0.00000000	0.00000000	0.00000000	0.00000000	0.00000000	0.00000000	0.00000000
2147.48364258	0.00000000	0.00000000	0.00000000	0.00000000	0.00000000	0.00000000	0.00000000	0.00000000
2362.23193359	0.00000000	0.00000000	0.00000000	0.00000000	0.00000000	0.00000000	0.00000000	0.00000000
2576.98022461	0.00000000	0.00000000	0.00000000	0.00000000	0.00000000	0.00000000	0.00000000	0.00000000
2791.72851562	0.00000000	0.00000000	0.00000000	0.00000000	0.00000000	0.00000000	0.00000000	0.00000000
3006.47705078	0.00000000	0.00000000	0.00000000	0.00000000	0.00000000	0.00000000	0.00000000	0.00000000
3221.22534180	0.00000000	0.00000000	0.00000000	0.00000000	0.00000000	0.00000000	0.00000000	0.00000000
3435.97363281	0.00000000	0.00000000	0.00000000	0.00000000	0.00000000	0.00000000	0.00000000	0.00000000
0	0	0	0	0	0	0	0	0
