%12/15/2014 6:19:48 PM
%Duration	ID1		ID2		ID3		ID4		ID5		ID6		ID7		ID8
3000.000000	1.726151	2.651215	9.803772	4.901886	9.241104	23.345947	25.882721	23.241043
%Tau		Tau1		Tau2		Tau3		Tau4		Tau5		Tau6		Tau7		Tau8
%		0.000002	0.000001	0.000002	0.000002	0.000005	0.000019	0.000022	0.000019
%Delaytime	D1		D2		D3		D4		D5		D6		D7		D8
0.00000000	5.52034283	25.36885834	8.52093983	14.73014641	6.17306089	2.20054150	2.80075312	3.80417705
0.00000020	1.84011424	6.91877985	2.52027774	3.34213400	1.60847366	1.60542643	1.47319603	1.84338212
0.00000040	1.84011424	2.30625987	1.64018083	1.73295844	1.17375100	1.39782822	1.53481269	1.59094441
0.00000060	1.84011424	2.30625987	1.52016759	2.10430670	1.86930728	1.61926639	1.56282020	1.58507383
0.00000080	0.00000000	0.57656497	1.72018969	2.10430670	1.30416787	1.39090824	1.37236893	1.47940218
0.00000100	0.92005712	1.15312994	1.48016322	1.73295844	1.21722329	1.43934786	1.30515087	1.39134252
0.00000120	2.76017141	2.88282490	1.20013225	1.48539293	1.39111233	1.45318782	1.65244424	1.42656636
0.00000140	2.76017141	1.15312994	1.36014998	1.85674119	1.17375100	1.51546729	1.35556448	1.31502414
0.00000160	0.92005712	2.30625987	1.44015872	1.98052394	1.30416787	1.47394764	1.32755697	1.39134252
0.00000180	0.92005712	2.88282490	1.24013674	1.23782742	1.04333425	1.55006695	1.45639157	1.56746185
0.00000200	2.76017141	1.72969496	1.44015872	1.48539293	1.69541812	1.47394764	1.38917351	1.52049673
0.00000220	0.92005712	2.30625987	1.68018520	1.36161017	1.43458462	1.43934786	1.41718102	1.48527288
0.00000240	0.00000000	1.72969496	1.32014549	0.99026197	1.47805691	1.13487041	1.43398559	1.37960124
0.00000260	0.92005712	1.15312994	2.12023377	1.60917568	1.13027883	1.61926639	1.45639157	1.42656636
0.00000280	0.92005712	0.57656497	1.36014998	1.23782742	1.39111233	1.32170892	1.54601562	1.32089484
0.00000300	0.92005712	2.88282490	1.40015435	1.36161017	1.21722329	1.55006695	1.48439908	1.43243706
0.00000340	1.84011424	2.01797748	1.16012788	1.67106700	1.41284847	1.44626784	1.39757574	1.53517330
0.00000380	0.46002856	1.15312994	1.28014112	1.17593610	1.26069558	1.38744831	1.33315837	1.41776049
0.00000420	2.30014277	1.15312994	1.44015872	1.05215335	1.28243172	1.50854731	1.37236893	1.32089484
0.00000460	2.30014277	2.01797748	1.10012126	1.60917568	1.71715426	1.43242800	1.44798934	1.53517330
0.00000500	0.92005712	1.44141245	1.52016759	1.36161017	1.78236270	1.52930713	1.39197421	1.43537235
0.00000540	1.38008571	0.86484748	1.20013225	1.23782742	1.23895943	1.35284865	1.29954934	1.37079525
0.00000580	1.38008571	0.86484748	1.44015872	1.67106700	1.69541812	1.35284865	1.39477503	1.42363107
0.00000620	0.46002856	1.44141245	1.54016984	1.79484975	1.23895943	1.36668849	1.37236893	1.46766090
0.00000700	0.92005712	1.44141245	1.43015766	1.14499032	1.21722329	1.48605752	1.37937081	1.39281023
0.00000780	1.61010003	2.59454250	1.42015660	1.45444727	1.22809136	1.38225842	1.40177691	1.43096936
0.00000860	0.46002856	0.57656497	1.12012351	1.29971886	1.24982750	1.43934786	1.33315837	1.41629279
0.00000940	0.92005712	2.45040107	1.22013450	2.16619802	1.51066113	1.46702766	1.43398559	1.34437740
0.00001020	1.15007138	1.87383616	1.11012244	1.36161017	1.44545269	1.34246874	1.44378817	1.33557141
0.00001100	1.15007138	1.29727125	1.27014005	1.51633859	1.43458462	1.32343888	1.37937081	1.39427793
0.00001180	1.61010003	1.44141245	1.26013887	1.17593610	1.34764004	1.34592867	1.33735955	1.41188979
0.00001260	2.53015709	1.15312994	1.26013887	1.20688176	1.39111233	1.27153933	1.31775427	1.28713858
0.00001420	1.03506422	1.36934185	1.27014005	1.14499032	1.20092118	1.36236358	1.32965744	1.34070826
0.00001580	0.80505002	2.37833047	1.26013887	1.56275713	1.20635521	1.31651890	1.34086049	1.32309628
0.00001740	1.38008571	0.86484748	1.28014112	1.36161017	1.25526154	1.31651890	1.30024958	1.31429040
0.00001900	0.80505002	1.15312994	1.42015660	1.26877308	1.31503594	1.23693955	1.25753808	1.25485015
0.00002060	0.92005712	1.22520053	1.21013343	1.28424597	1.14114690	1.17552507	1.19942248	1.21155405
0.00002220	0.80505002	1.36934185	1.47516263	1.28424597	1.16288292	1.21617973	1.22883034	1.17926550
0.00002380	0.92005712	1.36934185	1.09512079	1.09857190	1.04876828	1.25596941	1.22602963	1.23577046
0.00002540	0.69004285	1.22520053	1.19513178	1.09857190	1.26612961	1.17120016	1.17981720	1.21669090
0.00002860	1.53623617	1.22143209	1.20680499	1.17953312	1.23824275	1.16372192	1.18967664	1.19019389
0.00003180	1.53623617	1.22143209	1.16657817	1.13327694	1.18653595	1.14246070	1.16089976	1.14041948
0.00003500	1.30864561	1.22143209	1.06852531	1.00992703	1.18109310	1.13725388	1.14896786	1.17811620
0.00003820	1.02415740	0.93403625	1.18417740	1.14098632	1.17837167	1.12293518	1.10966301	1.14847124
0.00004140	0.85346454	1.11365867	1.15149307	1.10243940	1.17020750	1.07043314	1.07667494	1.12577999
0.00004460	0.96725982	1.07773411	1.03332675	1.24120808	1.01508689	1.17630494	1.08158803	1.13749158
0.00004780	0.96725982	0.93403625	1.14143646	1.09473002	1.18653595	1.07607388	1.09806681	1.08112931
0.00005100	0.85346454	1.36512995	1.18920577	1.21807992	1.07767940	1.08128071	1.07736182	1.07234561
0.00005740	1.27794552	1.13098776	1.06482828	1.05355740	1.13553798	1.09097040	1.09068620	1.09800148
0.00006380	0.96555883	1.29255748	1.05478275	0.96865535	1.01057446	1.10939157	1.07139134	1.04523587
0.00007020	1.19274914	0.96941811	1.05101573	1.02268386	1.01600766	1.04045856	1.02891421	1.04816735
0.00007660	1.19274914	1.09508348	1.05478275	0.94164103	0.96846724	1.04392600	1.02400291	1.04431987
0.00008300	0.99395764	1.11303556	1.07487392	1.11144519	1.04181540	1.04305911	1.02083147	1.04100728
0.00008940	1.16435039	1.09508348	1.05352712	1.03812063	1.00106645	1.01900351	1.00662410	1.00766277
0.00009580	1.19274914	0.93351376	1.06985104	1.09214926	1.04045713	1.02898836	1.00399303	1.01773942
0.00010220	0.93716007	0.78989625	0.99953222	1.04969823	0.99695319	1.00688291	1.00434387	1.03073287
0.00011500	1.09373820	0.91735715	1.01422536	0.94133574	0.97691774	1.00931287	1.01464689	1.01986384
0.00012780	1.06532943	1.05226266	1.03054333	1.06093168	0.97895581	1.00790441	0.99125415	1.02446079
0.00014060	0.83805913	1.27710509	1.02677763	0.97605717	0.97759706	1.00216234	1.02104259	1.01887012
0.00015340	0.73862839	1.26811135	0.99288642	1.02621031	1.00137460	1.01041186	1.00930250	1.01566243
0.00016620	0.95169431	1.07924366	0.99163121	1.00692058	0.99254298	1.00587690	1.01788855	1.01217973
0.00017900	1.20737338	1.05226266	0.97531325	0.95098060	0.95314020	1.02050340	0.99992788	1.01199639
0.00019180	1.06532943	1.02528155	0.95582181	0.94326472	0.98710811	1.02234530	0.99283117	0.97561145
0.00020460	0.96589869	0.98930675	1.02422929	0.96448338	0.95042276	0.99005848	0.99179357	0.97918576
0.00023020	0.97334337	1.04849970	0.99574751	1.04335058	1.01459861	0.99698544	0.99708575	1.00982976
0.00025580	0.96623868	0.91349971	0.98664677	1.00377858	1.02376354	1.00689840	1.00760353	1.00911057
0.00028140	0.96623868	1.01249969	0.97067791	1.06368816	1.02919471	1.00738597	1.00541234	0.99986428
0.00030700	0.83124948	1.00349975	0.97130555	1.03859210	1.00136030	0.99282968	0.99734867	1.00476968
0.00033260	0.85966825	0.91799974	1.02622592	0.96330380	1.00068140	1.00637221	0.99420708	1.00385273
0.00035820	1.02307630	1.03499973	1.00174713	1.02018642	1.01324081	0.99732578	1.00788045	1.00220239
0.00038380	1.02307630	1.00349975	1.02810895	1.03080332	0.97590196	0.99136704	0.99714333	1.00981247
0.00040940	1.08701849	1.05299973	0.98134816	1.00088298	1.02512133	0.99458671	1.00069320	1.01285255
0.00046060	1.07958913	0.94049972	0.98753673	0.99832708	0.98773164	0.99767888	0.99947703	1.00219154
0.00051180	1.06890011	1.04624963	0.98659563	0.95600951	0.98263586	1.01176167	0.99545199	1.00315416
0.00056300	1.09740412	0.96511453	1.00808430	0.99598372	1.01762688	0.98823911	1.00313759	1.01028264
0.00061420	0.96557307	1.09559619	0.98455656	0.96275210	0.99507391	0.99073064	0.99739468	1.00645483
0.00066540	0.95844710	1.07309937	0.99302655	0.99550205	1.01036179	0.99045980	0.99288481	1.00609672
0.00071660	1.00476611	0.98086232	0.98898500	1.00079989	0.99150670	0.99656498	0.98703468	1.00320005
0.00076780	0.99764007	1.02360630	1.01721931	1.03162336	1.01494825	1.00156331	1.00248933	0.99994528
0.00081900	0.95844710	1.01460755	0.99902385	0.99646533	0.99371499	1.00171411	1.00957787	0.99857533
0.00092140	0.95054460	0.97182733	1.00411212	1.00101292	1.00108993	1.00668192	1.00378203	1.00699282
0.00102380	1.01474643	1.02137589	1.01259565	0.99938846	0.99149919	1.00781786	1.00099003	1.00749660
0.00112620	1.05398095	0.96056628	1.01946723	1.02062643	1.00291860	0.99938470	1.00099301	0.99234176
0.00122860	1.00047934	0.98885745	1.00717568	1.01193810	1.00274122	0.99858677	1.00361407	0.99331766
0.00133100	0.99156243	0.96070087	0.99342930	0.99256653	0.98622805	0.99501646	1.00302815	1.00135005
0.00143340	0.98264551	0.93704939	1.00517058	1.00994194	1.00260997	1.00118530	1.00068331	1.00047100
0.00153580	0.97016180	0.98547864	1.01762605	0.99045891	0.99259406	1.00428224	0.99705106	0.99603313
0.00163820	1.01652980	1.02264524	1.01424873	1.01097274	0.99242431	1.00321007	0.99737978	1.00168765
0.00184300	0.98522574	0.99248576	0.99524814	1.01313496	1.00739288	0.99285567	0.99464649	1.00196016
0.00204780	1.00491238	1.02974629	1.00844419	1.01831937	1.00670969	1.00255156	1.00086129	1.00035012
0.00225260	1.01475561	1.01055145	1.00714636	1.00753355	0.99529040	0.99754006	1.00048900	0.99489540
0.00245740	1.10871446	1.00998688	0.99984026	1.01084411	0.99487829	1.00569272	1.00161695	1.00561440
0.00266220	0.94853705	1.00603509	1.00141108	0.99885207	0.99683964	1.00167024	1.00338531	1.00294995
0.00286700	1.00043809	1.01732612	1.00152659	1.02954519	1.00707543	1.00087166	1.00306261	0.99972147
0.00307180	1.02012479	1.00222385	0.98416317	0.99349058	1.01081145	1.00661719	1.00102556	1.00098181
0.00327660	0.93690401	1.01648223	1.00175786	1.00091112	0.99604124	1.00072539	1.00264645	0.99820012
0.00368620	1.02031100	0.99178988	0.99472988	1.00069332	1.00584912	1.00310040	1.00280690	0.99808902
0.00409580	0.99567670	0.99503517	1.00874138	0.99189872	1.00820267	1.00037563	1.00040078	1.00226831
0.00450540	1.01421976	1.00885510	0.99709302	0.98755938	0.99420756	1.00007129	1.00450027	1.00533509
0.00491500	1.01726723	1.00011194	0.99798816	1.00665951	1.00522339	0.99505240	1.00238669	1.00147140
0.00532460	1.00023806	0.99954784	1.00196946	0.98899812	0.99628830	0.99596667	0.99811441	0.99996078
0.00573420	1.02712619	0.98375362	1.00489581	0.99503696	1.00339150	1.00138271	0.99854708	1.00307047
0.00614380	1.02784073	1.02070081	0.99768704	0.98166323	1.00398588	1.00096059	0.99932742	1.00173807
0.00655340	0.97317791	1.02027988	0.99775052	0.99022299	1.00540459	0.99951035	0.99874425	0.99709058
0.00737260	1.03061271	0.99969560	1.00155950	0.99827689	0.99689829	0.99904358	1.00169063	1.00095999
0.00819180	1.02479005	0.98603129	0.99964482	1.00494921	1.00016594	1.00025022	1.00178444	1.00279486
0.00901100	0.99455696	0.98631823	1.00007582	0.99761319	0.99878061	1.00013685	1.00116122	1.00109088
0.00983020	1.00593221	1.00237131	0.99932683	1.00003123	0.99715066	1.00228441	0.99860442	1.00194919
0.01064940	1.03075314	0.97377634	0.99241191	0.99558336	1.00117731	0.99859798	1.00112498	1.00351441
0.01146860	1.01816344	1.02040803	0.99425918	0.99587655	1.00191665	1.00059187	0.99995303	1.00023437
0.01228780	0.99598080	1.00110185	1.00562632	0.99682444	0.99767089	1.00202394	0.99972200	1.00180256
0.01310700	0.99266833	1.00617528	1.00330174	0.99754846	0.99136007	1.00089467	0.99771231	1.00371838
0.01474540	0.98786491	0.99497741	0.99790853	0.99389297	0.99788433	1.00068367	1.00165200	1.00124967
0.01638380	0.99570870	1.01046836	0.99842405	1.00435758	0.99859005	1.00208926	1.00200462	0.99887246
0.01802220	0.99338895	0.99434793	1.00200164	0.99952364	0.99746853	0.99794626	1.00036156	1.00046945
0.01966060	1.00414038	0.99061525	1.00308275	0.99792457	1.00102782	0.99861187	1.00078011	1.00164473
0.02129900	0.98846120	0.98393005	1.00194860	1.00230169	1.00051558	1.00202549	0.99952525	0.99982649
0.02293740	0.99754930	0.99906260	1.00082862	1.00825369	0.99824280	1.00029624	1.00155532	1.00178659
0.02457580	1.00534534	0.99025518	1.00337255	0.99885601	1.00082350	1.00158560	1.00045228	1.00042224
0.02621420	0.98006159	1.00913393	1.00317347	1.00209165	1.00315499	1.00063109	1.00207186	1.00323772
0.02949100	0.99386793	1.00606883	1.00224924	0.99928671	1.00227594	1.00097442	1.00104606	0.99982923
0.03276780	1.01504982	1.00258291	1.00206172	1.00329387	0.99968958	1.00027657	1.00074494	1.00192213
0.03604460	1.00140345	0.99771875	1.00104666	1.00554490	1.00207186	1.00002778	1.00112832	1.00161958
0.03932140	0.99433142	0.99327254	1.00155187	1.00100923	0.99757755	0.99955827	1.00073934	1.00186408
0.04259820	0.99770302	0.98742270	1.00213647	1.00153589	0.99894273	1.00008988	1.00157487	1.00141966
0.04587500	0.98743010	0.99573648	0.99856466	0.99867010	0.99812841	0.99977267	1.00074291	1.00237513
0.04915180	1.00635445	1.00071132	1.00052345	0.99632996	1.00035954	1.00038147	1.00020742	0.99945104
0.05242860	1.00683904	0.98914546	0.99912000	0.99371666	0.99868691	1.00069070	1.00215065	1.00195730
0.05898220	0.99927753	1.00518906	1.00186431	1.00288844	0.99873126	0.99954242	1.00093424	1.00146115
0.06553581	1.00839651	1.00024331	1.00081384	1.00222480	1.00094974	1.00142956	1.00113571	1.00125659
0.07208940	1.00134480	1.00647235	0.99982524	1.00608158	0.99856991	1.00045764	1.00147176	1.00040400
0.07864300	0.99259382	0.99860990	0.99973059	1.00327134	0.99992174	1.00095916	1.00067556	1.00097263
0.08519660	1.00756669	1.00418532	1.00261676	0.99928933	1.00026679	1.00173903	1.00058079	1.00055289
0.09175020	0.99222952	1.00975835	1.00072193	1.00097334	0.99908882	1.00017309	1.00093830	1.00134325
0.09830380	1.00227070	0.99797761	0.99998719	0.99854130	0.99840689	1.00002158	1.00153494	1.00040293
0.10485740	0.99342042	1.00455475	1.00113153	1.00089037	0.99957412	1.00075996	1.00180113	1.00023174
0.11796460	0.99277693	0.99583435	0.99912202	0.99871045	1.00063074	0.99970996	1.00115287	1.00046015
0.13107181	0.99593347	0.99898201	0.99928772	1.00051486	0.99989951	0.99999261	1.00084853	1.00038016
0.14417900	0.99806052	0.99767041	0.99949342	1.00070727	1.00126338	0.99984932	1.00057030	1.00126219
0.15728620	0.99639338	0.99690717	1.00101340	1.00380409	0.99930090	1.00006366	1.00111055	1.00063443
0.17039341	1.00312328	1.00235176	0.99961555	0.99990135	1.00079596	1.00081086	1.00101101	1.00063241
0.18350060	0.99415505	0.99704790	1.00063944	0.99717200	1.00037515	1.00037515	1.00082254	1.00062251
0.19660780	1.00295985	1.00206232	1.00072980	1.00099909	0.99982172	1.00013113	1.00089395	1.00061166
0.20971501	0.99798286	0.99787855	1.00044751	1.00199080	0.99919397	0.99952543	1.00049603	1.00042522
0.23592941	1.00216079	1.00183165	1.00154257	1.00155997	1.00099587	1.00016725	1.00065148	1.00061488
0.26214382	1.00020385	1.00071144	1.00020325	1.00018883	1.00021124	1.00021505	1.00077808	1.00039721
0.28835821	1.00284576	1.00169349	1.00083518	1.00073111	0.99987149	0.99966162	1.00098002	1.00030470
0.31457260	0.99943882	1.00102913	1.00084674	0.99900442	0.99936366	1.00022256	1.00097024	1.00060081
0.34078699	0.99628282	0.99523610	1.00076985	1.00011730	0.99964529	0.99983257	1.00068867	1.00071847
0.36700141	0.99795681	0.99862897	1.00124395	0.99995935	1.00116897	0.99997830	1.00115621	1.00083494
0.39321581	0.99958992	1.00132394	0.99956918	0.99897999	1.00060534	1.00011623	1.00010657	1.00065911
0.41943020	0.99997973	0.99559611	0.99957031	1.00158465	0.99942249	1.00034988	1.00049508	1.00108135
0.47185901	1.00199711	0.99952596	0.99947268	1.00073516	1.00006294	1.00009561	1.00013506	1.00009704
0.52428782	1.00148988	0.99898052	0.99987638	1.00023937	1.00026929	0.99998242	1.00031745	1.00001633
0.57671660	0.99871242	0.99916518	1.00024927	0.99950850	0.99972916	1.00007463	1.00041366	0.99993974
0.62914538	0.99926084	1.00176346	1.00042033	1.00007200	1.00020242	0.99995369	1.00022280	0.99992490
0.68157423	1.00062573	0.99949002	0.99981219	1.00113595	1.00063777	1.00013280	1.00011361	1.00015688
0.73400301	1.00406671	0.99854451	0.99939799	1.00028825	0.99907869	1.00005913	1.00013089	1.00035357
0.78643179	1.00146258	1.00051272	0.99861634	1.00017977	0.99998933	1.00007272	0.99973840	1.00000453
0.83886063	0.99811947	1.00115669	1.00014329	0.99850410	1.00045848	1.00018728	0.99990326	1.00005901
0.94371825	0.99896765	0.99947965	0.99975580	0.99940419	1.00011635	1.00005245	1.00018561	0.99950051
1.04857588	1.00262260	0.99943155	0.99927443	0.99896437	0.99984717	1.00020134	0.99977535	0.99961537
1.15343344	0.99750334	0.99996990	0.99900788	0.99921173	1.00075412	1.00002730	0.99978113	0.99965024
1.25829101	1.00219953	1.00095356	0.99992120	0.99853820	0.99977893	0.99973434	0.99998236	0.99919182
1.36314869	0.99811506	0.99859464	0.99989122	0.99946749	0.99961323	0.99912357	0.99976921	0.99952519
1.46800625	0.99803460	1.00217462	1.00021505	0.99944401	0.99990022	1.00008118	1.00016451	0.99963355
1.57286382	0.99916029	1.00042963	1.00007033	0.99913287	0.99999762	0.99979198	1.00003684	1.00003505
1.67772150	0.99980754	0.99999881	1.00083125	0.99988151	1.00012624	1.00001776	0.99974370	0.99932015
1.88743675	0.99935740	0.99972987	1.00027049	0.99950427	0.99974179	0.99982429	0.99962205	1.00040257
2.09715199	0.99952984	0.99967235	1.00032616	1.00054312	0.99974191	0.99973744	0.99986577	0.99976438
2.30686712	1.00053442	1.00043607	1.00002885	1.00061977	0.99968958	0.99963266	1.00029373	1.00064361
2.51658225	0.99986547	1.00032330	0.99942493	1.00092518	0.99967474	0.99965096	1.00015974	1.00033092
2.72629738	0.99886364	0.99930054	0.99922228	1.00142181	0.99990773	1.00039363	0.99968737	1.00035763
2.93601274	1.00005209	0.99975848	0.99937677	1.00101578	0.99963957	0.99988788	0.99938035	1.00022495
3.14572787	0.99921727	1.00006330	0.99942982	1.00045645	0.99984848	0.99994051	0.99940592	1.00003302
3.35544300	1.00149119	1.00014114	0.99986726	0.99869996	1.00022137	1.00007260	0.99920607	1.00014246
3.77487350	0.99925172	1.00026214	1.00011694	0.99960357	0.99998909	1.00047302	0.99964356	0.99972421
4.19430399	1.00008500	0.99880695	1.00014579	1.00009358	0.99988306	1.00008166	0.99937546	1.00005496
4.61373425	1.00159085	1.00288475	0.99990392	1.00029635	1.00017023	0.99999726	1.00032187	0.99975383
5.03316450	1.00000000	1.00000000	1.00000000	1.00000000	1.00000000	1.00000000	1.00000000	1.00000000
5.45259476	0.00000000	0.00000000	0.00000000	0.00000000	0.00000000	0.00000000	0.00000000	0.00000000
5.87202549	0.00000000	0.00000000	0.00000000	0.00000000	0.00000000	0.00000000	0.00000000	0.00000000
6.29145575	0.00000000	0.00000000	0.00000000	0.00000000	0.00000000	0.00000000	0.00000000	0.00000000
6.71088600	0.00000000	0.00000000	0.00000000	0.00000000	0.00000000	0.00000000	0.00000000	0.00000000
7.54974699	0.00000000	0.00000000	0.00000000	0.00000000	0.00000000	0.00000000	0.00000000	0.00000000
8.38860798	0.00000000	0.00000000	0.00000000	0.00000000	0.00000000	0.00000000	0.00000000	0.00000000
9.22746849	0.00000000	0.00000000	0.00000000	0.00000000	0.00000000	0.00000000	0.00000000	0.00000000
10.06632900	0.00000000	0.00000000	0.00000000	0.00000000	0.00000000	0.00000000	0.00000000	0.00000000
10.90518951	0.00000000	0.00000000	0.00000000	0.00000000	0.00000000	0.00000000	0.00000000	0.00000000
11.74405098	0.00000000	0.00000000	0.00000000	0.00000000	0.00000000	0.00000000	0.00000000	0.00000000
12.58291149	0.00000000	0.00000000	0.00000000	0.00000000	0.00000000	0.00000000	0.00000000	0.00000000
13.42177200	0.00000000	0.00000000	0.00000000	0.00000000	0.00000000	0.00000000	0.00000000	0.00000000
15.09949398	0.00000000	0.00000000	0.00000000	0.00000000	0.00000000	0.00000000	0.00000000	0.00000000
16.77721596	0.00000000	0.00000000	0.00000000	0.00000000	0.00000000	0.00000000	0.00000000	0.00000000
18.45493698	0.00000000	0.00000000	0.00000000	0.00000000	0.00000000	0.00000000	0.00000000	0.00000000
20.13265800	0.00000000	0.00000000	0.00000000	0.00000000	0.00000000	0.00000000	0.00000000	0.00000000
21.81037903	0.00000000	0.00000000	0.00000000	0.00000000	0.00000000	0.00000000	0.00000000	0.00000000
23.48810196	0.00000000	0.00000000	0.00000000	0.00000000	0.00000000	0.00000000	0.00000000	0.00000000
25.16582298	0.00000000	0.00000000	0.00000000	0.00000000	0.00000000	0.00000000	0.00000000	0.00000000
26.84354401	0.00000000	0.00000000	0.00000000	0.00000000	0.00000000	0.00000000	0.00000000	0.00000000
30.19898796	0.00000000	0.00000000	0.00000000	0.00000000	0.00000000	0.00000000	0.00000000	0.00000000
33.55443192	0.00000000	0.00000000	0.00000000	0.00000000	0.00000000	0.00000000	0.00000000	0.00000000
36.90987396	0.00000000	0.00000000	0.00000000	0.00000000	0.00000000	0.00000000	0.00000000	0.00000000
40.26531601	0.00000000	0.00000000	0.00000000	0.00000000	0.00000000	0.00000000	0.00000000	0.00000000
43.62075806	0.00000000	0.00000000	0.00000000	0.00000000	0.00000000	0.00000000	0.00000000	0.00000000
46.97620392	0.00000000	0.00000000	0.00000000	0.00000000	0.00000000	0.00000000	0.00000000	0.00000000
50.33164597	0.00000000	0.00000000	0.00000000	0.00000000	0.00000000	0.00000000	0.00000000	0.00000000
53.68708801	0.00000000	0.00000000	0.00000000	0.00000000	0.00000000	0.00000000	0.00000000	0.00000000
60.39797592	0.00000000	0.00000000	0.00000000	0.00000000	0.00000000	0.00000000	0.00000000	0.00000000
67.10886383	0.00000000	0.00000000	0.00000000	0.00000000	0.00000000	0.00000000	0.00000000	0.00000000
73.81974792	0.00000000	0.00000000	0.00000000	0.00000000	0.00000000	0.00000000	0.00000000	0.00000000
80.53063202	0.00000000	0.00000000	0.00000000	0.00000000	0.00000000	0.00000000	0.00000000	0.00000000
87.24151611	0.00000000	0.00000000	0.00000000	0.00000000	0.00000000	0.00000000	0.00000000	0.00000000
93.95240784	0.00000000	0.00000000	0.00000000	0.00000000	0.00000000	0.00000000	0.00000000	0.00000000
100.66329193	0.00000000	0.00000000	0.00000000	0.00000000	0.00000000	0.00000000	0.00000000	0.00000000
107.37417603	0.00000000	0.00000000	0.00000000	0.00000000	0.00000000	0.00000000	0.00000000	0.00000000
120.79595184	0.00000000	0.00000000	0.00000000	0.00000000	0.00000000	0.00000000	0.00000000	0.00000000
134.21772766	0.00000000	0.00000000	0.00000000	0.00000000	0.00000000	0.00000000	0.00000000	0.00000000
147.63949585	0.00000000	0.00000000	0.00000000	0.00000000	0.00000000	0.00000000	0.00000000	0.00000000
161.06126404	0.00000000	0.00000000	0.00000000	0.00000000	0.00000000	0.00000000	0.00000000	0.00000000
174.48303223	0.00000000	0.00000000	0.00000000	0.00000000	0.00000000	0.00000000	0.00000000	0.00000000
187.90481567	0.00000000	0.00000000	0.00000000	0.00000000	0.00000000	0.00000000	0.00000000	0.00000000
201.32658386	0.00000000	0.00000000	0.00000000	0.00000000	0.00000000	0.00000000	0.00000000	0.00000000
214.74835205	0.00000000	0.00000000	0.00000000	0.00000000	0.00000000	0.00000000	0.00000000	0.00000000
241.59190369	0.00000000	0.00000000	0.00000000	0.00000000	0.00000000	0.00000000	0.00000000	0.00000000
268.43545532	0.00000000	0.00000000	0.00000000	0.00000000	0.00000000	0.00000000	0.00000000	0.00000000
295.27899170	0.00000000	0.00000000	0.00000000	0.00000000	0.00000000	0.00000000	0.00000000	0.00000000
322.12252808	0.00000000	0.00000000	0.00000000	0.00000000	0.00000000	0.00000000	0.00000000	0.00000000
348.96606445	0.00000000	0.00000000	0.00000000	0.00000000	0.00000000	0.00000000	0.00000000	0.00000000
375.80963135	0.00000000	0.00000000	0.00000000	0.00000000	0.00000000	0.00000000	0.00000000	0.00000000
402.65316772	0.00000000	0.00000000	0.00000000	0.00000000	0.00000000	0.00000000	0.00000000	0.00000000
429.49670410	0.00000000	0.00000000	0.00000000	0.00000000	0.00000000	0.00000000	0.00000000	0.00000000
483.18380737	0.00000000	0.00000000	0.00000000	0.00000000	0.00000000	0.00000000	0.00000000	0.00000000
536.87091064	0.00000000	0.00000000	0.00000000	0.00000000	0.00000000	0.00000000	0.00000000	0.00000000
590.55798340	0.00000000	0.00000000	0.00000000	0.00000000	0.00000000	0.00000000	0.00000000	0.00000000
644.24505615	0.00000000	0.00000000	0.00000000	0.00000000	0.00000000	0.00000000	0.00000000	0.00000000
697.93212891	0.00000000	0.00000000	0.00000000	0.00000000	0.00000000	0.00000000	0.00000000	0.00000000
751.61926270	0.00000000	0.00000000	0.00000000	0.00000000	0.00000000	0.00000000	0.00000000	0.00000000
805.30633545	0.00000000	0.00000000	0.00000000	0.00000000	0.00000000	0.00000000	0.00000000	0.00000000
858.99340820	0.00000000	0.00000000	0.00000000	0.00000000	0.00000000	0.00000000	0.00000000	0.00000000
966.36761475	0.00000000	0.00000000	0.00000000	0.00000000	0.00000000	0.00000000	0.00000000	0.00000000
1073.74182129	0.00000000	0.00000000	0.00000000	0.00000000	0.00000000	0.00000000	0.00000000	0.00000000
1181.11596680	0.00000000	0.00000000	0.00000000	0.00000000	0.00000000	0.00000000	0.00000000	0.00000000
1288.49011230	0.00000000	0.00000000	0.00000000	0.00000000	0.00000000	0.00000000	0.00000000	0.00000000
1395.86425781	0.00000000	0.00000000	0.00000000	0.00000000	0.00000000	0.00000000	0.00000000	0.00000000
1503.23852539	0.00000000	0.00000000	0.00000000	0.00000000	0.00000000	0.00000000	0.00000000	0.00000000
1610.61267090	0.00000000	0.00000000	0.00000000	0.00000000	0.00000000	0.00000000	0.00000000	0.00000000
1717.98681641	0.00000000	0.00000000	0.00000000	0.00000000	0.00000000	0.00000000	0.00000000	0.00000000
1932.73522949	0.00000000	0.00000000	0.00000000	0.00000000	0.00000000	0.00000000	0.00000000	0.00000000
2147.48364258	0.00000000	0.00000000	0.00000000	0.00000000	0.00000000	0.00000000	0.00000000	0.00000000
2362.23193359	0.00000000	0.00000000	0.00000000	0.00000000	0.00000000	0.00000000	0.00000000	0.00000000
2576.98022461	0.00000000	0.00000000	0.00000000	0.00000000	0.00000000	0.00000000	0.00000000	0.00000000
2791.72851562	0.00000000	0.00000000	0.00000000	0.00000000	0.00000000	0.00000000	0.00000000	0.00000000
3006.47705078	0.00000000	0.00000000	0.00000000	0.00000000	0.00000000	0.00000000	0.00000000	0.00000000
3221.22534180	0.00000000	0.00000000	0.00000000	0.00000000	0.00000000	0.00000000	0.00000000	0.00000000
3435.97363281	0.00000000	0.00000000	0.00000000	0.00000000	0.00000000	0.00000000	0.00000000	0.00000000
0	0	0	0	0	0	0	0	0
