%4/26/2015 3:12:08 PM
%Duration	ID1		ID2		ID3		ID4		ID5		ID6		ID7		ID8
3000.000000	3.595352	1.935959	4.739761	8.840561	5.559921	47.712326	47.225952	39.005280
%Tau		Tau1		Tau2		Tau3		Tau4		Tau5		Tau6		Tau7		Tau8
%		0.000002	0.000001	0.000001	0.000003	0.000003	0.000025	0.000024	0.000022
%Delaytime	D1		D2		D3		D4		D5		D6		D7		D8
0.00000000	4.77304220	43.37540054	14.89809227	8.30940914	10.52260113	1.74767148	2.22155571	3.02269650
0.00000020	1.96537042	6.05238152	3.44863248	2.51528049	2.14746952	1.50568616	1.56263387	1.61649644
0.00000040	1.96537042	1.00873029	1.37945294	2.29070187	1.61060214	1.45191169	1.46706510	1.43660426
0.00000060	2.80767202	3.02619076	1.10356236	1.70679748	1.28848171	1.45863342	1.41005909	1.45687377
0.00000080	0.28076720	2.01746058	1.37945294	1.61696601	2.04009604	1.43846798	1.45029855	1.48981178
0.00000100	2.80767202	3.02619076	1.51739824	1.30255604	0.85898781	1.50736666	1.44694531	1.41886842
0.00000120	2.24613762	1.00873029	1.37945294	1.48221886	1.39585519	1.46535528	1.51065779	1.44420528
0.00000140	1.12306881	3.02619076	1.65534353	1.66188180	1.07373476	1.44518983	1.38826275	1.54555309
0.00000160	1.96537042	2.01746058	1.10356236	1.16780877	1.61060214	1.42334390	1.48718476	1.47967708
0.00000180	0.84230161	1.00873029	2.20712471	1.61696601	1.61060214	1.47207713	1.39161599	1.48221076
0.00000200	2.24613762	0.00000000	1.37945294	1.61696601	0.64424086	1.45863342	1.43856204	1.45940745
0.00000220	0.84230161	1.00873029	1.24150765	0.94323021	2.04009604	1.45863342	1.34634662	1.55822158
0.00000240	0.28076720	1.00873029	1.65534353	1.30255604	1.71797562	1.55778027	1.45868182	1.49487913
0.00000260	2.24613762	0.00000000	1.24150765	1.43730319	2.57696342	1.51408839	1.41341233	1.58609211
0.00000280	0.56153440	2.01746058	0.96561706	1.52713466	2.46958995	1.48720121	1.45868182	1.42900312
0.00000300	0.84230161	6.05238152	1.79328883	0.89831448	1.18110824	1.41998303	1.43688548	1.45940745
0.00000340	0.98268521	1.00873029	1.65534353	1.54959249	1.50322866	1.43342662	1.47377169	1.44040477
0.00000380	0.84230161	2.52182555	1.58637094	1.54959249	1.50322866	1.45443237	1.45868182	1.44040477
0.00000420	1.68460321	0.50436515	1.17253506	1.50467670	1.44954193	1.40065777	1.45281363	1.46954226
0.00000460	1.68460321	1.00873029	1.17253506	1.30255604	1.61060214	1.45107138	1.44359207	1.52401662
0.00000500	1.68460321	0.00000000	1.24150765	1.36992955	1.61060214	1.44687033	1.40251422	1.46067429
0.00000540	1.12306881	1.00873029	1.24150765	1.70679748	1.34216845	1.42334390	1.39748430	1.38846409
0.00000580	1.26345241	1.00873029	1.24150765	1.50467670	1.44954193	1.43090594	1.41005909	1.41126728
0.00000620	1.54421961	0.50436515	0.89664441	1.63942397	1.23479497	1.40485895	1.41760397	1.40113246
0.00000700	1.12306881	2.01746058	1.41393924	1.40361631	1.39585519	1.40611935	1.41005909	1.44737244
0.00000780	1.40383601	1.00873029	1.27599394	1.34747171	1.42269862	1.39393604	1.41550815	1.43723762
0.00000860	1.05287695	1.26091278	1.10356236	1.32501388	1.15426493	1.37293041	1.39790344	1.39606512
0.00000940	1.40383601	2.77400827	1.34496665	1.31378496	1.31532514	1.40653944	1.36101723	1.41380095
0.00001020	1.61441135	0.75654769	1.34496665	1.08920634	1.61060214	1.34772360	1.31742442	1.36186028
0.00001100	0.91249341	1.51309538	1.62085724	1.34747171	1.63744557	1.42628479	1.35305309	1.33398962
0.00001180	1.12306881	0.25218257	1.24150765	1.39238739	1.42269862	1.30487204	1.38029861	1.36059344
0.00001260	0.77210981	0.25218257	1.20702136	1.23518240	1.31532514	1.38889468	1.34131658	1.29535079
0.00001420	1.26345241	2.01746058	1.31048036	1.15096545	1.48980701	1.30991340	1.32874179	1.28331578
0.00001580	1.43893194	1.51309538	1.34496665	1.08920634	1.32874680	1.31159377	1.25811303	1.29281712
0.00001740	1.22835648	0.50436515	1.27599394	1.24079692	1.24821663	1.28764737	1.29143643	1.28616619
0.00001900	1.33364415	1.51309538	1.27599394	1.18465221	1.28848171	1.26517129	1.24490952	1.26494646
0.00002060	1.22835648	0.88263899	1.17253506	1.23518240	1.30190337	1.22820127	1.26104724	1.20128739
0.00002220	1.05287695	1.13482153	1.34496665	1.20149565	1.08715641	1.23492312	1.21200526	1.22599101
0.00002380	1.15816474	1.26091278	1.27599394	1.30255604	1.11399984	1.20467496	1.17050838	1.21997344
0.00002540	1.57931554	1.13482153	1.31048036	1.26886916	1.11399984	1.19312179	1.22458017	1.16138172
0.00002860	1.02297640	0.69608015	1.09678578	1.14800000	1.20091236	1.16545320	1.16346204	1.17231166
0.00003180	1.12880158	1.70856035	1.08821714	1.26279998	1.13344538	1.14311767	1.16293502	1.14749467
0.00003500	1.14643908	0.56952012	1.16533494	1.05560005	1.09296513	1.13068557	1.11318827	1.13094282
0.00003820	0.95242631	1.26560020	1.00259936	1.08080006	1.22789919	1.09844649	1.08926344	1.08144617
0.00004140	1.04061389	1.20232022	1.08829153	1.09200001	1.01875150	1.09370553	1.07714295	1.09433758
0.00004460	1.11116397	0.69608015	1.09686077	1.06400001	1.00525808	1.06262529	1.07408655	1.06346178
0.00004780	0.88187623	0.94920015	1.07115316	1.08080006	0.88381749	1.07284486	1.06892216	1.04070294
0.00005100	1.19935167	1.01248014	1.20826066	1.08360004	1.07947183	1.05714679	1.05532610	1.05263937
0.00005740	1.09352648	0.82050562	1.02957308	1.03738117	1.01353359	1.05516899	1.03265810	1.03671372
0.00006380	0.93478876	0.82050562	0.94806516	1.05695450	1.07077634	1.01776659	1.02402234	1.02645469
0.00007020	0.81132609	0.85206348	0.98238426	1.02200222	1.03373694	1.02777576	1.01728988	1.04784751
0.00007660	1.21698916	1.07296884	1.03386295	0.94790357	1.05057311	1.02113807	1.01634979	1.05158520
0.00008300	1.26108301	1.13608468	0.88800675	0.99683666	1.06740916	1.02508903	1.01234019	1.00824308
0.00008940	0.94360751	1.26231635	1.01670337	1.00802135	0.96970099	1.01102364	1.00317776	1.02629566
0.00009580	0.97888261	1.16764259	1.03815281	1.02200222	0.96633399	1.00818658	1.01701891	1.02589810
0.00010220	0.99652010	0.88362139	1.05960226	0.98705006	1.11448276	1.00418293	1.00443387	0.99115396
0.00011500	0.96778536	0.88214839	0.99137074	0.96119916	0.95977116	1.00534427	1.00609648	1.00849593
0.00012780	0.92379510	0.92940634	1.03214133	1.02765763	1.03540993	1.00286937	1.00578082	0.99932510
0.00014060	0.98098242	0.69311661	1.09651613	0.97798866	0.95640945	1.01126826	1.01522493	0.99780566
0.00015340	1.00297749	0.78763247	0.99137074	1.00107419	0.95136690	0.99952561	1.00117719	0.99793416
0.00016620	0.96338630	1.05542755	1.02355814	0.95280439	1.03540993	1.00697672	0.99825716	0.99090928
0.00017900	1.00297749	0.88214839	0.94845426	1.00107419	1.00179267	1.00089467	1.00391304	0.99217176
0.00019180	1.09975612	1.18144870	0.97413749	0.95000613	1.01523960	1.00236917	1.00912941	0.99729830
0.00020460	1.00297749	0.92940634	0.96126342	1.00177383	1.02532470	0.99033678	1.00396574	0.99286860
0.00023020	1.00307572	1.04619372	0.95193338	1.01772821	1.00743175	0.99558115	1.00614870	0.99333912
0.00025580	1.01407444	1.06192589	1.05818069	1.01243722	0.98396498	0.99112529	1.01191282	1.00015700
0.00028140	0.96788013	0.68435228	0.98627597	1.00862575	0.93438858	1.00828481	1.00284898	1.00473809
0.00030700	0.96788013	0.91246969	0.98305637	0.98691982	0.94111079	1.00595546	0.99101073	1.00356412
0.00033260	0.99867630	1.03046143	1.01954532	1.00539637	1.03354132	1.00084913	0.99372166	1.00014389
0.00035820	1.01627409	0.91246969	0.94650263	1.01274776	0.97808301	0.99926984	1.00563121	1.00178325
0.00038380	0.93928367	0.98326474	1.00767112	1.00022352	1.02507651	0.99702692	1.00070953	1.00811160
0.00040940	0.98327821	0.95966637	1.02162182	1.00372446	1.04524195	0.99720556	0.99720901	1.01585412
0.00046060	0.98149246	1.12770343	0.96795112	1.00945842	0.96141309	0.99285877	0.99954259	1.00569272
0.00051180	1.03742111	1.15902853	0.99903768	1.00235140	1.01274455	0.99676895	0.99740148	1.00121784
0.00056300	1.02426136	1.01023436	1.00494599	1.02829099	0.98539585	0.99823004	1.00259626	1.00138581
0.00061420	0.93872350	0.97107792	1.01877165	1.01475573	1.00727487	1.00188267	1.00380540	0.99741739
0.00066540	0.94530338	0.96324664	1.00051212	1.01041377	1.01232386	1.00112581	0.99913019	0.99559194
0.00071660	0.97381598	0.99848741	1.00749373	0.97939146	1.03336132	1.00005305	0.99581355	0.99670243
0.00076780	0.97052610	1.02981246	1.00964189	1.02710426	0.95552260	1.00040841	1.00090396	1.00031316
0.00081900	0.97820252	0.97107792	1.00104916	1.00589609	1.02789152	0.99773449	1.00090396	1.00485766
0.00092140	0.97100079	1.01304007	0.99207532	1.01514697	0.99432230	1.00431442	1.00202048	0.99939883
0.00102380	1.03024828	1.04033315	1.00310743	1.01308846	0.97874987	0.99984562	1.00042009	0.99954200
0.00112620	1.00885332	0.93826276	1.00902700	1.03823900	0.99648708	1.00345826	1.00149465	1.00296319
0.00122860	0.97593808	1.03837025	0.99530423	1.00235009	0.98407042	1.00332654	1.00226402	1.00651383
0.00133100	1.01872790	0.98929799	0.96597517	1.02070069	1.02474964	0.99831492	1.00068724	1.00280523
0.00143340	0.98371452	0.99126089	0.99422795	0.97406363	1.00854385	1.00073183	1.00235701	1.00200522
0.00153580	1.06271887	1.11296022	0.95144522	0.99580729	1.01738334	1.00420964	1.00452304	1.00196064
0.00163820	1.00172174	0.96948969	0.99550509	1.01370549	0.99402189	1.00142813	0.99882036	1.00034761
0.00184300	1.01121366	1.05819499	0.98413610	0.99401361	0.98994601	0.99855769	1.00151992	0.99720526
0.00204780	0.97817039	1.03365433	0.99045503	0.99625570	0.98746425	1.00225580	1.00143743	1.00071228
0.00225260	0.98668098	0.99653679	0.97398609	1.00155389	0.99784368	1.00372910	1.00181437	1.00092471
0.00245740	0.99856514	1.01028216	1.00638509	1.00585759	0.99605358	0.99991626	1.00136197	0.99896032
0.00266220	0.99380171	0.97984606	0.99684012	1.00471699	0.99263871	1.00133336	0.99958277	1.00273049
0.00286700	1.01932597	1.01911843	0.99905711	1.01226628	1.00237167	0.99914539	1.00267780	0.99664724
0.00307180	1.00011420	1.00831854	1.00880492	1.00121236	0.98246956	0.99984521	1.00294256	0.99743456
0.00327660	0.99846745	0.98297340	0.99885666	1.00630522	0.99655062	1.00105405	1.00351048	1.00052512
0.00368620	0.99351555	0.97230256	0.98641473	1.00385952	0.98584515	1.00033402	1.00166857	1.00041139
0.00409580	1.00544274	0.99948227	0.99782574	1.00158942	0.98775351	1.00239146	1.00295258	1.00133526
0.00450540	1.00505209	0.99948227	0.99104601	1.00263631	1.00597429	1.00205958	1.00014794	1.00300789
0.00491500	1.01440048	1.01862752	0.99111384	1.00669384	1.01254296	1.00038612	0.99886084	1.00349808
0.00532460	1.01800466	0.98800862	1.00856781	0.99731261	1.00638688	1.00259829	1.00146770	1.00237095
0.00573420	0.98920095	1.02119505	1.00749373	1.00215089	1.00910580	1.00046885	1.00140166	1.00140226
0.00614380	0.98215073	0.99911249	0.98037308	1.00141871	0.99869698	1.00061929	0.99884385	1.00147712
0.00655340	0.97868103	1.00009394	1.00628018	0.99673557	0.99588525	1.00119865	1.00035739	1.00265586
0.00737260	0.99569482	0.96819687	0.99608457	0.99815673	0.98797983	0.99992120	1.00169456	1.00020063
0.00819180	0.99959815	0.97696531	0.99272740	1.00267494	0.99827319	1.00227177	1.00123942	1.00127578
0.00901100	0.99442244	0.98604536	0.99698561	0.99961174	1.00591016	1.00041580	1.00148797	1.00110471
0.00983020	0.99353212	0.99929732	0.99936593	0.99128783	1.00254989	1.00021374	1.00153077	0.99805486
0.01064940	1.00170183	1.01549423	0.99564713	1.00577283	0.99407804	1.00105560	1.00103295	1.00081718
0.01146860	0.99128890	0.98567390	1.00628364	0.99394441	0.99012858	1.00016522	1.00122571	1.00119710
0.01228780	0.99985218	1.01298213	0.99661750	1.00557971	0.98575085	1.00119793	1.00226676	1.00040638
0.01310700	0.99279600	0.97948354	1.00330102	0.99819362	1.00479674	0.99926627	1.00050402	0.99997824
0.01474540	0.99825257	0.98874044	0.99781811	1.00097680	1.00422931	1.00107145	0.99967742	1.00039721
0.01638380	0.99989641	1.00783730	1.00669348	0.99495202	0.99351591	1.00030720	1.00160992	1.00074303
0.01802220	0.99132305	1.01066208	0.99309915	1.00288546	1.00011063	1.00051928	1.00131059	1.00153649
0.01966060	1.00268555	1.01096630	1.00097346	0.99798763	0.99895853	1.00152779	1.00122440	1.00180519
0.02129900	0.99949437	1.01582038	1.00207448	0.99893934	1.00235796	0.99994028	0.99981672	1.00028694
0.02293740	1.01078939	1.00734603	1.00733483	0.99919945	1.00069916	1.00039029	1.00020003	0.99997848
0.02457580	0.99529779	0.99917930	1.00291514	1.00068104	1.00026393	0.99877083	1.00108624	0.99958819
0.02621420	0.99992973	1.00562286	0.99106759	0.99985588	0.99900126	1.00063860	1.00021410	1.00283754
0.02949100	1.00258934	0.97625953	1.00155270	1.00260210	1.00016749	1.00002193	1.00080466	1.00119889
0.03276780	1.00324309	0.99758410	1.00242853	0.99860334	0.99912089	1.00112009	1.00053406	1.00102401
0.03604460	1.00002551	1.00594366	0.99811924	1.00066864	1.00472403	1.00043702	1.00066257	1.00094497
0.03932140	0.99620515	1.00041175	1.00173581	1.00087774	0.99989986	1.00113416	1.00070322	1.00057232
0.04259820	1.00317299	0.99008900	0.99798059	0.99739599	0.99965119	1.00009704	1.00127375	1.00030780
0.04587500	0.99513823	0.99838263	1.00482154	1.00064337	1.00244880	1.00074482	1.00170934	1.00119734
0.04915180	1.00427294	0.98486310	0.99722773	1.00196278	0.99948996	1.00045717	1.00049806	1.00090790
0.05242860	0.99973631	0.99789137	0.99844098	1.00039697	0.99585825	0.99993318	1.00128758	1.00113273
0.05898220	1.00100255	0.99444985	1.00117803	1.00196683	1.00472128	1.00114572	1.00114071	1.00040650
0.06553581	0.99998200	0.99414343	0.99646884	1.00147247	1.00093877	1.00132561	1.00077724	1.00087321
0.07208940	1.00350380	0.99939728	1.00232792	0.99854720	0.99814337	1.00115561	1.00094366	1.00057113
0.07864300	1.00402594	0.98834306	0.99908423	0.99712527	0.99991894	1.00091600	1.00060058	1.00100684
0.08519660	1.00026453	1.00807798	1.00079441	1.00156736	1.00309646	1.00087440	0.99969864	1.00080824
0.09175020	0.99873668	0.99119413	0.99838185	1.00128496	0.99967605	1.00065744	1.00062823	1.00124657
0.09830380	1.00401735	0.99940002	1.00299382	1.00170541	0.99796075	1.00035775	1.00079441	1.00058949
0.10485740	1.00170445	0.99521631	0.99931204	0.99856299	0.99919462	1.00061178	1.00090647	1.00061011
0.11796460	0.99826431	0.99871129	1.00024641	1.00031829	0.99961895	1.00046909	1.00107265	1.00073409
0.13107181	1.00032151	0.99983686	1.00183952	1.00243783	0.99885857	1.00064397	1.00052261	1.00123501
0.14417900	1.00237060	0.99402219	1.00019681	0.99984652	1.00044203	1.00055218	1.00055218	1.00081611
0.15728620	1.00140142	1.00351882	0.99994230	1.00206327	0.99907672	1.00045156	1.00109351	1.00019646
0.17039341	1.00228369	0.99823236	1.00107169	1.00198901	0.99889374	1.00048482	1.00090408	1.00064373
0.18350060	1.00009561	1.00896418	0.99728757	1.00062299	1.00258744	1.00039792	1.00080073	1.00096059
0.19660780	1.00481391	1.00353014	0.99979043	1.00050569	1.00035763	1.00038540	1.00049782	1.00077879
0.20971501	0.99965328	0.99909753	1.00010896	1.00147355	1.00139809	1.00063348	1.00111890	1.00027859
0.23592941	1.00217617	0.99929017	0.99983501	0.99971920	0.99951434	0.99998748	1.00083601	1.00059855
0.26214382	0.99943900	1.00161135	0.99993396	1.00029624	1.00119936	1.00052857	1.00111878	1.00034642
0.28835821	1.00055707	1.00527823	0.99992228	1.00032437	1.00011134	1.00054801	1.00037122	1.00047278
0.31457260	0.99898100	1.00273180	1.00077081	1.00111783	0.99975157	1.00004399	1.00080502	1.00021803
0.34078699	1.00211012	0.99660373	0.99823946	1.00013816	0.99956822	1.00025082	1.00057435	1.00046122
0.36700141	1.00096107	1.00324786	1.00002575	0.99961776	1.00065601	1.00039971	1.00064170	1.00023150
0.39321581	1.00190520	0.99250042	1.00098097	0.99921000	1.00123835	1.00000095	1.00064862	1.00003600
0.41943020	0.99975026	0.99750084	1.00110817	0.99981248	1.00015116	0.99994063	1.00064063	0.99983788
0.47185901	1.00056529	1.00307500	1.00028622	1.00041878	1.00161409	0.99999565	1.00060654	1.00047231
0.52428782	1.00055003	0.99849421	1.00056398	1.00038099	1.00034368	0.99986345	1.00024724	1.00028408
0.57671660	0.99747050	1.00096357	0.99970424	1.00030434	0.99910933	0.99971765	1.00028646	1.00008738
0.62914538	1.00041139	0.99988049	0.99967325	1.00071871	0.99998301	0.99990994	1.00005293	1.00009894
0.68157423	0.99928749	0.99377292	1.00047123	0.99936086	1.00011206	0.99983746	1.00014567	1.00031233
0.73400301	0.99963820	1.00245786	0.99985898	0.99985290	1.00040817	0.99980688	1.00003600	1.00010717
0.78643179	0.99854749	0.99971783	1.00029516	0.99952364	0.99893409	0.99970156	0.99996644	0.99987298
0.83886063	1.00158918	0.99924600	0.99867797	1.00041234	1.00056648	0.99969834	0.99990302	0.99946934
0.94371825	0.99903697	0.99887413	1.00026536	0.99911022	0.99994200	0.99966180	0.99949747	0.99952793
1.04857588	0.99858594	1.00123477	0.99943608	0.99985218	1.00006127	0.99955463	0.99976665	0.99944305
1.15343344	0.99898803	1.00045002	1.00048697	0.99967080	0.99940056	0.99951392	0.99942851	0.99950427
1.25829101	0.99941659	0.99981880	0.99990916	0.99976569	0.99956155	0.99966353	0.99963182	0.99965882
1.36314869	1.00000322	0.99933118	0.99954140	0.99967343	0.99911624	0.99978793	0.99964035	0.99969113
1.46800625	0.99900705	0.99979335	1.00070858	0.99908334	1.00028932	0.99985695	0.99969363	0.99980158
1.57286382	0.99843222	0.99742335	1.00039232	0.99958682	0.99978501	0.99996817	0.99952888	0.99992639
1.67772150	1.00061035	1.00013793	0.99933773	1.00014138	1.00033391	1.00008094	0.99986619	1.00026178
1.88743675	1.00132596	0.99927795	1.00005567	1.00048101	1.00048995	1.00021172	1.00008202	1.00056958
2.09715199	1.00064516	1.00057983	0.99999928	0.99975491	1.00024700	1.00021875	0.99990875	1.00034177
2.30686712	0.99931711	1.00061190	0.99982667	0.99994129	1.00040352	1.00029516	0.99973381	1.00013363
2.51658225	1.00038636	0.99951440	0.99968570	0.99971306	0.99984211	1.00001144	0.99977654	1.00003076
2.72629738	1.00018489	0.99851948	0.99971211	0.99925870	0.99958307	0.99988806	0.99970323	0.99955148
2.93601274	0.99870992	0.99923837	0.99986827	0.99957520	0.99937236	0.99949497	0.99965990	0.99941647
3.14572787	0.99862850	1.00039709	0.99876612	0.99941689	0.99964702	0.99916881	1.00013864	0.99986869
3.35544300	0.99881244	0.99960637	1.00027347	0.99942070	0.99964255	0.99964809	1.00038111	0.99994177
3.77487350	0.99988025	1.00050104	0.99983454	1.00104594	1.00025618	1.00072491	1.00094545	1.00096738
4.19430399	0.99999535	1.00056398	0.99963945	1.00020444	1.00006258	1.00036967	1.00054097	1.00067091
4.61373425	1.00008821	0.99930853	0.99989873	1.00117373	0.99995333	0.99991083	0.99997276	0.99999774
5.03316450	1.00000000	1.00000000	1.00000000	1.00000000	1.00000000	1.00000000	1.00000000	1.00000000
5.45259476	0.00000000	0.00000000	0.00000000	0.00000000	0.00000000	0.00000000	0.00000000	0.00000000
5.87202549	0.00000000	0.00000000	0.00000000	0.00000000	0.00000000	0.00000000	0.00000000	0.00000000
6.29145575	0.00000000	0.00000000	0.00000000	0.00000000	0.00000000	0.00000000	0.00000000	0.00000000
6.71088600	0.00000000	0.00000000	0.00000000	0.00000000	0.00000000	0.00000000	0.00000000	0.00000000
7.54974699	0.00000000	0.00000000	0.00000000	0.00000000	0.00000000	0.00000000	0.00000000	0.00000000
8.38860798	0.00000000	0.00000000	0.00000000	0.00000000	0.00000000	0.00000000	0.00000000	0.00000000
9.22746849	0.00000000	0.00000000	0.00000000	0.00000000	0.00000000	0.00000000	0.00000000	0.00000000
10.06632900	0.00000000	0.00000000	0.00000000	0.00000000	0.00000000	0.00000000	0.00000000	0.00000000
10.90518951	0.00000000	0.00000000	0.00000000	0.00000000	0.00000000	0.00000000	0.00000000	0.00000000
11.74405098	0.00000000	0.00000000	0.00000000	0.00000000	0.00000000	0.00000000	0.00000000	0.00000000
12.58291149	0.00000000	0.00000000	0.00000000	0.00000000	0.00000000	0.00000000	0.00000000	0.00000000
13.42177200	0.00000000	0.00000000	0.00000000	0.00000000	0.00000000	0.00000000	0.00000000	0.00000000
15.09949398	0.00000000	0.00000000	0.00000000	0.00000000	0.00000000	0.00000000	0.00000000	0.00000000
16.77721596	0.00000000	0.00000000	0.00000000	0.00000000	0.00000000	0.00000000	0.00000000	0.00000000
18.45493698	0.00000000	0.00000000	0.00000000	0.00000000	0.00000000	0.00000000	0.00000000	0.00000000
20.13265800	0.00000000	0.00000000	0.00000000	0.00000000	0.00000000	0.00000000	0.00000000	0.00000000
21.81037903	0.00000000	0.00000000	0.00000000	0.00000000	0.00000000	0.00000000	0.00000000	0.00000000
23.48810196	0.00000000	0.00000000	0.00000000	0.00000000	0.00000000	0.00000000	0.00000000	0.00000000
25.16582298	0.00000000	0.00000000	0.00000000	0.00000000	0.00000000	0.00000000	0.00000000	0.00000000
26.84354401	0.00000000	0.00000000	0.00000000	0.00000000	0.00000000	0.00000000	0.00000000	0.00000000
30.19898796	0.00000000	0.00000000	0.00000000	0.00000000	0.00000000	0.00000000	0.00000000	0.00000000
33.55443192	0.00000000	0.00000000	0.00000000	0.00000000	0.00000000	0.00000000	0.00000000	0.00000000
36.90987396	0.00000000	0.00000000	0.00000000	0.00000000	0.00000000	0.00000000	0.00000000	0.00000000
40.26531601	0.00000000	0.00000000	0.00000000	0.00000000	0.00000000	0.00000000	0.00000000	0.00000000
43.62075806	0.00000000	0.00000000	0.00000000	0.00000000	0.00000000	0.00000000	0.00000000	0.00000000
46.97620392	0.00000000	0.00000000	0.00000000	0.00000000	0.00000000	0.00000000	0.00000000	0.00000000
50.33164597	0.00000000	0.00000000	0.00000000	0.00000000	0.00000000	0.00000000	0.00000000	0.00000000
53.68708801	0.00000000	0.00000000	0.00000000	0.00000000	0.00000000	0.00000000	0.00000000	0.00000000
60.39797592	0.00000000	0.00000000	0.00000000	0.00000000	0.00000000	0.00000000	0.00000000	0.00000000
67.10886383	0.00000000	0.00000000	0.00000000	0.00000000	0.00000000	0.00000000	0.00000000	0.00000000
73.81974792	0.00000000	0.00000000	0.00000000	0.00000000	0.00000000	0.00000000	0.00000000	0.00000000
80.53063202	0.00000000	0.00000000	0.00000000	0.00000000	0.00000000	0.00000000	0.00000000	0.00000000
87.24151611	0.00000000	0.00000000	0.00000000	0.00000000	0.00000000	0.00000000	0.00000000	0.00000000
93.95240784	0.00000000	0.00000000	0.00000000	0.00000000	0.00000000	0.00000000	0.00000000	0.00000000
100.66329193	0.00000000	0.00000000	0.00000000	0.00000000	0.00000000	0.00000000	0.00000000	0.00000000
107.37417603	0.00000000	0.00000000	0.00000000	0.00000000	0.00000000	0.00000000	0.00000000	0.00000000
120.79595184	0.00000000	0.00000000	0.00000000	0.00000000	0.00000000	0.00000000	0.00000000	0.00000000
134.21772766	0.00000000	0.00000000	0.00000000	0.00000000	0.00000000	0.00000000	0.00000000	0.00000000
147.63949585	0.00000000	0.00000000	0.00000000	0.00000000	0.00000000	0.00000000	0.00000000	0.00000000
161.06126404	0.00000000	0.00000000	0.00000000	0.00000000	0.00000000	0.00000000	0.00000000	0.00000000
174.48303223	0.00000000	0.00000000	0.00000000	0.00000000	0.00000000	0.00000000	0.00000000	0.00000000
187.90481567	0.00000000	0.00000000	0.00000000	0.00000000	0.00000000	0.00000000	0.00000000	0.00000000
201.32658386	0.00000000	0.00000000	0.00000000	0.00000000	0.00000000	0.00000000	0.00000000	0.00000000
214.74835205	0.00000000	0.00000000	0.00000000	0.00000000	0.00000000	0.00000000	0.00000000	0.00000000
241.59190369	0.00000000	0.00000000	0.00000000	0.00000000	0.00000000	0.00000000	0.00000000	0.00000000
268.43545532	0.00000000	0.00000000	0.00000000	0.00000000	0.00000000	0.00000000	0.00000000	0.00000000
295.27899170	0.00000000	0.00000000	0.00000000	0.00000000	0.00000000	0.00000000	0.00000000	0.00000000
322.12252808	0.00000000	0.00000000	0.00000000	0.00000000	0.00000000	0.00000000	0.00000000	0.00000000
348.96606445	0.00000000	0.00000000	0.00000000	0.00000000	0.00000000	0.00000000	0.00000000	0.00000000
375.80963135	0.00000000	0.00000000	0.00000000	0.00000000	0.00000000	0.00000000	0.00000000	0.00000000
402.65316772	0.00000000	0.00000000	0.00000000	0.00000000	0.00000000	0.00000000	0.00000000	0.00000000
429.49670410	0.00000000	0.00000000	0.00000000	0.00000000	0.00000000	0.00000000	0.00000000	0.00000000
483.18380737	0.00000000	0.00000000	0.00000000	0.00000000	0.00000000	0.00000000	0.00000000	0.00000000
536.87091064	0.00000000	0.00000000	0.00000000	0.00000000	0.00000000	0.00000000	0.00000000	0.00000000
590.55798340	0.00000000	0.00000000	0.00000000	0.00000000	0.00000000	0.00000000	0.00000000	0.00000000
644.24505615	0.00000000	0.00000000	0.00000000	0.00000000	0.00000000	0.00000000	0.00000000	0.00000000
697.93212891	0.00000000	0.00000000	0.00000000	0.00000000	0.00000000	0.00000000	0.00000000	0.00000000
751.61926270	0.00000000	0.00000000	0.00000000	0.00000000	0.00000000	0.00000000	0.00000000	0.00000000
805.30633545	0.00000000	0.00000000	0.00000000	0.00000000	0.00000000	0.00000000	0.00000000	0.00000000
858.99340820	0.00000000	0.00000000	0.00000000	0.00000000	0.00000000	0.00000000	0.00000000	0.00000000
966.36761475	0.00000000	0.00000000	0.00000000	0.00000000	0.00000000	0.00000000	0.00000000	0.00000000
1073.74182129	0.00000000	0.00000000	0.00000000	0.00000000	0.00000000	0.00000000	0.00000000	0.00000000
1181.11596680	0.00000000	0.00000000	0.00000000	0.00000000	0.00000000	0.00000000	0.00000000	0.00000000
1288.49011230	0.00000000	0.00000000	0.00000000	0.00000000	0.00000000	0.00000000	0.00000000	0.00000000
1395.86425781	0.00000000	0.00000000	0.00000000	0.00000000	0.00000000	0.00000000	0.00000000	0.00000000
1503.23852539	0.00000000	0.00000000	0.00000000	0.00000000	0.00000000	0.00000000	0.00000000	0.00000000
1610.61267090	0.00000000	0.00000000	0.00000000	0.00000000	0.00000000	0.00000000	0.00000000	0.00000000
1717.98681641	0.00000000	0.00000000	0.00000000	0.00000000	0.00000000	0.00000000	0.00000000	0.00000000
1932.73522949	0.00000000	0.00000000	0.00000000	0.00000000	0.00000000	0.00000000	0.00000000	0.00000000
2147.48364258	0.00000000	0.00000000	0.00000000	0.00000000	0.00000000	0.00000000	0.00000000	0.00000000
2362.23193359	0.00000000	0.00000000	0.00000000	0.00000000	0.00000000	0.00000000	0.00000000	0.00000000
2576.98022461	0.00000000	0.00000000	0.00000000	0.00000000	0.00000000	0.00000000	0.00000000	0.00000000
2791.72851562	0.00000000	0.00000000	0.00000000	0.00000000	0.00000000	0.00000000	0.00000000	0.00000000
3006.47705078	0.00000000	0.00000000	0.00000000	0.00000000	0.00000000	0.00000000	0.00000000	0.00000000
3221.22534180	0.00000000	0.00000000	0.00000000	0.00000000	0.00000000	0.00000000	0.00000000	0.00000000
3435.97363281	0.00000000	0.00000000	0.00000000	0.00000000	0.00000000	0.00000000	0.00000000	0.00000000
0	0	0	0	0	0	0	0	0
