%4/27/2015 2:14:44 PM
%Duration	ID1		ID2		ID3		ID4		ID5		ID6		ID7		ID8
3000.000000	1.935959	1.573563	4.081726	3.824234	2.355576	6.589890	23.250580	18.692017
%Tau		Tau1		Tau2		Tau3		Tau4		Tau5		Tau6		Tau7		Tau8
%		0.000001	0.000001	0.000001	0.000003	0.000001	0.000005	0.000012	0.000009
%Delaytime	D1		D2		D3		D4		D5		D6		D7		D8
0.00000000	9.83651829	40.72621918	18.94103432	17.65279007	17.21083641	3.34065723	3.38994956	4.33005905
0.00000020	4.47114468	9.64568329	3.11687922	2.86261439	3.65078354	1.26202607	1.54206920	1.78763902
0.00000040	0.00000000	2.14348531	1.19879973	1.90840971	0.52154052	1.78168380	1.67220163	1.44004261
0.00000060	0.89422888	2.14348531	1.43855965	1.66985846	2.08616209	1.63321018	1.56158912	1.61880648
0.00000080	3.57691550	3.21522784	0.47951987	2.14696097	1.04308105	1.70744705	1.61364210	1.53935587
0.00000100	0.89422888	2.14348531	0.95903975	1.90840971	1.04308105	1.55897331	1.51604271	1.44004261
0.00000120	0.00000000	1.07174265	1.43855965	0.47710243	1.04308105	1.48473656	1.58761561	1.57908118
0.00000140	3.57691550	0.00000000	0.71927983	0.23855121	0.52154052	1.18778920	1.28180432	1.60887516
0.00000160	1.78845775	1.07174265	1.67831957	1.43130720	0.52154052	1.48473656	1.29481757	1.35066056
0.00000180	3.57691550	3.21522784	1.43855965	2.38551211	1.56462157	1.55897331	1.36639047	1.38045466
0.00000200	0.89422888	1.07174265	2.15783954	1.90840971	0.52154052	1.41049969	1.44446993	1.32086658
0.00000220	3.57691550	0.00000000	2.63735938	0.71565360	2.08616209	1.33626282	1.57460237	1.24141598
0.00000240	1.78845775	1.07174265	0.71927983	0.95420486	2.08616209	1.93015754	1.42495000	1.28114128
0.00000260	0.89422888	1.07174265	0.47951987	1.90840971	1.56462157	0.81660509	1.30783081	1.48969924
0.00000280	1.78845775	1.07174265	0.47951987	2.38551211	1.04308105	1.78168380	1.62665534	1.38045466
0.00000300	0.00000000	1.07174265	1.43855965	1.43130720	1.04308105	1.41049969	1.28180432	1.39038599
0.00000340	0.89422888	0.00000000	1.31867969	1.31203163	1.30385125	1.37338126	1.31433749	1.52942455
0.00000380	0.44711444	1.07174265	0.71927983	1.66985846	0.52154052	1.26202607	1.45097649	1.41521430
0.00000420	0.89422888	1.07174265	2.03795934	2.02768517	1.30385125	1.26202607	1.35012388	1.25631297
0.00000460	1.78845775	1.07174265	1.19879973	1.07348049	1.30385125	1.26202607	1.42169678	1.50956190
0.00000500	1.34134340	0.00000000	1.91807950	1.90840971	0.78231078	1.37338126	1.37940371	1.37052321
0.00000540	0.89422888	1.60761392	1.31867969	1.78913403	1.30385125	0.92796034	1.38591027	1.42017996
0.00000580	0.89422888	1.07174265	0.83915979	1.31203163	1.30385125	1.33626282	1.31433749	1.26127863
0.00000620	0.89422888	1.60761392	1.19879973	0.95420486	1.56462157	1.44761813	1.44121659	1.35562623
0.00000700	2.23557234	1.07174265	1.19879973	1.96804750	1.56462157	1.37338126	1.31271088	1.21658766
0.00000780	0.89422888	0.80380696	1.55843961	0.65601581	1.17346621	1.44761813	1.30295086	1.27865851
0.00000860	1.56490052	1.07174265	1.31867969	1.13311827	1.04308105	1.44761813	1.25740457	1.16444826
0.00000940	1.34134340	1.07174265	1.13885975	1.43130720	1.56462157	1.33626282	1.23625803	1.26127863
0.00001020	0.67067170	0.26793566	0.83915979	0.71565360	0.65192562	1.26202607	1.25252461	1.21907055
0.00001100	2.45912957	0.80380696	1.13885975	1.37166941	0.91269588	1.28058529	1.24601793	1.26872718
0.00001180	1.34134340	1.07174265	0.59939986	1.19275606	1.43423641	1.16922998	1.18908501	1.29355550
0.00001260	1.34134340	1.33967829	0.65933985	0.77529144	1.56462157	1.02075636	1.24764466	1.22155333
0.00001420	0.55889308	0.93777478	1.22876966	1.55058289	1.43423641	1.21562803	1.21511149	1.19672501
0.00001580	1.34134340	2.00951743	1.13885975	0.86474812	0.58673310	1.11355245	1.20535159	1.17065525
0.00001740	0.78245026	1.20571041	1.07891977	1.07348049	1.62981415	1.18778920	1.16793847	1.11479163
0.00001900	0.89422888	0.80380696	1.22876966	1.49094510	1.17346621	1.05787480	1.20128489	1.21286345
0.00002060	0.78245026	1.47364616	0.86912978	1.28221273	1.17346621	1.03003597	1.14191198	1.15948260
0.00002220	1.11778617	1.20571041	0.77921981	1.07348049	1.23865867	1.06715441	1.15817857	1.08748043
0.00002380	1.22956479	1.33967829	1.04894972	1.01384258	0.97788846	1.24346685	1.12971210	1.16941392
0.00002540	0.78245026	1.20571041	0.98900974	0.86474812	0.78231078	1.09499323	1.08335245	1.11479163
0.00002860	1.23473096	1.12964356	1.06355023	0.99426740	1.06826079	1.08664000	1.08098137	1.13679445
0.00003180	1.06635857	0.79739547	1.19836652	1.20202470	0.51794463	0.90475607	1.03451383	1.10449219
0.00003500	0.78573787	0.73094583	0.74897903	1.15750527	1.13300395	1.00735724	1.05491006	1.09020460
0.00003820	1.57147574	0.99674433	1.22832561	1.03878677	1.00351775	1.08197629	1.05613291	1.06722021
0.00004140	0.72961378	1.12964356	0.88379526	1.15750527	1.32723320	1.08197629	1.06428528	1.08771980
0.00004460	0.78573787	1.12964356	1.48297846	1.03878677	1.23011851	0.89076495	0.99458295	1.06098866
0.00004780	0.72961378	0.86384511	0.97367275	0.89038867	1.26249003	1.05865788	1.00518095	1.06285226
0.00005100	1.17860687	0.66449624	0.79391778	1.30590343	1.06826079	0.97004771	1.01618659	1.04483783
0.00005740	1.37120175	1.32873964	1.11658394	1.06161928	0.85761797	0.96926576	1.02260900	1.00961590
0.00006380	1.06338096	1.06299174	0.92923766	1.03192365	1.03561413	0.95062602	1.00224638	1.01551819
0.00007020	1.00741351	0.69758826	1.05663323	1.00965190	1.00325119	1.02518487	1.03788090	0.98880225
0.00007660	1.09136462	1.09621012	1.16904092	1.00222802	0.82525504	0.93431628	1.04480422	0.99936438
0.00008300	1.23128319	0.93011773	1.04913938	0.98738015	0.92234385	0.92266643	1.01955462	0.99315137
0.00008940	0.89547867	1.39517653	1.11658394	0.93541276	0.84143651	0.93664622	1.00855875	0.99159807
0.00009580	1.00741351	0.99655473	1.01916397	1.00965190	1.32688069	1.08576405	0.99065447	1.03105080
0.00010220	1.14733207	0.83046228	0.91424996	1.00965190	0.90616238	0.96693575	1.00553441	0.98134661
0.00011500	0.82667398	1.01374257	1.07843244	1.05256534	1.16413820	1.08477986	1.00066984	1.01796818
0.00012780	1.23300529	0.93064886	1.13460076	0.95586324	0.91352510	1.00097704	0.99190545	0.99108553
0.00014060	1.05085683	1.01374257	1.04473138	0.95214391	0.97819942	0.99399352	1.00532782	0.97135085
0.00015340	1.17695963	0.99712378	0.92116100	0.94098598	1.09946382	0.99515748	1.00144041	1.00211835
0.00016620	1.09289110	1.19654858	1.11213338	0.95586324	0.94586223	0.98002642	1.00765669	0.99681664
0.00017900	1.07887959	1.13007367	1.00354123	1.07860053	0.83268213	1.00097704	1.00898147	1.00862622
0.00019180	0.79865116	1.13007367	0.93988377	1.03396881	0.92160940	1.02425563	0.99544269	0.97086680
0.00020460	0.74260545	0.93064886	1.09715521	0.98933703	1.01053655	1.00214100	0.98696953	0.99868131
0.00023020	0.89579153	0.97479147	1.08986294	0.98269600	0.89938504	0.97391915	1.00926387	0.98164099
0.00025580	1.02176225	1.11642778	1.03368449	1.09043956	1.05333388	1.00535464	1.00717437	0.98319459
0.00028140	1.02876055	1.01664293	1.05053806	1.06071723	1.14246213	0.99545830	1.00795972	0.97659183
0.00030700	1.04975569	1.14997315	1.01495826	1.00489736	1.09384668	0.95349622	1.00588536	0.98437792
0.00033260	1.10574269	0.93331158	1.04304755	0.96217525	0.97635943	0.96921319	0.99640644	0.99224198
0.00035820	1.09874427	0.93331158	0.90072870	0.98260754	1.04509234	1.03615582	0.99761468	1.00094247
0.00038380	0.93078339	0.96664411	0.88574773	0.99375248	1.04104161	0.99948293	0.99032724	0.99123210
0.00040940	0.99376875	1.01664293	1.03930235	1.01046979	1.04509234	1.02858841	1.01087964	0.99379563
0.00046060	1.01246357	0.99467462	1.01925600	1.10271275	0.97799510	1.02230608	1.00121903	0.99912912
0.00051180	1.08927107	0.84839898	0.99677247	1.03582537	1.02456629	0.97600973	1.00344133	1.01513386
0.00056300	0.93914717	1.13259172	1.00051975	0.96800900	0.93749839	0.99027717	1.00131655	0.99520785
0.00061420	1.07530606	1.01975048	0.99208838	0.95128715	1.08314264	1.02002811	0.99706262	0.99279946
0.00066540	1.02642858	0.93616438	0.99864608	0.96615106	0.97179151	1.02031934	0.99640030	1.01039624
0.00071660	0.85535711	0.93216300	0.99302518	0.99680775	1.01835644	1.01978827	0.99701166	1.00620091
0.00076780	1.03690231	1.03666556	1.01269829	0.98194391	1.03050387	1.01978827	0.99522853	1.01303768
0.00081900	0.96009475	1.01994514	1.05110776	0.96150607	1.04265130	0.99590975	0.99395072	0.99802512
0.00092140	1.00006950	1.02106035	1.02871358	0.96589023	0.97778833	0.99516815	1.00231075	0.99896699
0.00102380	1.03839970	0.96885884	0.98700261	0.94203782	1.01937473	0.99352431	1.00152183	0.99758977
0.00112620	0.90772855	1.09831846	1.01465368	1.02885938	1.00517452	1.03504956	0.99739951	0.99689204
0.00122860	1.02620375	1.00037062	1.02683890	1.02226746	0.96980292	0.99294293	0.99723196	0.99254614
0.00133100	0.95651245	1.04005134	0.97669202	1.00509036	1.04588580	0.99778932	1.00540245	1.00054240
0.00143340	1.05600655	1.05049360	0.95935154	0.99682367	1.03168368	0.98820055	1.00046587	0.99815375
0.00153580	0.98804575	0.96486688	1.01231039	0.99868077	1.00327933	1.00331867	1.00399017	1.00050151
0.00163820	1.00372899	1.11314726	1.00199986	1.00276911	0.98299062	0.99163938	0.99527889	0.99694812
0.00184300	0.99971831	0.99600363	1.00513697	1.00969231	1.03139615	0.99258238	1.00593150	1.00140679
0.00204780	0.95194727	0.97199094	0.98146743	0.98727137	1.03495097	0.99048865	0.99620140	0.99946684
0.00225260	1.05009508	1.02732444	1.01240194	0.99859089	0.99787962	0.98848069	0.99103791	1.00357747
0.00245740	1.03706658	0.97094691	0.98255032	1.01391101	0.99686396	0.99416000	0.99487555	0.99260050
0.00266220	1.00944829	1.03567672	0.99075192	1.00262725	0.97858220	1.00646627	1.00501251	1.00154734
0.00286700	0.98946780	1.01584017	0.99623162	1.04473913	0.93960458	0.99866182	0.99925131	1.00051188
0.00307180	1.01778102	0.99306101	1.01460278	1.02291572	1.03610456	0.99523044	0.99888694	1.00491273
0.00327660	0.99086022	1.02438784	0.98867673	0.98985934	1.00322497	0.99653602	1.00500977	0.99172097
0.00368620	0.98858160	1.01402199	0.98385572	0.99952400	1.00654066	1.00181293	1.00104463	1.00412512
0.00409580	1.02382600	0.99472219	0.99218655	0.99312800	0.95534998	1.00301027	1.00202858	0.99825841
0.00450540	1.02948248	1.01506519	0.99957865	1.01080430	0.99994755	1.01043367	0.99939924	1.00374985
0.00491500	1.00381064	0.96428454	1.00518441	0.99600863	1.01087451	1.00047863	0.99773628	1.00062454
0.00532460	1.04427636	1.01278555	0.99186909	0.99458629	0.96907437	1.00854707	1.00049448	0.99960458
0.00573420	1.00450587	0.97192198	0.99926317	1.00421429	0.98457754	1.01090539	0.99948746	0.99891627
0.00614380	1.01016140	0.99244642	0.99858600	0.98885971	1.01570272	0.99797529	0.99953514	1.00122356
0.00655340	0.97900909	1.02478051	0.99280798	1.00307703	0.98012644	0.99688691	0.99960291	0.99620014
0.00737260	1.00028753	0.97086245	1.02212083	0.99639732	1.00026298	1.00233686	1.00063467	0.99760383
0.00819180	1.00525391	1.00505388	0.99214494	0.99689478	1.00458872	0.99268746	1.00022984	1.00144279
0.00901100	0.97763789	1.01576543	0.99692106	0.99336910	0.97545624	1.00307262	0.99956650	1.00004244
0.00983020	0.99397177	0.98049575	1.00867212	1.00856125	0.99631894	1.00341332	1.00085330	1.00030887
0.01064940	1.01222432	0.99054027	0.99824250	0.99158287	0.99645156	1.00103092	1.00334704	1.00094628
0.01146860	1.02398670	1.01289153	0.99323153	0.99644572	1.00815105	0.99756533	1.00022209	0.99875993
0.01228780	1.01178861	0.99258542	0.99745333	0.99347681	0.99454290	1.00229442	0.99867004	1.00043750
0.01310700	0.99423414	0.98075700	0.99598306	0.99406344	1.00663793	1.00544226	1.00039566	1.00126445
0.01474540	1.01093292	0.99613649	1.00175238	0.99390215	0.99107236	1.00145924	0.99930114	1.00326729
0.01638380	0.98933446	1.00483763	0.99878991	1.00424254	1.00360966	0.99702621	1.00156701	0.99755245
0.01802220	0.98305011	0.99046898	0.99439621	1.00729752	0.98947608	0.99825031	1.00101292	0.99960983
0.01966060	1.01743615	0.99750388	0.99915838	1.01658857	1.01638210	0.99907464	0.99946296	1.00056541
0.02129900	1.00786030	1.00229275	1.00365043	0.99500668	1.00327873	0.99729818	1.00097573	0.99852681
0.02293740	1.00346482	1.03000796	0.99678981	1.00969684	0.98373890	1.00336325	1.00019348	1.00059938
0.02457580	0.99443144	0.97020996	1.00066400	0.99319243	0.98743045	0.99774539	1.00055444	1.00228775
0.02621420	1.00822878	0.98163772	0.99508655	1.00390351	1.00168145	0.99603683	1.00050235	1.00121331
0.02949100	1.00968707	0.99035174	0.99951470	0.99751151	1.00274348	0.99883479	0.99968517	0.99818021
0.03276780	0.99883902	0.99263149	1.00573218	0.99832702	1.00101376	0.99972790	1.00001431	1.00076854
0.03604460	1.01744163	1.00322104	0.99857277	1.00377560	0.99916941	0.99947196	1.00016487	0.99875617
0.03932140	0.98586500	0.99713993	0.99755698	0.99116307	1.00386262	0.99618793	1.00082350	0.99978715
0.04259820	0.99762952	1.00166297	1.00003815	1.00210726	1.00400925	1.00147283	0.99989855	1.00089288
0.04587500	0.99480510	1.00113058	1.01025593	0.99840027	1.00230491	0.99976569	1.00120795	0.99996179
0.04915180	0.98679596	1.00059783	0.99057287	1.00101364	0.99912012	0.99958682	1.00182474	1.00082529
0.05242860	0.99382079	0.98693931	1.00616455	1.00629795	0.99423027	1.00086582	0.99966455	1.00020361
0.05898220	0.99825335	0.99626756	0.99356347	1.00501096	0.99847251	1.00240445	1.00135624	1.00023568
0.06553581	0.99853402	0.99410325	1.00203121	0.99776363	1.00593102	0.99948168	1.00081229	0.99983990
0.07208940	0.99158794	1.00708950	1.00258362	0.99722987	0.99599302	1.00025749	1.00005627	0.99954385
0.07864300	1.00152612	0.99201727	0.99697787	0.99699944	0.99461192	0.99957234	0.99989516	1.00001562
0.08519660	1.00047326	1.00568354	1.00283861	0.99771720	1.00925386	1.00043058	0.99990433	1.00105250
0.09175020	1.00209892	1.00790083	0.99979228	1.00079072	0.99778807	1.00173140	0.99995261	1.00044346
0.09830380	0.99749029	1.00457048	1.00260341	1.00374019	1.00076330	1.00106871	1.00054002	1.00012982
0.10485740	0.99486536	1.00315738	0.99985522	1.00031412	1.00094640	1.00320041	1.00037932	0.99901623
0.11796460	1.00905883	1.00512922	0.99976444	1.00056076	1.00218308	1.00054204	1.00060689	1.00024283
0.13107181	1.00179386	0.99354976	1.00313330	1.00067317	0.99635702	0.99818826	1.00014985	1.00030673
0.14417900	1.00943089	0.99434191	1.00033975	0.99988091	1.00193560	0.99746680	1.00011277	0.99970990
0.15728620	1.00036502	1.00067568	1.00128496	1.00089097	1.00194180	0.99962825	1.00054753	1.00021601
0.17039341	1.00849152	0.99870068	0.99926573	1.00440407	1.00211453	0.99832666	1.00012827	1.00062013
0.18350060	0.99854112	1.00333214	1.00197303	1.00267303	1.00201488	1.00133407	0.99981081	1.00022554
0.19660780	1.00212061	1.00218260	1.00285411	0.99935532	0.99945372	1.00152552	1.00058937	0.99960548
0.20971501	0.99623209	1.00903785	0.99797916	1.00295484	0.99959826	1.00102770	1.00080180	0.99916524
0.23592941	0.99554849	0.99743575	0.99888986	1.00101566	1.00182915	0.99904370	1.00013494	0.99995512
0.26214382	0.99998933	0.99844360	1.00098372	0.99847686	0.99748230	1.00031459	0.99967134	0.99961317
0.28835821	1.00245655	1.00680721	0.99910903	1.00064850	0.99979472	1.00030148	0.99997687	0.99981105
0.31457260	0.99690127	1.00212681	0.99882537	1.00046825	0.99758810	1.00050116	0.99995059	1.00038683
0.34078699	0.99670362	0.99582106	0.99888372	0.99856466	1.00207388	1.00084758	0.99997336	0.99999100
0.36700141	0.99866170	1.00249088	1.00165308	1.00030088	0.99876314	0.99943382	0.99978286	1.00021183
0.39321581	1.00378132	0.99614912	0.99882972	0.99918729	0.99992186	1.00113130	0.99946588	1.00048339
0.41943020	0.99590820	1.00358403	0.99741560	1.00181222	0.99930292	0.99901623	1.00021422	0.99937546
0.47185901	0.99791127	1.00324786	0.99924415	0.99941266	0.99818391	0.99900454	0.99977565	0.99978787
0.52428782	0.99734890	0.99965286	0.99983966	0.99926317	1.00046623	0.99988347	1.00004470	1.00004792
0.57671660	0.99941927	1.00188589	1.00043011	0.99951357	1.00007319	0.99974537	1.00052571	0.99990129
0.62914538	0.99775034	0.99837691	1.00035536	0.99977434	0.99957961	0.99934047	0.99960601	0.99983400
0.68157423	1.00079870	1.00089300	0.99945557	0.99950916	1.00151634	0.99997044	1.00016069	0.99966127
0.73400301	0.99713767	1.00096047	0.99982554	1.00031412	1.00251281	1.00045955	1.00004280	0.99994683
0.78643179	1.00139606	1.00100052	0.99827409	1.00066054	1.00038326	1.00077271	1.00022352	0.99999672
0.83886063	0.99940199	1.00237155	1.00076437	0.99939656	0.99961078	1.00001383	0.99992543	1.00007522
0.94371825	1.00108254	1.00316882	0.99973470	0.99941087	0.99995828	0.99930775	1.00011754	1.00011230
1.04857588	1.00141537	1.00110781	0.99953508	0.99893600	0.99870646	0.99984562	1.00003576	0.99979985
1.15343344	0.99842274	1.00148213	0.99774432	0.99905246	0.99897367	0.99985516	0.99992609	0.99988675
1.25829101	0.99824268	0.99934399	0.99936759	0.99798828	0.99702728	0.99989879	1.00009358	0.99985349
1.36314869	1.00043905	1.00095332	0.99921429	0.99821144	1.00006628	0.99936861	0.99989218	1.00030327
1.46800625	0.99701929	1.00046408	1.00090325	0.99922097	1.00066805	1.00024021	1.00022840	1.00003839
1.57286382	0.99850976	0.99935752	1.00031543	0.99972409	1.00049174	1.00051343	0.99991286	0.99966562
1.67772150	0.99948984	0.99938339	1.00124192	1.00135171	0.99908906	0.99967140	0.99994022	1.00017309
1.88743675	1.00184441	1.00041068	1.00049758	1.00056458	0.99847418	0.99967432	0.99978912	1.00004232
2.09715199	1.00362122	0.99926817	0.99964374	0.99982947	1.00072360	1.00008249	0.99989510	0.99977553
2.30686712	1.00033426	1.00074971	1.00017786	1.00100160	1.00004280	1.00032318	0.99987972	1.00020230
2.51658225	0.99888527	0.99825805	1.00009871	1.00158751	1.00115740	0.99966908	1.00060236	1.00009727
2.72629738	1.00029707	0.99913543	0.99946737	1.00102663	1.00042260	1.00012267	1.00048232	1.00011826
2.93601274	0.99895245	1.00072455	0.99934620	0.99810261	1.00001073	1.00064290	0.99998271	0.99985880
3.14572787	1.00033021	1.00033593	0.99987286	0.99901134	1.00151277	1.00037801	0.99963892	1.00015163
3.35544300	0.99776000	1.00152552	1.00127065	0.99987113	0.99962622	0.99949485	1.00019109	1.00005507
3.77487350	0.99977839	1.00086486	1.00004804	0.99916041	0.99980015	0.99995458	1.00007915	1.00001168
4.19430399	1.00036037	0.99951756	0.99969816	1.00113809	0.99979931	0.99982941	0.99970049	0.99975735
4.61373425	0.99972153	1.00035644	1.00019586	1.00053859	1.00010145	1.00008667	0.99999571	1.00000632
5.03316450	1.00000000	1.00000000	1.00000000	1.00000000	1.00000000	1.00000000	1.00000000	1.00000000
5.45259476	0.00000000	0.00000000	0.00000000	0.00000000	0.00000000	0.00000000	0.00000000	0.00000000
5.87202549	0.00000000	0.00000000	0.00000000	0.00000000	0.00000000	0.00000000	0.00000000	0.00000000
6.29145575	0.00000000	0.00000000	0.00000000	0.00000000	0.00000000	0.00000000	0.00000000	0.00000000
6.71088600	0.00000000	0.00000000	0.00000000	0.00000000	0.00000000	0.00000000	0.00000000	0.00000000
7.54974699	0.00000000	0.00000000	0.00000000	0.00000000	0.00000000	0.00000000	0.00000000	0.00000000
8.38860798	0.00000000	0.00000000	0.00000000	0.00000000	0.00000000	0.00000000	0.00000000	0.00000000
9.22746849	0.00000000	0.00000000	0.00000000	0.00000000	0.00000000	0.00000000	0.00000000	0.00000000
10.06632900	0.00000000	0.00000000	0.00000000	0.00000000	0.00000000	0.00000000	0.00000000	0.00000000
10.90518951	0.00000000	0.00000000	0.00000000	0.00000000	0.00000000	0.00000000	0.00000000	0.00000000
11.74405098	0.00000000	0.00000000	0.00000000	0.00000000	0.00000000	0.00000000	0.00000000	0.00000000
12.58291149	0.00000000	0.00000000	0.00000000	0.00000000	0.00000000	0.00000000	0.00000000	0.00000000
13.42177200	0.00000000	0.00000000	0.00000000	0.00000000	0.00000000	0.00000000	0.00000000	0.00000000
15.09949398	0.00000000	0.00000000	0.00000000	0.00000000	0.00000000	0.00000000	0.00000000	0.00000000
16.77721596	0.00000000	0.00000000	0.00000000	0.00000000	0.00000000	0.00000000	0.00000000	0.00000000
18.45493698	0.00000000	0.00000000	0.00000000	0.00000000	0.00000000	0.00000000	0.00000000	0.00000000
20.13265800	0.00000000	0.00000000	0.00000000	0.00000000	0.00000000	0.00000000	0.00000000	0.00000000
21.81037903	0.00000000	0.00000000	0.00000000	0.00000000	0.00000000	0.00000000	0.00000000	0.00000000
23.48810196	0.00000000	0.00000000	0.00000000	0.00000000	0.00000000	0.00000000	0.00000000	0.00000000
25.16582298	0.00000000	0.00000000	0.00000000	0.00000000	0.00000000	0.00000000	0.00000000	0.00000000
26.84354401	0.00000000	0.00000000	0.00000000	0.00000000	0.00000000	0.00000000	0.00000000	0.00000000
30.19898796	0.00000000	0.00000000	0.00000000	0.00000000	0.00000000	0.00000000	0.00000000	0.00000000
33.55443192	0.00000000	0.00000000	0.00000000	0.00000000	0.00000000	0.00000000	0.00000000	0.00000000
36.90987396	0.00000000	0.00000000	0.00000000	0.00000000	0.00000000	0.00000000	0.00000000	0.00000000
40.26531601	0.00000000	0.00000000	0.00000000	0.00000000	0.00000000	0.00000000	0.00000000	0.00000000
43.62075806	0.00000000	0.00000000	0.00000000	0.00000000	0.00000000	0.00000000	0.00000000	0.00000000
46.97620392	0.00000000	0.00000000	0.00000000	0.00000000	0.00000000	0.00000000	0.00000000	0.00000000
50.33164597	0.00000000	0.00000000	0.00000000	0.00000000	0.00000000	0.00000000	0.00000000	0.00000000
53.68708801	0.00000000	0.00000000	0.00000000	0.00000000	0.00000000	0.00000000	0.00000000	0.00000000
60.39797592	0.00000000	0.00000000	0.00000000	0.00000000	0.00000000	0.00000000	0.00000000	0.00000000
67.10886383	0.00000000	0.00000000	0.00000000	0.00000000	0.00000000	0.00000000	0.00000000	0.00000000
73.81974792	0.00000000	0.00000000	0.00000000	0.00000000	0.00000000	0.00000000	0.00000000	0.00000000
80.53063202	0.00000000	0.00000000	0.00000000	0.00000000	0.00000000	0.00000000	0.00000000	0.00000000
87.24151611	0.00000000	0.00000000	0.00000000	0.00000000	0.00000000	0.00000000	0.00000000	0.00000000
93.95240784	0.00000000	0.00000000	0.00000000	0.00000000	0.00000000	0.00000000	0.00000000	0.00000000
100.66329193	0.00000000	0.00000000	0.00000000	0.00000000	0.00000000	0.00000000	0.00000000	0.00000000
107.37417603	0.00000000	0.00000000	0.00000000	0.00000000	0.00000000	0.00000000	0.00000000	0.00000000
120.79595184	0.00000000	0.00000000	0.00000000	0.00000000	0.00000000	0.00000000	0.00000000	0.00000000
134.21772766	0.00000000	0.00000000	0.00000000	0.00000000	0.00000000	0.00000000	0.00000000	0.00000000
147.63949585	0.00000000	0.00000000	0.00000000	0.00000000	0.00000000	0.00000000	0.00000000	0.00000000
161.06126404	0.00000000	0.00000000	0.00000000	0.00000000	0.00000000	0.00000000	0.00000000	0.00000000
174.48303223	0.00000000	0.00000000	0.00000000	0.00000000	0.00000000	0.00000000	0.00000000	0.00000000
187.90481567	0.00000000	0.00000000	0.00000000	0.00000000	0.00000000	0.00000000	0.00000000	0.00000000
201.32658386	0.00000000	0.00000000	0.00000000	0.00000000	0.00000000	0.00000000	0.00000000	0.00000000
214.74835205	0.00000000	0.00000000	0.00000000	0.00000000	0.00000000	0.00000000	0.00000000	0.00000000
241.59190369	0.00000000	0.00000000	0.00000000	0.00000000	0.00000000	0.00000000	0.00000000	0.00000000
268.43545532	0.00000000	0.00000000	0.00000000	0.00000000	0.00000000	0.00000000	0.00000000	0.00000000
295.27899170	0.00000000	0.00000000	0.00000000	0.00000000	0.00000000	0.00000000	0.00000000	0.00000000
322.12252808	0.00000000	0.00000000	0.00000000	0.00000000	0.00000000	0.00000000	0.00000000	0.00000000
348.96606445	0.00000000	0.00000000	0.00000000	0.00000000	0.00000000	0.00000000	0.00000000	0.00000000
375.80963135	0.00000000	0.00000000	0.00000000	0.00000000	0.00000000	0.00000000	0.00000000	0.00000000
402.65316772	0.00000000	0.00000000	0.00000000	0.00000000	0.00000000	0.00000000	0.00000000	0.00000000
429.49670410	0.00000000	0.00000000	0.00000000	0.00000000	0.00000000	0.00000000	0.00000000	0.00000000
483.18380737	0.00000000	0.00000000	0.00000000	0.00000000	0.00000000	0.00000000	0.00000000	0.00000000
536.87091064	0.00000000	0.00000000	0.00000000	0.00000000	0.00000000	0.00000000	0.00000000	0.00000000
590.55798340	0.00000000	0.00000000	0.00000000	0.00000000	0.00000000	0.00000000	0.00000000	0.00000000
644.24505615	0.00000000	0.00000000	0.00000000	0.00000000	0.00000000	0.00000000	0.00000000	0.00000000
697.93212891	0.00000000	0.00000000	0.00000000	0.00000000	0.00000000	0.00000000	0.00000000	0.00000000
751.61926270	0.00000000	0.00000000	0.00000000	0.00000000	0.00000000	0.00000000	0.00000000	0.00000000
805.30633545	0.00000000	0.00000000	0.00000000	0.00000000	0.00000000	0.00000000	0.00000000	0.00000000
858.99340820	0.00000000	0.00000000	0.00000000	0.00000000	0.00000000	0.00000000	0.00000000	0.00000000
966.36761475	0.00000000	0.00000000	0.00000000	0.00000000	0.00000000	0.00000000	0.00000000	0.00000000
1073.74182129	0.00000000	0.00000000	0.00000000	0.00000000	0.00000000	0.00000000	0.00000000	0.00000000
1181.11596680	0.00000000	0.00000000	0.00000000	0.00000000	0.00000000	0.00000000	0.00000000	0.00000000
1288.49011230	0.00000000	0.00000000	0.00000000	0.00000000	0.00000000	0.00000000	0.00000000	0.00000000
1395.86425781	0.00000000	0.00000000	0.00000000	0.00000000	0.00000000	0.00000000	0.00000000	0.00000000
1503.23852539	0.00000000	0.00000000	0.00000000	0.00000000	0.00000000	0.00000000	0.00000000	0.00000000
1610.61267090	0.00000000	0.00000000	0.00000000	0.00000000	0.00000000	0.00000000	0.00000000	0.00000000
1717.98681641	0.00000000	0.00000000	0.00000000	0.00000000	0.00000000	0.00000000	0.00000000	0.00000000
1932.73522949	0.00000000	0.00000000	0.00000000	0.00000000	0.00000000	0.00000000	0.00000000	0.00000000
2147.48364258	0.00000000	0.00000000	0.00000000	0.00000000	0.00000000	0.00000000	0.00000000	0.00000000
2362.23193359	0.00000000	0.00000000	0.00000000	0.00000000	0.00000000	0.00000000	0.00000000	0.00000000
2576.98022461	0.00000000	0.00000000	0.00000000	0.00000000	0.00000000	0.00000000	0.00000000	0.00000000
2791.72851562	0.00000000	0.00000000	0.00000000	0.00000000	0.00000000	0.00000000	0.00000000	0.00000000
3006.47705078	0.00000000	0.00000000	0.00000000	0.00000000	0.00000000	0.00000000	0.00000000	0.00000000
3221.22534180	0.00000000	0.00000000	0.00000000	0.00000000	0.00000000	0.00000000	0.00000000	0.00000000
3435.97363281	0.00000000	0.00000000	0.00000000	0.00000000	0.00000000	0.00000000	0.00000000	0.00000000
0	0	0	0	0	0	0	0	0
