%1/16/2015 11:11:59 AM
%Duration	ID1		ID2		ID3		ID4		ID5		ID6		ID7		ID8
3000.000000	2.460480	3.795624	10.089874	4.539490	3.480911	12.588501	17.776489	17.528534
%Tau		Tau1		Tau2		Tau3		Tau4		Tau5		Tau6		Tau7		Tau8
%		0.000001	0.000001	0.000001	0.000001	0.000002	0.000029	0.000038	0.000024
%Delaytime	D1		D2		D3		D4		D5		D6		D7		D8
0.00000000	10.76680756	17.83899307	8.71257687	12.90887547	17.93175316	2.38153315	3.90613627	4.61575365
0.00000020	3.23004222	3.61027217	2.84187055	3.22721887	2.86908054	1.61530066	1.56913161	1.76612175
0.00000040	3.23004222	2.33605862	1.60790038	2.42041421	1.79317534	1.47033775	1.36881697	1.56025481
0.00000060	1.61502111	1.48658264	1.19657707	1.93633139	1.43454027	1.42891979	1.45784569	1.59276009
0.00000080	1.61502111	0.21236895	1.75747252	0.96816570	1.07590520	1.11828506	1.32430255	1.33271766
0.00000100	1.61502111	2.54842758	1.08439791	0.96816570	1.79317534	1.42891979	1.45784569	1.33271766
0.00000120	2.69170189	1.69895160	1.15918398	0.80680472	0.71727014	1.32537496	1.46897435	1.37605810
0.00000140	1.07668078	1.27421379	1.57050741	1.29088759	0.71727014	1.38750184	1.44671714	1.58192503
0.00000160	0.00000000	1.48658264	1.57050741	1.61360943	1.07590520	1.44962883	1.54687452	1.30021238
0.00000180	0.00000000	0.84947580	1.15918398	1.61360943	1.43454027	1.40821087	1.39107418	1.39772832
0.00000200	1.61502111	0.84947580	1.23397005	1.77497041	3.22771573	1.47033775	1.50236011	1.64693570
0.00000220	1.61502111	1.27421379	1.27136314	1.77497041	1.79317534	1.15970302	1.43558848	1.27854216
0.00000240	0.53834039	0.84947580	1.04700494	0.64544380	0.71727014	1.26324797	1.30204546	1.22436666
0.00000260	0.00000000	1.06184483	1.30875611	0.48408285	1.79317534	1.28395700	1.64703178	1.47357404
0.00000280	1.07668078	1.48658264	1.23397005	1.77497041	2.51044559	1.28395700	1.52461731	1.33271766
0.00000300	1.61502111	1.91132057	1.30875611	1.12952662	1.07590520	1.44962883	1.48010290	1.32188261
0.00000340	1.34585094	0.95566028	1.02830839	0.48408285	1.61385787	1.19076657	1.36881697	1.39772832
0.00000380	0.80751055	0.63710690	1.10309446	1.04884613	1.43454027	1.27360249	1.38550985	1.44648623
0.00000420	1.88419127	1.48658264	1.19657707	1.21020710	1.07590520	1.48069227	1.37994552	1.39231074
0.00000460	1.34585094	0.63710690	1.38354218	1.12952662	1.43454027	1.29431140	1.46341002	1.64693570
0.00000500	1.61502111	1.16802931	1.14048743	1.53292894	0.71727014	1.57388270	1.41889560	1.44106865
0.00000540	1.34585094	1.80513608	1.25266659	1.37156808	1.79317534	1.40821087	1.29091680	1.37064052
0.00000580	1.61502111	1.59276712	1.19657707	0.96816570	0.89658767	1.40821087	1.49123144	1.43565118
0.00000620	0.53834039	1.16802931	1.34614921	0.56476331	0.89658767	1.23218453	1.30760968	1.38147569
0.00000700	1.21126580	1.22112155	1.29005957	1.57326925	1.25522280	1.39785635	1.44393492	1.30021238
0.00000780	1.07668078	0.63710690	1.22462177	1.37156808	1.52419901	1.44962883	1.43558848	1.35709667
0.00000860	1.34585094	1.27421379	1.33680093	0.76646447	1.34488153	1.48069227	1.37994552	1.35709667
0.00000940	1.48043597	1.32730603	1.31810439	1.16986692	1.25522280	1.49622405	1.39107418	1.44377744
0.00001020	0.94209564	1.32730603	1.15918398	1.16986692	0.80692893	1.39785635	1.43002427	1.32730007
0.00001100	1.07668078	1.06184483	1.32745266	1.12952662	1.34488153	1.38750184	1.39942062	1.38960195
0.00001180	2.28794646	1.22112155	1.22462177	1.00850594	1.70351660	1.40303361	1.31039190	1.39501953
0.00001260	1.07668078	0.90256804	1.07504964	0.92782545	1.43454027	1.49622405	1.29091680	1.35709667
0.00001420	1.48043597	1.11493707	1.21059942	1.49258876	1.16556394	1.41597676	1.42724204	1.35574222
0.00001580	1.00938821	0.92911416	1.13581336	1.21020710	1.12073457	1.31243181	1.39385629	1.33000886
0.00001740	1.34585094	1.38039827	1.19657707	1.27071750	1.34488153	1.29172277	1.34238660	1.30833864
0.00001900	2.01877642	0.95566028	1.27136314	1.14969671	1.16556394	1.49104679	1.30760968	1.31511056
0.00002060	1.61502111	1.03529871	1.25734067	1.14969671	1.07590520	1.41856539	1.31595612	1.20811403
0.00002220	1.27855837	0.98220640	1.31343031	1.21020710	1.70351660	1.28136837	1.22275424	1.29344046
0.00002380	1.07668078	1.32730603	1.14983571	1.12952662	1.43454027	1.37714744	1.31317401	1.24874556
0.00002540	1.00938821	0.79638356	1.08439791	1.35139799	1.30005217	1.14158273	1.27144182	1.27989650
0.00002860	1.07872474	1.23208821	1.12464976	1.16634405	1.17307162	1.30996680	1.24337864	1.28341925
0.00003180	1.01130450	1.05986083	1.19011796	1.17648613	0.94748092	1.29829383	1.30680203	1.23583484
0.00003500	1.21356535	1.05986083	1.09659195	1.06492281	1.08283532	1.25419593	1.24477255	1.25078988
0.00003820	1.01130450	0.91412991	1.08022487	0.98378581	1.03771722	1.23084998	1.20643961	1.22427857
0.00004140	1.21356535	1.15259862	1.20648491	1.16634405	1.39866233	1.21528602	1.22665155	1.17329526
0.00004460	1.04501462	1.05986083	1.17141271	0.86208034	0.99259907	1.19194007	1.19389439	1.18553126
0.00004780	0.77533340	1.09960556	1.20414686	1.30833375	1.30842602	1.19194007	1.18483388	1.18009305
0.00005100	1.17985523	1.16584682	1.06853414	1.32861793	0.92492187	1.12319922	1.19807613	1.18077290
0.00005740	1.04246974	1.09848523	1.12851954	1.09133255	1.01673579	1.11851680	1.12058139	1.13265240
0.00006380	1.07609785	1.01245928	1.09226656	1.03042102	1.02803290	1.10489213	1.13242471	1.13537097
0.00007020	1.14335394	1.02569401	1.11682498	1.09133255	0.93765634	1.15484905	1.12613273	1.11702025
0.00007660	0.80707335	0.92643332	1.03613293	1.06595278	1.02803290	1.08283317	1.10488498	1.09187281
0.00008300	0.99202764	0.95952022	1.05835247	1.08118069	1.14100349	1.04520333	1.06622100	1.08949399
0.00008940	0.85751545	0.91319859	1.05714524	0.92382568	0.94895339	1.05169117	1.05714393	1.04431677
0.00009580	0.92477155	1.06539834	1.02440178	0.93905360	1.16359758	1.07439888	1.06408954	1.05417204
0.00010220	0.82388735	0.97275501	1.06766999	1.04057288	0.99414164	1.03287625	1.04458416	1.06096876
0.00011500	1.26139355	1.01708901	1.04020751	0.99378014	1.15692186	1.05810797	1.04360545	1.02407408
0.00012780	1.13525426	1.02039123	1.09054959	1.00899112	1.15127838	1.05486321	1.01680171	1.02356458
0.00014060	1.08479846	0.92132413	1.00508511	1.00899112	0.96504211	1.04645479	1.05091548	1.01609206
0.00015340	1.09320784	0.98076439	1.00567043	1.07236993	0.89731985	1.03120410	1.01678193	1.01388419
0.00016620	1.00070560	1.02699578	1.03728056	0.95321769	1.09484315	1.05489123	1.01974070	1.00318491
0.00017900	0.99229628	1.05011141	1.00625587	1.06222928	1.07791257	1.00459659	1.01399708	0.99537277
0.00019180	0.96706843	0.97746217	1.01500022	1.03941298	1.03840792	1.00200069	1.02496207	1.00675142
0.00020460	0.93343127	0.92792863	0.99392754	1.12307298	0.87474579	1.00913930	0.99241531	1.00420392
0.00023020	1.03111506	0.98441899	0.99084270	1.03165662	0.92318094	1.01103055	0.99792373	1.00862908
0.00025580	0.91327339	0.96456516	1.01511657	0.96085668	1.04983687	0.99577588	0.99314022	0.99327487
0.00028140	0.92589927	0.98772800	1.01365435	1.03418517	0.94288296	1.02385104	1.00679493	1.02205193
0.00030700	1.04374099	1.00427282	1.00839007	0.98867095	0.98510158	1.00648665	1.00201142	1.01238108
0.00033260	0.98902875	1.01254523	0.97768217	1.08854949	1.05828059	0.99042046	1.01112390	1.00667799
0.00035820	0.97219425	1.04894400	1.00985241	0.98108524	0.98228705	1.01865792	1.01534593	0.99768603
0.00038380	0.99323744	0.98938245	0.96598393	0.98361385	0.95695585	1.02450013	0.99603915	1.00262547
0.00040940	1.06478417	0.96787417	0.98411620	1.02912807	1.10612833	0.98925817	1.00934517	0.99677205
0.00046060	1.09709179	1.00515223	0.99879241	0.99343306	1.08469284	0.98626262	1.00741482	1.00353479
0.00051180	1.05708277	1.04658473	1.00160468	0.98592281	1.08469284	1.00030911	0.99406326	0.98217034
0.00056300	0.94337261	1.01426733	1.02001762	1.00495744	1.05370164	1.00204086	0.98886865	1.00099134
0.00061420	1.04444826	1.01178145	1.00054598	1.02960730	1.03961480	1.00480151	0.99636829	1.00419366
0.00066540	1.02128506	0.96206242	0.98724824	1.01190996	0.98456663	0.99909127	1.00415301	0.98264122
0.00071660	1.02339089	1.00109410	1.02100408	0.98473191	0.94371909	0.99302810	0.99878430	1.00593162
0.00076780	0.96021855	0.98949200	1.02367091	0.99793082	0.99160933	1.00942969	0.98784411	0.99381256
0.00081900	0.92442095	1.00855255	1.01446450	1.01689088	1.01414585	1.00466585	1.00393558	0.97836477
0.00092140	0.97206354	1.00850928	0.99122453	0.99483567	0.94674599	0.99620312	1.00004637	0.99603456
0.00102380	1.01208353	0.97001040	0.99926132	0.99807405	0.98901147	0.99332178	1.00289619	0.99955958
0.00112620	1.01327395	0.97241706	0.97982126	0.97465700	1.00098670	0.99238843	1.00958371	1.00015152
0.00122860	0.98167503	0.99730825	0.99052906	1.03217363	1.01718843	1.00249326	1.00960958	1.00978303
0.00133100	1.06277907	0.97117245	0.99900639	0.98629224	0.94463271	1.00192511	0.99506253	1.00492585
0.00143340	0.99852782	1.01182818	1.00054109	1.00211346	0.95741850	1.00215471	0.99435055	1.00863767
0.00153580	1.03012681	0.98527747	1.01829958	1.01041543	0.98137158	1.01254392	0.99384630	1.00357032
0.00163820	0.97956842	1.02593315	1.01585162	0.98383391	1.00109768	0.98850459	1.00012064	1.01099551
0.00184300	1.02853012	0.98640311	0.99945432	1.01474690	1.01822627	1.00021267	1.00366282	0.99584407
0.00204780	0.99475586	1.02246034	1.01358938	0.98890245	0.97606361	1.00606573	1.00583267	0.99897587
0.00225260	0.97509789	1.01175749	0.98718166	1.00344276	0.98249680	1.00000191	1.00293732	0.99867529
0.00245740	1.04671633	1.01113498	0.99360913	1.01686978	1.00885129	1.00373745	0.99218851	1.00397837
0.00266220	0.97813112	1.03001726	1.00394630	0.96453345	0.98752564	1.00346708	0.99604207	1.00728548
0.00286700	0.94318300	1.00055265	0.99704266	0.99021828	1.03321183	0.99686927	1.00389075	1.00846124
0.00307180	1.03655171	1.00760758	0.99481553	0.98262918	0.99114972	0.99189746	0.99874836	0.99816728
0.00327660	0.99646121	0.97386831	0.99927169	0.98959696	0.99396151	1.00782609	1.00144005	0.99850637
0.00368620	1.00770485	1.00360823	0.98839200	0.98465633	1.01072013	1.00176442	0.99732083	1.00138807
0.00409580	0.96325111	0.97681624	0.99679267	1.02079713	1.00334013	0.99610579	0.99999124	1.00578618
0.00450540	0.99863374	1.00497758	1.00471735	0.99830049	0.97241402	0.99878961	1.00331819	0.99880570
0.00491500	0.99928755	1.00670779	1.00608563	0.99720031	0.97832096	0.99506336	1.00014830	0.99788064
0.00532460	1.01375473	0.99776942	1.00736678	0.99727923	1.02207911	0.99484432	1.00155640	0.99920899
0.00573420	1.01664817	0.99437815	1.00095427	0.99901092	0.98394448	0.99820793	0.99584186	1.00324249
0.00614380	0.99231404	0.99801522	1.00628650	1.00122106	1.00274825	0.99543279	0.99940783	1.00333929
0.00655340	0.99915212	1.01039922	0.99832380	1.00523818	1.00391376	0.99556851	0.99565101	0.99885738
0.00737260	0.99781126	0.99418366	1.00226688	0.98959559	1.00941861	0.99795127	1.00055993	0.99674404
0.00819180	1.00425327	1.01372337	0.99965417	0.99659842	0.99558091	1.00443077	1.00213206	1.00250101
0.00901100	1.01108038	0.99833614	1.00096881	0.98828125	1.00055861	0.99792695	0.99570405	1.00245404
0.00983020	0.97744679	0.99630892	0.99812120	1.00557554	1.01783991	1.00001013	1.00292122	1.00074220
0.01064940	1.00806379	1.00571740	0.99367583	1.00182688	0.99746853	0.99993038	1.00111175	1.00046825
0.01146860	1.01017678	0.99733466	1.00265718	1.00719750	0.97741431	1.00134683	0.99995232	0.99990320
0.01228780	0.99361652	0.98810834	0.99730378	0.99871445	1.00291431	0.99981523	1.00018775	1.00137699
0.01310700	1.01279402	0.99430847	0.99919945	1.00403666	1.01423919	0.99575824	1.00036621	1.00085294
0.01474540	0.99537396	1.00653136	1.00384414	1.00201058	1.00384569	0.99838495	1.00189936	1.00046504
0.01638380	0.99431998	0.99832231	1.00157726	0.99058998	1.00342762	1.00410211	0.99868053	0.99913275
0.01802220	0.99687713	0.99503201	0.99763715	0.99880350	0.99421990	0.99965471	1.00027883	1.00147259
0.01966060	0.99956894	0.99333769	1.00297248	0.99584347	1.00140834	0.99936253	1.00059080	0.99790674
0.02129900	1.01388133	1.01161325	0.99865109	1.00113642	1.00500298	0.99703109	1.00116205	0.99844962
0.02293740	1.00889695	0.99340969	1.00217700	0.99877846	1.01309824	0.99949157	0.99847603	1.00015581
0.02457580	1.00667429	1.00368214	1.00120139	1.00803435	1.00174570	0.99778974	1.00164366	1.00149703
0.02621420	1.00784123	0.99816185	1.00492990	0.99297357	1.00330174	0.99729651	0.99779683	1.00283146
0.02949100	0.99830389	0.99488866	1.00070059	1.00450599	1.00372910	1.00247419	1.00318003	1.00065041
0.03276780	0.98956728	0.99429214	0.99946028	0.99341983	0.99829280	1.00050855	0.99950951	1.00246096
0.03604460	1.00748241	1.00047314	1.00127804	0.99714112	1.00057936	1.00051522	0.99997246	0.99992162
0.03932140	1.00072598	0.99969113	1.00260246	0.99932057	1.00597310	1.00035715	1.00054622	1.00066841
0.04259820	0.98748350	1.00049996	0.99800742	0.99544561	0.99849641	1.00311661	1.00248170	1.00004983
0.04587500	1.00791717	0.99678671	0.99908364	0.99979025	0.99321198	1.00005400	0.99957478	1.00002587
0.04915180	1.01166189	1.00304258	0.99955589	1.00178814	1.00040174	1.00084662	1.00162017	1.00013661
0.05242860	0.98943877	0.99986678	1.00320292	0.99590373	1.00086677	1.00132549	1.00002480	0.99890977
0.05898220	1.00031102	0.99955958	0.99958873	0.99983513	1.00115180	0.99773538	1.00028598	1.00065076
0.06553581	1.00160491	1.00090432	0.99979937	1.00163496	1.00008190	0.99998564	1.00006866	1.00079310
0.07208940	0.99827540	1.00012410	1.00070822	1.00110531	0.99996948	0.99991453	1.00059211	0.99994832
0.07864300	1.00163019	0.99524081	0.99974716	0.99867141	1.00219011	1.00079799	1.00049007	1.00114012
0.08519660	0.99832481	0.99803746	1.00249171	1.00150144	1.00063956	1.00051165	1.00019586	0.99963576
0.09175020	1.00357556	0.99650913	1.00117707	1.00080442	1.00379157	0.99790066	1.00068247	1.00073695
0.09830380	1.00626314	0.99876171	1.00054443	1.00197983	1.00402343	1.00352240	1.00080943	0.99913156
0.10485740	1.00667226	0.99686307	1.00052834	1.00070035	1.00201857	1.00010121	1.00020432	1.00171912
0.11796460	1.00039351	1.00059807	0.99932593	1.00195050	0.99707592	0.99924135	1.00019419	1.00109947
0.13107181	0.99584079	0.99981874	1.00062406	0.99824518	0.99965096	0.99960494	1.00075305	1.00095141
0.14417900	1.00211561	1.00011182	0.99882501	0.99979913	1.00096655	0.99995655	1.00072134	1.00030851
0.15728620	0.99860060	1.00095010	1.00066662	0.99946952	1.00191379	0.99897075	0.99987078	1.00069439
0.17039341	0.99595469	0.99907798	1.00126064	0.99956977	0.99952585	0.99901128	1.00044322	1.00033200
0.18350060	0.99249279	0.99896103	1.00082266	0.99833667	0.99855912	0.99902689	0.99989730	1.00103903
0.19660780	0.99485642	1.00114048	1.00043654	1.00299788	0.99798810	1.00007451	1.00064933	1.00014758
0.20971501	0.99851549	1.00059724	0.99989927	0.99977857	1.00264692	1.00120008	0.99954718	1.00133193
0.23592941	0.99811447	1.00002205	1.00004888	0.99815404	1.00040174	0.99984586	1.00052035	1.00041175
0.26214382	1.00261056	1.00016379	1.00150037	1.00031030	0.99874049	0.99940246	0.99951392	1.00061977
0.28835821	0.99874181	0.99963874	0.99969721	0.99961019	0.99615759	0.99996531	1.00028718	1.00110543
0.31457260	0.99778420	0.99930435	0.99939716	1.00083053	0.99895155	1.00063455	1.00067270	1.00057101
0.34078699	1.00146925	0.99978703	0.99994361	1.00092769	0.99768770	1.00056088	1.00026977	1.00022304
0.36700141	1.00220454	0.99998879	0.99932975	1.00005913	0.99785095	0.99990195	1.00040901	1.00051022
0.39321581	0.99955302	1.00133383	0.99928367	0.99904996	0.99737865	1.00001991	1.00031686	1.00034666
0.41943020	1.00157809	0.99900430	1.00072002	1.00020039	1.00032389	1.00030982	1.00022304	0.99988353
0.47185901	1.00274122	0.99938333	0.99996001	0.99940819	0.99963570	1.00023878	1.00012934	1.00044775
0.52428782	0.99818701	1.00110495	0.99955201	1.00043380	0.99657351	0.99981171	0.99994349	1.00036728
0.57671660	0.99982858	0.99890333	1.00024021	1.00059640	1.00126553	0.99992335	1.00060093	1.00010407
0.62914538	0.99935269	1.00022840	0.99977028	1.00088787	1.00109649	0.99979067	1.00017464	0.99976039
0.68157423	0.99947852	1.00087440	0.99935299	1.00012088	1.00210011	0.99990100	1.00035429	1.00038803
0.73400301	1.00114429	0.99875522	0.99976867	0.99919146	1.00017273	1.00014639	1.00016904	0.99990785
0.78643179	0.99895597	1.00007284	0.99891132	1.00006855	1.00123727	1.00008976	1.00062871	1.00020087
0.83886063	0.99831820	1.00218296	0.99969459	0.99911934	1.00221884	1.00061893	1.00015843	1.00023413
0.94371825	1.00077856	1.00024259	0.99966872	1.00098979	1.00005054	1.00020301	0.99988919	1.00009108
1.04857588	1.00052905	0.99987340	0.99936640	0.99989945	0.99969321	0.99946010	1.00022745	0.99960995
1.15343344	0.99879038	1.00036013	0.99989092	0.99987310	0.99922210	0.99973196	1.00011146	0.99922228
1.25829101	0.99994993	0.99924266	0.99970186	0.99999243	0.99814832	1.00032485	0.99960709	0.99966753
1.36314869	1.00118864	0.99973786	0.99958670	1.00010955	0.99965477	1.00003529	0.99962252	0.99967957
1.46800625	1.00207448	1.00003636	0.99982840	0.99979377	0.99997908	0.99950111	0.99963260	0.99939972
1.57286382	1.00198340	0.99995697	1.00003231	0.99972141	1.00056744	0.99994516	0.99955499	0.99982995
1.67772150	0.99882185	1.00064707	1.00016510	1.00034845	1.00209761	1.00019777	0.99935836	0.99962687
1.88743675	1.00191247	0.99977201	1.00003064	0.99990004	0.99985987	1.00001895	0.99944854	0.99975157
2.09715199	0.99870545	0.99949074	1.00042820	1.00018513	0.99768788	1.00011313	0.99942476	0.99978942
2.30686712	0.99993581	1.00053108	0.99991077	1.00009656	1.00026560	0.99981701	0.99952054	1.00034451
2.51658225	1.00032020	1.00044167	0.99976635	0.99934417	1.00222814	1.00035000	0.99959302	1.00024688
2.72629738	0.99875224	0.99951327	0.99958420	1.00053620	0.99837965	0.99986428	0.99961472	1.00023973
2.93601274	1.00251389	1.00005376	0.99982041	1.00049651	0.99937338	1.00023115	0.99997276	1.00044239
3.14572787	0.99881327	1.00037038	1.00015104	1.00071073	1.00054514	0.99972111	1.00001454	1.00064778
3.35544300	1.00302875	1.00045466	1.00055575	1.00034595	1.00067472	0.99984771	0.99994045	1.00025284
3.77487350	1.00018036	0.99991691	1.00036335	0.99963713	0.99942636	1.00006878	1.00005150	1.00056005
4.19430399	0.99982458	1.00007463	0.99922764	0.99969721	0.99974203	0.99998748	0.99998003	1.00019288
4.61373425	1.00210643	1.00000000	1.00016820	0.99946898	1.00016952	0.99986631	1.00000584	1.00014734
5.03316450	1.00000000	1.00000000	1.00000000	1.00000000	1.00000000	1.00000000	1.00000000	1.00000000
5.45259476	0.00000000	0.00000000	0.00000000	0.00000000	0.00000000	0.00000000	0.00000000	0.00000000
5.87202549	0.00000000	0.00000000	0.00000000	0.00000000	0.00000000	0.00000000	0.00000000	0.00000000
6.29145575	0.00000000	0.00000000	0.00000000	0.00000000	0.00000000	0.00000000	0.00000000	0.00000000
6.71088600	0.00000000	0.00000000	0.00000000	0.00000000	0.00000000	0.00000000	0.00000000	0.00000000
7.54974699	0.00000000	0.00000000	0.00000000	0.00000000	0.00000000	0.00000000	0.00000000	0.00000000
8.38860798	0.00000000	0.00000000	0.00000000	0.00000000	0.00000000	0.00000000	0.00000000	0.00000000
9.22746849	0.00000000	0.00000000	0.00000000	0.00000000	0.00000000	0.00000000	0.00000000	0.00000000
10.06632900	0.00000000	0.00000000	0.00000000	0.00000000	0.00000000	0.00000000	0.00000000	0.00000000
10.90518951	0.00000000	0.00000000	0.00000000	0.00000000	0.00000000	0.00000000	0.00000000	0.00000000
11.74405098	0.00000000	0.00000000	0.00000000	0.00000000	0.00000000	0.00000000	0.00000000	0.00000000
12.58291149	0.00000000	0.00000000	0.00000000	0.00000000	0.00000000	0.00000000	0.00000000	0.00000000
13.42177200	0.00000000	0.00000000	0.00000000	0.00000000	0.00000000	0.00000000	0.00000000	0.00000000
15.09949398	0.00000000	0.00000000	0.00000000	0.00000000	0.00000000	0.00000000	0.00000000	0.00000000
16.77721596	0.00000000	0.00000000	0.00000000	0.00000000	0.00000000	0.00000000	0.00000000	0.00000000
18.45493698	0.00000000	0.00000000	0.00000000	0.00000000	0.00000000	0.00000000	0.00000000	0.00000000
20.13265800	0.00000000	0.00000000	0.00000000	0.00000000	0.00000000	0.00000000	0.00000000	0.00000000
21.81037903	0.00000000	0.00000000	0.00000000	0.00000000	0.00000000	0.00000000	0.00000000	0.00000000
23.48810196	0.00000000	0.00000000	0.00000000	0.00000000	0.00000000	0.00000000	0.00000000	0.00000000
25.16582298	0.00000000	0.00000000	0.00000000	0.00000000	0.00000000	0.00000000	0.00000000	0.00000000
26.84354401	0.00000000	0.00000000	0.00000000	0.00000000	0.00000000	0.00000000	0.00000000	0.00000000
30.19898796	0.00000000	0.00000000	0.00000000	0.00000000	0.00000000	0.00000000	0.00000000	0.00000000
33.55443192	0.00000000	0.00000000	0.00000000	0.00000000	0.00000000	0.00000000	0.00000000	0.00000000
36.90987396	0.00000000	0.00000000	0.00000000	0.00000000	0.00000000	0.00000000	0.00000000	0.00000000
40.26531601	0.00000000	0.00000000	0.00000000	0.00000000	0.00000000	0.00000000	0.00000000	0.00000000
43.62075806	0.00000000	0.00000000	0.00000000	0.00000000	0.00000000	0.00000000	0.00000000	0.00000000
46.97620392	0.00000000	0.00000000	0.00000000	0.00000000	0.00000000	0.00000000	0.00000000	0.00000000
50.33164597	0.00000000	0.00000000	0.00000000	0.00000000	0.00000000	0.00000000	0.00000000	0.00000000
53.68708801	0.00000000	0.00000000	0.00000000	0.00000000	0.00000000	0.00000000	0.00000000	0.00000000
60.39797592	0.00000000	0.00000000	0.00000000	0.00000000	0.00000000	0.00000000	0.00000000	0.00000000
67.10886383	0.00000000	0.00000000	0.00000000	0.00000000	0.00000000	0.00000000	0.00000000	0.00000000
73.81974792	0.00000000	0.00000000	0.00000000	0.00000000	0.00000000	0.00000000	0.00000000	0.00000000
80.53063202	0.00000000	0.00000000	0.00000000	0.00000000	0.00000000	0.00000000	0.00000000	0.00000000
87.24151611	0.00000000	0.00000000	0.00000000	0.00000000	0.00000000	0.00000000	0.00000000	0.00000000
93.95240784	0.00000000	0.00000000	0.00000000	0.00000000	0.00000000	0.00000000	0.00000000	0.00000000
100.66329193	0.00000000	0.00000000	0.00000000	0.00000000	0.00000000	0.00000000	0.00000000	0.00000000
107.37417603	0.00000000	0.00000000	0.00000000	0.00000000	0.00000000	0.00000000	0.00000000	0.00000000
120.79595184	0.00000000	0.00000000	0.00000000	0.00000000	0.00000000	0.00000000	0.00000000	0.00000000
134.21772766	0.00000000	0.00000000	0.00000000	0.00000000	0.00000000	0.00000000	0.00000000	0.00000000
147.63949585	0.00000000	0.00000000	0.00000000	0.00000000	0.00000000	0.00000000	0.00000000	0.00000000
161.06126404	0.00000000	0.00000000	0.00000000	0.00000000	0.00000000	0.00000000	0.00000000	0.00000000
174.48303223	0.00000000	0.00000000	0.00000000	0.00000000	0.00000000	0.00000000	0.00000000	0.00000000
187.90481567	0.00000000	0.00000000	0.00000000	0.00000000	0.00000000	0.00000000	0.00000000	0.00000000
201.32658386	0.00000000	0.00000000	0.00000000	0.00000000	0.00000000	0.00000000	0.00000000	0.00000000
214.74835205	0.00000000	0.00000000	0.00000000	0.00000000	0.00000000	0.00000000	0.00000000	0.00000000
241.59190369	0.00000000	0.00000000	0.00000000	0.00000000	0.00000000	0.00000000	0.00000000	0.00000000
268.43545532	0.00000000	0.00000000	0.00000000	0.00000000	0.00000000	0.00000000	0.00000000	0.00000000
295.27899170	0.00000000	0.00000000	0.00000000	0.00000000	0.00000000	0.00000000	0.00000000	0.00000000
322.12252808	0.00000000	0.00000000	0.00000000	0.00000000	0.00000000	0.00000000	0.00000000	0.00000000
348.96606445	0.00000000	0.00000000	0.00000000	0.00000000	0.00000000	0.00000000	0.00000000	0.00000000
375.80963135	0.00000000	0.00000000	0.00000000	0.00000000	0.00000000	0.00000000	0.00000000	0.00000000
402.65316772	0.00000000	0.00000000	0.00000000	0.00000000	0.00000000	0.00000000	0.00000000	0.00000000
429.49670410	0.00000000	0.00000000	0.00000000	0.00000000	0.00000000	0.00000000	0.00000000	0.00000000
483.18380737	0.00000000	0.00000000	0.00000000	0.00000000	0.00000000	0.00000000	0.00000000	0.00000000
536.87091064	0.00000000	0.00000000	0.00000000	0.00000000	0.00000000	0.00000000	0.00000000	0.00000000
590.55798340	0.00000000	0.00000000	0.00000000	0.00000000	0.00000000	0.00000000	0.00000000	0.00000000
644.24505615	0.00000000	0.00000000	0.00000000	0.00000000	0.00000000	0.00000000	0.00000000	0.00000000
697.93212891	0.00000000	0.00000000	0.00000000	0.00000000	0.00000000	0.00000000	0.00000000	0.00000000
751.61926270	0.00000000	0.00000000	0.00000000	0.00000000	0.00000000	0.00000000	0.00000000	0.00000000
805.30633545	0.00000000	0.00000000	0.00000000	0.00000000	0.00000000	0.00000000	0.00000000	0.00000000
858.99340820	0.00000000	0.00000000	0.00000000	0.00000000	0.00000000	0.00000000	0.00000000	0.00000000
966.36761475	0.00000000	0.00000000	0.00000000	0.00000000	0.00000000	0.00000000	0.00000000	0.00000000
1073.74182129	0.00000000	0.00000000	0.00000000	0.00000000	0.00000000	0.00000000	0.00000000	0.00000000
1181.11596680	0.00000000	0.00000000	0.00000000	0.00000000	0.00000000	0.00000000	0.00000000	0.00000000
1288.49011230	0.00000000	0.00000000	0.00000000	0.00000000	0.00000000	0.00000000	0.00000000	0.00000000
1395.86425781	0.00000000	0.00000000	0.00000000	0.00000000	0.00000000	0.00000000	0.00000000	0.00000000
1503.23852539	0.00000000	0.00000000	0.00000000	0.00000000	0.00000000	0.00000000	0.00000000	0.00000000
1610.61267090	0.00000000	0.00000000	0.00000000	0.00000000	0.00000000	0.00000000	0.00000000	0.00000000
1717.98681641	0.00000000	0.00000000	0.00000000	0.00000000	0.00000000	0.00000000	0.00000000	0.00000000
1932.73522949	0.00000000	0.00000000	0.00000000	0.00000000	0.00000000	0.00000000	0.00000000	0.00000000
2147.48364258	0.00000000	0.00000000	0.00000000	0.00000000	0.00000000	0.00000000	0.00000000	0.00000000
2362.23193359	0.00000000	0.00000000	0.00000000	0.00000000	0.00000000	0.00000000	0.00000000	0.00000000
2576.98022461	0.00000000	0.00000000	0.00000000	0.00000000	0.00000000	0.00000000	0.00000000	0.00000000
2791.72851562	0.00000000	0.00000000	0.00000000	0.00000000	0.00000000	0.00000000	0.00000000	0.00000000
3006.47705078	0.00000000	0.00000000	0.00000000	0.00000000	0.00000000	0.00000000	0.00000000	0.00000000
3221.22534180	0.00000000	0.00000000	0.00000000	0.00000000	0.00000000	0.00000000	0.00000000	0.00000000
3435.97363281	0.00000000	0.00000000	0.00000000	0.00000000	0.00000000	0.00000000	0.00000000	0.00000000
0	0	0	0	0	0	0	0	0
