%1/18/2015 12:47:46 PM
%Duration	ID1		ID2		ID3		ID4		ID5		ID6		ID7		ID8
3000.000000	1.621246	2.317429	1.935959	2.489090	7.247925	19.569397	10.776520	11.339188
%Tau		Tau1		Tau2		Tau3		Tau4		Tau5		Tau6		Tau7		Tau8
%		0.000001	0.000001	0.000002	0.000001	0.000004	0.000016	0.000017	0.000005
%Delaytime	D1		D2		D3		D4		D5		D6		D7		D8
0.00000000	10.89089298	31.20180893	39.00537872	25.01968002	9.17710209	2.34976411	5.07542276	6.55994081
0.00000020	8.16816998	2.26922250	3.46714473	4.16994667	2.05277276	1.61434174	1.74186110	2.12985086
0.00000040	1.36136162	2.83652806	2.60035849	1.66797864	1.75089443	1.42600179	1.56166852	1.67548263
0.00000060	1.36136162	2.83652806	3.46714473	2.08497334	1.56976748	1.75783873	1.35144389	1.02232838
0.00000080	4.08408499	0.56730562	2.60035849	3.33595729	1.63014317	1.39012754	1.26134765	1.30630851
0.00000100	0.00000000	2.26922250	0.00000000	3.75295210	1.08676207	1.23766196	1.53163648	1.61868668
0.00000120	4.08408499	1.13461125	3.46714473	0.83398932	0.90563506	1.56949890	1.26134765	1.70388067
0.00000140	4.08408499	1.13461125	2.60035849	1.66797864	1.26788914	1.31837904	1.35144389	1.36310458
0.00000160	0.00000000	3.97113919	0.00000000	1.25098395	1.81127012	1.32734764	1.17125142	1.67548263
0.00000180	2.72272325	2.26922250	0.86678618	1.66797864	1.38864040	1.56053030	1.14121926	1.70388067
0.00000200	0.00000000	0.56730562	3.46714473	1.66797864	1.50939178	1.40806472	1.53163648	1.16431844
0.00000220	0.00000000	1.70191681	1.73357236	1.66797864	0.96601075	1.39012754	1.32141185	1.33470654
0.00000240	0.00000000	1.70191681	0.86678618	1.25098395	2.05277276	1.44393897	1.23131561	1.41990054
0.00000260	1.36136162	1.70191681	0.86678618	2.50196791	1.44901609	1.31837904	1.35144389	1.30630851
0.00000280	0.00000000	0.00000000	0.86678618	1.66797864	1.32826483	1.34528470	1.53163648	1.33470654
0.00000300	1.36136162	1.13461125	5.20071697	1.25098395	0.96601075	1.55156171	1.53163648	1.73227870
0.00000340	1.36136162	0.85095841	2.16696548	0.62549198	1.56976748	1.39012754	1.45655620	1.34890556
0.00000380	1.36136162	0.56730562	1.30017924	1.45948136	1.23770130	1.61434174	1.51662040	1.39150262
0.00000420	2.04204249	0.56730562	0.86678618	1.66797864	1.53957963	1.34080052	1.47157228	1.20691550
0.00000460	0.00000000	0.56730562	0.86678618	0.62549198	1.32826483	1.39461184	1.47157228	1.46249759
0.00000500	0.68068081	0.85095841	1.30017924	0.83398932	1.59995532	1.47084463	1.53163648	1.46249759
0.00000540	0.00000000	1.41826403	0.43339309	1.45948136	1.17732561	1.51120317	1.59170067	1.63288569
0.00000580	2.04204249	1.70191681	2.16696548	0.83398932	1.29807699	1.47084463	1.45655620	1.30630851
0.00000620	2.72272325	0.28365281	0.43339309	1.04248667	1.11694992	1.48878181	1.47157228	1.47669661
0.00000700	2.38238287	0.85095841	1.30017924	1.25098395	1.67542493	1.46860254	1.25383961	1.30630851
0.00000780	1.02102125	1.13461125	1.51687586	1.04248667	1.38864040	1.39236975	1.39649200	1.22821403
0.00000860	1.02102125	0.70913202	1.08348274	1.45948136	1.46411002	1.33855832	1.36645997	1.36310458
0.00000940	1.02102125	1.13461125	2.16696548	1.35523272	1.29807699	1.36097968	1.34393585	1.28500998
0.00001020	0.68068081	1.70191681	2.38366199	1.14673531	1.44901609	1.34752691	1.37396801	1.41990054
0.00001100	0.34034041	1.41826403	0.43339309	1.77222729	1.37354648	1.37891686	1.37396801	1.27791047
0.00001180	2.72272325	0.70913202	1.30017924	1.14673531	1.47920394	1.30492616	1.28387177	1.37020409
0.00001260	1.36136162	1.27643764	0.21669655	1.25098395	1.31317091	1.35873759	1.33642793	1.29920900
0.00001420	0.85085106	0.70913202	1.08348274	0.88611364	1.22260737	1.26344657	1.31765783	1.34890556
0.00001580	1.02102125	1.34735084	0.86678618	1.04248667	1.23770130	1.29932082	1.31014979	1.24951255
0.00001740	1.70170212	0.42547920	1.30017924	1.09461105	1.19996643	1.21972489	1.30639577	1.16431844
0.00001900	1.19119143	1.34735084	0.97513443	0.67761636	1.01883948	1.35313225	1.23882365	1.22466421
0.00002060	0.34034041	0.49639240	0.54174137	0.99036235	1.08676207	1.19618237	1.27260971	1.23176372
0.00002220	1.53153193	0.92187160	0.86678618	1.14673531	1.22260737	1.22420907	1.29888773	1.17141795
0.00002380	0.85085106	1.63100362	0.97513443	0.78186500	1.21506035	1.17039776	1.23882365	1.12882090
0.00002540	1.70170212	0.92187160	1.19183099	1.14673531	1.12449694	1.18272948	1.15623534	1.16786826
0.00002860	0.94609493	1.27289641	1.29527843	1.26766229	1.08688521	1.17120659	1.15443218	1.10553038
0.00003180	0.94609493	1.16682172	0.97145879	1.19005024	1.19594991	1.18968165	1.15630937	1.16249812
0.00003500	0.60206044	1.06074703	1.24130845	1.50049818	1.16962397	1.13649583	1.15255511	1.10909092
0.00003820	1.37613809	0.99003053	1.40321827	0.95721436	1.24860179	1.13033748	1.19385183	1.14291549
0.00004140	1.54815531	1.20217991	0.91748887	1.08656764	1.02675819	1.07491231	1.08497858	1.07882679
0.00004460	0.94609493	1.27289641	0.75557905	0.93134373	1.19976497	1.08331001	0.99863076	1.06102431
0.00004780	1.29012942	1.09610522	0.64763921	0.77611977	1.01923609	1.11466169	1.05119026	1.09662914
0.00005100	0.86008632	1.48504579	1.13336861	1.08656764	0.97410387	1.06707442	1.11688972	1.10196996
0.00005740	1.16061389	1.05780828	1.07884359	1.16417968	1.06904876	1.05572987	1.07499814	1.05222142
0.00006380	1.03165686	1.16358900	1.18672788	0.84069657	1.07845938	1.02354300	1.04401565	1.02017415
0.00007020	1.28957105	1.14595890	1.32158339	0.82776278	1.12551260	1.02858090	1.06091523	1.01928389
0.00007660	0.94568545	1.00491786	1.13278568	0.98308504	0.95423895	1.04061604	1.05809867	1.04777038
0.00008300	0.81672829	1.12832880	0.97095919	1.11243832	1.04834533	1.00926876	1.03556585	1.02551532
0.00008940	0.68777120	1.04017806	0.94398808	0.98308504	1.05022740	1.03417861	0.98486733	1.00682104
0.00009580	0.60179985	0.98728770	0.99793029	1.25472701	1.03517044	1.02018440	1.10034752	1.01661325
0.00010220	1.33255672	0.81098628	1.13278568	0.87960237	0.97306019	1.01934469	0.96890664	0.99168754
0.00011500	0.75224978	1.08515584	1.06408048	1.01626790	1.05660701	1.00594473	0.95843726	0.97562009
0.00012780	0.96717829	0.98810935	1.11795807	1.10689044	1.05943477	1.00190425	0.98051888	0.98228413
0.00014060	1.11762822	1.04986620	1.13142741	1.04228389	1.08771145	1.00834107	1.01857448	0.99028105
0.00015340	1.01016402	0.96164215	1.03714180	1.16528630	1.04623890	1.01463795	0.98145854	0.99605656
0.00016620	0.83822119	1.03222132	1.09101927	0.95812428	1.05566454	1.01227689	0.98897570	1.02360141
0.00017900	0.92419255	1.08515584	1.14489675	0.89985996	1.03964102	0.97617406	0.98286802	0.96895599
0.00019180	0.98867112	0.96164215	1.11795807	1.05535686	1.05754960	1.01339626	1.01387632	1.02004719
0.00020460	0.88120687	0.93517488	0.94285619	0.98401952	1.01419199	1.02599025	0.99555320	1.00405347
0.00023020	0.92339295	0.97955859	1.00933814	1.02561188	1.02559566	0.98923361	1.00955367	0.99778575
0.00025580	1.04150128	0.87366039	0.90840429	1.03531802	0.98836124	0.99973428	0.97685081	0.98094606
0.00028140	0.96634144	1.09428167	0.90840429	1.10649610	1.00202954	0.99649668	0.98532063	0.99382108
0.00030700	1.20255828	1.03692019	1.01624107	0.97708136	1.00580013	1.00629711	0.96673411	0.99315512
0.00033260	1.03076422	0.95308405	1.03643131	1.00943506	0.98364800	1.00769722	1.00390708	0.98960340
0.00035820	0.92339295	0.99279588	1.02297115	1.02237654	1.02936625	1.00417948	0.97779191	1.00536430
0.00038380	1.11666119	1.04133260	0.94221032	1.07414246	0.96338117	0.98443890	0.98673224	1.00755274
0.00040940	1.03076422	0.99720830	0.99605089	0.95119840	0.98553330	1.00577199	1.00226021	1.00694942
0.00046060	1.13350248	1.00729012	1.03819525	1.02156627	1.00755727	1.00878704	0.99933916	1.00173855
0.00051180	1.10127020	0.93881208	1.05499446	0.97129869	1.01416266	0.99442631	1.01025367	1.00543475
0.00056300	1.05829382	1.07576823	0.99451709	1.01508009	1.01793718	0.99777120	0.98635972	1.00698960
0.00061420	1.00457335	1.04926050	1.02811563	0.99388200	1.03232753	1.00158906	0.99397862	1.00395977
0.00066540	1.09052610	1.03158879	1.03483534	0.99388200	0.99340290	0.98433816	1.00312710	0.97297466
0.00071660	1.01531744	0.96311074	0.99787694	0.99700612	0.98915660	1.00024056	1.00563097	0.99337834
0.00076780	0.90250438	0.97194660	0.86348277	0.96296203	0.99552608	1.00393593	1.02293289	0.99248993
0.00081900	0.97771305	0.95648384	1.05163467	0.99862731	0.99788511	1.00433874	1.00716102	1.00825953
0.00092140	1.05845857	0.97719777	0.93756002	0.96153671	0.98224187	1.00008225	1.00612772	0.98383337
0.00102380	1.05309927	1.03019834	0.97620499	0.99172819	0.99148762	1.00542569	0.99898469	0.99777156
0.00112620	0.96446264	0.98616809	1.06861675	0.98278636	0.99698675	0.99030638	0.99948156	0.99793154
0.00122860	1.01290464	1.03586304	1.07365739	0.96083826	0.99191451	1.00045013	0.98946434	1.00662506
0.00133100	1.00754535	1.00162876	1.03333223	0.99242288	1.01538825	1.00924480	1.01464307	1.00062799
0.00143340	0.98610818	1.03807163	1.01821029	0.99242288	0.99038106	1.00165904	1.00107884	0.99263185
0.00153580	0.93519497	0.92763847	1.01467621	1.01843238	0.99144268	1.00120342	1.00216353	1.00737119
0.00163820	0.98610818	0.98064643	1.02626002	1.03387547	1.00890052	0.99642044	1.00219023	1.00148523
0.00184300	1.08187366	0.97938889	0.96259844	1.00902069	0.99027646	1.00292945	1.00342548	1.00011384
0.00204780	0.97074056	0.98947489	1.01131642	0.95477229	1.00144732	0.99816167	0.99027234	1.00361955
0.00225260	0.99484175	1.00384712	0.99283719	1.00739253	0.98701334	0.99928355	1.01612365	1.00146031
0.00245740	0.97207952	0.97786653	0.97015816	0.97076011	0.99079096	0.99763608	0.99682856	0.99831557
0.00266220	1.04170501	0.99099565	0.97687787	1.02245259	0.99257565	0.99986196	1.01008260	0.99970740
0.00286700	1.03367138	0.97938889	1.01383626	0.98285383	1.00535131	0.99491948	1.01281726	1.00609112
0.00307180	0.93458885	0.98436320	1.03315544	0.95843512	0.99902278	0.99915218	1.00961864	0.99761152
0.00327660	1.02474177	0.96336049	0.96847820	1.02314472	1.01001358	0.99416578	0.99132138	1.00204742
0.00368620	0.99085176	1.00673795	1.00607026	0.98549110	0.99752527	0.99813026	0.99846369	1.00061929
0.00409580	0.95940679	0.99224120	0.99950898	0.96608746	0.99938971	1.00260079	0.99411923	0.99762183
0.00450540	0.97546381	0.99348408	1.01862156	0.97776496	0.99879843	1.00285053	1.00056517	0.99944293
0.00491500	1.01493728	1.00231779	0.99294549	1.01070273	0.99003226	1.00137818	0.99787658	1.00915325
0.00532460	1.03433955	1.01584399	0.99420828	0.99911356	1.00595009	1.00064635	0.99999684	0.99721539
0.00573420	1.00824690	1.00148976	0.98814613	0.99342060	1.00145686	1.00104070	0.99940461	0.99838108
0.00614380	0.97299784	1.01832843	1.00119233	1.00431621	0.99959666	0.99855167	1.00334942	0.99610525
0.00655340	1.01761341	0.99320835	0.99513012	1.02164042	0.99009264	1.00098372	0.99914569	0.99672645
0.00737260	0.99613142	0.99707842	0.99549955	0.98504531	0.99918199	0.99997848	1.00115609	1.00229859
0.00819180	1.01684940	0.97493321	0.99844295	0.98603094	1.00287735	1.00097859	1.00076270	0.99812400
0.00901100	0.98732227	0.99181944	0.96732706	1.00140285	1.00063407	0.99848288	0.99877524	0.99605709
0.00983020	1.00303125	1.01022673	1.00345039	0.98799491	0.99125034	1.00199640	1.00102007	1.00412571
0.01064940	0.99087864	1.02862597	0.99639219	1.00306547	1.00049889	0.99774700	1.00029182	1.00251698
0.01146860	0.99200153	0.98352170	0.98347479	1.03091586	0.99871242	0.99934274	1.00512385	0.99658781
0.01228780	0.98799074	1.00191879	1.00511384	0.98664105	1.01082051	0.99820638	1.00202596	0.99532795
0.01310700	0.97470826	0.99486494	1.01756918	0.99070841	0.99517888	1.00400221	0.99982697	1.00223589
0.01474540	1.00869191	1.00628877	0.99686587	1.00788891	0.99531829	0.99885029	0.99956626	1.00185513
0.01638380	0.98115939	0.99853206	1.00818813	1.00646579	0.99940777	0.99820775	1.00304317	0.99859750
0.01802220	0.98854786	1.00974762	1.00411856	0.99536932	0.99706191	1.00289929	1.00165820	1.00234056
0.01966060	1.00116372	1.00559247	1.00339234	1.00517714	1.00213587	1.00170302	1.00541115	1.00101972
0.02129900	1.00789332	0.98594058	1.00591874	1.00322819	0.99880373	0.99883598	1.00311923	1.00204563
0.02293740	1.00527132	1.00655305	1.00060380	0.99447137	0.99536157	1.00196350	0.99907917	1.00501287
0.02457580	1.01173449	1.00060320	0.99194920	0.99005163	1.00285065	1.00106680	1.00336587	0.99732327
0.02621420	1.00465310	0.99278933	0.99818099	0.99418324	0.99877524	1.00043929	1.00141871	0.99769050
0.02949100	0.98580730	1.00220311	1.01724136	1.00169039	0.99880922	0.99788898	0.99961084	0.99724728
0.03276780	0.99244928	1.00475860	1.00786591	1.00238657	0.99792755	1.00016332	1.00052679	0.99999434
0.03604460	0.99111521	1.01135838	0.99810123	0.99718243	1.00098062	0.99929774	1.00075674	1.00237811
0.03932140	1.00172007	0.99521071	1.00254357	0.98937482	0.99516016	0.99929792	1.00096881	1.00120580
0.04259820	1.00488973	0.99489975	1.01574922	1.00016642	0.99950421	1.00097859	1.00132680	0.99932021
0.04587500	1.00727618	1.00340092	1.00507295	0.99578393	1.00260007	0.99791837	1.00070643	1.00048590
0.04915180	1.00150359	1.00417042	1.00177896	0.99769145	0.99845761	1.00029039	0.99974191	1.00070047
0.05242860	0.99731302	1.00838959	1.00300419	1.00193882	0.99930543	1.00050449	1.00059986	1.00071967
0.05898220	0.98894799	1.00904667	1.01190376	1.00370395	1.00319183	1.00057662	1.00154734	0.99995446
0.06553581	0.99928230	0.99752754	1.00629663	1.00277042	0.99839783	0.99961251	0.99933302	0.99900997
0.07208940	0.98567247	1.00132930	0.99801195	0.99962330	1.00162303	1.00024807	0.99978918	1.00140595
0.07864300	0.99600685	0.99394804	0.99427378	1.00262392	0.99968314	1.00105631	1.00019002	0.99969125
0.08519660	1.00276268	0.99306667	1.00047457	0.99607724	1.00087190	0.99884659	0.99902087	1.00006580
0.09175020	0.99686867	1.00028968	0.99730176	1.00335884	1.00207686	0.99825287	0.99926353	1.00117457
0.09830380	0.99595702	0.99799311	0.99994773	0.99753594	1.00086892	1.00089777	1.00062299	0.99923861
0.10485740	0.99611729	1.00018561	1.00437498	0.99660605	1.00030267	1.00071883	1.00248981	0.99985516
0.11796460	1.00394118	1.00088334	1.01186669	1.00530410	1.00095665	1.00011265	1.00052869	1.00038123
0.13107181	1.01003957	0.99761540	0.99508268	1.00387847	0.99998939	1.00092447	1.00112677	1.00041902
0.14417900	0.99213773	0.99894118	0.99806792	1.00089157	1.00068080	0.99970561	0.99976975	1.00051224
0.15728620	1.01039338	1.00619614	1.00191426	1.00006247	0.99895436	0.99992317	1.00039053	0.99840862
0.17039341	0.99568421	0.99856389	0.99848485	1.00060296	1.00116789	0.99927908	0.99971151	1.00104499
0.18350060	0.99527955	1.00386286	0.99742496	0.99940956	1.00052845	1.00011814	0.99934703	1.00066805
0.19660780	1.00119126	1.00107694	0.99691200	1.00212479	0.99968106	1.00030720	0.99854720	1.00012958
0.20971501	0.99826539	1.00043893	1.00271082	1.00019908	1.00032449	1.00018692	1.00080061	0.99989176
0.23592941	0.99881727	1.00102389	0.99865758	0.99897844	1.00049996	0.99997711	1.00039470	1.00025606
0.26214382	1.00208628	0.99803936	1.00055313	0.99986863	0.99967349	0.99978876	0.99887770	0.99978399
0.28835821	0.99788618	0.99705058	1.00046265	1.00230563	1.00031388	0.99973309	0.99970329	1.00035846
0.31457260	0.99811667	0.99586922	1.01027811	0.99989367	0.99951768	0.99974322	0.99934393	1.00042272
0.34078699	0.99825937	0.99814630	0.99837786	1.00173914	0.99953544	0.99968421	0.99934638	0.99998939
0.36700141	0.99730730	1.00039911	0.99899101	0.99778485	0.99911332	1.00010097	1.00080538	0.99994397
0.39321581	1.00252175	1.00178909	1.00300467	0.99883270	0.99962479	0.99949980	1.00061870	1.00072527
0.41943020	1.00190794	1.00082338	0.99759525	1.00259006	0.99982148	0.99994975	1.00171697	1.00052595
0.47185901	1.00010514	1.00141943	0.99501818	1.00017548	0.99948132	1.00000322	1.00005460	0.99953932
0.52428782	1.00251031	0.99870044	0.99702525	1.00039816	0.99982262	1.00034511	1.00102723	0.99946839
0.57671660	0.99727851	0.99978173	1.00052404	0.99842781	0.99987167	1.00012279	1.00120580	0.99944073
0.62914538	0.99757504	1.00355685	1.00207436	1.00154245	0.99990952	1.00009513	0.99994957	0.99994504
0.68157423	0.99903703	1.00198245	0.99840814	1.00069833	0.99993718	0.99951053	1.00043428	0.99978566
0.73400301	0.99995804	0.99612719	0.99785143	0.99962962	0.99972886	1.00052285	1.00009286	1.00029910
0.78643179	1.00137103	0.99957991	1.00048077	1.00183845	0.99981654	1.00016904	0.99958867	1.00094628
0.83886063	1.00197077	1.00137603	1.00281894	0.99986368	0.99945754	1.00002944	0.99950242	1.00085080
0.94371825	1.00062346	0.99873257	1.00074196	0.99977940	0.99996859	0.99976128	1.00016487	0.99985045
1.04857588	0.99936360	1.00020730	0.99849570	1.00004590	1.00036967	1.00041986	1.00044060	1.00028253
1.15343344	0.99757719	0.99819535	1.00144088	0.99950969	1.00041771	0.99972236	1.00024796	1.00075912
1.25829101	1.00009751	1.00024712	0.99800014	0.99903202	1.00017369	1.00019515	0.99956083	1.00004113
1.36314869	1.00110698	0.99864906	0.99741250	0.99995214	1.00003636	1.00006342	0.99937594	0.99965626
1.46800625	0.99782920	1.00019395	1.00055039	0.99897790	0.99995947	0.99994630	0.99956131	0.99987322
1.57286382	1.00073147	0.99862558	0.99795419	0.99956292	1.00019121	1.00030863	1.00018466	0.99998301
1.67772150	1.00086713	1.00111616	0.99953014	0.99893427	0.99984533	0.99963248	0.99976665	0.99947488
1.88743675	0.99871105	1.00123072	0.99933213	0.99967009	0.99975455	1.00014699	0.99927002	0.99987495
2.09715199	1.00028658	0.99989700	1.00200558	0.99902749	0.99989969	1.00008786	0.99963528	0.99982142
2.30686712	0.99820620	1.00090277	1.00270188	0.99930030	0.99966991	1.00033069	0.99947429	1.00002623
2.51658225	1.00015497	1.00170314	0.99629056	0.99973118	1.00002539	0.99987221	0.99951148	0.99947143
2.72629738	1.00057268	0.99930662	0.99819839	0.99992812	1.00047719	0.99984097	0.99990809	0.99952888
2.93601274	1.00199223	1.00024557	0.99612713	0.99981678	1.00018859	1.00018978	0.99921286	0.99949628
3.14572787	0.99835730	1.00021994	1.00314224	1.00012279	0.99982899	1.00023782	1.00041306	0.99983269
3.35544300	0.99988878	0.99864423	0.99637592	1.00093579	0.99990898	0.99996221	0.99953610	0.99981362
3.77487350	1.00139177	0.99980408	1.00209463	0.99978423	1.00041020	0.99992561	1.00006139	0.99994999
4.19430399	0.99779069	1.00098610	1.00023878	1.00015223	0.99974853	1.00002110	0.99989796	0.99955320
4.61373425	1.00356507	0.99923867	1.00247002	1.00017881	1.00007725	1.00000536	0.99982023	1.00030267
5.03316450	1.00000000	1.00000000	1.00000000	1.00000000	1.00000000	1.00000000	1.00000000	1.00000000
5.45259476	0.00000000	0.00000000	0.00000000	0.00000000	0.00000000	0.00000000	0.00000000	0.00000000
5.87202549	0.00000000	0.00000000	0.00000000	0.00000000	0.00000000	0.00000000	0.00000000	0.00000000
6.29145575	0.00000000	0.00000000	0.00000000	0.00000000	0.00000000	0.00000000	0.00000000	0.00000000
6.71088600	0.00000000	0.00000000	0.00000000	0.00000000	0.00000000	0.00000000	0.00000000	0.00000000
7.54974699	0.00000000	0.00000000	0.00000000	0.00000000	0.00000000	0.00000000	0.00000000	0.00000000
8.38860798	0.00000000	0.00000000	0.00000000	0.00000000	0.00000000	0.00000000	0.00000000	0.00000000
9.22746849	0.00000000	0.00000000	0.00000000	0.00000000	0.00000000	0.00000000	0.00000000	0.00000000
10.06632900	0.00000000	0.00000000	0.00000000	0.00000000	0.00000000	0.00000000	0.00000000	0.00000000
10.90518951	0.00000000	0.00000000	0.00000000	0.00000000	0.00000000	0.00000000	0.00000000	0.00000000
11.74405098	0.00000000	0.00000000	0.00000000	0.00000000	0.00000000	0.00000000	0.00000000	0.00000000
12.58291149	0.00000000	0.00000000	0.00000000	0.00000000	0.00000000	0.00000000	0.00000000	0.00000000
13.42177200	0.00000000	0.00000000	0.00000000	0.00000000	0.00000000	0.00000000	0.00000000	0.00000000
15.09949398	0.00000000	0.00000000	0.00000000	0.00000000	0.00000000	0.00000000	0.00000000	0.00000000
16.77721596	0.00000000	0.00000000	0.00000000	0.00000000	0.00000000	0.00000000	0.00000000	0.00000000
18.45493698	0.00000000	0.00000000	0.00000000	0.00000000	0.00000000	0.00000000	0.00000000	0.00000000
20.13265800	0.00000000	0.00000000	0.00000000	0.00000000	0.00000000	0.00000000	0.00000000	0.00000000
21.81037903	0.00000000	0.00000000	0.00000000	0.00000000	0.00000000	0.00000000	0.00000000	0.00000000
23.48810196	0.00000000	0.00000000	0.00000000	0.00000000	0.00000000	0.00000000	0.00000000	0.00000000
25.16582298	0.00000000	0.00000000	0.00000000	0.00000000	0.00000000	0.00000000	0.00000000	0.00000000
26.84354401	0.00000000	0.00000000	0.00000000	0.00000000	0.00000000	0.00000000	0.00000000	0.00000000
30.19898796	0.00000000	0.00000000	0.00000000	0.00000000	0.00000000	0.00000000	0.00000000	0.00000000
33.55443192	0.00000000	0.00000000	0.00000000	0.00000000	0.00000000	0.00000000	0.00000000	0.00000000
36.90987396	0.00000000	0.00000000	0.00000000	0.00000000	0.00000000	0.00000000	0.00000000	0.00000000
40.26531601	0.00000000	0.00000000	0.00000000	0.00000000	0.00000000	0.00000000	0.00000000	0.00000000
43.62075806	0.00000000	0.00000000	0.00000000	0.00000000	0.00000000	0.00000000	0.00000000	0.00000000
46.97620392	0.00000000	0.00000000	0.00000000	0.00000000	0.00000000	0.00000000	0.00000000	0.00000000
50.33164597	0.00000000	0.00000000	0.00000000	0.00000000	0.00000000	0.00000000	0.00000000	0.00000000
53.68708801	0.00000000	0.00000000	0.00000000	0.00000000	0.00000000	0.00000000	0.00000000	0.00000000
60.39797592	0.00000000	0.00000000	0.00000000	0.00000000	0.00000000	0.00000000	0.00000000	0.00000000
67.10886383	0.00000000	0.00000000	0.00000000	0.00000000	0.00000000	0.00000000	0.00000000	0.00000000
73.81974792	0.00000000	0.00000000	0.00000000	0.00000000	0.00000000	0.00000000	0.00000000	0.00000000
80.53063202	0.00000000	0.00000000	0.00000000	0.00000000	0.00000000	0.00000000	0.00000000	0.00000000
87.24151611	0.00000000	0.00000000	0.00000000	0.00000000	0.00000000	0.00000000	0.00000000	0.00000000
93.95240784	0.00000000	0.00000000	0.00000000	0.00000000	0.00000000	0.00000000	0.00000000	0.00000000
100.66329193	0.00000000	0.00000000	0.00000000	0.00000000	0.00000000	0.00000000	0.00000000	0.00000000
107.37417603	0.00000000	0.00000000	0.00000000	0.00000000	0.00000000	0.00000000	0.00000000	0.00000000
120.79595184	0.00000000	0.00000000	0.00000000	0.00000000	0.00000000	0.00000000	0.00000000	0.00000000
134.21772766	0.00000000	0.00000000	0.00000000	0.00000000	0.00000000	0.00000000	0.00000000	0.00000000
147.63949585	0.00000000	0.00000000	0.00000000	0.00000000	0.00000000	0.00000000	0.00000000	0.00000000
161.06126404	0.00000000	0.00000000	0.00000000	0.00000000	0.00000000	0.00000000	0.00000000	0.00000000
174.48303223	0.00000000	0.00000000	0.00000000	0.00000000	0.00000000	0.00000000	0.00000000	0.00000000
187.90481567	0.00000000	0.00000000	0.00000000	0.00000000	0.00000000	0.00000000	0.00000000	0.00000000
201.32658386	0.00000000	0.00000000	0.00000000	0.00000000	0.00000000	0.00000000	0.00000000	0.00000000
214.74835205	0.00000000	0.00000000	0.00000000	0.00000000	0.00000000	0.00000000	0.00000000	0.00000000
241.59190369	0.00000000	0.00000000	0.00000000	0.00000000	0.00000000	0.00000000	0.00000000	0.00000000
268.43545532	0.00000000	0.00000000	0.00000000	0.00000000	0.00000000	0.00000000	0.00000000	0.00000000
295.27899170	0.00000000	0.00000000	0.00000000	0.00000000	0.00000000	0.00000000	0.00000000	0.00000000
322.12252808	0.00000000	0.00000000	0.00000000	0.00000000	0.00000000	0.00000000	0.00000000	0.00000000
348.96606445	0.00000000	0.00000000	0.00000000	0.00000000	0.00000000	0.00000000	0.00000000	0.00000000
375.80963135	0.00000000	0.00000000	0.00000000	0.00000000	0.00000000	0.00000000	0.00000000	0.00000000
402.65316772	0.00000000	0.00000000	0.00000000	0.00000000	0.00000000	0.00000000	0.00000000	0.00000000
429.49670410	0.00000000	0.00000000	0.00000000	0.00000000	0.00000000	0.00000000	0.00000000	0.00000000
483.18380737	0.00000000	0.00000000	0.00000000	0.00000000	0.00000000	0.00000000	0.00000000	0.00000000
536.87091064	0.00000000	0.00000000	0.00000000	0.00000000	0.00000000	0.00000000	0.00000000	0.00000000
590.55798340	0.00000000	0.00000000	0.00000000	0.00000000	0.00000000	0.00000000	0.00000000	0.00000000
644.24505615	0.00000000	0.00000000	0.00000000	0.00000000	0.00000000	0.00000000	0.00000000	0.00000000
697.93212891	0.00000000	0.00000000	0.00000000	0.00000000	0.00000000	0.00000000	0.00000000	0.00000000
751.61926270	0.00000000	0.00000000	0.00000000	0.00000000	0.00000000	0.00000000	0.00000000	0.00000000
805.30633545	0.00000000	0.00000000	0.00000000	0.00000000	0.00000000	0.00000000	0.00000000	0.00000000
858.99340820	0.00000000	0.00000000	0.00000000	0.00000000	0.00000000	0.00000000	0.00000000	0.00000000
966.36761475	0.00000000	0.00000000	0.00000000	0.00000000	0.00000000	0.00000000	0.00000000	0.00000000
1073.74182129	0.00000000	0.00000000	0.00000000	0.00000000	0.00000000	0.00000000	0.00000000	0.00000000
1181.11596680	0.00000000	0.00000000	0.00000000	0.00000000	0.00000000	0.00000000	0.00000000	0.00000000
1288.49011230	0.00000000	0.00000000	0.00000000	0.00000000	0.00000000	0.00000000	0.00000000	0.00000000
1395.86425781	0.00000000	0.00000000	0.00000000	0.00000000	0.00000000	0.00000000	0.00000000	0.00000000
1503.23852539	0.00000000	0.00000000	0.00000000	0.00000000	0.00000000	0.00000000	0.00000000	0.00000000
1610.61267090	0.00000000	0.00000000	0.00000000	0.00000000	0.00000000	0.00000000	0.00000000	0.00000000
1717.98681641	0.00000000	0.00000000	0.00000000	0.00000000	0.00000000	0.00000000	0.00000000	0.00000000
1932.73522949	0.00000000	0.00000000	0.00000000	0.00000000	0.00000000	0.00000000	0.00000000	0.00000000
2147.48364258	0.00000000	0.00000000	0.00000000	0.00000000	0.00000000	0.00000000	0.00000000	0.00000000
2362.23193359	0.00000000	0.00000000	0.00000000	0.00000000	0.00000000	0.00000000	0.00000000	0.00000000
2576.98022461	0.00000000	0.00000000	0.00000000	0.00000000	0.00000000	0.00000000	0.00000000	0.00000000
2791.72851562	0.00000000	0.00000000	0.00000000	0.00000000	0.00000000	0.00000000	0.00000000	0.00000000
3006.47705078	0.00000000	0.00000000	0.00000000	0.00000000	0.00000000	0.00000000	0.00000000	0.00000000
3221.22534180	0.00000000	0.00000000	0.00000000	0.00000000	0.00000000	0.00000000	0.00000000	0.00000000
3435.97363281	0.00000000	0.00000000	0.00000000	0.00000000	0.00000000	0.00000000	0.00000000	0.00000000
0	0	0	0	0	0	0	0	0
