%1/20/2015 11:10:02 AM
%Duration	ID1		ID2		ID3		ID4		ID5		ID6		ID7		ID8
3000.000000	2.069473	2.412796	2.508163	4.091263	7.705688	20.999908	17.414093	16.431808
%Tau		Tau1		Tau2		Tau3		Tau4		Tau5		Tau6		Tau7		Tau8
%		0.000003	0.000002	0.000001	0.000001	0.000005	0.000025	0.000025	0.000022
%Delaytime	D1		D2		D3		D4		D5		D6		D7		D8
0.00000000	8.05086994	21.56650543	32.48824692	18.23077583	6.63747549	2.04010153	3.84828901	5.57260132
0.00000020	3.57816434	2.87553406	4.40518618	4.50407410	2.09335780	1.43274295	1.44310832	1.84346163
0.00000040	0.89454108	2.39627838	2.75324130	1.71583772	1.37855268	1.51060951	1.56616414	1.64645040
0.00000060	0.00000000	3.83404541	2.20259309	2.57375646	1.73595512	1.48724949	1.63328540	1.39315033
0.00000080	2.68362331	2.87553406	2.75324130	1.07239854	1.22538006	1.43274295	1.48785591	1.40722263
0.00000100	1.78908217	1.91702271	1.10129654	1.50135803	1.99124265	1.37044978	1.39836085	1.46351147
0.00000120	0.89454108	1.91702271	0.00000000	1.28687823	1.68489766	1.51060951	1.49904275	1.47758377
0.00000140	1.78908217	0.47925568	2.20259309	0.64343911	1.63384020	1.49503613	1.45429528	1.33686149
0.00000160	2.68362331	1.91702271	1.10129654	1.50135803	1.32749510	1.37823653	1.39836085	1.26650035
0.00000180	0.89454108	0.95851135	0.55064827	1.50135803	1.32749510	1.33930326	1.37598705	1.44943929
0.00000200	0.89454108	1.43776703	1.10129654	1.71583772	1.53172517	1.48724949	1.48785591	1.42129481
0.00000220	0.89454108	0.47925568	0.55064827	0.42895943	1.22538006	1.66634238	1.56616414	1.47758377
0.00000240	0.00000000	0.47925568	0.55064827	1.71583772	1.37855268	1.45610297	1.40954769	1.68866706
0.00000260	0.89454108	0.47925568	0.55064827	1.28687823	1.58278263	1.44052970	1.37598705	1.57608926
0.00000280	0.00000000	1.43776703	1.65194488	1.50135803	1.37855268	1.62740922	1.45429528	1.51980042
0.00000300	0.89454108	1.91702271	1.10129654	2.14479709	1.02115011	1.28479671	1.56616414	1.57608926
0.00000340	1.78908217	0.95851135	0.00000000	0.75067902	1.60831141	1.28869009	1.47107553	1.39315033
0.00000380	2.23635268	0.71888351	1.92726898	1.17963839	1.35302389	1.65466249	1.39836085	1.53387260
0.00000420	0.89454108	0.71888351	2.20259309	1.50135803	1.53172517	1.42495632	1.41514111	1.52683651
0.00000460	2.68362331	0.95851135	0.27532414	1.28687823	1.48066759	1.42495632	1.41514111	1.40018654
0.00000500	1.78908217	0.71888351	0.82597244	1.17963839	1.27643764	1.48335624	1.37598705	1.46351147
0.00000540	1.34181166	1.67739487	0.55064827	1.50135803	1.53172517	1.38212979	1.49904275	1.43536699
0.00000580	1.78908217	2.15665054	1.65194488	2.03755736	1.73595512	1.41327643	1.42073464	1.59719765
0.00000620	1.78908217	1.67739487	1.37662065	1.50135803	1.09773636	1.53786278	1.38717389	1.61126983
0.00000700	2.45998812	0.71888351	0.68831033	0.91153878	1.45513892	1.41327643	1.47107553	1.48461986
0.00000780	0.89454108	1.91702271	1.10129654	1.44773805	1.23814452	1.36071646	1.32564604	1.40370452
0.00000860	0.89454108	1.79720879	0.96363449	1.60859787	1.60831141	1.35682321	1.33123946	1.42481291
0.00000940	0.67090583	0.59906960	0.55064827	1.07239854	1.35302389	1.47362292	1.36200345	1.44592118
0.00001020	1.56544697	1.19813919	1.51428282	1.34049821	1.36578822	1.38602316	1.27250838	1.29464483
0.00001100	0.67090583	1.19813919	1.10129654	1.66221774	1.41684580	1.37434316	1.34242642	1.28760862
0.00001180	1.11817634	0.71888351	1.23895860	1.17963839	1.27643764	1.37044978	1.38717389	1.37204206
0.00001260	0.44727054	1.07832527	1.51428282	1.50135803	1.68489766	1.41522300	1.27530503	1.50572813
0.00001420	1.78908217	0.89860439	1.23895860	1.28687823	1.14879382	1.37628984	1.25293124	1.39139140
0.00001580	1.22999406	0.95851135	0.96363449	1.42092812	1.30196643	1.37531650	1.32984114	1.40018654
0.00001740	1.56544697	1.01841831	0.68831033	1.09920847	1.26367319	1.35390317	1.31166244	1.32982540
0.00001900	0.89454108	1.13823223	0.82597244	1.26006830	1.21899796	1.31983662	1.28509355	1.30343997
0.00002060	0.55908817	1.43776703	0.96363449	1.04558861	1.34025955	1.29063666	1.29628050	1.29992187
0.00002220	1.45362926	1.13823223	0.96363449	1.20644844	1.29558420	1.27214336	1.32564604	1.26825941
0.00002380	1.45362926	0.89860439	1.44545174	1.12601852	1.16794038	1.27214336	1.28089845	1.30343997
0.00002540	1.34181166	1.01841831	1.37662065	1.07239854	1.29558420	1.25754344	1.17462313	1.27177739
0.00002860	1.23906112	1.07174265	1.27967536	0.98065799	1.17785752	1.17206192	1.22776079	1.27301359
0.00003180	1.29538202	1.10151327	0.79547387	1.10156107	1.21935380	1.18277907	1.17951739	1.25091267
0.00003500	0.78849339	1.01220143	1.21050370	1.11499476	1.20658576	1.19154763	1.17042804	1.16250885
0.00003820	0.67585152	1.45876086	1.00298882	1.14186203	1.29277039	1.19106042	1.19979358	1.08559763
0.00004140	1.01377726	1.10151327	1.17591786	0.99409169	1.15870535	1.15111494	1.16763127	1.23588395
0.00004460	0.61953056	1.04197204	1.10674632	0.99409169	1.20020163	1.16424870	1.13057470	1.17930555
0.00004780	1.46434486	1.33967829	1.03757465	1.23589778	1.26085019	1.15645456	1.14455831	1.18372583
0.00005100	1.12641919	1.01220143	0.86464554	0.94035697	1.02464032	1.14573765	1.14665592	1.11035073
0.00005740	1.29538202	0.93849188	0.96946746	1.00606143	1.11745310	1.15255857	1.06344318	1.12324321
0.00006380	1.01377726	1.10235560	0.98677939	1.09996057	1.09832406	1.11089110	1.06518948	1.10688746
0.00007020	0.84481436	1.17683899	1.00409126	1.17373836	1.10788858	1.08238173	1.07846069	1.13738871
0.00007660	1.23906112	1.23642588	0.98677939	1.23410201	1.06166005	1.07531524	1.06798339	1.07859635
0.00008300	0.92929578	0.89380181	0.96946746	0.97923315	1.02180803	1.03973949	1.05087054	1.05560994
0.00008940	0.95745629	1.02787209	0.77903634	0.95911193	1.05368972	1.02828693	1.01943874	1.03925419
0.00009580	1.07009816	1.05766547	1.07333899	1.03968573	1.09194767	1.01610351	1.03410685	1.01494157
0.00010220	0.95745629	0.86400843	1.12527478	1.05980861	1.08557141	1.02463186	1.01594627	1.04102230
0.00011500	1.08379865	1.13930690	1.10598695	0.94202203	1.01823783	1.03001857	1.03026521	0.99135727
0.00012780	0.84451842	0.99782437	0.97637910	1.03924143	1.04214013	1.00664222	1.02083564	1.02804959
0.00014060	1.01342213	0.97548503	1.02822220	1.09623206	1.04931080	1.02271342	1.03288448	1.02340782
0.00015340	1.02749741	1.03505659	0.99366015	0.93866962	1.05887175	1.01078176	0.98744446	1.00415540
0.00016620	1.05564809	0.96803856	1.03686273	1.09287965	1.08436751	1.01443434	0.99198443	0.96834797
0.00017900	1.29492831	0.94569921	1.01958168	0.95878398	0.99911594	1.01175582	0.98133296	1.00634372
0.00019180	1.08398855	0.99037790	0.96773857	1.05600333	1.01664436	0.98436171	0.99355596	1.01606894
0.00020460	1.01359963	0.96059215	1.05414379	0.95543158	1.01186383	0.98681277	0.98868608	0.99904972
0.00023020	0.88534808	1.11221182	1.14282942	1.01779878	0.99494117	0.99131507	1.00763261	0.99076468
0.00025580	0.92750752	1.03756678	0.88407558	0.98753256	0.98175126	0.99429953	0.99783874	1.00247669
0.00028140	0.94858724	1.05622804	0.84526253	0.98417932	1.00964189	1.00905538	1.00527155	0.98391432
0.00030700	0.92048097	0.89574105	0.86251277	1.06801057	1.03744614	0.99488008	0.99832445	1.02216637
0.00033260	1.11019838	1.13460541	0.90563846	1.01268196	1.01274502	1.01800871	1.01528811	0.99277532
0.00035820	0.90642780	0.94426036	1.00927830	0.98753256	1.02071309	1.01940966	1.01390886	1.02081800
0.00038380	0.91345441	0.92933136	0.94458103	0.91040778	1.02987647	1.00607085	1.00645649	1.00422239
0.00040940	0.94842124	0.91440237	0.99202573	0.95567667	0.98326308	0.99797016	1.00304627	1.00446546
0.00046060	1.04421604	0.91230345	0.98946208	1.00513709	0.98293346	1.00601685	1.00000012	0.99826699
0.00051180	0.96362215	1.01478481	0.95928240	1.02022672	0.99425882	0.99745673	0.99434161	1.00439095
0.00056300	1.01267934	1.00359237	1.06074524	1.01938844	0.97970188	1.00281823	1.00653183	1.00919092
0.00061420	0.93208545	0.97747660	0.97006083	0.94813186	1.00542581	1.00848436	1.00318837	1.00348628
0.00066540	0.96028590	0.99986154	0.97006083	0.96908969	0.97990131	1.00674796	1.00240219	1.00784469
0.00071660	1.03406525	0.93445295	1.01101899	0.98660988	1.00562525	1.00348842	0.99537045	0.99834406
0.00076780	0.98849630	0.93072259	0.95294595	0.97403628	1.00283349	0.99852294	0.99044937	1.00134528
0.00081900	1.04808652	1.07261264	0.93354207	0.95810968	1.00702107	0.99182290	1.01032305	0.99805677
0.00092140	1.00181687	0.97840208	0.98704028	0.97094434	1.00029254	0.99143845	0.99739516	1.00492108
0.00102380	1.01232541	1.01018226	1.03558326	0.99690318	1.00118852	1.00273180	0.99759156	1.00210834
0.00112620	0.99656254	0.96549219	0.99782759	1.00527692	0.98016530	1.00437999	1.00080013	1.01757836
0.00122860	0.98955685	0.99528557	0.93094617	1.00192750	0.99067736	1.00252068	1.01165044	1.01595664
0.00133100	0.97204256	0.96549219	1.00753617	0.99062282	0.98574060	1.00329792	1.00197887	1.00159562
0.00143340	1.02983963	0.97107846	0.95791453	1.00695169	0.99822718	1.00061464	1.00405025	0.99199378
0.00153580	1.00006545	1.00925124	1.07226014	1.02411807	1.00639141	1.00460410	1.00282562	0.99761909
0.00163820	0.99113500	1.01776028	0.94389099	0.98141158	1.00738704	1.00548792	0.99658275	1.00272608
0.00184300	1.04863644	0.97495812	1.02436781	1.00422561	1.01280999	0.99681842	1.00354075	1.00349641
0.00204780	1.01707208	1.02127957	0.96784449	0.98425025	1.01351476	0.99451560	0.99627882	1.00414324
0.00225260	0.94868273	1.00498009	1.01004231	0.99051934	1.00214553	1.00762594	1.00361490	1.00563776
0.00245740	1.04600596	1.01196563	0.98123461	0.96502495	1.00991404	0.99926090	1.00201237	1.00933194
0.00266220	0.96008098	0.99520046	1.00111127	1.01475990	0.99174607	1.00018167	1.00040543	0.99486315
0.00286700	1.01619530	0.99113542	1.01503396	1.00297189	0.98776239	0.99462426	1.00578070	1.00448167
0.00307180	0.93377739	0.93955594	1.04261339	0.99661827	1.01560605	0.99534237	0.99473107	1.00928533
0.00327660	1.00374472	1.01954675	1.00151455	0.98972344	0.99282551	0.99816245	1.00833774	1.00650501
0.00368620	1.00532222	1.01867509	0.97651511	1.00302112	0.99736351	1.00000262	1.00658977	1.00189912
0.00409580	0.96035141	0.97674787	0.95869648	1.00019693	1.00589097	1.00248945	1.00210750	0.99960595
0.00450540	0.99410182	0.98678857	1.00053859	1.01149380	0.99911374	1.00138462	1.00354946	1.00278616
0.00491500	1.00812793	0.95806754	1.00701630	1.00804198	1.00005126	1.00410199	1.00486064	1.00592899
0.00532460	1.01952422	1.00476837	1.00377750	0.99582320	1.00295365	0.99594927	1.00071192	1.00454116
0.00573420	1.00278056	1.00149930	0.99014819	1.00546443	1.00594079	0.99824470	0.99764794	1.00128400
0.00614380	1.00742745	0.98678857	1.00080848	0.99513024	0.99149919	1.00150776	1.00428700	1.00036120
0.00655340	0.99848497	0.96600670	1.02011180	0.98902071	0.99861652	0.99854791	0.99950480	1.00041747
0.00737260	1.01610053	1.02461624	1.01539218	1.01654708	1.00022280	0.99471605	1.00170636	1.00443947
0.00819180	0.99914241	1.00089347	0.99609035	0.99109381	1.00464797	1.00185323	1.00188363	0.99912578
0.00901100	0.99374640	1.00073278	0.99366021	0.99806041	1.00378132	1.00114608	1.00267971	1.00243318
0.00983020	1.02912784	1.00576091	1.00837946	0.99990559	0.99660093	0.99741882	0.99909651	1.00145090
0.01064940	1.00966203	0.99586403	1.01243019	0.99409670	1.00025201	0.99882519	1.00039256	1.00291574
0.01146860	0.98555458	1.00848043	1.01512647	0.99467236	1.00495565	1.00111425	0.99778569	1.00037003
0.01228780	1.01605904	1.01644361	0.98704481	1.00601351	1.00236630	1.00174642	0.99582160	1.00215912
0.01310700	0.99857402	1.00113797	0.99554873	0.99303740	0.99880743	0.99824405	1.00549924	1.00211811
0.01474540	0.99816006	0.99556547	0.98913312	1.00849569	0.99976873	0.99945962	1.00120497	1.00077033
0.01638380	0.98610055	1.00188279	1.00666976	0.99571902	0.99642313	0.99800968	1.00002813	1.00073719
0.01802220	1.00626183	1.01480150	0.98326480	1.00044978	1.00594413	1.00184536	0.99995667	1.00318146
0.01966060	1.01473355	1.01078379	0.99708420	0.99603963	1.00128794	1.00130844	1.00049412	1.00264919
0.02129900	1.00104976	1.00849247	1.00713181	0.99537230	0.99847960	0.99889392	0.99893177	1.00103843
0.02293740	1.01727855	0.99089420	1.00686550	1.00064516	1.00230730	0.99909401	1.00094330	1.00133860
0.02457580	0.98392719	1.00190496	0.99688387	0.99068904	0.99807894	0.99982935	1.00005984	0.99616009
0.02621420	1.00247359	1.00190794	1.01569426	0.99806720	1.00281179	0.99875736	0.99995327	0.99966198
0.02949100	0.99441612	0.99996644	0.99256009	1.00556087	1.00220168	0.99974972	1.00189066	1.00320971
0.03276780	1.01475048	1.00361872	1.00408101	1.00229979	0.99787539	1.00057364	1.00014913	1.00222909
0.03604460	1.00737178	1.00082433	0.99596351	0.99778616	0.99865746	0.99858165	0.99975598	1.00375497
0.03932140	1.00440824	1.00149930	1.00347769	1.00530887	0.99827892	1.00004876	0.99896836	1.00055563
0.04259820	1.00357950	1.00742447	0.99875915	1.00532424	1.00200140	1.00202382	1.00214338	1.00064290
0.04587500	1.00107419	1.01525772	0.99057901	1.00552619	1.00039887	0.99949193	1.00076628	1.00110221
0.04915180	1.00449777	1.00367904	1.00410235	0.99553585	0.99976557	1.00207174	1.00076914	1.00314236
0.05242860	1.00760257	1.00853777	1.00268340	1.00661516	1.00285649	0.99904001	1.00026655	1.00278044
0.05898220	1.00459588	0.99637949	0.99863273	0.99873209	1.00318134	1.00129676	1.00090468	1.00278234
0.06553581	0.99981749	1.00195110	0.99896961	1.00205374	1.00305510	1.00065422	0.99996793	1.00291121
0.07208940	0.99915683	0.99967676	0.99923158	0.99984705	1.00038791	1.00023794	1.00008893	1.00178683
0.07864300	1.00043511	1.00782716	0.99767923	0.99943012	0.99991196	1.00003350	1.00121439	1.00084138
0.08519660	1.00180125	1.00615501	1.00586748	1.00011158	1.00291359	1.00084639	1.00129879	1.00220966
0.09175020	0.99677771	1.00706291	1.00425410	1.00065970	1.00281441	1.00046468	1.00061584	0.99931937
0.09830380	0.99704778	1.00577557	1.00137973	0.99836379	1.00064969	1.00001395	1.00151050	1.00156033
0.10485740	1.00627708	0.99831951	1.00704277	0.99848056	1.00216866	0.99836206	1.00099254	1.00177526
0.11796460	1.00534844	1.00255799	0.99698710	0.99773264	1.00186574	0.99996042	1.00092673	1.00139809
0.13107181	1.00144780	1.00023174	0.99564874	0.99638277	1.00018609	1.00015342	1.00194907	1.00178862
0.14417900	1.00787663	0.99952209	1.00086045	0.99903738	1.00209510	1.00005877	1.00132096	0.99974549
0.15728620	1.00387859	0.99923122	0.99873978	1.00220490	1.00045264	0.99978673	1.00056767	1.00138700
0.17039341	1.00494814	0.99940836	1.00208461	0.99934739	1.00048125	1.00099158	1.00115442	1.00041771
0.18350060	1.00251889	0.99723816	0.99623102	0.99941170	0.99936754	1.00065160	1.00032699	0.99939132
0.19660780	0.99819124	0.99724442	0.99619621	0.99903381	0.99995649	1.00031555	1.00094819	0.99944729
0.20971501	1.00222969	0.99954879	1.00308192	1.00204229	1.00028634	1.00080168	1.00003338	1.00022686
0.23592941	0.99975568	0.99811751	1.00289667	0.99864978	0.99954271	1.00003755	1.00038850	1.00058842
0.26214382	1.00462961	0.99836415	1.00340962	0.99969643	1.00072324	0.99988252	1.00045371	0.99983180
0.28835821	1.00229585	0.99639744	1.00075030	0.99716651	1.00074172	0.99997008	1.00074959	1.00041080
0.31457260	1.00011110	0.99911350	1.00374711	0.99938244	0.99965984	0.99937826	1.00055683	1.00046337
0.34078699	0.99813640	0.99905145	0.99817061	0.99953508	1.00026643	0.99955684	1.00047159	1.00001633
0.36700141	0.99946636	1.00009429	0.99818039	1.00003517	0.99934644	0.99996477	1.00033200	1.00014019
0.39321581	0.99886322	0.99783182	1.00335181	1.00095284	1.00084841	0.99970233	1.00050354	1.00024533
0.41943020	1.00033975	1.00488269	1.00045478	1.00157475	1.00052261	1.00014234	1.00058842	0.99978024
0.47185901	0.99924064	0.99778682	0.99895620	0.99998385	0.99971706	0.99994946	1.00015688	0.99999249
0.52428782	1.00323451	0.99986106	1.00129521	1.00003612	0.99997979	0.99997544	1.00026262	0.99972147
0.57671660	1.00124729	0.99830514	0.99740869	1.00040948	1.00050592	1.00042868	0.99988526	0.99973720
0.62914538	1.00026166	1.00029957	0.99754703	0.99964517	0.99945730	1.00039124	0.99999774	0.99998307
0.68157423	0.99914163	0.99841076	1.00207555	0.99787700	1.00057781	1.00023246	1.00048614	0.99947852
0.73400301	0.99679577	0.99785477	0.99885017	0.99954069	1.00030208	1.00019538	1.00006866	0.99929512
0.78643179	1.00044894	0.99836677	1.00014389	0.99989152	0.99989271	0.99994928	1.00096357	0.99958074
0.83886063	0.99905163	0.99740475	0.99730200	0.99898231	1.00055504	0.99995488	0.99996054	1.00034416
0.94371825	1.00010967	0.99828202	1.00073647	1.00077307	0.99962449	0.99980354	0.99979281	1.00079143
1.04857588	1.00108147	0.99965143	0.99896836	1.00003839	1.00001919	0.99980783	0.99956053	1.00142920
1.15343344	1.00073671	1.00173783	1.00081718	1.00088060	1.00006056	0.99992764	0.99965245	1.00093794
1.25829101	0.99944961	1.00530708	1.00052857	0.99831247	0.99909240	0.99988323	0.99934155	1.00082493
1.36314869	1.00190222	1.00187051	1.00007474	1.00007975	0.99992555	0.99985981	0.99960029	1.00002277
1.46800625	1.00231123	0.99879980	1.00077069	1.00047588	1.00112641	0.99967980	1.00019419	1.00037706
1.57286382	1.00237978	0.99763697	0.99928546	1.00069988	0.99988347	0.99963099	0.99990398	0.99985707
1.67772150	1.00233996	1.00060999	1.00014770	0.99998558	0.99943697	0.99979591	0.99992520	1.00009716
1.88743675	1.00121653	0.99825376	0.99944770	1.00050354	1.00096476	0.99996233	1.00012934	1.00011814
2.09715199	0.99889976	0.99883723	0.99991965	0.99856442	1.00022662	0.99982399	0.99995267	0.99988866
2.30686712	0.99835992	0.99862635	1.00116146	0.99993825	0.99947053	1.00004363	1.00100636	1.00008988
2.51658225	0.99872667	1.00016224	1.00086689	0.99859220	1.00022328	1.00023019	1.00024235	0.99900115
2.72629738	0.99853015	1.00144589	1.00154090	1.00114894	0.99917412	0.99999183	1.00046897	1.00008965
2.93601274	0.99942327	1.00225139	0.99965066	1.00060344	1.00013018	1.00013828	1.00008607	1.00024557
3.14572787	0.99880636	1.00058806	1.00020158	1.00033271	0.99811864	1.00006413	1.00037706	1.00085568
3.35544300	1.00301385	0.99947292	0.99857807	1.00077534	0.99983627	0.99996829	0.99981183	0.99979007
3.77487350	0.99835759	1.00027502	1.00056970	0.99959731	1.00064874	1.00004816	0.99959105	0.99941289
4.19430399	0.99964184	1.00211263	0.99937838	1.00014293	1.00116920	0.99983019	1.00015402	1.00076735
4.61373425	0.99994868	0.99881393	0.99976557	1.00004792	1.00043583	1.00004232	0.99990922	1.00031543
5.03316450	1.00000000	1.00000000	1.00000000	1.00000000	1.00000000	1.00000000	1.00000000	1.00000000
5.45259476	0.00000000	0.00000000	0.00000000	0.00000000	0.00000000	0.00000000	0.00000000	0.00000000
5.87202549	0.00000000	0.00000000	0.00000000	0.00000000	0.00000000	0.00000000	0.00000000	0.00000000
6.29145575	0.00000000	0.00000000	0.00000000	0.00000000	0.00000000	0.00000000	0.00000000	0.00000000
6.71088600	0.00000000	0.00000000	0.00000000	0.00000000	0.00000000	0.00000000	0.00000000	0.00000000
7.54974699	0.00000000	0.00000000	0.00000000	0.00000000	0.00000000	0.00000000	0.00000000	0.00000000
8.38860798	0.00000000	0.00000000	0.00000000	0.00000000	0.00000000	0.00000000	0.00000000	0.00000000
9.22746849	0.00000000	0.00000000	0.00000000	0.00000000	0.00000000	0.00000000	0.00000000	0.00000000
10.06632900	0.00000000	0.00000000	0.00000000	0.00000000	0.00000000	0.00000000	0.00000000	0.00000000
10.90518951	0.00000000	0.00000000	0.00000000	0.00000000	0.00000000	0.00000000	0.00000000	0.00000000
11.74405098	0.00000000	0.00000000	0.00000000	0.00000000	0.00000000	0.00000000	0.00000000	0.00000000
12.58291149	0.00000000	0.00000000	0.00000000	0.00000000	0.00000000	0.00000000	0.00000000	0.00000000
13.42177200	0.00000000	0.00000000	0.00000000	0.00000000	0.00000000	0.00000000	0.00000000	0.00000000
15.09949398	0.00000000	0.00000000	0.00000000	0.00000000	0.00000000	0.00000000	0.00000000	0.00000000
16.77721596	0.00000000	0.00000000	0.00000000	0.00000000	0.00000000	0.00000000	0.00000000	0.00000000
18.45493698	0.00000000	0.00000000	0.00000000	0.00000000	0.00000000	0.00000000	0.00000000	0.00000000
20.13265800	0.00000000	0.00000000	0.00000000	0.00000000	0.00000000	0.00000000	0.00000000	0.00000000
21.81037903	0.00000000	0.00000000	0.00000000	0.00000000	0.00000000	0.00000000	0.00000000	0.00000000
23.48810196	0.00000000	0.00000000	0.00000000	0.00000000	0.00000000	0.00000000	0.00000000	0.00000000
25.16582298	0.00000000	0.00000000	0.00000000	0.00000000	0.00000000	0.00000000	0.00000000	0.00000000
26.84354401	0.00000000	0.00000000	0.00000000	0.00000000	0.00000000	0.00000000	0.00000000	0.00000000
30.19898796	0.00000000	0.00000000	0.00000000	0.00000000	0.00000000	0.00000000	0.00000000	0.00000000
33.55443192	0.00000000	0.00000000	0.00000000	0.00000000	0.00000000	0.00000000	0.00000000	0.00000000
36.90987396	0.00000000	0.00000000	0.00000000	0.00000000	0.00000000	0.00000000	0.00000000	0.00000000
40.26531601	0.00000000	0.00000000	0.00000000	0.00000000	0.00000000	0.00000000	0.00000000	0.00000000
43.62075806	0.00000000	0.00000000	0.00000000	0.00000000	0.00000000	0.00000000	0.00000000	0.00000000
46.97620392	0.00000000	0.00000000	0.00000000	0.00000000	0.00000000	0.00000000	0.00000000	0.00000000
50.33164597	0.00000000	0.00000000	0.00000000	0.00000000	0.00000000	0.00000000	0.00000000	0.00000000
53.68708801	0.00000000	0.00000000	0.00000000	0.00000000	0.00000000	0.00000000	0.00000000	0.00000000
60.39797592	0.00000000	0.00000000	0.00000000	0.00000000	0.00000000	0.00000000	0.00000000	0.00000000
67.10886383	0.00000000	0.00000000	0.00000000	0.00000000	0.00000000	0.00000000	0.00000000	0.00000000
73.81974792	0.00000000	0.00000000	0.00000000	0.00000000	0.00000000	0.00000000	0.00000000	0.00000000
80.53063202	0.00000000	0.00000000	0.00000000	0.00000000	0.00000000	0.00000000	0.00000000	0.00000000
87.24151611	0.00000000	0.00000000	0.00000000	0.00000000	0.00000000	0.00000000	0.00000000	0.00000000
93.95240784	0.00000000	0.00000000	0.00000000	0.00000000	0.00000000	0.00000000	0.00000000	0.00000000
100.66329193	0.00000000	0.00000000	0.00000000	0.00000000	0.00000000	0.00000000	0.00000000	0.00000000
107.37417603	0.00000000	0.00000000	0.00000000	0.00000000	0.00000000	0.00000000	0.00000000	0.00000000
120.79595184	0.00000000	0.00000000	0.00000000	0.00000000	0.00000000	0.00000000	0.00000000	0.00000000
134.21772766	0.00000000	0.00000000	0.00000000	0.00000000	0.00000000	0.00000000	0.00000000	0.00000000
147.63949585	0.00000000	0.00000000	0.00000000	0.00000000	0.00000000	0.00000000	0.00000000	0.00000000
161.06126404	0.00000000	0.00000000	0.00000000	0.00000000	0.00000000	0.00000000	0.00000000	0.00000000
174.48303223	0.00000000	0.00000000	0.00000000	0.00000000	0.00000000	0.00000000	0.00000000	0.00000000
187.90481567	0.00000000	0.00000000	0.00000000	0.00000000	0.00000000	0.00000000	0.00000000	0.00000000
201.32658386	0.00000000	0.00000000	0.00000000	0.00000000	0.00000000	0.00000000	0.00000000	0.00000000
214.74835205	0.00000000	0.00000000	0.00000000	0.00000000	0.00000000	0.00000000	0.00000000	0.00000000
241.59190369	0.00000000	0.00000000	0.00000000	0.00000000	0.00000000	0.00000000	0.00000000	0.00000000
268.43545532	0.00000000	0.00000000	0.00000000	0.00000000	0.00000000	0.00000000	0.00000000	0.00000000
295.27899170	0.00000000	0.00000000	0.00000000	0.00000000	0.00000000	0.00000000	0.00000000	0.00000000
322.12252808	0.00000000	0.00000000	0.00000000	0.00000000	0.00000000	0.00000000	0.00000000	0.00000000
348.96606445	0.00000000	0.00000000	0.00000000	0.00000000	0.00000000	0.00000000	0.00000000	0.00000000
375.80963135	0.00000000	0.00000000	0.00000000	0.00000000	0.00000000	0.00000000	0.00000000	0.00000000
402.65316772	0.00000000	0.00000000	0.00000000	0.00000000	0.00000000	0.00000000	0.00000000	0.00000000
429.49670410	0.00000000	0.00000000	0.00000000	0.00000000	0.00000000	0.00000000	0.00000000	0.00000000
483.18380737	0.00000000	0.00000000	0.00000000	0.00000000	0.00000000	0.00000000	0.00000000	0.00000000
536.87091064	0.00000000	0.00000000	0.00000000	0.00000000	0.00000000	0.00000000	0.00000000	0.00000000
590.55798340	0.00000000	0.00000000	0.00000000	0.00000000	0.00000000	0.00000000	0.00000000	0.00000000
644.24505615	0.00000000	0.00000000	0.00000000	0.00000000	0.00000000	0.00000000	0.00000000	0.00000000
697.93212891	0.00000000	0.00000000	0.00000000	0.00000000	0.00000000	0.00000000	0.00000000	0.00000000
751.61926270	0.00000000	0.00000000	0.00000000	0.00000000	0.00000000	0.00000000	0.00000000	0.00000000
805.30633545	0.00000000	0.00000000	0.00000000	0.00000000	0.00000000	0.00000000	0.00000000	0.00000000
858.99340820	0.00000000	0.00000000	0.00000000	0.00000000	0.00000000	0.00000000	0.00000000	0.00000000
966.36761475	0.00000000	0.00000000	0.00000000	0.00000000	0.00000000	0.00000000	0.00000000	0.00000000
1073.74182129	0.00000000	0.00000000	0.00000000	0.00000000	0.00000000	0.00000000	0.00000000	0.00000000
1181.11596680	0.00000000	0.00000000	0.00000000	0.00000000	0.00000000	0.00000000	0.00000000	0.00000000
1288.49011230	0.00000000	0.00000000	0.00000000	0.00000000	0.00000000	0.00000000	0.00000000	0.00000000
1395.86425781	0.00000000	0.00000000	0.00000000	0.00000000	0.00000000	0.00000000	0.00000000	0.00000000
1503.23852539	0.00000000	0.00000000	0.00000000	0.00000000	0.00000000	0.00000000	0.00000000	0.00000000
1610.61267090	0.00000000	0.00000000	0.00000000	0.00000000	0.00000000	0.00000000	0.00000000	0.00000000
1717.98681641	0.00000000	0.00000000	0.00000000	0.00000000	0.00000000	0.00000000	0.00000000	0.00000000
1932.73522949	0.00000000	0.00000000	0.00000000	0.00000000	0.00000000	0.00000000	0.00000000	0.00000000
2147.48364258	0.00000000	0.00000000	0.00000000	0.00000000	0.00000000	0.00000000	0.00000000	0.00000000
2362.23193359	0.00000000	0.00000000	0.00000000	0.00000000	0.00000000	0.00000000	0.00000000	0.00000000
2576.98022461	0.00000000	0.00000000	0.00000000	0.00000000	0.00000000	0.00000000	0.00000000	0.00000000
2791.72851562	0.00000000	0.00000000	0.00000000	0.00000000	0.00000000	0.00000000	0.00000000	0.00000000
3006.47705078	0.00000000	0.00000000	0.00000000	0.00000000	0.00000000	0.00000000	0.00000000	0.00000000
3221.22534180	0.00000000	0.00000000	0.00000000	0.00000000	0.00000000	0.00000000	0.00000000	0.00000000
3435.97363281	0.00000000	0.00000000	0.00000000	0.00000000	0.00000000	0.00000000	0.00000000	0.00000000
0	0	0	0	0	0	0	0	0
