%1/21/2015 5:49:53 PM
%Duration	ID1		ID2		ID3		ID4		ID5		ID6		ID7		ID8
3000.000000	1.621246	2.479553	8.115768	3.881454	2.622604	17.671585	15.344620	14.438629
%Tau		Tau1		Tau2		Tau3		Tau4		Tau5		Tau6		Tau7		Tau8
%		0.000001	0.000001	0.000004	0.000002	0.000002	0.000017	0.000013	0.000009
%Delaytime	D1		D2		D3		D4		D5		D6		D7		D8
0.00000000	10.57953072	35.46874237	9.27851391	18.01596451	19.05867958	2.46057916	3.49906802	5.58674669
0.00000020	6.34771872	4.97806883	2.15662766	2.57370925	2.31014299	1.57297301	1.72061610	1.75451541
0.00000040	1.05795312	1.24451721	1.90585685	1.87178862	1.73260725	1.51679540	1.51819062	1.84685838
0.00000060	2.11590624	2.48903441	1.35416150	2.10576224	1.73260725	1.58420861	1.51819062	1.50826764
0.00000080	3.17385936	1.86677587	1.55477798	2.57370925	0.00000000	1.23590744	1.50373173	1.30819130
0.00000100	1.05795312	1.86677587	1.40431559	1.63781500	0.00000000	1.29208505	1.61940336	1.49287713
0.00000120	1.05795312	0.62225860	1.40431559	0.46794716	1.15507150	1.42691123	1.53264964	1.52365816
0.00000140	0.00000000	0.62225860	1.15354502	1.40384150	2.88767886	1.39320469	1.48927271	1.67756295
0.00000160	2.11590624	0.62225860	1.30400729	1.87178862	0.57753575	1.43814683	1.33022416	1.73912501
0.00000180	1.05795312	0.62225860	1.60493207	1.40384150	1.15507150	1.21343637	1.35914207	0.93881965
0.00000200	1.05795312	0.00000000	0.95292842	2.10576224	1.73260725	1.46061778	1.30130625	1.69295347
0.00000220	0.00000000	0.62225860	1.00308263	2.33973575	1.15507150	1.20220077	1.46035480	1.43131518
0.00000240	0.00000000	1.86677587	1.45446968	2.80768299	0.57753575	1.33702707	1.74953401	1.41592479
0.00000260	3.17385936	0.62225860	1.15354502	1.16986787	1.15507150	1.50555992	1.77845192	1.56982958
0.00000280	2.11590624	0.62225860	1.35416150	2.80768299	0.57753575	1.20220077	1.27238834	1.87763929
0.00000300	1.05795312	0.62225860	1.45446968	1.40384150	2.31014299	1.78644800	1.48927271	1.04655302
0.00000340	1.05795312	1.86677587	1.20369911	1.16986787	1.15507150	1.44938231	1.26515889	1.43131518
0.00000380	1.58692968	0.93338794	1.45446968	1.87178862	0.57753575	1.38196921	1.62663281	1.35436285
0.00000420	1.05795312	1.86677587	1.83062565	1.05288112	0.57753575	1.62915063	1.34468317	1.50826764
0.00000460	1.58692968	2.17790508	1.45446968	1.28685462	2.59891105	1.46623564	1.33022416	1.40822947
0.00000500	1.05795312	1.86677587	1.45446968	1.28685462	0.28876787	1.30332053	1.35191262	1.40822947
0.00000540	0.52897656	1.24451721	1.52970088	1.63781500	1.15507150	1.47747111	1.36637163	1.29280090
0.00000580	0.52897656	1.86677587	1.35416150	1.16986787	1.73260725	1.32579160	1.38806009	1.51596296
0.00000620	1.58692968	1.86677587	1.40431559	1.63781500	0.86630362	1.28084946	1.27961791	1.28510559
0.00000700	0.26448828	0.62225860	1.14100647	0.99438769	1.44383943	1.39601362	1.41697800	1.47363901
0.00000780	0.26448828	1.86677587	1.47954679	1.28685462	1.58822334	1.32017386	1.42420745	1.39668667
0.00000860	1.58692968	0.93338794	1.24131465	1.46233487	1.44383943	1.44657338	1.37360108	1.33897233
0.00000940	1.85141790	1.40008187	1.17862201	1.22836125	0.57753575	1.39039576	1.23262620	1.33897233
0.00001020	0.52897656	0.93338794	1.27893031	1.28685462	1.01068759	1.30332053	1.38444531	1.39283895
0.00001100	1.32244134	1.08895254	1.35416150	1.34534800	1.29945552	1.39039576	1.35552740	1.35436285
0.00001180	0.79346484	0.62225860	1.45446968	1.40384150	1.29945552	1.32017386	1.31215048	1.27356279
0.00001260	0.79346484	0.93338794	1.15354502	1.22836125	0.72191972	1.37635148	1.25069988	1.38129616
0.00001420	1.45468545	1.08895254	1.27266097	1.11137450	0.93849564	1.31034267	1.33564627	1.32742941
0.00001580	0.92570895	0.85560560	1.39177704	1.55007493	1.44383943	1.33421826	1.32299471	1.30819130
0.00001740	1.85141790	0.77782327	1.17235279	1.25760794	1.37164748	1.31315160	1.23081887	1.25240088
0.00001900	1.71917379	0.85560560	1.22250688	1.14062119	1.37164748	1.32719600	1.22720408	1.27933419
0.00002060	1.45468545	1.55564654	1.21623766	1.11137450	1.29945552	1.29068053	1.29226947	1.23123896
0.00002220	0.92570895	1.16673493	1.19116056	1.43308818	1.08287954	1.26259172	1.29588413	1.20045793
0.00002380	1.19019723	1.08895254	1.12219858	1.31610131	1.01068759	1.31315160	1.15129459	1.31011510
0.00002540	1.19019723	0.77782327	1.15354502	1.46233487	1.29945552	1.23590744	1.23443365	1.28895319
0.00002860	1.37912285	1.00881898	1.22491431	1.30392122	1.73163569	1.24135673	1.19833052	1.27004325
0.00003180	1.18210530	0.85361612	1.14075994	1.28938568	1.04619658	1.20780647	1.21002591	1.20017648
0.00003500	1.18210530	1.31922483	1.10024107	1.20147300	1.11834800	1.13930821	1.19923019	1.18486321
0.00003820	1.05076027	1.16402197	1.12517571	0.96703929	0.93796933	1.14699674	1.18573546	1.15136552
0.00004140	1.31345034	0.81481534	1.24049854	1.04029977	1.11834800	1.18543971	1.09307182	1.17912078
0.00004460	0.85374266	1.51322854	1.05660546	1.11356032	1.19049954	1.11065078	1.10749066	1.12169600
0.00004780	0.91941518	0.89241683	1.05660546	1.06960404	0.79366636	1.10575807	1.11648726	1.12935269
0.00005100	0.52538013	0.85361612	1.02232039	1.45055890	0.82974213	1.13721132	1.12098563	1.08819830
0.00005740	0.88859504	0.99345946	1.09364688	1.16234863	1.08227229	1.08007383	1.11147928	1.07851481
0.00006380	1.08606064	0.74022466	1.06093097	1.08193457	1.24461317	1.07133257	1.08488667	1.06655788
0.00007020	0.88859504	0.85710227	1.05469930	1.04538274	1.08227229	1.04930449	1.04251885	1.06129682
0.00007660	1.11897159	0.93502069	1.15596294	0.84069240	1.17246163	1.03986394	1.06370282	1.03451335
0.00008300	1.25061524	0.89606148	0.97992003	1.21352124	0.93796933	1.03846538	1.05243468	1.04360056
0.00008940	0.92150599	0.99345946	1.05002558	0.92110646	0.79366636	1.00979388	1.04612458	1.05986202
0.00009580	0.59239668	0.99345946	1.01575172	1.12579679	1.15442383	1.06468916	1.00601041	1.01777363
0.00010220	0.75695133	0.95450026	1.07339418	0.92841685	0.84777999	1.00699663	1.03846240	1.04790509
0.00011500	1.03748000	0.96339762	1.06708694	0.94686180	0.92674011	1.01593089	1.01682770	0.99033701
0.00012780	0.97160828	1.03151667	0.98212534	1.03825772	0.89974767	1.00770688	1.02133787	1.00086486
0.00014060	0.88926858	1.13856077	1.01876020	1.00535524	0.89974767	1.01330626	1.02426946	0.99366409
0.00015340	1.15275562	1.08990443	0.96107984	1.04556942	1.12468457	1.01033163	1.02472055	1.01041257
0.00016620	0.88926858	1.19694853	1.00940657	1.05288112	0.90874511	1.01663089	1.01188886	0.99821013
0.00017900	0.93867242	1.30399275	0.98680216	1.00901103	1.05270481	1.02310514	1.00174069	1.00849843
0.00019180	1.02101207	0.89527857	0.98680216	1.08203113	0.86375773	1.01558101	0.97853422	1.00060272
0.00020460	0.82324088	0.95366633	0.96731555	0.93946624	1.03470981	0.99388355	1.00469458	0.97332662
0.00023020	0.95604581	1.10337615	1.02207804	0.91420406	1.05838895	1.00184619	0.99612349	0.99778783
0.00025580	1.11263955	0.76312798	0.98815179	1.05864835	0.95029819	0.99197751	0.97697377	0.98856014
0.00028140	0.93132049	0.94297343	0.99863946	0.98368359	0.93678683	1.00097120	0.99691200	0.99215531
0.00030700	1.02198005	0.99158031	1.04036319	1.01659501	1.07640409	1.01118946	0.99860168	1.01123297
0.00033260	0.92307872	0.91380930	1.00955784	0.97636998	0.83770359	1.01188958	0.99803841	0.98575157
0.00035820	1.03022182	1.06935132	1.01189744	1.00562453	1.12594569	1.00007653	0.99499702	0.99725699
0.00038380	1.01373827	0.87978446	1.01423705	0.98185521	0.97281706	0.98520100	1.00705004	1.00602889
0.00040940	0.92307872	0.91380930	0.98265183	0.98185521	0.96831328	1.00550175	1.00896502	1.01623952
0.00046060	1.04903579	1.04641163	0.99347675	0.93565273	0.93890715	1.00203967	1.00951016	1.01779127
0.00051180	1.19713497	0.90073949	0.99324077	1.01164019	1.06274378	1.00328410	1.00131357	1.00145710
0.00056300	0.96675849	0.99756396	1.00802362	0.97501969	0.98844182	1.00442600	1.00401950	1.00950909
0.00061420	0.94618917	1.03397143	1.02050698	0.94480783	0.85109568	1.00287080	0.99669093	1.02131307
0.00066540	1.03669417	0.88834167	0.97701055	0.98142827	0.94791347	1.00102890	1.00371540	1.00058115
0.00071660	1.04903579	0.99028248	1.00700688	1.00797808	1.03347337	1.00689101	0.99139178	1.00297797
0.00076780	1.04061103	0.90775895	0.99662852	1.00340056	1.02671862	1.00986147	0.99502176	0.99770510
0.00081900	1.05295026	1.01698124	0.99190676	0.96769559	1.11002696	1.01038647	0.98887688	0.99926299
0.00092140	1.05149102	1.03230727	0.99224681	0.98234379	1.03041339	1.01133049	1.00663269	1.00714374
0.00102380	1.03502929	1.00576651	0.98468995	1.01850653	1.04957867	1.00616622	1.01230264	0.99677068
0.00112620	0.98358655	1.05914855	0.98049271	0.99736059	1.02815866	1.01211619	1.01171029	0.99921334
0.00122860	1.02679849	0.98785549	1.01510239	0.97364640	1.00321591	0.99762958	1.00347328	1.00256383
0.00133100	0.92802829	1.05945683	1.00719631	0.98325926	0.94559574	1.00204766	0.99611688	0.98683220
0.00143340	0.99387509	1.04003954	1.02491832	0.97959721	0.94672281	1.00281584	0.99218351	1.00571167
0.00153580	0.97947109	0.99756414	1.01051486	0.98683316	0.99856710	0.99887455	1.00729787	1.00400984
0.00163820	0.96918255	0.99635059	0.98728466	0.99415660	1.06844425	0.99521995	1.00545835	0.99330753
0.00184300	1.02223504	0.98720104	1.00098073	1.00815821	1.02602410	0.99928004	0.99349612	0.99790925
0.00204780	0.97282183	0.96479219	0.99851710	0.98320609	1.03630567	1.00150990	0.99998963	0.99524891
0.00225260	1.01502895	1.02187133	1.01358581	1.00426662	1.00701880	1.00196636	1.00477850	0.99820119
0.00245740	1.01811731	1.02293408	0.99827731	0.98366392	0.99293852	1.00182223	1.00347233	0.99199575
0.00266220	1.02326441	1.01687765	1.00747335	1.00472450	1.01208758	1.00315523	0.99603546	0.99822402
0.00286700	0.92237926	0.99991953	0.99239480	0.99428302	1.03855848	1.00240147	0.99913305	1.00050318
0.00307180	1.00473452	0.99037319	1.00669003	1.00298274	1.03194463	0.99110889	1.00388968	0.99609613
0.00327660	0.99135178	1.03762031	1.01108181	1.00770044	0.98659486	0.99885798	0.99274391	0.99263388
0.00368620	0.98690635	1.00793946	1.00197172	1.01876390	0.98636287	1.00263000	0.99548709	0.99809229
0.00409580	1.04096222	1.00036788	1.00215983	1.01425767	1.01881301	1.00387132	1.00036252	1.00247192
0.00450540	0.99533200	0.99612772	0.99974740	0.98830086	0.99591255	1.00125861	1.00050569	0.99985367
0.00491500	0.99584693	1.01323545	0.99266148	0.99584776	0.99127752	1.00027645	1.00014877	1.00241649
0.00532460	1.04496193	1.00081611	0.99983764	0.99367517	1.01193035	1.00100720	0.99413890	1.00639832
0.00573420	0.96804148	0.97615772	1.00670254	1.00622892	0.99309951	1.00217676	0.99335587	1.00530946
0.00614380	1.00530589	1.02777934	1.00221825	1.01947105	0.99014992	0.99990743	1.00728154	0.99946231
0.00655340	1.02590644	1.02808213	1.00065088	0.98319006	0.99408466	1.00468314	0.99786627	1.00330222
0.00737260	0.97333658	1.01393890	1.00248039	0.98430777	0.99899691	1.00183809	1.00188661	0.99962288
0.00819180	0.99984467	1.00409269	1.00658500	1.00458801	0.99238729	1.00246942	1.00027227	0.99804467
0.00901100	1.01039648	0.99045718	1.00032902	0.99473041	0.99463934	1.00275242	1.00163615	1.00304878
0.00983020	1.01355004	0.97650707	1.00351667	1.02080142	0.99688965	1.00259089	1.00226390	0.99600542
0.01064940	1.00602138	0.99001002	0.99856579	0.99961793	0.99562132	1.00347841	1.00013363	1.00191939
0.01146860	1.01309657	0.98392844	1.00394666	0.99618381	1.01517642	1.00335824	0.99861866	0.99789578
0.01228780	0.99275744	1.00273931	1.00231123	0.99650776	0.99323285	1.00148618	1.00028133	0.99852109
0.01310700	1.00640273	1.00243604	0.99957740	0.99346012	0.98873222	1.00132287	0.99766487	0.99981534
0.01474540	1.00678444	0.99596429	1.00065506	0.99982500	1.00913322	1.00469971	0.99898309	1.00254834
0.01638380	0.99841392	0.99612963	1.00381303	0.99315357	0.99645859	1.00059640	0.99929833	0.99954277
0.01802220	1.00093567	0.99149609	1.00143170	0.99458450	0.99779719	1.00181735	1.00127208	1.00052464
0.01966060	1.01360965	0.99748152	0.99895847	1.00278080	1.00983191	0.99910998	0.99967724	0.99981713
0.02129900	0.98772538	1.00122893	1.00116563	1.00000703	0.99548209	1.00119853	1.00070906	0.99730939
0.02293740	1.00201964	1.01139140	0.99918777	1.00240958	0.99674577	1.00040662	0.99956965	1.00036037
0.02457580	1.00884092	0.99205661	1.00251877	1.00784004	0.98760486	1.00071442	0.99986374	1.00060940
0.02621420	1.01663542	0.98805487	1.00030220	0.98897672	1.00216401	1.00269032	1.00220871	0.99841458
0.02949100	0.99808908	0.99525058	0.99909908	1.00339222	1.01226699	1.00269902	0.99904078	0.99910420
0.03276780	0.99363023	0.98910022	0.99593383	1.00300276	1.00631475	1.00226748	1.00361168	0.99969256
0.03604460	1.01128280	0.99247354	0.99915564	1.00449598	0.99818689	1.00134993	0.99852103	0.99866170
0.03932140	1.00503576	1.00280631	0.99742347	1.00034654	1.00258589	1.00238550	0.99956089	1.00062883
0.04259820	0.99097717	0.99219978	0.99956846	1.00418866	1.00423849	1.00313866	1.00021446	0.99936378
0.04587500	0.99283093	1.00800097	1.00031197	0.99864483	1.00427318	1.00045359	0.99884468	1.00137305
0.04915180	0.99774998	0.99775511	0.99904668	0.99441028	0.99314505	1.00274813	1.00223815	1.00187349
0.05242860	0.98621988	1.00520873	0.99671972	1.00032175	1.00726748	1.00143111	1.00177670	1.00111187
0.05898220	0.99814540	1.00830197	1.00138283	1.00493383	1.00429070	1.00227821	1.00080264	1.00188541
0.06553581	1.00549805	1.00545847	0.99971676	0.99840283	1.00843310	1.00298119	0.99960119	1.00072682
0.07208940	0.99624676	1.00488329	1.00156939	0.99675351	1.00217354	1.00247049	1.00116169	0.99994409
0.07864300	1.00273371	0.99588674	1.00117481	0.99896067	1.00284457	1.00128126	0.99957120	1.00117135
0.08519660	1.00479770	0.99414861	0.99862486	1.00216925	0.99629122	1.00048554	0.99891293	0.99921042
0.09175020	1.00934947	1.00760901	1.00211895	1.00010383	1.00851917	1.00179279	1.00198567	1.00137317
0.09830380	0.99671650	0.99311221	1.00046301	0.99664795	1.00675762	1.00193846	0.99987036	0.99897033
0.10485740	0.99710381	0.99904794	0.99924189	0.99937534	0.99451482	1.00256348	1.00159431	0.99933201
0.11796460	0.99891859	1.00333977	1.00116849	1.00011778	1.00499487	1.00171006	1.00082791	0.99985778
0.13107181	0.99810296	1.00563657	1.00005448	0.99717438	0.99912643	1.00244188	1.00027728	0.99985301
0.14417900	0.99800879	0.99993002	1.00060809	1.00023663	1.00131011	1.00089824	1.00049579	1.00022900
0.15728620	1.00164413	0.99745280	1.00075996	1.00090289	1.00391436	1.00136197	1.00026762	1.00084293
0.17039341	0.99860024	1.00205469	0.99892902	0.99839038	0.99899250	1.00235724	1.00104773	1.00072539
0.18350060	1.00426388	0.99953896	1.00001991	0.99904734	1.00129616	1.00156963	0.99955016	0.99953699
0.19660780	0.99427629	0.99707061	1.00114918	1.00188303	1.00257874	1.00148964	1.00077438	0.99978369
0.20971501	0.99790329	0.99925065	1.00432765	1.00178754	0.99909455	1.00079453	0.99992883	0.99977916
0.23592941	0.99480349	0.99822313	1.00078976	1.00136936	0.99941856	1.00077367	0.99975520	0.99994141
0.26214382	0.99701500	0.99814546	1.00099611	1.00046766	0.99599147	1.00066113	0.99983573	0.99991339
0.28835821	1.00126803	0.99703062	0.99964905	0.99914390	0.99996346	1.00085950	1.00049531	1.00001204
0.31457260	1.00064182	1.00073731	1.00092745	0.99781698	1.00054359	1.00045383	1.00019491	1.00010419
0.34078699	1.00018728	1.00122917	1.00152135	0.99976236	1.00229406	1.00144982	0.99982131	1.00015342
0.36700141	1.00463629	0.99977857	0.99955761	1.00040293	0.99896926	1.00127447	0.99937248	0.99993056
0.39321581	0.99773914	1.00018132	1.00073421	1.00245941	0.99841046	1.00019562	0.99925286	1.00055146
0.41943020	0.99531382	1.00141287	1.00138712	0.99964988	0.99727196	1.00136399	0.99989301	0.99970907
0.47185901	1.00125170	1.00144267	1.00019526	0.99972457	1.00028348	1.00115848	1.00023222	0.99945498
0.52428782	0.99963409	1.00046790	1.00035059	0.99938345	0.99994117	1.00159693	0.99953872	0.99981064
0.57671660	0.99892354	1.00092816	0.99899805	1.00016391	0.99736708	1.00133920	0.99986583	1.00037265
0.62914538	0.99744999	0.99818116	1.00059080	1.00249434	1.00039339	1.00133133	1.00061393	1.00000751
0.68157423	0.99907756	1.00003433	1.00014579	0.99854082	0.99940467	1.00103366	0.99989140	0.99979341
0.73400301	0.99907398	0.99892753	1.00047028	0.99902523	0.99967498	1.00033593	1.00036561	0.99989879
0.78643179	1.00350177	0.99789834	0.99935293	1.00036204	1.00178361	1.00121796	0.99962854	1.00003302
0.83886063	1.00248122	0.99999750	1.00043142	1.00008643	1.00211239	0.99998951	0.99949026	0.99964845
0.94371825	0.99915385	0.99891466	0.99972445	0.99936235	0.99918336	0.99941558	0.99996799	1.00011349
1.04857588	0.99765944	1.00061429	0.99911028	1.00168538	0.99720746	0.99995768	0.99999315	1.00014567
1.15343344	1.00019586	1.00153518	0.99914199	0.99956560	0.99935579	0.99979848	0.99989021	0.99975789
1.25829101	1.00293851	0.99934089	0.99946153	0.99869853	0.99953741	0.99961895	0.99969172	0.99993449
1.36314869	0.99990952	0.99869710	0.99950445	0.99939609	0.99981689	0.99936730	0.99966699	1.00003839
1.46800625	0.99750721	1.00028479	0.99982125	1.00005031	1.00112951	0.99885970	0.99962497	0.99991137
1.57286382	0.99728960	1.00209093	0.99956769	1.00043690	1.00167048	0.99896598	1.00026321	1.00016427
1.67772150	1.00086796	1.00086546	0.99994862	0.99994504	1.00161433	0.99876815	0.99975103	1.00034869
1.88743675	0.99826509	0.99989861	0.99929702	0.99995691	0.99765670	0.99916786	0.99968320	0.99964339
2.09715199	1.00147390	1.00102234	0.99968868	1.00005484	0.99910271	0.99936551	0.99985248	0.99974048
2.30686712	0.99726838	0.99884927	0.99972183	0.99991834	1.00157571	0.99927133	1.00009024	0.99997920
2.51658225	1.00198877	1.00081658	0.99958229	1.00032437	1.00056672	0.99907935	0.99953383	0.99979192
2.72629738	0.99528527	1.00087869	0.99920738	0.99948275	0.99793804	0.99907452	0.99995935	0.99998176
2.93601274	1.00361633	0.99788511	1.00007558	1.00136197	1.00071418	0.99922508	1.00005269	0.99993294
3.14572787	0.99944055	1.00276375	0.99984658	0.99949074	1.00140619	0.99951982	0.99991274	1.00012839
3.35544300	0.99877578	1.00026405	1.00024331	1.00111902	0.99798304	0.99948364	1.00014484	1.00058115
3.77487350	0.99978966	0.99893093	1.00052500	1.00050676	1.00140643	1.00036490	0.99977636	0.99964458
4.19430399	0.99926555	1.00005198	0.99988037	0.99993825	1.00158346	1.00068426	1.00051987	0.99989933
4.61373425	1.00121331	0.99991655	1.00047719	1.00030887	0.99991482	0.99951184	0.99920386	1.00088203
5.03316450	1.00000000	1.00000000	1.00000000	1.00000000	1.00000000	1.00000000	1.00000000	1.00000000
5.45259476	0.00000000	0.00000000	0.00000000	0.00000000	0.00000000	0.00000000	0.00000000	0.00000000
5.87202549	0.00000000	0.00000000	0.00000000	0.00000000	0.00000000	0.00000000	0.00000000	0.00000000
6.29145575	0.00000000	0.00000000	0.00000000	0.00000000	0.00000000	0.00000000	0.00000000	0.00000000
6.71088600	0.00000000	0.00000000	0.00000000	0.00000000	0.00000000	0.00000000	0.00000000	0.00000000
7.54974699	0.00000000	0.00000000	0.00000000	0.00000000	0.00000000	0.00000000	0.00000000	0.00000000
8.38860798	0.00000000	0.00000000	0.00000000	0.00000000	0.00000000	0.00000000	0.00000000	0.00000000
9.22746849	0.00000000	0.00000000	0.00000000	0.00000000	0.00000000	0.00000000	0.00000000	0.00000000
10.06632900	0.00000000	0.00000000	0.00000000	0.00000000	0.00000000	0.00000000	0.00000000	0.00000000
10.90518951	0.00000000	0.00000000	0.00000000	0.00000000	0.00000000	0.00000000	0.00000000	0.00000000
11.74405098	0.00000000	0.00000000	0.00000000	0.00000000	0.00000000	0.00000000	0.00000000	0.00000000
12.58291149	0.00000000	0.00000000	0.00000000	0.00000000	0.00000000	0.00000000	0.00000000	0.00000000
13.42177200	0.00000000	0.00000000	0.00000000	0.00000000	0.00000000	0.00000000	0.00000000	0.00000000
15.09949398	0.00000000	0.00000000	0.00000000	0.00000000	0.00000000	0.00000000	0.00000000	0.00000000
16.77721596	0.00000000	0.00000000	0.00000000	0.00000000	0.00000000	0.00000000	0.00000000	0.00000000
18.45493698	0.00000000	0.00000000	0.00000000	0.00000000	0.00000000	0.00000000	0.00000000	0.00000000
20.13265800	0.00000000	0.00000000	0.00000000	0.00000000	0.00000000	0.00000000	0.00000000	0.00000000
21.81037903	0.00000000	0.00000000	0.00000000	0.00000000	0.00000000	0.00000000	0.00000000	0.00000000
23.48810196	0.00000000	0.00000000	0.00000000	0.00000000	0.00000000	0.00000000	0.00000000	0.00000000
25.16582298	0.00000000	0.00000000	0.00000000	0.00000000	0.00000000	0.00000000	0.00000000	0.00000000
26.84354401	0.00000000	0.00000000	0.00000000	0.00000000	0.00000000	0.00000000	0.00000000	0.00000000
30.19898796	0.00000000	0.00000000	0.00000000	0.00000000	0.00000000	0.00000000	0.00000000	0.00000000
33.55443192	0.00000000	0.00000000	0.00000000	0.00000000	0.00000000	0.00000000	0.00000000	0.00000000
36.90987396	0.00000000	0.00000000	0.00000000	0.00000000	0.00000000	0.00000000	0.00000000	0.00000000
40.26531601	0.00000000	0.00000000	0.00000000	0.00000000	0.00000000	0.00000000	0.00000000	0.00000000
43.62075806	0.00000000	0.00000000	0.00000000	0.00000000	0.00000000	0.00000000	0.00000000	0.00000000
46.97620392	0.00000000	0.00000000	0.00000000	0.00000000	0.00000000	0.00000000	0.00000000	0.00000000
50.33164597	0.00000000	0.00000000	0.00000000	0.00000000	0.00000000	0.00000000	0.00000000	0.00000000
53.68708801	0.00000000	0.00000000	0.00000000	0.00000000	0.00000000	0.00000000	0.00000000	0.00000000
60.39797592	0.00000000	0.00000000	0.00000000	0.00000000	0.00000000	0.00000000	0.00000000	0.00000000
67.10886383	0.00000000	0.00000000	0.00000000	0.00000000	0.00000000	0.00000000	0.00000000	0.00000000
73.81974792	0.00000000	0.00000000	0.00000000	0.00000000	0.00000000	0.00000000	0.00000000	0.00000000
80.53063202	0.00000000	0.00000000	0.00000000	0.00000000	0.00000000	0.00000000	0.00000000	0.00000000
87.24151611	0.00000000	0.00000000	0.00000000	0.00000000	0.00000000	0.00000000	0.00000000	0.00000000
93.95240784	0.00000000	0.00000000	0.00000000	0.00000000	0.00000000	0.00000000	0.00000000	0.00000000
100.66329193	0.00000000	0.00000000	0.00000000	0.00000000	0.00000000	0.00000000	0.00000000	0.00000000
107.37417603	0.00000000	0.00000000	0.00000000	0.00000000	0.00000000	0.00000000	0.00000000	0.00000000
120.79595184	0.00000000	0.00000000	0.00000000	0.00000000	0.00000000	0.00000000	0.00000000	0.00000000
134.21772766	0.00000000	0.00000000	0.00000000	0.00000000	0.00000000	0.00000000	0.00000000	0.00000000
147.63949585	0.00000000	0.00000000	0.00000000	0.00000000	0.00000000	0.00000000	0.00000000	0.00000000
161.06126404	0.00000000	0.00000000	0.00000000	0.00000000	0.00000000	0.00000000	0.00000000	0.00000000
174.48303223	0.00000000	0.00000000	0.00000000	0.00000000	0.00000000	0.00000000	0.00000000	0.00000000
187.90481567	0.00000000	0.00000000	0.00000000	0.00000000	0.00000000	0.00000000	0.00000000	0.00000000
201.32658386	0.00000000	0.00000000	0.00000000	0.00000000	0.00000000	0.00000000	0.00000000	0.00000000
214.74835205	0.00000000	0.00000000	0.00000000	0.00000000	0.00000000	0.00000000	0.00000000	0.00000000
241.59190369	0.00000000	0.00000000	0.00000000	0.00000000	0.00000000	0.00000000	0.00000000	0.00000000
268.43545532	0.00000000	0.00000000	0.00000000	0.00000000	0.00000000	0.00000000	0.00000000	0.00000000
295.27899170	0.00000000	0.00000000	0.00000000	0.00000000	0.00000000	0.00000000	0.00000000	0.00000000
322.12252808	0.00000000	0.00000000	0.00000000	0.00000000	0.00000000	0.00000000	0.00000000	0.00000000
348.96606445	0.00000000	0.00000000	0.00000000	0.00000000	0.00000000	0.00000000	0.00000000	0.00000000
375.80963135	0.00000000	0.00000000	0.00000000	0.00000000	0.00000000	0.00000000	0.00000000	0.00000000
402.65316772	0.00000000	0.00000000	0.00000000	0.00000000	0.00000000	0.00000000	0.00000000	0.00000000
429.49670410	0.00000000	0.00000000	0.00000000	0.00000000	0.00000000	0.00000000	0.00000000	0.00000000
483.18380737	0.00000000	0.00000000	0.00000000	0.00000000	0.00000000	0.00000000	0.00000000	0.00000000
536.87091064	0.00000000	0.00000000	0.00000000	0.00000000	0.00000000	0.00000000	0.00000000	0.00000000
590.55798340	0.00000000	0.00000000	0.00000000	0.00000000	0.00000000	0.00000000	0.00000000	0.00000000
644.24505615	0.00000000	0.00000000	0.00000000	0.00000000	0.00000000	0.00000000	0.00000000	0.00000000
697.93212891	0.00000000	0.00000000	0.00000000	0.00000000	0.00000000	0.00000000	0.00000000	0.00000000
751.61926270	0.00000000	0.00000000	0.00000000	0.00000000	0.00000000	0.00000000	0.00000000	0.00000000
805.30633545	0.00000000	0.00000000	0.00000000	0.00000000	0.00000000	0.00000000	0.00000000	0.00000000
858.99340820	0.00000000	0.00000000	0.00000000	0.00000000	0.00000000	0.00000000	0.00000000	0.00000000
966.36761475	0.00000000	0.00000000	0.00000000	0.00000000	0.00000000	0.00000000	0.00000000	0.00000000
1073.74182129	0.00000000	0.00000000	0.00000000	0.00000000	0.00000000	0.00000000	0.00000000	0.00000000
1181.11596680	0.00000000	0.00000000	0.00000000	0.00000000	0.00000000	0.00000000	0.00000000	0.00000000
1288.49011230	0.00000000	0.00000000	0.00000000	0.00000000	0.00000000	0.00000000	0.00000000	0.00000000
1395.86425781	0.00000000	0.00000000	0.00000000	0.00000000	0.00000000	0.00000000	0.00000000	0.00000000
1503.23852539	0.00000000	0.00000000	0.00000000	0.00000000	0.00000000	0.00000000	0.00000000	0.00000000
1610.61267090	0.00000000	0.00000000	0.00000000	0.00000000	0.00000000	0.00000000	0.00000000	0.00000000
1717.98681641	0.00000000	0.00000000	0.00000000	0.00000000	0.00000000	0.00000000	0.00000000	0.00000000
1932.73522949	0.00000000	0.00000000	0.00000000	0.00000000	0.00000000	0.00000000	0.00000000	0.00000000
2147.48364258	0.00000000	0.00000000	0.00000000	0.00000000	0.00000000	0.00000000	0.00000000	0.00000000
2362.23193359	0.00000000	0.00000000	0.00000000	0.00000000	0.00000000	0.00000000	0.00000000	0.00000000
2576.98022461	0.00000000	0.00000000	0.00000000	0.00000000	0.00000000	0.00000000	0.00000000	0.00000000
2791.72851562	0.00000000	0.00000000	0.00000000	0.00000000	0.00000000	0.00000000	0.00000000	0.00000000
3006.47705078	0.00000000	0.00000000	0.00000000	0.00000000	0.00000000	0.00000000	0.00000000	0.00000000
3221.22534180	0.00000000	0.00000000	0.00000000	0.00000000	0.00000000	0.00000000	0.00000000	0.00000000
3435.97363281	0.00000000	0.00000000	0.00000000	0.00000000	0.00000000	0.00000000	0.00000000	0.00000000
4	4	4	4	4	4	4	4	4
