%1/21/2015 5:48:12 PM
%Duration	ID1		ID2		ID3		ID4		ID5		ID6		ID7		ID8
3000.000000	1.153946	1.726151	4.091263	2.346039	1.220703	5.760193	11.291504	8.249283
%Tau		Tau1		Tau2		Tau3		Tau4		Tau5		Tau6		Tau7		Tau8
%		0.000001	0.000001	0.000001	0.000001	0.000003	0.000004	0.000012	0.000006
%Delaytime	D1		D2		D3		D4		D5		D6		D7		D8
0.00000000	16.72940636	39.72585678	25.24318123	28.11238670	34.87077713	3.76555681	4.43411303	8.51220512
0.00000020	0.00000000	11.35024452	3.84658003	2.00802755	0.00000000	1.93105483	1.60545468	2.09071708
0.00000040	0.00000000	0.00000000	1.20205629	3.34671283	1.93726552	1.54484379	1.24868691	1.29425335
0.00000060	0.00000000	2.27004910	2.16370130	0.66934258	1.93726552	1.25518560	1.22320354	1.64270627
0.00000080	0.00000000	3.40507340	3.36575747	3.34671283	0.00000000	0.86897463	1.55448782	1.54314828
0.00000100	0.00000000	4.54009819	0.48082250	0.66934258	1.93726552	1.64139652	1.40158737	1.04535854
0.00000120	2.09117579	2.27004910	1.20205629	0.66934258	1.93726552	2.22071290	1.35062063	1.54314828
0.00000140	0.00000000	1.13502455	1.20205629	0.00000000	1.93726552	1.06208014	1.27417040	1.14491642
0.00000160	0.00000000	1.13502455	1.68287873	1.33868515	3.87453103	1.44829106	1.32513714	1.54314828
0.00000180	0.00000000	2.27004910	0.72123373	2.67737031	1.93726552	1.44829106	1.50352108	1.29425335
0.00000200	4.18235159	2.27004910	1.68287873	0.66934258	1.93726552	0.86897463	1.47803760	1.24447441
0.00000220	0.00000000	2.27004910	2.88493490	0.66934258	0.00000000	1.44829106	1.24868691	1.49336934
0.00000240	4.18235159	0.00000000	2.64452386	0.66934258	0.00000000	1.15863287	1.80932188	1.64270627
0.00000260	0.00000000	2.27004910	0.48082250	4.68539762	1.93726552	0.57931644	1.45255423	1.19469547
0.00000280	0.00000000	0.00000000	1.20205629	1.33868515	0.00000000	1.73794925	1.22320354	1.39381135
0.00000300	2.09117579	1.13502455	1.68287873	1.33868515	1.93726552	2.02760744	1.68190491	1.74226415
0.00000340	3.13676381	2.27004910	1.32226193	0.66934258	1.93726552	0.86897463	1.45255423	1.36892188
0.00000380	0.00000000	1.70253670	0.96164501	0.33467129	0.00000000	1.01380372	1.57997131	1.61781669
0.00000420	0.00000000	2.27004910	0.36061686	1.33868515	0.00000000	1.35173833	1.14675331	1.59292722
0.00000460	1.04558790	0.00000000	1.44246745	1.00401378	0.96863276	0.77242190	1.36336231	1.21958494
0.00000500	0.00000000	1.13502455	0.84143937	0.66934258	0.00000000	1.25518560	1.47803760	1.41870081
0.00000540	2.09117579	1.70253670	1.44246745	1.67335641	0.00000000	1.88277841	1.40158737	1.61781669
0.00000580	3.13676381	1.13502455	1.32226193	1.00401378	1.93726552	1.68967295	1.29965377	1.74226415
0.00000620	0.00000000	1.13502455	2.16370130	1.33868515	0.00000000	1.73794925	1.31239545	1.31914294
0.00000700	0.52279395	0.56751227	1.68287873	1.17134941	1.93726552	1.42415285	1.30602467	1.65515101
0.00000780	1.56838191	1.98629284	1.68287873	1.84069204	1.45294905	1.15863287	1.17223668	1.33158767
0.00000860	1.04558790	0.56751227	1.14195347	1.84069204	0.96863276	1.61725843	1.30602467	1.36892188
0.00000940	0.52279395	0.56751227	1.32226193	0.66934258	0.96863276	1.42415285	1.40158737	1.23202968
0.00001020	1.04558790	1.41878057	0.66113096	0.33467129	1.45294905	0.91725099	1.17223668	1.44359028
0.00001100	1.04558790	1.98629284	0.90154219	1.17134941	0.00000000	1.32760012	1.39521658	1.39381135
0.00001180	1.04558790	1.41878057	1.38236463	1.00401378	0.48431638	1.59312022	1.33150804	1.24447441
0.00001260	3.13676381	1.13502455	1.62277591	0.83667821	0.48431638	1.03794193	1.35699141	1.43114555
0.00001420	1.04558790	1.41878057	1.23210764	1.00401378	1.69510734	1.41208386	1.29646838	1.35647714
0.00001580	1.56838191	1.84441483	0.84143937	1.08768165	0.96863276	1.06208014	1.29965377	1.29425335
0.00001740	0.26139697	1.70253670	1.56267309	1.42235291	0.72647452	1.08621836	1.30602467	1.43736792
0.00001900	1.56838191	1.70253670	1.02174783	1.50602078	1.21079087	1.05001104	1.45573962	1.26936388
0.00002060	2.09117579	0.56751227	0.72123373	1.25501728	1.21079087	1.21897829	1.18179297	1.18847311
0.00002220	2.09117579	1.13502455	1.20205629	1.84069204	1.21079087	1.07414925	1.36336231	1.26936388
0.00002380	1.56838191	1.13502455	1.08185065	0.75301039	1.69510734	1.20690918	1.31239545	1.30669808
0.00002540	1.04558790	1.84441483	1.35231328	0.75301039	2.17942357	1.21897829	1.20409095	1.32536530
0.00002860	1.16816664	0.78650278	1.37729132	1.04837894	0.84581465	1.07838964	1.22088122	1.17221808
0.00003180	1.03837025	1.57300556	0.87783408	0.92257345	0.48332265	1.21695364	1.18103528	1.15351248
0.00003500	1.16816664	1.21550429	1.04431987	0.79676795	1.08747590	1.10851228	1.18581676	1.19715893
0.00003820	1.29796290	0.78650278	1.05945492	0.96450859	1.08747590	1.20490456	1.12365699	1.33745098
0.00004140	0.38938886	1.14400411	1.18053544	1.17418432	0.36249200	1.21695364	1.07743561	1.09739566
0.00004460	0.51918513	1.00100362	0.95350939	0.79676795	0.60415328	1.01211989	1.07743561	1.13792443
0.00004780	0.77877772	0.85800308	0.84756392	0.71289766	0.36249200	1.09646320	1.02165127	1.10363090
0.00005100	1.55755544	0.71500254	0.89296913	0.88063830	0.72498399	1.03621793	1.10453093	1.05686677
0.00005740	1.10385549	1.14219964	1.12030041	1.13002741	1.27002525	1.05158055	1.07998550	1.12819958
0.00006380	0.84412479	1.07081223	1.02946520	1.06724811	1.45145738	1.03350174	1.10788190	0.99418694
0.00007020	1.36358619	0.82095599	1.12786996	1.15095377	0.72572869	0.99433112	1.01622260	1.04872692
0.00007660	1.16878819	1.03511846	1.01432610	0.85798377	1.27002525	1.12088239	1.09114408	1.03781903
0.00008300	1.29865360	0.92803723	1.11273086	0.89983660	0.84668344	1.03952801	1.08397079	1.08924246
0.00008940	1.16878819	1.39205587	1.09002197	1.38114452	0.78620607	1.04254115	1.04172778	0.99886179
0.00009580	0.90905750	1.14219964	1.24898350	1.33929169	0.78620607	0.97926551	1.07679737	1.00665319
0.00010220	0.71425945	1.07081223	0.92349088	1.10910094	0.84668344	1.06363297	1.00586104	0.99418694
0.00011500	1.36649287	1.10737944	1.08137167	0.99086058	0.97012734	1.05314469	1.02516544	1.00230312
0.00012780	1.10620856	1.30384994	1.07380962	1.14731216	0.90949440	1.01703691	1.01479816	1.00697589
0.00014060	1.07367301	1.00021362	0.97928417	0.93870997	1.15202618	1.05765820	0.98802423	1.00463951
0.00015340	0.81338865	1.07165754	0.99440825	0.98043042	1.06107676	0.97641557	1.02746701	0.97893941
0.00016620	0.94353080	1.16096234	1.15321112	0.98043042	1.15202618	1.00500095	0.99713594	0.94856656
0.00017900	1.07367301	0.85732603	0.97928417	0.89698958	0.93981087	1.02155030	1.02866316	1.01242733
0.00019180	0.68324643	0.94663078	1.10783887	1.08473158	0.87917793	1.06217170	1.03826272	1.00074553
0.00020460	0.91099524	1.00021362	1.14943004	1.03258097	0.84886146	1.02004588	0.96407270	1.01009095
0.00023020	1.07711244	0.91712290	1.04394054	0.99637604	1.03076029	1.04023731	1.04249573	1.01586461
0.00025580	1.09343231	0.96164346	1.02313745	0.98072618	1.10655153	0.99736422	0.99882579	0.99404317
0.00028140	0.97919309	0.92602700	0.97396630	0.97029293	0.86401969	1.02970707	1.00939429	0.99443281
0.00030700	1.01183283	0.81027365	1.00819087	0.89726013	1.01560211	0.99285126	1.02175748	0.98581952
0.00033260	0.96287322	0.86369824	0.97981781	0.81391680	1.15202618	0.97491109	1.01178718	0.97023338
0.00035820	1.06079257	0.93493110	0.97612339	0.98609149	1.00044382	1.02907276	1.01019192	0.98270226
0.00038380	1.15871179	1.05958855	1.04044163	0.93391734	0.90949440	0.96964538	1.04508805	0.99750906
0.00040940	1.14239192	1.00616395	0.96666485	1.08522236	0.98528558	0.99296498	1.02594507	1.00802970
0.00046060	0.85428554	1.02518988	1.02542949	1.03258097	0.91730934	0.98489720	0.98925906	1.00685143
0.00051180	0.98446244	1.01187575	0.98293930	1.07690895	1.11441708	1.03040028	1.00960267	0.99886978
0.00056300	1.04955089	0.94530493	0.99417984	1.00389826	1.12199819	0.98602539	1.00142539	0.99482262
0.00061420	1.11463928	1.00743771	0.99229151	1.05620801	1.03860641	1.02739179	1.00022864	0.99871624
0.00066540	0.96819031	1.04738009	0.91864860	0.95449913	1.00070107	0.98156887	1.01781976	1.00291657
0.00071660	0.89496583	0.93642884	1.01495087	0.98318624	0.94763356	0.99016201	1.00213444	1.04554832
0.00076780	0.91123796	0.91423857	1.00087965	1.05360019	0.87182289	0.98452115	0.98301822	1.00914586
0.00081900	1.04955089	1.08288455	1.03676021	0.97014666	1.08409286	1.00332403	0.98301822	0.99143136
0.00092140	0.97909009	0.97637129	0.97228813	0.97912669	1.07595837	1.00996292	1.00465262	0.99602592
0.00102380	1.07659292	0.93199080	1.03421199	1.00389826	1.00776386	0.98696554	1.00001359	1.00055766
0.00112620	1.01971626	0.99412352	1.00966656	1.01954341	0.90547204	0.99129021	1.00225830	0.98810422
0.00122860	0.99534059	0.89648640	0.98842531	1.00520194	0.98907518	0.99723333	1.00195897	0.98946631
0.00133100	1.00752842	0.95196205	1.01825535	1.03518856	1.00044394	0.98965460	1.00315619	0.99277425
0.00143340	0.93033874	1.04959917	1.01306260	1.05344129	1.02318120	1.00168920	1.00321531	0.99057734
0.00153580	0.99940318	1.04294205	1.00881398	0.96884269	0.92086315	0.98909050	0.99872577	1.01130152
0.00163820	1.06034243	1.01651371	1.00211406	0.99913520	0.86780930	1.00545001	0.99409533	1.01406765
0.00184300	1.06237376	0.96460241	0.98542142	1.02499962	1.03594124	1.00055349	1.00065088	1.00078106
0.00204780	0.96080834	0.96997428	1.00360441	0.97980404	0.93574989	0.99276161	1.00007713	1.01351058
0.00225260	0.95877707	0.96237725	0.98093474	0.98944628	0.99813318	1.00476646	1.00233769	0.99827927
0.00245740	0.96080834	1.05896270	0.98376846	1.02288675	1.04728365	1.01279938	0.99663508	0.99603224
0.00266220	0.98898333	1.02114260	1.01219738	0.98502618	0.96410590	0.98011774	1.00639713	0.99719888
0.00286700	0.98872018	0.97553605	0.99604785	1.01897013	1.04350293	1.00175595	0.99294794	0.99082333
0.00307180	1.01714337	1.03095090	0.98919970	1.00787306	1.06807816	0.99385333	1.00177789	1.00248981
0.00327660	0.97450858	0.99830586	1.00950789	1.06205273	0.98679078	0.98529214	0.99049920	1.00229537
0.00368620	1.02787876	1.03615928	1.01379490	1.02472448	0.96863300	0.99361056	1.00406468	1.00642288
0.00409580	1.01768148	0.98721570	1.00368142	0.97272187	0.95942003	1.01169968	0.99975997	0.99443722
0.00450540	1.03242636	1.01168752	1.01325738	1.01559269	0.97550493	0.99701834	1.00497389	1.00094175
0.00491500	1.00490868	1.04485238	0.99554634	1.03385639	0.97196984	0.99337757	1.00574601	1.00172687
0.00532460	1.00185108	0.98387861	0.98263764	0.97061896	0.99941593	0.99462110	1.00685918	1.00458014
0.00573420	0.94987309	1.00092292	0.99576199	1.00646079	1.00509441	1.00511754	1.00116277	1.00221288
0.00614380	0.96006483	0.99925470	0.99741334	1.01102674	0.95398796	1.00350678	1.00383580	0.99960309
0.00655340	1.00592780	1.00553143	1.01525009	0.96616542	1.03632617	0.98880279	1.00361633	1.00355685
0.00737260	1.00751209	0.97257465	0.99226677	0.99470681	0.98026657	1.00892591	1.00132430	1.00956154
0.00819180	1.00012672	1.01048958	1.00381577	0.99209732	1.00109315	0.99640918	1.00069737	0.99566841
0.00901100	0.99606556	1.01873422	1.00422287	0.99061579	0.99588650	0.99030709	0.99273056	0.99819714
0.00983020	0.98381257	0.99360168	0.99421126	0.98474354	0.98332709	1.01086712	0.99863565	1.00161052
0.01064940	0.99963933	1.01699245	1.00269616	0.99014020	0.98733211	1.00020587	1.00278378	1.00654387
0.01146860	0.98865420	0.98924363	1.00434601	1.02226067	1.00909412	1.00417352	1.00195289	0.99926853
0.01228780	0.96772170	1.00569487	0.99984074	1.01443100	0.98543978	1.00523770	1.00313842	1.00451744
0.01310700	0.99271822	0.99063110	0.99916083	1.00140572	1.00199783	1.00473046	1.00021410	1.00361264
0.01474540	1.00505149	1.01135099	1.00258052	0.99402809	0.99598706	0.99855876	1.00166345	1.00366604
0.01638380	0.97744209	0.97085541	0.99593288	1.00507474	1.01491070	0.99673909	1.00029266	1.00193369
0.01802220	1.01395011	0.99948561	1.00655389	1.01265740	0.99582881	0.99606723	1.00322413	1.00323153
0.01966060	0.97946757	1.01913416	1.00384331	1.00889587	0.98591352	1.00236630	1.00482965	0.99901760
0.02129900	1.02494776	0.98378187	1.00454402	0.99151295	1.00105226	1.00028574	1.00054848	0.99776864
0.02293740	0.99532056	1.01266742	0.99392557	1.00865126	1.01614165	1.00174367	1.00311828	0.99519849
0.02457580	0.99605578	1.02147567	0.99428064	1.00317585	1.00124705	0.99885476	0.99968559	1.00412714
0.02621420	1.02106559	0.98516762	1.00840807	1.00083494	0.98208088	1.00545716	0.99915797	1.00194764
0.02949100	1.01043034	1.00511110	1.00391877	1.00023615	1.00249195	1.00256729	1.00067472	1.00211751
0.03276780	0.99654382	0.99237800	1.00324869	0.99959868	1.00334144	1.00023055	0.99679369	0.99947250
0.03604460	0.99651134	1.00659645	1.00322747	0.99739361	0.99147165	0.99646103	0.99940991	0.99929237
0.03932140	0.99972045	0.99666643	1.00146508	1.00559545	1.02323389	1.00027978	1.00152981	0.99746835
0.04259820	0.99512005	1.01185894	1.00205612	1.00259173	0.99450862	1.00256872	0.99921310	0.99812537
0.04587500	1.01471829	1.01039302	1.00729084	0.98915750	1.00349259	1.00083399	1.00238526	0.99967629
0.04915180	0.99821657	1.00052917	1.00666118	1.00781345	0.99082595	1.00298679	1.00282276	1.00172043
0.05242860	0.99287444	0.99233395	0.99666584	1.00592804	1.00498593	0.99889004	0.99804604	1.00445879
0.05898220	0.98767763	0.99162465	1.00084198	1.01589084	0.97948223	1.00064135	0.99924105	0.99913156
0.06553581	1.00108004	0.99633271	1.00660348	1.00191665	0.99548906	0.99948907	0.99805629	1.00126958
0.07208940	0.99557823	1.01043129	1.00861132	1.00350249	1.00326490	0.99927086	1.00050509	1.00066221
0.07864300	0.99991196	0.98547107	1.00071144	0.99844098	1.00873351	1.00055528	0.99999607	0.99882150
0.08519660	0.98554510	1.01264811	1.00819564	0.99909830	1.01005900	1.00163209	0.99868220	1.00335467
0.09175020	0.98665208	0.99426740	0.99964350	0.99939960	1.00795615	1.00011873	1.00060904	0.99929404
0.09830380	0.99317408	0.99847054	1.00153446	1.00007272	0.99671346	1.00058746	1.00105655	1.00379932
0.10485740	1.01513255	0.99885345	1.00086105	0.99668384	1.00450802	0.99701351	1.00065887	1.00140965
0.11796460	1.00945711	1.00140584	0.99977469	1.00388968	1.00616002	1.00052464	1.00125766	0.99986064
0.13107181	0.99331421	0.99059284	1.00411272	0.99792439	0.99707901	0.99985611	1.00079989	1.00076914
0.14417900	1.00150931	1.00243223	1.00108695	0.99625582	0.99950236	1.00140727	0.99978793	1.00156307
0.15728620	1.00680506	0.99758607	1.00081480	1.00091732	0.99941093	0.99789155	1.00039327	1.00048435
0.17039341	1.00784767	0.99556392	1.00008821	1.00030339	1.00508821	0.99982989	0.99927652	1.00202239
0.18350060	0.99948460	1.00094330	0.99451357	0.99806613	0.99461788	1.00005245	0.99963611	1.00109637
0.19660780	0.99473363	1.00223517	1.00160599	1.00367582	1.00349140	0.99996549	1.00038207	1.00111818
0.20971501	0.99866921	1.00177240	0.99710876	0.99815673	1.00327694	0.99932784	0.99922878	0.99931866
0.23592941	0.99943161	0.99546659	1.00023222	1.00195467	0.99862468	0.99916869	0.99937826	1.00193179
0.26214382	1.00086653	0.99748236	0.99790829	1.00053501	0.99812371	1.00057769	0.99925309	1.00038898
0.28835821	1.00125730	0.99931180	0.99716067	1.00046360	0.99496031	1.00030351	1.00004566	1.00015926
0.31457260	0.99361944	1.00349903	0.99935150	1.00216460	1.00525832	0.99876082	1.00079441	1.00119352
0.34078699	0.99862117	0.99900311	0.99921322	0.99735641	0.99857664	0.99992776	1.00004923	0.99900848
0.36700141	0.99264008	1.00066018	0.99749190	0.99790764	0.98980385	0.99912751	0.99986666	0.99921679
0.39321581	0.99660867	1.00682342	0.99959183	0.99696898	0.99616855	1.00117052	0.99919605	1.00071728
0.41943020	0.99761754	1.00359845	0.99637377	0.99761552	1.00082791	0.99913490	1.00019991	0.99991548
0.47185901	1.00734222	0.99863344	0.99869752	1.00058055	0.99864060	0.99999595	0.99997640	1.00136602
0.52428782	0.99457401	1.00042355	1.00157130	1.00199080	0.99749750	1.00075388	0.99946564	0.99993008
0.57671660	0.99991751	0.99931341	1.00195897	0.99745250	1.00128984	0.99925172	1.00019228	1.00127554
0.62914538	0.99649495	1.00009036	1.00198603	1.00153768	0.99909365	1.00029778	1.00090837	0.99941826
0.68157423	1.00007522	0.99839497	1.00084627	1.00098050	0.99734086	0.99972260	1.00016725	1.00148249
0.73400301	1.00456488	1.00287366	0.99907947	1.00240624	1.00199926	1.00059617	1.00042593	0.99950868
0.78643179	0.99720222	1.00035477	0.99819368	1.00147343	1.00147665	1.00041175	0.99971336	1.00076973
0.83886063	1.00271547	0.99637800	0.99935591	1.00203764	0.99799591	1.00083816	0.99930096	0.99875081
0.94371825	0.99945444	0.99913776	0.99869996	1.00026858	0.99706370	1.00006986	1.00021982	1.00045717
1.04857588	0.99781275	0.99521774	1.00100827	1.00011599	0.99821055	1.00003779	1.00011683	1.00010395
1.15343344	1.00309384	1.00142193	1.00115204	1.00187480	0.99833250	0.99975681	0.99992228	1.00027311
1.25829101	0.99861133	1.00131297	1.00174677	0.99769706	0.99977791	0.99994159	0.99977624	1.00027692
1.36314869	0.99913514	0.99787265	0.99884796	0.99997663	1.00340843	0.99961960	0.99997598	0.99905318
1.46800625	0.99696589	0.99906003	0.99724990	1.00084376	1.00194705	1.00045002	1.00037014	0.99965656
1.57286382	0.99972403	0.99956411	0.99934351	0.99972701	1.00111938	1.00004244	0.99994648	0.99886107
1.67772150	1.00025880	0.99939346	0.99860233	1.00368118	0.99966431	0.99985361	1.00017202	1.00011361
1.88743675	1.00295711	1.00256026	0.99920917	0.99828261	0.99865359	0.99973017	0.99973196	1.00026584
2.09715199	1.00003576	0.99965143	0.99981195	0.99745446	1.00092804	0.99970591	1.00019443	1.00033367
2.30686712	0.99854112	1.00015473	1.00124800	1.00206065	1.00214195	1.00014877	0.99976051	1.00031209
2.51658225	0.99987054	1.00377178	1.00125957	1.00403953	1.00019121	0.99980646	0.99992019	0.99952710
2.72629738	1.00074542	0.99725598	0.99893928	0.99806362	0.99897748	0.99983472	0.99964601	1.00011241
2.93601274	0.99805349	0.99939287	0.99970376	0.99877262	1.00067759	0.99967957	0.99951023	1.00018549
3.14572787	0.99678016	0.99720228	0.99961382	1.00213253	0.99532539	0.99997598	1.00041986	0.99998641
3.35544300	1.00071013	0.99937856	0.99850255	1.00015843	0.99923271	1.00060892	0.99969721	0.99996191
3.77487350	1.00125647	1.00083387	1.00043535	0.99966353	1.00341499	1.00025654	0.99953729	0.99999499
4.19430399	1.00054443	1.00034332	0.99966407	1.00064099	1.00018883	1.00032401	1.00009239	1.00011158
4.61373425	1.00121748	0.99925661	1.00007439	0.99955887	0.99644136	0.99994290	0.99945581	0.99990600
5.03316450	1.00000000	1.00000000	1.00000000	1.00000000	1.00000000	1.00000000	1.00000000	1.00000000
5.45259476	0.00000000	0.00000000	0.00000000	0.00000000	0.00000000	0.00000000	0.00000000	0.00000000
5.87202549	0.00000000	0.00000000	0.00000000	0.00000000	0.00000000	0.00000000	0.00000000	0.00000000
6.29145575	0.00000000	0.00000000	0.00000000	0.00000000	0.00000000	0.00000000	0.00000000	0.00000000
6.71088600	0.00000000	0.00000000	0.00000000	0.00000000	0.00000000	0.00000000	0.00000000	0.00000000
7.54974699	0.00000000	0.00000000	0.00000000	0.00000000	0.00000000	0.00000000	0.00000000	0.00000000
8.38860798	0.00000000	0.00000000	0.00000000	0.00000000	0.00000000	0.00000000	0.00000000	0.00000000
9.22746849	0.00000000	0.00000000	0.00000000	0.00000000	0.00000000	0.00000000	0.00000000	0.00000000
10.06632900	0.00000000	0.00000000	0.00000000	0.00000000	0.00000000	0.00000000	0.00000000	0.00000000
10.90518951	0.00000000	0.00000000	0.00000000	0.00000000	0.00000000	0.00000000	0.00000000	0.00000000
11.74405098	0.00000000	0.00000000	0.00000000	0.00000000	0.00000000	0.00000000	0.00000000	0.00000000
12.58291149	0.00000000	0.00000000	0.00000000	0.00000000	0.00000000	0.00000000	0.00000000	0.00000000
13.42177200	0.00000000	0.00000000	0.00000000	0.00000000	0.00000000	0.00000000	0.00000000	0.00000000
15.09949398	0.00000000	0.00000000	0.00000000	0.00000000	0.00000000	0.00000000	0.00000000	0.00000000
16.77721596	0.00000000	0.00000000	0.00000000	0.00000000	0.00000000	0.00000000	0.00000000	0.00000000
18.45493698	0.00000000	0.00000000	0.00000000	0.00000000	0.00000000	0.00000000	0.00000000	0.00000000
20.13265800	0.00000000	0.00000000	0.00000000	0.00000000	0.00000000	0.00000000	0.00000000	0.00000000
21.81037903	0.00000000	0.00000000	0.00000000	0.00000000	0.00000000	0.00000000	0.00000000	0.00000000
23.48810196	0.00000000	0.00000000	0.00000000	0.00000000	0.00000000	0.00000000	0.00000000	0.00000000
25.16582298	0.00000000	0.00000000	0.00000000	0.00000000	0.00000000	0.00000000	0.00000000	0.00000000
26.84354401	0.00000000	0.00000000	0.00000000	0.00000000	0.00000000	0.00000000	0.00000000	0.00000000
30.19898796	0.00000000	0.00000000	0.00000000	0.00000000	0.00000000	0.00000000	0.00000000	0.00000000
33.55443192	0.00000000	0.00000000	0.00000000	0.00000000	0.00000000	0.00000000	0.00000000	0.00000000
36.90987396	0.00000000	0.00000000	0.00000000	0.00000000	0.00000000	0.00000000	0.00000000	0.00000000
40.26531601	0.00000000	0.00000000	0.00000000	0.00000000	0.00000000	0.00000000	0.00000000	0.00000000
43.62075806	0.00000000	0.00000000	0.00000000	0.00000000	0.00000000	0.00000000	0.00000000	0.00000000
46.97620392	0.00000000	0.00000000	0.00000000	0.00000000	0.00000000	0.00000000	0.00000000	0.00000000
50.33164597	0.00000000	0.00000000	0.00000000	0.00000000	0.00000000	0.00000000	0.00000000	0.00000000
53.68708801	0.00000000	0.00000000	0.00000000	0.00000000	0.00000000	0.00000000	0.00000000	0.00000000
60.39797592	0.00000000	0.00000000	0.00000000	0.00000000	0.00000000	0.00000000	0.00000000	0.00000000
67.10886383	0.00000000	0.00000000	0.00000000	0.00000000	0.00000000	0.00000000	0.00000000	0.00000000
73.81974792	0.00000000	0.00000000	0.00000000	0.00000000	0.00000000	0.00000000	0.00000000	0.00000000
80.53063202	0.00000000	0.00000000	0.00000000	0.00000000	0.00000000	0.00000000	0.00000000	0.00000000
87.24151611	0.00000000	0.00000000	0.00000000	0.00000000	0.00000000	0.00000000	0.00000000	0.00000000
93.95240784	0.00000000	0.00000000	0.00000000	0.00000000	0.00000000	0.00000000	0.00000000	0.00000000
100.66329193	0.00000000	0.00000000	0.00000000	0.00000000	0.00000000	0.00000000	0.00000000	0.00000000
107.37417603	0.00000000	0.00000000	0.00000000	0.00000000	0.00000000	0.00000000	0.00000000	0.00000000
120.79595184	0.00000000	0.00000000	0.00000000	0.00000000	0.00000000	0.00000000	0.00000000	0.00000000
134.21772766	0.00000000	0.00000000	0.00000000	0.00000000	0.00000000	0.00000000	0.00000000	0.00000000
147.63949585	0.00000000	0.00000000	0.00000000	0.00000000	0.00000000	0.00000000	0.00000000	0.00000000
161.06126404	0.00000000	0.00000000	0.00000000	0.00000000	0.00000000	0.00000000	0.00000000	0.00000000
174.48303223	0.00000000	0.00000000	0.00000000	0.00000000	0.00000000	0.00000000	0.00000000	0.00000000
187.90481567	0.00000000	0.00000000	0.00000000	0.00000000	0.00000000	0.00000000	0.00000000	0.00000000
201.32658386	0.00000000	0.00000000	0.00000000	0.00000000	0.00000000	0.00000000	0.00000000	0.00000000
214.74835205	0.00000000	0.00000000	0.00000000	0.00000000	0.00000000	0.00000000	0.00000000	0.00000000
241.59190369	0.00000000	0.00000000	0.00000000	0.00000000	0.00000000	0.00000000	0.00000000	0.00000000
268.43545532	0.00000000	0.00000000	0.00000000	0.00000000	0.00000000	0.00000000	0.00000000	0.00000000
295.27899170	0.00000000	0.00000000	0.00000000	0.00000000	0.00000000	0.00000000	0.00000000	0.00000000
322.12252808	0.00000000	0.00000000	0.00000000	0.00000000	0.00000000	0.00000000	0.00000000	0.00000000
348.96606445	0.00000000	0.00000000	0.00000000	0.00000000	0.00000000	0.00000000	0.00000000	0.00000000
375.80963135	0.00000000	0.00000000	0.00000000	0.00000000	0.00000000	0.00000000	0.00000000	0.00000000
402.65316772	0.00000000	0.00000000	0.00000000	0.00000000	0.00000000	0.00000000	0.00000000	0.00000000
429.49670410	0.00000000	0.00000000	0.00000000	0.00000000	0.00000000	0.00000000	0.00000000	0.00000000
483.18380737	0.00000000	0.00000000	0.00000000	0.00000000	0.00000000	0.00000000	0.00000000	0.00000000
536.87091064	0.00000000	0.00000000	0.00000000	0.00000000	0.00000000	0.00000000	0.00000000	0.00000000
590.55798340	0.00000000	0.00000000	0.00000000	0.00000000	0.00000000	0.00000000	0.00000000	0.00000000
644.24505615	0.00000000	0.00000000	0.00000000	0.00000000	0.00000000	0.00000000	0.00000000	0.00000000
697.93212891	0.00000000	0.00000000	0.00000000	0.00000000	0.00000000	0.00000000	0.00000000	0.00000000
751.61926270	0.00000000	0.00000000	0.00000000	0.00000000	0.00000000	0.00000000	0.00000000	0.00000000
805.30633545	0.00000000	0.00000000	0.00000000	0.00000000	0.00000000	0.00000000	0.00000000	0.00000000
858.99340820	0.00000000	0.00000000	0.00000000	0.00000000	0.00000000	0.00000000	0.00000000	0.00000000
966.36761475	0.00000000	0.00000000	0.00000000	0.00000000	0.00000000	0.00000000	0.00000000	0.00000000
1073.74182129	0.00000000	0.00000000	0.00000000	0.00000000	0.00000000	0.00000000	0.00000000	0.00000000
1181.11596680	0.00000000	0.00000000	0.00000000	0.00000000	0.00000000	0.00000000	0.00000000	0.00000000
1288.49011230	0.00000000	0.00000000	0.00000000	0.00000000	0.00000000	0.00000000	0.00000000	0.00000000
1395.86425781	0.00000000	0.00000000	0.00000000	0.00000000	0.00000000	0.00000000	0.00000000	0.00000000
1503.23852539	0.00000000	0.00000000	0.00000000	0.00000000	0.00000000	0.00000000	0.00000000	0.00000000
1610.61267090	0.00000000	0.00000000	0.00000000	0.00000000	0.00000000	0.00000000	0.00000000	0.00000000
1717.98681641	0.00000000	0.00000000	0.00000000	0.00000000	0.00000000	0.00000000	0.00000000	0.00000000
1932.73522949	0.00000000	0.00000000	0.00000000	0.00000000	0.00000000	0.00000000	0.00000000	0.00000000
2147.48364258	0.00000000	0.00000000	0.00000000	0.00000000	0.00000000	0.00000000	0.00000000	0.00000000
2362.23193359	0.00000000	0.00000000	0.00000000	0.00000000	0.00000000	0.00000000	0.00000000	0.00000000
2576.98022461	0.00000000	0.00000000	0.00000000	0.00000000	0.00000000	0.00000000	0.00000000	0.00000000
2791.72851562	0.00000000	0.00000000	0.00000000	0.00000000	0.00000000	0.00000000	0.00000000	0.00000000
3006.47705078	0.00000000	0.00000000	0.00000000	0.00000000	0.00000000	0.00000000	0.00000000	0.00000000
3221.22534180	0.00000000	0.00000000	0.00000000	0.00000000	0.00000000	0.00000000	0.00000000	0.00000000
3435.97363281	0.00000000	0.00000000	0.00000000	0.00000000	0.00000000	0.00000000	0.00000000	0.00000000
0	0	0	0	0	0	0	0	0
