%1/17/2015 12:23:49 PM
%Duration	ID1		ID2		ID3		ID4		ID5		ID6		ID7		ID8
3000.000000	2.641678	3.795624	17.318726	3.099442	4.568100	11.606216	18.033981	18.301010
%Tau		Tau1		Tau2		Tau3		Tau4		Tau5		Tau6		Tau7		Tau8
%		0.000001	0.000001	0.000013	0.000001	0.000002	0.000016	0.000032	0.000010
%Delaytime	D1		D2		D3		D4		D5		D6		D7		D8
0.00000000	9.31249523	17.78834343	5.01544762	19.24942780	11.06648159	2.65535259	3.48168826	4.41037941
0.00000020	3.83455682	3.74491429	1.81294322	4.35836077	1.53228199	1.44837415	1.54278398	2.01061416
0.00000040	1.64338148	1.63839996	1.59582436	1.08959019	1.87278914	1.49665332	1.50108707	1.38364851
0.00000060	1.09558761	1.87245715	1.76951945	0.00000000	1.70253563	1.78632808	1.44896603	1.41607773
0.00000080	1.09558761	1.40434289	1.28100181	1.81598377	1.02152133	1.49665332	1.14666378	1.67551184
0.00000100	1.64338148	1.87245715	1.29185772	1.45278704	0.68101424	1.47251368	1.45939028	1.58903372
0.00000120	0.00000000	1.40434289	1.58496833	0.36319676	0.85126781	1.44837415	1.40726912	1.37283874
0.00000140	0.54779381	0.93622857	1.61753619	1.45278704	1.87278914	1.44837415	1.37599647	1.19988263
0.00000160	1.09558761	0.70217144	1.43298507	1.81598377	2.38354993	1.54493237	1.51151133	1.32959974
0.00000180	0.00000000	1.17028570	1.51983273	1.81598377	1.87278914	1.42423463	1.39684498	1.34040940
0.00000200	3.28676295	1.17028570	1.21586609	2.54237723	2.38354993	1.71390939	1.32387543	1.51336551
0.00000220	1.09558761	2.34057140	1.38956130	1.45278704	1.02152133	1.06214106	1.36557233	1.28636062
0.00000240	1.64338148	1.40434289	1.42212915	1.81598377	2.89431047	1.37595546	1.40726912	1.30798018
0.00000260	1.09558761	1.40434289	1.28100181	0.72639352	1.53228199	1.35181582	1.26133013	1.56741428
0.00000280	1.09558761	1.17028570	1.30271375	1.08959019	1.53228199	1.52079284	1.41769338	1.53498507
0.00000300	0.00000000	0.70217144	1.54154456	1.81598377	1.19177496	1.44837415	1.50108707	1.48093629
0.00000340	1.09558761	1.28731430	1.40584528	1.45278704	1.19177496	1.38802516	1.48023868	1.40526795
0.00000380	1.09558761	0.58514285	1.44926906	0.72639352	1.70253563	1.23111796	1.40726912	1.44850695
0.00000420	1.36948454	1.28731430	1.53611660	1.27118862	1.87278914	1.54493237	1.28739071	1.49174595
0.00000460	1.09558761	1.05325711	1.22672212	1.45278704	1.53228199	1.64149070	1.54799604	1.41067278
0.00000500	2.46507215	1.28731430	1.46555293	1.45278704	1.53228199	1.25525761	1.51151133	1.47553134
0.00000540	1.64338148	2.57462859	1.43841302	1.99758208	0.85126781	1.23111796	1.37599647	1.26474118
0.00000580	0.27389690	1.28731430	1.31899762	1.45278704	1.27690172	1.38802516	1.42290545	1.36202896
0.00000620	1.64338148	1.63839996	1.41670120	1.45278704	1.44715524	1.37595546	1.37599647	1.29717040
0.00000700	1.23253608	1.34582853	1.31899762	0.99879104	1.40459180	1.45440900	1.44635999	1.33500457
0.00000780	0.68474227	1.28731430	1.34342349	0.54479510	1.61740875	1.38199031	1.44375396	1.40797043
0.00000860	1.09558761	0.87771428	1.36784947	1.45278704	1.40459180	1.35785079	1.40726912	1.26474118
0.00000940	0.82169074	1.05325711	1.36242139	1.36198783	1.36202848	1.43026948	1.36036015	1.43499482
0.00001020	1.09558761	1.52137148	1.38141930	1.45278704	1.31946504	1.34578097	1.30302703	1.38364851
0.00001100	0.95863920	1.22880006	1.38141930	0.99879104	1.31946504	1.42423463	1.45417809	1.36473143
0.00001180	1.64338148	1.11177146	1.25928998	1.45278704	1.74509895	1.43630433	1.33690572	1.36202896
0.00001260	1.23253608	1.05325711	1.32985365	1.27118862	1.53228199	1.51475799	1.34993601	1.24312162
0.00001420	1.30101037	1.57988572	1.34749448	1.13498986	1.25562000	1.33974612	1.41639030	1.40797043
0.00001580	0.61626804	1.40434289	1.27964485	0.95339143	1.68125391	1.36690307	1.37078440	1.40121436
0.00001740	0.95863920	1.17028570	1.28778684	1.40738738	1.17049325	1.44837415	1.43984485	1.28365827
0.00001900	1.16406190	1.17028570	1.32442558	0.95339143	1.04280305	1.25827503	1.27826953	1.33365333
0.00002060	1.30101037	0.99474287	1.33528161	1.45278704	1.12792981	1.33672869	1.36036015	1.20663869
0.00002220	1.30101037	0.93622857	1.24436295	0.99879104	1.21305656	1.30353677	1.34863293	1.22420454
0.00002380	1.71185565	1.37508571	1.25521898	1.36198783	1.27690172	1.22508311	1.30172396	1.28095579
0.00002540	1.09558761	1.25805712	1.26200390	1.18038940	1.19177496	1.24620521	1.26263320	1.26609242
0.00002860	1.10009098	1.19719005	1.19309556	1.20322299	1.19341016	1.15703988	1.28941357	1.24169242
0.00003180	1.51262510	1.19719005	1.23937654	1.20322299	1.27865374	1.22031546	1.25880623	1.23491466
0.00003500	0.75631255	1.21178997	1.22780633	0.93079519	1.06554472	1.24140739	1.18196249	1.18679225
0.00003820	0.99695748	1.31398916	1.20738816	1.18052077	1.09751117	1.17059898	1.17870629	1.16917002
0.00004140	1.20322454	1.09499097	1.16110730	1.24862766	1.15078831	1.07568550	1.17675269	1.14476991
0.00004460	0.85944611	1.13879061	1.10189486	0.90809286	0.89505762	1.13293493	1.20215023	1.15019214
0.00004780	1.16884673	1.00739169	1.12979960	0.97619981	0.99095666	1.17662513	1.11684048	1.15697002
0.00005100	1.06571317	1.18259025	1.10189486	1.08971143	1.27865374	1.04103458	1.10967708	1.13460326
0.00005740	1.34147024	0.99252617	1.09942806	1.08789563	1.13705683	1.13322043	1.11402428	1.07560754
0.00006380	0.89431351	1.16037989	1.10555303	1.17855358	1.12104201	1.11889493	1.07784617	1.08916712
0.00007020	1.22108185	1.14578390	1.05995619	1.12189233	1.10502708	1.05857718	1.07426095	1.05289543
0.00007660	0.99750352	1.04361212	1.06608117	1.08789563	1.05164421	1.03369606	1.09446847	1.06882787
0.00008300	0.84271848	0.95603621	1.04906738	1.08789563	0.90217191	1.06310093	1.02895689	1.02306449
0.00008940	0.87711513	1.08010197	1.01844263	1.17855358	0.96089315	1.07745731	1.08860183	1.06475997
0.00009580	1.11789191	1.06550598	1.03887916	1.15588903	1.03562927	1.08198130	1.07491279	1.06814992
0.00010220	1.06629682	0.95603621	1.05078900	0.99723762	0.92886335	1.01713789	1.05046821	1.04781067
0.00011500	0.96284318	1.01797831	1.02193809	0.99179196	1.05924356	1.03351009	1.01979244	1.05195940
0.00012780	0.83389097	0.94500494	1.01461899	0.94645292	1.07261789	1.02823508	1.04505098	1.03348315
0.00014060	1.16916668	0.98505247	1.01651096	0.97478980	1.01109612	0.99733907	0.98508233	0.99924272
0.00015340	1.03161764	0.89757228	1.01344705	0.87844431	1.03516984	1.01241028	1.01408887	1.01348126
0.00016620	1.02302086	0.98870081	1.00289392	0.98612458	1.01644588	1.03275645	0.99388206	0.99873418
0.00017900	0.95424634	0.99234915	0.99302155	0.98612458	1.09401667	1.02861190	0.98021203	1.00449741
0.00019180	0.93705273	0.99599749	0.98178750	0.90678120	1.05121899	0.98302144	1.00563395	1.00178528
0.00020460	0.81669736	1.03612924	1.01719177	0.90678120	0.97899783	1.02414930	1.00188589	1.00025976
0.00023020	0.96152645	0.92260462	1.00025868	1.02262151	0.98316026	1.02286792	0.99463987	0.99532491
0.00025580	0.82845807	0.98289365	1.01513970	0.92347538	1.02061391	1.00121295	0.99537331	1.00379002
0.00028140	1.01303685	1.11077940	0.99583697	0.95474172	0.96042049	0.98593205	1.00376725	0.99679118
0.00030700	1.09888732	0.95548958	1.00831759	0.99440461	1.01526344	1.01194632	0.98412710	0.99628329
0.00033260	1.11176503	1.05414426	1.00102401	0.94907558	0.95373231	0.99822867	0.99830711	0.98646438
0.00035820	1.01303685	1.00481689	0.99957848	1.07089722	1.00723767	1.00218320	1.01729536	0.98908842
0.00038380	0.84992069	1.06510592	1.00782681	0.98034823	1.03934085	0.98639345	1.00560367	0.99552149
0.00040940	1.06454718	1.03770185	1.00255466	1.02284884	0.94169360	1.00255978	1.00859988	0.97740722
0.00046060	0.98552823	1.03249741	1.00980067	0.95941776	1.00675297	0.98865241	0.98758709	0.99904114
0.00051180	1.01766503	1.02701521	1.01218128	1.01893854	1.02746248	1.01340866	0.99618506	1.00192010
0.00056300	1.06265652	0.99412143	0.98858875	1.01043558	0.98337114	0.99194694	0.99844819	1.00185847
0.00061420	0.98539352	0.98955286	1.00074637	0.99626392	1.01343346	1.00556707	0.99826640	0.99734765
0.00066540	0.91898656	0.96579629	0.99020410	0.91406864	0.92992705	1.01460338	0.99936658	1.00431025
0.00071660	1.00038862	1.04620314	0.98618472	1.02460718	0.96867400	1.00770319	0.98981303	1.00642717
0.00076780	0.93826604	0.98781359	1.00915945	1.04444742	0.96266156	1.01953375	0.99331725	1.00308251
0.00081900	0.98753572	0.96031398	1.00658572	1.06853914	0.96533376	0.99468541	0.99926621	1.00168526
0.00092140	1.03209782	1.00063717	0.99217153	0.97391415	1.00855315	0.98313648	1.00205290	1.00493991
0.00102380	0.97107136	0.96459055	0.99723244	1.01927841	0.98387289	1.00709128	0.99854696	0.99821806
0.00112620	1.01925015	0.97782284	0.99136567	0.98171109	0.99087673	1.00458658	0.99923968	0.99874848
0.00122860	1.01496756	0.99881208	1.00225675	1.02625251	1.00755250	0.99620986	1.00141835	1.00031066
0.00133100	0.97856581	1.01058543	0.99917156	1.00782526	1.00388384	1.01283300	1.00474083	0.99728203
0.00143340	1.00854373	0.99552923	0.99611586	0.99932045	1.02022612	0.99848902	1.00310946	0.99427617
0.00153580	1.04173362	0.95674831	0.99745536	0.99424875	1.05457830	1.00562465	0.99406284	0.99562711
0.00163820	1.00104928	0.99781048	1.00889444	0.98361886	0.98494858	1.01985669	0.99229020	1.00057781
0.00184300	0.99607670	1.00134087	1.00369394	1.00016117	1.00271654	0.99167109	0.99900383	0.99686903
0.00204780	1.01372063	0.98720855	1.00078094	1.02389860	1.00154924	0.99986982	1.00518036	0.99993652
0.00225260	1.00516593	0.96825844	0.99222273	0.99637473	1.00712907	1.00698721	1.00133979	1.00383377
0.00245740	0.98752213	1.01634085	1.00218618	1.00487864	0.98837537	0.99766368	1.00512946	1.00191152
0.00266220	0.98845643	1.00904882	1.00150383	0.96590233	1.00271654	0.99094003	1.00083911	1.00482476
0.00286700	1.02280986	0.99423665	1.00282407	0.97135568	0.97631216	1.00268948	1.00563455	0.99468738
0.00307180	1.02922583	1.02828228	0.99604559	1.01882529	0.99740958	0.99894410	1.00429988	1.00523853
0.00327660	1.01265121	1.01005030	1.00813782	1.00230694	0.99207497	0.99555576	0.99907053	0.99909157
0.00368620	1.01902306	1.01392078	0.99850863	0.98660368	1.01659262	1.00259817	1.00075936	0.99732977
0.00409580	1.02596605	0.99741572	0.99819523	1.01484823	0.98175609	1.00511611	1.00056076	0.99909163
0.00450540	1.01261413	1.01054847	1.00414062	1.01983666	1.00351489	0.99908471	1.00342679	0.99922496
0.00491500	0.99458665	1.00327826	1.00646317	1.01539719	0.99574256	1.00657272	0.99966711	1.00089312
0.00532460	1.01447344	1.00840700	0.99689275	1.04073691	1.00484824	1.00021148	0.99896187	0.99827999
0.00573420	0.97469538	1.01741064	0.99820596	1.01925468	0.99609071	1.00067794	1.00473976	1.00459886
0.00614380	0.99859172	1.00379920	0.99923211	1.00487399	0.99684811	0.99425262	1.00016201	0.99841273
0.00655340	0.98844558	0.97994858	0.99858117	1.01097536	1.00750840	1.00085318	1.00223446	0.99746901
0.00737260	1.00713968	1.00656998	1.00261867	1.01394498	1.00524330	1.00109434	1.00032520	1.00159931
0.00819180	1.03023160	1.00632501	0.99997991	0.98652434	1.00128579	1.00034773	0.99289751	1.00008392
0.00901100	1.00940526	0.99014825	1.00077426	1.00877464	0.99682838	0.99915022	0.99803108	0.99935478
0.00983020	1.00793684	0.98672062	0.99938351	1.01148415	0.99550277	0.99648404	0.99580598	0.99979264
0.01064940	0.99057990	0.99521899	1.00107110	1.01683354	0.98643017	0.99864477	0.99900031	1.00052166
0.01146860	1.00686097	1.01771438	1.00107110	0.99739510	0.99852347	0.99930042	1.00233245	0.99916244
0.01228780	1.00098848	0.99789965	0.99865401	0.99641877	1.00313926	0.99546558	1.00045860	0.99816257
0.01310700	1.00525939	1.00756299	0.99685293	1.02129638	0.99994564	1.00076938	1.00270295	0.99999326
0.01474540	1.00702178	0.99480069	0.99917161	0.99348980	0.99325556	0.99692613	0.99790156	1.00068307
0.01638380	0.98918861	0.99800825	0.99848914	1.00341070	0.99848425	1.00062931	0.99711782	1.00020278
0.01802220	0.98718214	0.99906832	1.00155127	0.98909247	0.99930954	1.00041878	1.00076377	0.99974531
0.01966060	1.00341487	1.00491488	0.99984133	0.99324429	0.99924040	0.99929768	0.99918306	1.00035870
0.02129900	0.99292582	1.00044250	1.00287271	1.00063562	0.99855375	1.00585365	0.99815387	1.00152755
0.02293740	0.98905075	0.99858046	0.99824548	1.00443339	1.00243747	0.99667430	0.99972105	1.00219500
0.02457580	0.99699485	0.99798119	1.00258899	1.00798571	0.98711324	1.00340247	1.00109529	1.00108731
0.02621420	0.98731810	1.00584483	0.99933213	0.98448986	1.00328481	1.00256693	1.00252414	1.00036991
0.02949100	0.99112260	0.99734801	0.99908650	0.99992317	0.99906307	0.99801242	1.00111294	1.00178897
0.03276780	1.00110734	0.99536997	0.99953103	1.00896883	0.99504042	0.99927449	0.99855578	1.00024879
0.03604460	0.99626040	0.99808830	0.99944407	1.00030065	1.00688934	1.00038838	0.99923295	1.00174940
0.03932140	1.00378215	0.99769902	1.00062191	1.00112391	1.00123441	1.00101686	0.99996227	0.99949306
0.04259820	0.99773711	0.99355495	0.99805313	1.00582135	1.00136626	1.00051057	1.00143087	1.00176156
0.04587500	1.00599015	1.00165153	0.99884015	0.99719483	0.99745661	1.00077164	0.99928838	1.00112092
0.04915180	1.00639486	0.99905139	0.99989867	0.98755795	0.99984330	0.99857408	0.99900204	1.00103295
0.05242860	1.00633550	1.00349104	1.00181770	0.99602050	1.00057542	1.00292265	1.00158179	1.00028455
0.05898220	0.99881685	0.99856287	1.00000429	0.99235529	1.00248873	0.99923027	0.99964619	1.00149381
0.06553581	1.01205873	0.99772370	1.00094974	0.99460286	1.00128627	0.99912590	0.99907994	1.00088751
0.07208940	1.00365901	1.00400269	1.00054955	0.99876612	1.00351346	0.99996346	0.99973673	1.00009131
0.07864300	0.99816686	0.99987853	0.99955511	0.99986053	0.99669886	0.99972624	0.99983400	1.00051641
0.08519660	1.00256860	1.00390494	1.00043988	0.99813527	1.00059390	0.99985743	1.00107431	1.00062072
0.09175020	0.99166465	0.99872208	1.00090361	1.00011599	0.99372172	0.99941152	0.99992734	1.00038886
0.09830380	1.00218618	0.99721235	0.99909925	1.00125611	1.00089252	1.00196981	0.99976009	1.00018656
0.10485740	0.99786335	1.00051332	1.00142360	0.99384886	0.99874061	0.99914545	1.00015712	1.00070536
0.11796460	0.99957734	0.99862289	1.00003994	1.00082159	0.99991447	0.99897617	1.00021696	1.00076294
0.13107181	1.00142753	1.00214934	1.00020778	1.00178933	1.00170970	1.00012243	1.00098932	1.00018024
0.14417900	1.00003433	0.99854112	1.00011241	0.99840605	1.00206816	0.99990505	1.00090921	1.00027585
0.15728620	0.99302328	0.99995649	1.00019670	0.99923092	0.99786931	0.99953598	0.99921107	1.00128818
0.17039341	0.99786973	0.99859273	0.99952310	1.00127673	1.00315261	0.99981946	1.00009060	1.00083435
0.18350060	1.00129509	0.99979746	1.00026286	1.00195825	0.99937767	1.00009787	1.00046396	1.00021613
0.19660780	0.99470371	0.99888641	0.99932063	1.00415397	0.99892902	1.00139070	0.99965668	1.00094962
0.20971501	0.99215418	0.99990928	1.00026822	1.00140953	1.00210094	1.00010288	1.00081646	1.00136340
0.23592941	1.00367987	1.00063634	1.00036991	1.00032103	0.99840295	1.00027323	0.99969417	1.00106978
0.26214382	1.00154448	1.00073910	0.99982589	1.00041604	1.00006545	0.99946392	1.00004661	1.00033271
0.28835821	0.99755698	1.00008667	1.00047922	0.99904078	0.99884498	1.00041115	0.99978447	1.00105321
0.31457260	1.00194430	0.99960518	1.00025690	1.00121272	0.99916506	1.00028193	1.00019133	1.00017345
0.34078699	0.99732816	1.00162029	0.99940276	1.00021911	0.99786705	1.00006258	1.00025725	1.00014699
0.36700141	1.00273740	1.00144267	0.99918222	1.00211644	0.99862587	0.99920666	0.99951935	1.00075698
0.39321581	1.00160050	0.99971724	0.99977952	0.99691135	1.00141442	1.00046825	0.99971306	1.00079095
0.41943020	0.99753851	0.99849224	1.00056326	1.00216079	1.00107741	0.99843174	0.99978429	1.00019670
0.47185901	0.99866706	1.00021803	1.00014031	0.99975979	1.00107586	1.00056374	1.00008941	1.00064540
0.52428782	0.99913692	0.99891591	1.00009656	0.99777639	0.99841803	1.00001383	1.00001979	1.00043440
0.57671660	0.99901503	1.00056803	1.00013173	0.99943489	0.99987894	0.99921882	0.99979532	1.00043738
0.62914538	1.00297379	0.99945372	1.00006449	1.00006533	1.00001085	1.00053966	1.00014591	1.00067568
0.68157423	1.00020647	0.99910301	1.00026464	0.99782765	1.00021708	1.00069880	0.99981582	1.00065804
0.73400301	0.99993765	1.00138617	1.00052357	0.99746376	0.99940312	0.99982518	0.99997240	1.00080860
0.78643179	1.00123656	0.99928826	0.99998689	1.00102675	0.99881554	0.99990296	0.99996811	1.00047493
0.83886063	1.00020945	1.00142121	1.00023162	1.00085998	1.00021040	1.00011587	1.00000811	1.00065136
0.94371825	1.00083888	0.99950790	1.00024021	1.00042284	0.99913263	1.00018692	0.99962878	1.00032556
1.04857588	0.99821389	1.00007176	1.00001848	0.99977952	0.99970484	1.00006759	0.99979472	0.99999022
1.15343344	0.99865115	0.99966574	1.00015831	0.99956262	0.99968976	1.00013840	0.99971747	1.00001323
1.25829101	1.00322640	0.99984837	0.99984491	1.00101197	1.00003755	1.00021601	0.99977833	1.00022018
1.36314869	1.00059152	0.99956882	1.00026965	1.00017619	0.99915665	1.00020063	1.00009060	1.00022101
1.46800625	0.99937755	1.00064814	0.99968618	0.99894577	1.00030792	0.99976671	1.00011003	1.00043941
1.57286382	1.00065732	0.99994922	0.99980992	1.00034690	1.00112367	0.99993974	1.00028074	1.00014019
1.67772150	0.99772280	0.99996459	0.99983740	1.00002229	1.00078678	1.00006306	1.00035048	0.99989229
1.88743675	0.99895793	0.99943477	0.99995548	1.00033844	1.00002646	1.00027263	1.00007451	1.00002742
2.09715199	1.00086617	0.99928546	0.99997896	1.00064945	1.00041628	0.99989623	1.00014460	1.00047123
2.30686712	1.00009596	0.99986804	0.99978226	1.00103986	0.99982941	0.99991626	0.99988216	1.00010717
2.51658225	1.00126112	0.99981296	0.99968284	1.00066102	0.99980617	0.99975526	1.00002909	1.00017190
2.72629738	0.99963576	0.99972779	1.00007343	0.99951971	0.99963653	1.00011671	0.99995416	1.00079775
2.93601274	0.99895549	1.00016260	0.99967176	0.99848175	0.99939501	1.00005996	0.99978364	1.00040054
3.14572787	0.99848056	1.00061667	0.99994755	0.99831176	1.00016224	1.00016499	0.99977374	0.99982685
3.35544300	1.00071681	0.99979752	1.00038600	1.00057065	0.99972838	0.99983680	1.00015795	1.00034034
3.77487350	0.99958473	0.99988866	0.99999714	1.00114822	1.00071013	1.00019705	1.00023341	0.99995250
4.19430399	0.99837911	1.00008607	1.00002980	0.99918145	0.99960279	0.99997520	1.00002980	1.00013137
4.61373425	1.00235260	1.00000596	0.99997109	1.00172973	0.99963325	1.00003505	0.99976838	1.00004351
5.03316450	1.00000000	1.00000000	1.00000000	1.00000000	1.00000000	1.00000000	1.00000000	1.00000000
5.45259476	0.00000000	0.00000000	0.00000000	0.00000000	0.00000000	0.00000000	0.00000000	0.00000000
5.87202549	0.00000000	0.00000000	0.00000000	0.00000000	0.00000000	0.00000000	0.00000000	0.00000000
6.29145575	0.00000000	0.00000000	0.00000000	0.00000000	0.00000000	0.00000000	0.00000000	0.00000000
6.71088600	0.00000000	0.00000000	0.00000000	0.00000000	0.00000000	0.00000000	0.00000000	0.00000000
7.54974699	0.00000000	0.00000000	0.00000000	0.00000000	0.00000000	0.00000000	0.00000000	0.00000000
8.38860798	0.00000000	0.00000000	0.00000000	0.00000000	0.00000000	0.00000000	0.00000000	0.00000000
9.22746849	0.00000000	0.00000000	0.00000000	0.00000000	0.00000000	0.00000000	0.00000000	0.00000000
10.06632900	0.00000000	0.00000000	0.00000000	0.00000000	0.00000000	0.00000000	0.00000000	0.00000000
10.90518951	0.00000000	0.00000000	0.00000000	0.00000000	0.00000000	0.00000000	0.00000000	0.00000000
11.74405098	0.00000000	0.00000000	0.00000000	0.00000000	0.00000000	0.00000000	0.00000000	0.00000000
12.58291149	0.00000000	0.00000000	0.00000000	0.00000000	0.00000000	0.00000000	0.00000000	0.00000000
13.42177200	0.00000000	0.00000000	0.00000000	0.00000000	0.00000000	0.00000000	0.00000000	0.00000000
15.09949398	0.00000000	0.00000000	0.00000000	0.00000000	0.00000000	0.00000000	0.00000000	0.00000000
16.77721596	0.00000000	0.00000000	0.00000000	0.00000000	0.00000000	0.00000000	0.00000000	0.00000000
18.45493698	0.00000000	0.00000000	0.00000000	0.00000000	0.00000000	0.00000000	0.00000000	0.00000000
20.13265800	0.00000000	0.00000000	0.00000000	0.00000000	0.00000000	0.00000000	0.00000000	0.00000000
21.81037903	0.00000000	0.00000000	0.00000000	0.00000000	0.00000000	0.00000000	0.00000000	0.00000000
23.48810196	0.00000000	0.00000000	0.00000000	0.00000000	0.00000000	0.00000000	0.00000000	0.00000000
25.16582298	0.00000000	0.00000000	0.00000000	0.00000000	0.00000000	0.00000000	0.00000000	0.00000000
26.84354401	0.00000000	0.00000000	0.00000000	0.00000000	0.00000000	0.00000000	0.00000000	0.00000000
30.19898796	0.00000000	0.00000000	0.00000000	0.00000000	0.00000000	0.00000000	0.00000000	0.00000000
33.55443192	0.00000000	0.00000000	0.00000000	0.00000000	0.00000000	0.00000000	0.00000000	0.00000000
36.90987396	0.00000000	0.00000000	0.00000000	0.00000000	0.00000000	0.00000000	0.00000000	0.00000000
40.26531601	0.00000000	0.00000000	0.00000000	0.00000000	0.00000000	0.00000000	0.00000000	0.00000000
43.62075806	0.00000000	0.00000000	0.00000000	0.00000000	0.00000000	0.00000000	0.00000000	0.00000000
46.97620392	0.00000000	0.00000000	0.00000000	0.00000000	0.00000000	0.00000000	0.00000000	0.00000000
50.33164597	0.00000000	0.00000000	0.00000000	0.00000000	0.00000000	0.00000000	0.00000000	0.00000000
53.68708801	0.00000000	0.00000000	0.00000000	0.00000000	0.00000000	0.00000000	0.00000000	0.00000000
60.39797592	0.00000000	0.00000000	0.00000000	0.00000000	0.00000000	0.00000000	0.00000000	0.00000000
67.10886383	0.00000000	0.00000000	0.00000000	0.00000000	0.00000000	0.00000000	0.00000000	0.00000000
73.81974792	0.00000000	0.00000000	0.00000000	0.00000000	0.00000000	0.00000000	0.00000000	0.00000000
80.53063202	0.00000000	0.00000000	0.00000000	0.00000000	0.00000000	0.00000000	0.00000000	0.00000000
87.24151611	0.00000000	0.00000000	0.00000000	0.00000000	0.00000000	0.00000000	0.00000000	0.00000000
93.95240784	0.00000000	0.00000000	0.00000000	0.00000000	0.00000000	0.00000000	0.00000000	0.00000000
100.66329193	0.00000000	0.00000000	0.00000000	0.00000000	0.00000000	0.00000000	0.00000000	0.00000000
107.37417603	0.00000000	0.00000000	0.00000000	0.00000000	0.00000000	0.00000000	0.00000000	0.00000000
120.79595184	0.00000000	0.00000000	0.00000000	0.00000000	0.00000000	0.00000000	0.00000000	0.00000000
134.21772766	0.00000000	0.00000000	0.00000000	0.00000000	0.00000000	0.00000000	0.00000000	0.00000000
147.63949585	0.00000000	0.00000000	0.00000000	0.00000000	0.00000000	0.00000000	0.00000000	0.00000000
161.06126404	0.00000000	0.00000000	0.00000000	0.00000000	0.00000000	0.00000000	0.00000000	0.00000000
174.48303223	0.00000000	0.00000000	0.00000000	0.00000000	0.00000000	0.00000000	0.00000000	0.00000000
187.90481567	0.00000000	0.00000000	0.00000000	0.00000000	0.00000000	0.00000000	0.00000000	0.00000000
201.32658386	0.00000000	0.00000000	0.00000000	0.00000000	0.00000000	0.00000000	0.00000000	0.00000000
214.74835205	0.00000000	0.00000000	0.00000000	0.00000000	0.00000000	0.00000000	0.00000000	0.00000000
241.59190369	0.00000000	0.00000000	0.00000000	0.00000000	0.00000000	0.00000000	0.00000000	0.00000000
268.43545532	0.00000000	0.00000000	0.00000000	0.00000000	0.00000000	0.00000000	0.00000000	0.00000000
295.27899170	0.00000000	0.00000000	0.00000000	0.00000000	0.00000000	0.00000000	0.00000000	0.00000000
322.12252808	0.00000000	0.00000000	0.00000000	0.00000000	0.00000000	0.00000000	0.00000000	0.00000000
348.96606445	0.00000000	0.00000000	0.00000000	0.00000000	0.00000000	0.00000000	0.00000000	0.00000000
375.80963135	0.00000000	0.00000000	0.00000000	0.00000000	0.00000000	0.00000000	0.00000000	0.00000000
402.65316772	0.00000000	0.00000000	0.00000000	0.00000000	0.00000000	0.00000000	0.00000000	0.00000000
429.49670410	0.00000000	0.00000000	0.00000000	0.00000000	0.00000000	0.00000000	0.00000000	0.00000000
483.18380737	0.00000000	0.00000000	0.00000000	0.00000000	0.00000000	0.00000000	0.00000000	0.00000000
536.87091064	0.00000000	0.00000000	0.00000000	0.00000000	0.00000000	0.00000000	0.00000000	0.00000000
590.55798340	0.00000000	0.00000000	0.00000000	0.00000000	0.00000000	0.00000000	0.00000000	0.00000000
644.24505615	0.00000000	0.00000000	0.00000000	0.00000000	0.00000000	0.00000000	0.00000000	0.00000000
697.93212891	0.00000000	0.00000000	0.00000000	0.00000000	0.00000000	0.00000000	0.00000000	0.00000000
751.61926270	0.00000000	0.00000000	0.00000000	0.00000000	0.00000000	0.00000000	0.00000000	0.00000000
805.30633545	0.00000000	0.00000000	0.00000000	0.00000000	0.00000000	0.00000000	0.00000000	0.00000000
858.99340820	0.00000000	0.00000000	0.00000000	0.00000000	0.00000000	0.00000000	0.00000000	0.00000000
966.36761475	0.00000000	0.00000000	0.00000000	0.00000000	0.00000000	0.00000000	0.00000000	0.00000000
1073.74182129	0.00000000	0.00000000	0.00000000	0.00000000	0.00000000	0.00000000	0.00000000	0.00000000
1181.11596680	0.00000000	0.00000000	0.00000000	0.00000000	0.00000000	0.00000000	0.00000000	0.00000000
1288.49011230	0.00000000	0.00000000	0.00000000	0.00000000	0.00000000	0.00000000	0.00000000	0.00000000
1395.86425781	0.00000000	0.00000000	0.00000000	0.00000000	0.00000000	0.00000000	0.00000000	0.00000000
1503.23852539	0.00000000	0.00000000	0.00000000	0.00000000	0.00000000	0.00000000	0.00000000	0.00000000
1610.61267090	0.00000000	0.00000000	0.00000000	0.00000000	0.00000000	0.00000000	0.00000000	0.00000000
1717.98681641	0.00000000	0.00000000	0.00000000	0.00000000	0.00000000	0.00000000	0.00000000	0.00000000
1932.73522949	0.00000000	0.00000000	0.00000000	0.00000000	0.00000000	0.00000000	0.00000000	0.00000000
2147.48364258	0.00000000	0.00000000	0.00000000	0.00000000	0.00000000	0.00000000	0.00000000	0.00000000
2362.23193359	0.00000000	0.00000000	0.00000000	0.00000000	0.00000000	0.00000000	0.00000000	0.00000000
2576.98022461	0.00000000	0.00000000	0.00000000	0.00000000	0.00000000	0.00000000	0.00000000	0.00000000
2791.72851562	0.00000000	0.00000000	0.00000000	0.00000000	0.00000000	0.00000000	0.00000000	0.00000000
3006.47705078	0.00000000	0.00000000	0.00000000	0.00000000	0.00000000	0.00000000	0.00000000	0.00000000
3221.22534180	0.00000000	0.00000000	0.00000000	0.00000000	0.00000000	0.00000000	0.00000000	0.00000000
3435.97363281	0.00000000	0.00000000	0.00000000	0.00000000	0.00000000	0.00000000	0.00000000	0.00000000
0	0	0	0	0	0	0	0	0
