%4/28/2015 3:56:25 PM
%Duration	ID1		ID2		ID3		ID4		ID5		ID6		ID7		ID8
3000.000000	0.915527	0.705719	2.117157	1.926422	1.506805	6.866455	10.862350	11.749268
%Tau		Tau1		Tau2		Tau3		Tau4		Tau5		Tau6		Tau7		Tau8
%		0.000000	0.000001	0.000001	0.000001	0.000000	0.000002	0.000102	0.000004
%Delaytime	D1		D2		D3		D4		D5		D6		D7		D8
0.00000000	20.10317421	127.29850769	30.73283005	40.09836197	40.24933624	5.38728809	7.42216825	11.96223545
0.00000020	20.10317421	25.45970154	3.96552658	5.01229525	9.14757633	1.49646890	2.47405601	3.39836240
0.00000040	5.02579355	0.00000000	2.97414494	3.34153032	1.82951534	1.64611578	2.23268485	1.97105014
0.00000060	0.00000000	8.48656750	1.98276329	1.67076516	0.00000000	1.64611578	1.99131346	1.90308285
0.00000080	5.02579355	0.00000000	0.99138165	8.35382557	0.00000000	2.09505653	1.74994206	1.56324673
0.00000100	0.00000000	0.00000000	1.98276329	5.01229525	1.82951534	1.49646890	1.93097055	1.90308285
0.00000120	0.00000000	8.48656750	1.98276329	5.01229525	0.00000000	1.79576266	1.74994206	2.31088638
0.00000140	0.00000000	0.00000000	1.98276329	0.00000000	1.82951534	1.04752827	1.62925649	1.97105014
0.00000160	5.02579355	0.00000000	0.99138165	0.00000000	1.82951534	1.64611578	1.44822788	1.49527943
0.00000180	0.00000000	8.48656750	0.99138165	3.34153032	0.00000000	2.69364405	2.05165625	1.83511567
0.00000200	0.00000000	8.48656750	0.00000000	6.68306065	1.82951534	2.69364405	1.50857079	2.17495179
0.00000220	0.00000000	0.00000000	1.98276329	1.67076516	0.00000000	2.24470329	1.50857079	1.56324673
0.00000240	0.00000000	0.00000000	5.94828987	1.67076516	0.00000000	2.99293780	1.56891358	2.51478815
0.00000260	0.00000000	0.00000000	1.98276329	1.67076516	1.82951534	1.64611578	1.68959928	1.76714838
0.00000280	0.00000000	0.00000000	0.99138165	1.67076516	0.00000000	1.19717515	1.81028497	2.99055886
0.00000300	0.00000000	0.00000000	0.00000000	0.00000000	1.82951534	2.09505653	1.68959928	2.51478815
0.00000340	2.51289678	4.24328375	2.47845411	0.00000000	2.74427295	1.42164540	1.87062776	2.00503373
0.00000380	0.00000000	0.00000000	0.99138165	0.00000000	0.00000000	1.57129228	1.81028497	1.97105014
0.00000420	2.51289678	8.48656750	0.49569082	1.67076516	0.00000000	1.87058604	1.50857079	1.63121390
0.00000460	2.51289678	0.00000000	1.48707247	0.83538258	0.91475767	1.42164540	1.84045637	2.07300091
0.00000500	2.51289678	4.24328375	2.47845411	0.00000000	0.91475767	1.12235165	2.17234182	1.46129584
0.00000540	2.51289678	0.00000000	2.47845411	0.83538258	1.82951534	1.27199852	1.87062776	1.63121390
0.00000580	0.00000000	0.00000000	1.98276329	2.50614762	0.00000000	1.27199852	2.11199903	1.93706656
0.00000620	5.02579355	0.00000000	0.99138165	1.67076516	0.91475767	1.49646890	1.62925649	1.93706656
0.00000700	1.25644839	0.00000000	2.23060870	2.50614762	0.45737883	1.34682202	1.81028497	1.54625487
0.00000780	2.51289678	0.00000000	1.48707247	2.08845639	0.91475767	1.68352747	1.61417067	1.66519749
0.00000860	1.25644839	0.00000000	2.97414494	2.08845639	1.82951534	1.38423371	1.46331370	1.68218935
0.00000940	2.51289678	2.12164187	0.74353623	1.67076516	0.91475767	1.19717515	1.68959928	1.80113208
0.00001020	1.25644839	0.00000000	0.99138165	1.25307381	0.91475767	1.72093916	1.55382788	1.37633669
0.00001100	0.00000000	0.00000000	0.74353623	2.50614762	0.91475767	1.34682202	1.47839940	1.49527943
0.00001180	1.25644839	0.00000000	0.99138165	2.08845639	2.28689408	1.94540954	1.47839940	1.37633669
0.00001260	3.76934505	0.00000000	0.74353623	0.83538258	2.28689408	1.38423371	1.71977067	1.47828758
0.00001420	1.25644839	1.06082094	1.36314976	1.25307381	1.14344704	1.23458683	1.69714212	1.59723032
0.00001580	1.25644839	1.06082094	1.36314976	1.04422820	0.68606824	1.12235165	1.68959928	1.53775895
0.00001740	1.25644839	3.18246269	1.73491788	1.25307381	0.45737883	1.49646890	1.62171352	1.15544319
0.00001900	2.51289678	0.00000000	1.11530435	1.04422820	0.45737883	1.40293956	1.53874218	1.59723032
0.00002060	1.88467252	1.06082094	0.99138165	1.46191943	1.14344704	1.02882230	1.54628503	1.20641863
0.00002220	0.62822419	0.00000000	2.10668588	1.87961078	2.28689408	1.40293956	1.47085655	1.64820576
0.00002380	0.62822419	0.00000000	1.85884058	1.25307381	1.14344704	1.08493996	1.23702800	1.27438593
0.00002540	3.14112091	1.06082094	0.61961353	1.46191943	2.28689408	1.47776306	1.62925649	1.35934496
0.00002860	0.95892709	1.60154724	1.22175407	0.76562500	0.81335527	1.39520288	1.65331149	1.41403377
0.00003180	0.95892709	1.06769812	0.96454269	0.87500000	0.81335527	1.44364738	1.62929237	1.39144540
0.00003500	0.00000000	1.60154724	1.02884555	1.20312500	1.04574251	1.24027038	1.42513049	1.36885703
0.00003820	1.59821177	0.00000000	1.02884555	0.54687500	1.62671053	1.30809772	1.39310503	1.40499842
0.00004140	0.95892709	0.53384906	1.09314835	1.42187500	0.69716167	1.23058081	1.39710820	1.46824598
0.00004460	0.95892709	0.53384906	1.22175407	0.98437500	1.27812970	1.28871846	1.57725120	1.50890505
0.00004780	0.63928473	1.06769812	1.22175407	0.98437500	1.04574251	1.40499377	1.64130199	1.36885703
0.00005100	0.95892709	0.53384906	1.22175407	0.76562500	1.16193604	1.13368464	1.50519395	1.46824598
0.00005740	0.47826514	0.79991049	0.96255964	0.76227152	0.92674834	1.24443769	1.46234274	1.49024165
0.00006380	0.95653027	0.26663682	0.67379171	1.08895934	0.86882657	1.28302491	1.49815524	1.34884822
0.00007020	1.27537370	1.06654727	1.21924222	1.47009504	1.10051358	1.33116245	1.51805103	1.38700199
0.00007660	1.75363886	0.53327364	1.21924222	0.59892762	1.21635711	1.21540916	1.58569682	1.42740011
0.00008300	0.79710859	0.79991049	1.31549811	0.76227152	1.15843534	1.37939298	1.52401984	1.40720105
0.00008940	0.79710859	0.79991049	1.25132751	0.98006338	1.44804430	1.33598554	1.37281156	1.43413317
0.00009580	0.63768685	0.79991049	0.70587707	1.36119914	1.10051358	1.33598554	1.40464485	1.41168976
0.00010220	0.31884342	1.06654727	1.15507150	1.47009504	1.27427888	1.38903904	1.53993642	1.24560857
0.00011500	0.87608892	0.53098124	1.24596274	1.11265683	0.95522910	1.32221401	1.51150513	1.37089634
0.00012780	0.87608892	1.46019840	1.05427623	1.43831253	1.41837049	1.16835642	1.49368787	1.37758362
0.00014060	0.79644442	1.46019840	1.02232838	1.08551884	1.24469244	1.25009322	1.43033719	1.44668567
0.00015340	0.87608892	1.19470775	1.02232838	1.13979483	0.72365844	1.20441675	1.53526163	1.44445658
0.00016620	0.79644442	1.06196249	1.08622396	0.92269105	0.69471210	1.24768925	1.48477912	1.40544736
0.00017900	0.87608892	1.19470775	0.91051126	1.13979483	1.30258512	1.25970936	1.47092116	1.32854342
0.00019180	0.79644442	0.79647189	1.08622396	1.41117454	1.18679976	1.22605300	1.48081970	1.38872910
0.00020460	0.79644442	1.32745314	1.30985832	1.57400239	1.09996080	1.24288118	1.45013428	1.38322449
0.00023020	1.03624117	0.92821831	1.17722940	1.13289571	1.11443400	1.31462812	1.51893365	1.34809339
0.00025580	1.35508454	1.06082094	0.93064761	1.11940885	1.37495100	1.27634954	1.54892886	1.40728343
0.00028140	0.87681943	1.12712216	1.25700605	1.26776433	1.11443400	1.26917243	1.39649451	1.34090209
0.00030700	0.99638569	1.12712216	1.43203223	1.14638257	1.20127296	1.23816049	1.42353928	1.37575221
0.00033260	1.15580738	0.53041047	1.11380279	1.24079061	0.96970230	1.30036759	1.49835062	1.41834688
0.00035820	1.19566286	0.66301304	1.22518313	1.05197465	1.09996080	1.21543097	1.45261824	1.41336834
0.00038380	1.35508454	1.39232743	1.16153729	1.03848779	1.34600472	1.18672001	1.44376683	1.31877494
0.00040940	1.15580738	1.19342351	1.12175858	0.97105348	1.08548760	1.29558241	1.52785540	1.36530900
0.00046060	1.21255600	1.19150102	1.12176359	1.12633145	1.10414445	1.24246240	1.44728982	1.39434850
0.00051180	1.17280006	0.76123679	1.10987210	1.31405330	1.00311160	1.26808631	1.45803940	1.38747168
0.00056300	0.91438651	0.92672306	1.06626999	1.35427940	1.25569367	1.29123354	1.49890828	1.38197017
0.00061420	1.05353224	1.12530661	1.26446140	1.19337499	1.06084466	1.24952328	1.47349894	1.35831380
0.00066540	1.09328818	0.99291754	1.26049757	1.18667066	1.10414445	1.22628462	1.51869833	1.37096727
0.00071660	0.89450854	0.95982027	1.09005296	1.11962712	0.98146170	1.24296880	1.50501633	1.36278176
0.00076780	0.87463057	1.48937631	1.10590827	1.24700975	0.99589497	1.30076742	1.47936261	1.40404487
0.00081900	1.09328818	0.86052853	1.31995499	1.17996621	1.05336380	1.33353984	1.46934545	1.34132493
0.00092140	1.11316621	1.14492834	1.16240406	1.08780718	1.17277777	1.24057698	1.46967447	1.37558496
0.00102380	1.18273902	1.02877617	1.05404437	1.11783862	1.14068615	1.30721390	1.45765781	1.36477590
0.00112620	1.12310517	1.09514880	1.18801630	1.29802752	1.10137987	1.30849481	1.47848189	1.38337970
0.00122860	1.18273902	0.81306505	1.20552444	1.15120697	1.09085536	1.25152636	1.47896743	1.37072492
0.00133100	0.83487463	1.17811465	1.15452325	1.26799607	1.04045284	1.28614902	1.49578750	1.37229681
0.00143340	0.91438651	0.82965821	1.19392681	1.12117541	0.92884719	1.23321903	1.46642435	1.35772491
0.00153580	0.95414245	1.26108050	1.26485312	1.11783862	1.06205392	1.23677981	1.46429312	1.38659227
0.00163820	1.04446292	0.81306505	1.15276682	1.12784910	0.99725062	1.28405261	1.50265455	1.37878978
0.00184300	0.99142033	0.92572814	1.16778398	1.20198488	1.05300581	1.29418004	1.46906090	1.34744287
0.00204780	1.04594851	1.03317881	1.12843144	1.06547141	1.01527011	1.25556767	1.45645285	1.34275389
0.00225260	1.07569110	1.24807990	1.15991342	1.20697927	1.06917822	1.28491545	1.47673726	1.37547493
0.00245740	1.06081975	0.94225901	1.14340043	1.15370572	1.06378746	1.27110136	1.47976136	1.37832642
0.00266220	1.01082850	1.06624043	1.16209638	1.23195136	1.03683341	1.27237630	1.46300197	1.36047101
0.00286700	1.21894014	1.14889479	1.13552856	1.19699049	1.08894455	1.27439117	1.46650171	1.35979044
0.00307180	0.96127802	1.04970968	1.09243524	1.17201853	1.14464962	1.26211047	1.47037780	1.36284566
0.00327660	1.15947974	0.96705532	1.16504836	1.13039851	1.02066088	1.29175782	1.47057307	1.35062253
0.00368620	1.11395788	1.02381420	1.14085734	1.12689805	1.11462402	1.25763941	1.45949638	1.35293865
0.00409580	1.09460902	0.95776170	1.17904413	1.15672779	1.08057594	1.26802015	1.47786891	1.35553527
0.00450540	1.02031422	0.96188998	1.13196087	1.16887569	1.05996799	1.26436424	1.48917460	1.37173104
0.00491500	1.07479703	1.00730109	1.18198693	1.10426033	1.06265604	1.28069341	1.46738148	1.37047946
0.00532460	1.09956193	1.07748187	1.18073392	1.17384613	1.10297596	1.28130209	1.47012138	1.36143363
0.00573420	1.02526724	1.03619909	1.17975295	1.12579882	1.07699203	1.24904442	1.47315454	1.37567747
0.00614380	1.09415424	0.95776170	1.19959652	1.19952667	1.10566401	1.26818001	1.47095418	1.36473894
0.00655340	1.06197321	0.93199092	1.16868675	1.16473377	1.10862911	1.26020730	1.47976208	1.36494029
0.00737260	1.05083370	1.01349294	1.13748956	1.14913106	1.08155680	1.25848544	1.46261764	1.35832977
0.00819180	0.98894709	0.97633839	1.13965547	1.14913106	1.07708013	1.25311422	1.46030819	1.36128426
0.00901100	1.12509751	1.07014060	1.17216814	1.19337606	1.11423635	1.24977756	1.46953619	1.35493422
0.00983020	1.09246242	1.05214715	1.16947913	1.20193505	1.10662603	1.25061452	1.46899009	1.36381698
0.01064940	1.14366353	1.03000605	1.14845586	1.17161000	1.11944044	1.26347446	1.46874273	1.36142564
0.01146860	1.05454683	1.06189299	1.14594603	1.16320193	1.12139893	1.26483393	1.46286428	1.34892356
0.01228780	1.02484131	0.96549976	1.16303468	1.13865352	1.11602700	1.25082600	1.46669960	1.36017597
0.01310700	1.03969407	1.07071447	1.16640115	1.12665904	1.10958946	1.25617719	1.46586120	1.36013591
0.01474540	1.10515416	1.04416120	1.14494228	1.14466190	1.09545851	1.25159168	1.46059847	1.35544860
0.01638380	1.08043027	1.03540301	1.13399637	1.17289209	1.11441040	1.25629020	1.46478844	1.36270428
0.01802220	1.08043027	1.02242935	1.14478207	1.16114664	1.09299886	1.24773359	1.46200836	1.36088967
0.01966060	1.05817890	0.98310518	1.15150678	1.16624022	1.07001102	1.24064672	1.46452558	1.35788071
0.02129900	1.13791323	1.04407585	1.15123224	1.16149855	1.07828653	1.23909450	1.45935047	1.36141491
0.02293740	1.05756080	0.98103547	1.14903939	1.16020083	1.07900369	1.24151802	1.45860898	1.36515486
0.02457580	1.08043027	1.02394974	1.14857984	1.16507709	1.09237742	1.24043047	1.46588707	1.35800564
0.02621420	1.08183491	0.96654761	1.13717687	1.17353165	1.08678579	1.24199724	1.46509564	1.35553765
0.02949100	1.06352186	1.07812262	1.13276565	1.13863957	1.09400511	1.23327386	1.45907342	1.36039615
0.03276780	1.06228769	1.01452672	1.15144682	1.16376400	1.09651518	1.22727323	1.46052372	1.35412097
0.03604460	1.06444740	1.06515312	1.13898468	1.15602088	1.10356069	1.21586370	1.45948756	1.35774004
0.03932140	1.05598664	1.07824636	1.14784968	1.15804780	1.08555567	1.21416509	1.45911562	1.35920322
0.04259820	1.08343482	1.05756056	1.16205645	1.16414666	1.09282482	1.20495307	1.45561182	1.35642588
0.04587500	1.05536973	1.03572321	1.13576281	1.17600048	1.10639751	1.19923913	1.45681012	1.35537648
0.04915180	1.09112644	0.99135083	1.14936733	1.15337324	1.08982563	1.19188643	1.45617235	1.34999216
0.05242860	1.07370353	1.03946054	1.13992989	1.15361989	1.08836997	1.18698037	1.46275723	1.35341358
0.05898220	1.05580950	1.02675629	1.13222027	1.15383148	1.10119581	1.17233086	1.45279384	1.35057235
0.06553581	1.07469296	1.02317047	1.14528060	1.15731251	1.08057928	1.16193008	1.45532668	1.35124314
0.07208940	1.07301366	1.05460548	1.14058471	1.16264343	1.09507763	1.15231085	1.45356965	1.35097945
0.07864300	1.06128824	1.03518128	1.16162527	1.16089046	1.08377588	1.14021075	1.44971287	1.34849954
0.08519660	1.07546341	1.01595891	1.13771379	1.17794001	1.09257472	1.13062143	1.45328045	1.34800339
0.09175020	1.05268383	1.06175089	1.13639677	1.16145587	1.09283626	1.12324035	1.45123339	1.34559107
0.09830380	1.05536473	1.01365781	1.13628352	1.16055739	1.08715045	1.12221313	1.45231688	1.34996521
0.10485740	1.07880068	1.01805830	1.14546299	1.16903961	1.08524895	1.12077439	1.45125163	1.34643233
0.11796460	1.06414223	1.00927567	1.14488244	1.15560436	1.08449185	1.12189376	1.45517099	1.34749556
0.13107181	1.05991995	1.01951170	1.13834774	1.15373015	1.09193254	1.11874139	1.45312846	1.34713519
0.14417900	1.07400978	1.05518508	1.13539743	1.16428614	1.08720398	1.12873018	1.45273125	1.34716988
0.15728620	1.07696652	1.02608025	1.15430474	1.16106594	1.08068430	1.13132036	1.44913459	1.34533727
0.17039341	1.07142127	1.02606606	1.14422619	1.15960515	1.08612394	1.14318776	1.45232785	1.34586775
0.18350060	1.06427562	1.03657043	1.14608145	1.15632820	1.08562601	1.15093100	1.44842315	1.34358406
0.19660780	1.07158589	1.01006353	1.14074922	1.16057134	1.08843279	1.15398657	1.44707775	1.34627271
0.20971501	1.07979202	1.03689289	1.14981329	1.15351009	1.08283877	1.15236390	1.44719648	1.34436142
0.23592941	1.06399095	1.03469515	1.14862859	1.15452790	1.09233546	1.15292907	1.44535172	1.34424949
0.26214382	1.06889606	1.03007126	1.14468443	1.15258253	1.09522974	1.14408004	1.43646967	1.34281397
0.28835821	1.06414771	1.03767312	1.14054501	1.14897096	1.08666611	1.13387668	1.43174493	1.33853996
0.31457260	1.05909586	1.04050303	1.13694942	1.15412295	1.08340561	1.12668502	1.42302823	1.33490336
0.34078699	1.05927849	1.03948736	1.13745701	1.15304351	1.07557750	1.12230110	1.41890693	1.32826900
0.36700141	1.07405782	1.02704489	1.13746798	1.15206385	1.07517612	1.12136865	1.41571128	1.32366419
0.39321581	1.06073368	1.03899741	1.13511813	1.14298618	1.07495522	1.12096381	1.41306174	1.32066238
0.41943020	1.06832814	1.02154732	1.13707817	1.14648199	1.07717133	1.11862314	1.41250432	1.31879580
0.47185901	1.06496787	1.02670538	1.12638664	1.13941300	1.07087064	1.12183368	1.40418243	1.31138790
0.52428782	1.04990935	1.02370334	1.12383783	1.13529253	1.07309008	1.11304939	1.39389741	1.30436838
0.57671660	1.05787730	1.03028381	1.12126160	1.13005209	1.06321442	1.10620785	1.38428938	1.29967582
0.62914538	1.06777716	1.02950084	1.12214983	1.12866580	1.06023383	1.10217679	1.37853849	1.29574609
0.68157423	1.05704880	1.03023672	1.12040424	1.13355732	1.06247449	1.10420763	1.37125862	1.28945529
0.73400301	1.05991006	1.03306007	1.11381555	1.12895679	1.06269240	1.09355235	1.35874951	1.28330266
0.78643179	1.05992043	1.02404571	1.11524010	1.12548614	1.05873251	1.08836710	1.34565735	1.27699947
0.83886063	1.05213571	1.01661289	1.10755825	1.12705886	1.05456901	1.08411014	1.33417070	1.27215445
0.94371825	1.05078113	1.02846003	1.09916532	1.11428249	1.05828905	1.07530677	1.31696284	1.25476968
1.04857588	1.05339718	1.01967180	1.09590864	1.10605466	1.05723965	1.07727373	1.29576027	1.23914194
1.15343344	1.04527438	1.01331306	1.08492172	1.10012782	1.05135906	1.06751490	1.28042769	1.22642422
1.25829101	1.04883873	1.02889287	1.07707441	1.09798086	1.05109441	1.07495117	1.26265168	1.21287191
1.36314869	1.03989327	1.00484443	1.07024229	1.08933342	1.04991865	1.06949079	1.24702823	1.19956493
1.46800625	1.04651570	1.01985884	1.06100881	1.07839215	1.04300058	1.05750620	1.22770810	1.18269908
1.57286382	1.02849936	1.01180899	1.06109154	1.08043599	1.03814685	1.05312741	1.20800149	1.17586839
1.67772150	1.03794134	1.00160825	1.04715645	1.06553292	1.02921009	1.04353607	1.19166350	1.16382229
1.88743675	1.02313089	1.00568235	1.04913318	1.04849541	1.02069187	1.01703775	1.16966629	1.14679158
2.09715199	1.01715899	1.00335538	1.04583359	1.03647637	1.01016402	0.99909216	1.15738654	1.14227331
2.30686712	1.01680410	0.99662268	1.04269159	1.02727413	1.01629841	0.98868197	1.14874482	1.13681984
2.51658225	1.01341832	0.99628043	1.03629851	1.01789975	1.01163244	0.97890216	1.12383997	1.12757361
2.72629738	1.01774037	0.99722427	1.02525902	1.02261341	1.00446904	1.00382090	1.08760428	1.12227416
2.93601274	1.00960422	1.00253010	1.02070916	1.01786113	0.99730647	0.99146837	1.05333996	1.10898864
3.14572787	1.00190723	1.00087643	1.00716722	1.01147199	0.99631900	0.98717111	0.99981087	1.08348799
3.35544300	1.00392056	1.00003421	1.00111437	1.01286113	1.00580204	0.97684497	0.96437806	1.05617440
3.77487350	1.00299013	1.00206733	0.98966378	1.00029886	1.00458622	0.97949880	0.98372430	1.00423408
4.19430399	1.00937808	0.99619758	1.00228047	1.01008856	0.99839640	1.01779556	0.99724871	1.00267243
4.61373425	0.99042910	1.00276256	0.99280679	0.98848093	1.00124955	1.00298595	0.99166983	0.99831015
5.03316450	1.00000000	1.00000000	1.00000000	1.00000000	1.00000000	1.00000000	1.00000000	1.00000000
5.45259476	0.00000000	0.00000000	0.00000000	0.00000000	0.00000000	0.00000000	0.00000000	0.00000000
5.87202549	0.00000000	0.00000000	0.00000000	0.00000000	0.00000000	0.00000000	0.00000000	0.00000000
6.29145575	0.00000000	0.00000000	0.00000000	0.00000000	0.00000000	0.00000000	0.00000000	0.00000000
6.71088600	0.00000000	0.00000000	0.00000000	0.00000000	0.00000000	0.00000000	0.00000000	0.00000000
7.54974699	0.00000000	0.00000000	0.00000000	0.00000000	0.00000000	0.00000000	0.00000000	0.00000000
8.38860798	0.00000000	0.00000000	0.00000000	0.00000000	0.00000000	0.00000000	0.00000000	0.00000000
9.22746849	0.00000000	0.00000000	0.00000000	0.00000000	0.00000000	0.00000000	0.00000000	0.00000000
10.06632900	0.00000000	0.00000000	0.00000000	0.00000000	0.00000000	0.00000000	0.00000000	0.00000000
10.90518951	0.00000000	0.00000000	0.00000000	0.00000000	0.00000000	0.00000000	0.00000000	0.00000000
11.74405098	0.00000000	0.00000000	0.00000000	0.00000000	0.00000000	0.00000000	0.00000000	0.00000000
12.58291149	0.00000000	0.00000000	0.00000000	0.00000000	0.00000000	0.00000000	0.00000000	0.00000000
13.42177200	0.00000000	0.00000000	0.00000000	0.00000000	0.00000000	0.00000000	0.00000000	0.00000000
15.09949398	0.00000000	0.00000000	0.00000000	0.00000000	0.00000000	0.00000000	0.00000000	0.00000000
16.77721596	0.00000000	0.00000000	0.00000000	0.00000000	0.00000000	0.00000000	0.00000000	0.00000000
18.45493698	0.00000000	0.00000000	0.00000000	0.00000000	0.00000000	0.00000000	0.00000000	0.00000000
20.13265800	0.00000000	0.00000000	0.00000000	0.00000000	0.00000000	0.00000000	0.00000000	0.00000000
21.81037903	0.00000000	0.00000000	0.00000000	0.00000000	0.00000000	0.00000000	0.00000000	0.00000000
23.48810196	0.00000000	0.00000000	0.00000000	0.00000000	0.00000000	0.00000000	0.00000000	0.00000000
25.16582298	0.00000000	0.00000000	0.00000000	0.00000000	0.00000000	0.00000000	0.00000000	0.00000000
26.84354401	0.00000000	0.00000000	0.00000000	0.00000000	0.00000000	0.00000000	0.00000000	0.00000000
30.19898796	0.00000000	0.00000000	0.00000000	0.00000000	0.00000000	0.00000000	0.00000000	0.00000000
33.55443192	0.00000000	0.00000000	0.00000000	0.00000000	0.00000000	0.00000000	0.00000000	0.00000000
36.90987396	0.00000000	0.00000000	0.00000000	0.00000000	0.00000000	0.00000000	0.00000000	0.00000000
40.26531601	0.00000000	0.00000000	0.00000000	0.00000000	0.00000000	0.00000000	0.00000000	0.00000000
43.62075806	0.00000000	0.00000000	0.00000000	0.00000000	0.00000000	0.00000000	0.00000000	0.00000000
46.97620392	0.00000000	0.00000000	0.00000000	0.00000000	0.00000000	0.00000000	0.00000000	0.00000000
50.33164597	0.00000000	0.00000000	0.00000000	0.00000000	0.00000000	0.00000000	0.00000000	0.00000000
53.68708801	0.00000000	0.00000000	0.00000000	0.00000000	0.00000000	0.00000000	0.00000000	0.00000000
60.39797592	0.00000000	0.00000000	0.00000000	0.00000000	0.00000000	0.00000000	0.00000000	0.00000000
67.10886383	0.00000000	0.00000000	0.00000000	0.00000000	0.00000000	0.00000000	0.00000000	0.00000000
73.81974792	0.00000000	0.00000000	0.00000000	0.00000000	0.00000000	0.00000000	0.00000000	0.00000000
80.53063202	0.00000000	0.00000000	0.00000000	0.00000000	0.00000000	0.00000000	0.00000000	0.00000000
87.24151611	0.00000000	0.00000000	0.00000000	0.00000000	0.00000000	0.00000000	0.00000000	0.00000000
93.95240784	0.00000000	0.00000000	0.00000000	0.00000000	0.00000000	0.00000000	0.00000000	0.00000000
100.66329193	0.00000000	0.00000000	0.00000000	0.00000000	0.00000000	0.00000000	0.00000000	0.00000000
107.37417603	0.00000000	0.00000000	0.00000000	0.00000000	0.00000000	0.00000000	0.00000000	0.00000000
120.79595184	0.00000000	0.00000000	0.00000000	0.00000000	0.00000000	0.00000000	0.00000000	0.00000000
134.21772766	0.00000000	0.00000000	0.00000000	0.00000000	0.00000000	0.00000000	0.00000000	0.00000000
147.63949585	0.00000000	0.00000000	0.00000000	0.00000000	0.00000000	0.00000000	0.00000000	0.00000000
161.06126404	0.00000000	0.00000000	0.00000000	0.00000000	0.00000000	0.00000000	0.00000000	0.00000000
174.48303223	0.00000000	0.00000000	0.00000000	0.00000000	0.00000000	0.00000000	0.00000000	0.00000000
187.90481567	0.00000000	0.00000000	0.00000000	0.00000000	0.00000000	0.00000000	0.00000000	0.00000000
201.32658386	0.00000000	0.00000000	0.00000000	0.00000000	0.00000000	0.00000000	0.00000000	0.00000000
214.74835205	0.00000000	0.00000000	0.00000000	0.00000000	0.00000000	0.00000000	0.00000000	0.00000000
241.59190369	0.00000000	0.00000000	0.00000000	0.00000000	0.00000000	0.00000000	0.00000000	0.00000000
268.43545532	0.00000000	0.00000000	0.00000000	0.00000000	0.00000000	0.00000000	0.00000000	0.00000000
295.27899170	0.00000000	0.00000000	0.00000000	0.00000000	0.00000000	0.00000000	0.00000000	0.00000000
322.12252808	0.00000000	0.00000000	0.00000000	0.00000000	0.00000000	0.00000000	0.00000000	0.00000000
348.96606445	0.00000000	0.00000000	0.00000000	0.00000000	0.00000000	0.00000000	0.00000000	0.00000000
375.80963135	0.00000000	0.00000000	0.00000000	0.00000000	0.00000000	0.00000000	0.00000000	0.00000000
402.65316772	0.00000000	0.00000000	0.00000000	0.00000000	0.00000000	0.00000000	0.00000000	0.00000000
429.49670410	0.00000000	0.00000000	0.00000000	0.00000000	0.00000000	0.00000000	0.00000000	0.00000000
483.18380737	0.00000000	0.00000000	0.00000000	0.00000000	0.00000000	0.00000000	0.00000000	0.00000000
536.87091064	0.00000000	0.00000000	0.00000000	0.00000000	0.00000000	0.00000000	0.00000000	0.00000000
590.55798340	0.00000000	0.00000000	0.00000000	0.00000000	0.00000000	0.00000000	0.00000000	0.00000000
644.24505615	0.00000000	0.00000000	0.00000000	0.00000000	0.00000000	0.00000000	0.00000000	0.00000000
697.93212891	0.00000000	0.00000000	0.00000000	0.00000000	0.00000000	0.00000000	0.00000000	0.00000000
751.61926270	0.00000000	0.00000000	0.00000000	0.00000000	0.00000000	0.00000000	0.00000000	0.00000000
805.30633545	0.00000000	0.00000000	0.00000000	0.00000000	0.00000000	0.00000000	0.00000000	0.00000000
858.99340820	0.00000000	0.00000000	0.00000000	0.00000000	0.00000000	0.00000000	0.00000000	0.00000000
966.36761475	0.00000000	0.00000000	0.00000000	0.00000000	0.00000000	0.00000000	0.00000000	0.00000000
1073.74182129	0.00000000	0.00000000	0.00000000	0.00000000	0.00000000	0.00000000	0.00000000	0.00000000
1181.11596680	0.00000000	0.00000000	0.00000000	0.00000000	0.00000000	0.00000000	0.00000000	0.00000000
1288.49011230	0.00000000	0.00000000	0.00000000	0.00000000	0.00000000	0.00000000	0.00000000	0.00000000
1395.86425781	0.00000000	0.00000000	0.00000000	0.00000000	0.00000000	0.00000000	0.00000000	0.00000000
1503.23852539	0.00000000	0.00000000	0.00000000	0.00000000	0.00000000	0.00000000	0.00000000	0.00000000
1610.61267090	0.00000000	0.00000000	0.00000000	0.00000000	0.00000000	0.00000000	0.00000000	0.00000000
1717.98681641	0.00000000	0.00000000	0.00000000	0.00000000	0.00000000	0.00000000	0.00000000	0.00000000
1932.73522949	0.00000000	0.00000000	0.00000000	0.00000000	0.00000000	0.00000000	0.00000000	0.00000000
2147.48364258	0.00000000	0.00000000	0.00000000	0.00000000	0.00000000	0.00000000	0.00000000	0.00000000
2362.23193359	0.00000000	0.00000000	0.00000000	0.00000000	0.00000000	0.00000000	0.00000000	0.00000000
2576.98022461	0.00000000	0.00000000	0.00000000	0.00000000	0.00000000	0.00000000	0.00000000	0.00000000
2791.72851562	0.00000000	0.00000000	0.00000000	0.00000000	0.00000000	0.00000000	0.00000000	0.00000000
3006.47705078	0.00000000	0.00000000	0.00000000	0.00000000	0.00000000	0.00000000	0.00000000	0.00000000
3221.22534180	0.00000000	0.00000000	0.00000000	0.00000000	0.00000000	0.00000000	0.00000000	0.00000000
3435.97363281	0.00000000	0.00000000	0.00000000	0.00000000	0.00000000	0.00000000	0.00000000	0.00000000
0	0	0	0	0	0	0	0	0
