%4/24/2015 9:42:31 PM
%Duration	ID1		ID2		ID3		ID4		ID5		ID6		ID7		ID8
3000.000000	4.463196	2.288818	13.675690	10.242462	10.633469	65.116882	61.454773	48.112869
%Tau		Tau1		Tau2		Tau3		Tau4		Tau5		Tau6		Tau7		Tau8
%		0.000002	0.000001	0.000017	0.000002	0.000008	0.000041	0.000038	0.000035
%Delaytime	D1		D2		D3		D4		D5		D6		D7		D8
0.00000000	5.65182257	25.97541618	5.78092003	8.65734100	5.58048964	1.62803340	2.02528095	2.70730305
0.00000020	1.77628708	3.89631248	1.86369956	2.61998463	2.04234433	1.50412858	1.45259082	1.54620302
0.00000040	1.61480641	5.84446859	1.62210894	1.93651044	1.09308565	1.45907235	1.43483293	1.49697936
0.00000060	1.45332575	0.00000000	1.46680057	1.82259810	1.55333221	1.50262678	1.45259082	1.37681568
0.00000080	1.29184508	1.29877079	1.29423583	1.44289017	1.66839385	1.46282709	1.46413338	1.46512878
0.00000100	1.77628708	2.59754157	1.39777470	1.40491939	1.89851713	1.42903483	1.46768498	1.48105407
0.00000120	2.42220950	1.94815624	1.51857007	1.40491939	1.58209765	1.47334015	1.47034860	1.52882993
0.00000140	1.13036442	1.29877079	1.46680057	2.31621838	1.52456677	1.48160052	1.44903922	1.48250175
0.00000160	0.96888381	0.64938539	1.65662181	1.48086095	1.43827057	1.45982325	1.44637561	1.49408388
0.00000180	2.58369017	1.29877079	1.44954407	1.44289017	1.23691273	1.47183824	1.47567594	1.40432298
0.00000200	1.29184508	0.00000000	1.57033944	1.40491939	1.40950513	1.42678201	1.48988223	1.45788991
0.00000220	0.32296127	0.00000000	1.48405707	0.98724061	1.52456677	1.41852164	1.48011541	1.46223319
0.00000240	0.64592254	0.64938539	1.36326170	1.13912380	1.69715929	1.47559297	1.55381048	1.44630790
0.00000260	0.48444191	3.24692702	1.38051820	1.29100692	1.72592473	1.46357799	1.38422310	1.47960627
0.00000280	0.96888381	0.64938539	1.25972283	1.74665654	1.40950513	1.46357799	1.40997195	1.45933771
0.00000300	1.77628708	1.29877079	1.46680057	1.70868576	1.55333221	1.45381582	1.43927240	1.41735280
0.00000340	1.21110475	1.62346351	1.43228769	1.48086095	1.32320893	1.44743276	1.46812892	1.44124079
0.00000380	1.37258542	2.27284908	1.32874882	1.36694860	1.42388785	1.46845913	1.41663122	1.50421810
0.00000420	1.04962420	2.59754157	1.49268532	1.36694860	1.32320893	1.43541777	1.48011541	1.46078551
0.00000460	1.21110475	0.64938539	1.46680057	1.32897782	1.28006077	1.44255173	1.45125902	1.44630790
0.00000500	1.77628708	1.29877079	1.62210894	1.70868576	1.30882621	1.46545529	1.45259082	1.43979299
0.00000540	1.61480641	1.94815624	1.35463345	1.42390478	1.42388785	1.45531762	1.43794060	1.43544972
0.00000580	1.53406608	1.29877079	1.44954407	1.53781712	1.49580145	1.44555545	1.46324551	1.44847953
0.00000620	1.37258542	0.64938539	1.30286407	1.34796321	1.52456677	1.45381582	1.43749666	1.43327808
0.00000700	0.84777337	0.48703906	1.37188995	1.64223683	1.11465967	1.42734528	1.43327916	1.46295714
0.00000780	1.73591685	1.29877079	1.31149232	1.27202153	1.25129545	1.42997348	1.42906165	1.44124079
0.00000860	1.29184508	1.13642454	1.48405707	1.43339741	1.38073981	1.42133772	1.44482172	1.36342394
0.00000940	1.45332575	0.48703906	1.27266526	1.63274407	1.48861003	1.41683209	1.38000572	1.42205799
0.00001020	1.13036442	0.64938539	1.32874882	1.45238280	1.19376457	1.40087461	1.39953923	1.39346480
0.00001100	1.21110475	1.13642454	1.58759594	1.38593400	1.34478295	1.38078701	1.39687562	1.36450970
0.00001180	1.41295564	1.29877079	1.42797351	1.46187556	1.41669655	1.36313999	1.38777471	1.35111797
0.00001260	0.96888381	0.97407812	1.27697933	1.27202153	1.31601763	1.40613127	1.36801910	1.39925587
0.00001420	1.81665719	0.81173176	1.44523001	1.28151429	1.37354839	1.36971068	1.38622093	1.34532690
0.00001580	1.23128986	1.46111715	1.23168111	1.28151429	1.40950513	1.36154425	1.34449005	1.33555460
0.00001740	1.21110475	1.21759772	1.22089577	1.31948507	1.26208246	1.35121894	1.32528937	1.31836247
0.00001900	1.13036442	1.21759772	1.31364942	1.23879719	1.40231383	1.33169448	1.34548891	1.32161999
0.00002060	1.02943909	1.05525136	1.32443464	1.13912380	1.29803920	1.33216381	1.31185997	1.33736432
0.00002220	1.21110475	1.37994397	1.20148230	1.27202153	1.12544668	1.31104374	1.29776466	1.31600988
0.00002380	1.31203020	1.21759772	1.30286407	1.26252890	1.32680464	1.28982973	1.29876363	1.28180671
0.00002540	1.17073464	1.13642454	1.33953404	1.16285551	1.38433540	1.29912257	1.25192726	1.27854919
0.00002860	1.12718570	1.29722703	1.26681507	1.34051585	1.15555000	1.26931691	1.25684273	1.24660492
0.00003180	1.36872542	1.17561197	1.13323927	1.21735883	1.18434882	1.24344587	1.21891987	1.23402119
0.00003500	1.28821218	0.77022851	1.20218158	1.23867452	1.23834646	1.21827662	1.20992494	1.21021163
0.00003820	1.19763470	1.09453523	1.18602324	1.20078003	1.12675130	1.20340574	1.19015837	1.17481422
0.00004140	1.28821218	0.89184356	1.21618557	1.21262205	1.19154847	1.18951106	1.18516123	1.17155516
0.00004460	1.11712146	1.17561197	1.12785316	1.12262273	1.17534924	1.17524219	1.16217422	1.17119300
0.00004780	1.16744232	0.89184356	1.15478373	1.14156997	1.09615254	1.17173350	1.14789820	1.15661764
0.00005100	1.13724983	1.13507366	1.09771752	1.27893734	1.13575089	1.13809633	1.12779868	1.15507853
0.00005740	1.02776158	1.13473630	1.09936583	1.17235923	1.10847688	1.12177634	1.11118245	1.11126649
0.00006380	1.17386484	0.95236796	1.10582638	1.13805830	1.09943783	1.10407627	1.09616470	1.10026348
0.00007020	1.11844635	1.01315737	1.08644485	1.09187281	1.07152414	1.08845747	1.07714939	1.08554733
0.00007660	1.07310390	0.95236796	1.09185505	1.06108248	1.11024308	1.07528973	1.06967628	1.06806922
0.00008300	0.94211471	1.07394683	1.05039895	1.08476734	1.09763694	1.06831169	1.05671263	1.06331480
0.00008940	1.18394101	1.33736777	1.07139623	1.05279279	1.02019906	1.05319118	1.04833519	1.04474986
0.00009580	0.93707669	0.89157850	1.04986060	1.03502905	1.02743471	1.05078113	1.04950106	1.05615306
0.00010220	1.00249696	1.05368364	1.03370893	1.05989814	1.08236337	1.04514217	1.03967416	1.03414702
0.00011500	1.00783336	1.11381090	1.04342628	1.01836276	1.02241814	1.03035760	1.02851689	1.03001022
0.00012780	1.01035297	0.97205317	1.06120741	0.99643058	1.03007162	1.01886308	1.02147293	1.01808584
0.00014060	0.91964793	1.20494092	1.02214289	1.03314459	1.02872097	1.02341127	1.01893902	1.01971602
0.00015340	1.02035570	1.00242984	1.00759470	1.02836573	1.01116288	1.00950563	1.01621902	1.02030468
0.00016620	0.95485133	0.98217875	1.04019332	1.02069712	0.99270451	1.01023138	1.01289403	1.01480293
0.00017900	0.97752595	0.93155098	0.99601007	1.04974127	1.04672921	1.00788522	1.01093173	0.99956572
0.00019180	1.03799140	0.96192759	0.99223828	1.04677761	1.02601969	1.00034714	1.01594150	1.01504481
0.00020460	0.96744835	0.91129982	1.00409234	0.96735054	1.01161313	1.00328004	1.01173663	1.00587547
0.00023020	0.96924931	1.05670702	1.00183582	1.01483810	1.02042544	1.00339186	1.00516105	0.99891460
0.00025580	1.03470516	1.07187510	0.98878300	1.01454163	0.97927004	1.00164723	1.00549936	0.99792302
0.00028140	1.04981029	1.01625884	0.98867238	1.02817953	0.99682528	1.00233889	1.00583375	0.99639797
0.00030700	0.95540291	0.86457843	1.00508964	1.02402878	1.02023232	0.99770898	1.00006938	0.99614900
0.00033260	0.95036787	1.02637088	0.97037113	0.98667282	1.01393044	0.99729252	0.99959093	0.99715620
0.00035820	0.96673179	1.06681907	1.00455141	1.01661694	1.01370537	1.00496149	0.99684066	0.99989486
0.00038380	0.98938954	1.07187510	1.00293660	1.01039088	1.00856042	1.00254881	0.99933028	0.99924707
0.00040940	1.02085865	0.88985854	0.99741930	0.99200940	1.00830376	1.00390780	0.99906677	1.00022459
0.00046060	0.94722641	0.96383756	1.00145948	0.99716669	0.99522394	1.00127161	1.00227702	0.99991769
0.00051180	0.97560537	0.98402262	1.01175749	0.98782939	1.00639987	0.99814910	1.00206828	0.99528229
0.00056300	1.06074226	0.94869876	1.02252650	1.00294697	1.02125943	0.99735266	1.00620902	1.00065482
0.00061420	0.99515533	0.90075916	1.00130057	1.00176132	1.01067758	0.99721801	1.00254846	1.00371158
0.00066540	1.02542627	1.00925398	0.99517584	1.01272893	1.00617468	0.99555069	0.99773055	1.00051761
0.00071660	0.97497475	1.09756374	0.98635882	0.99894524	0.99679989	0.99916267	1.00234091	1.00408220
0.00076780	1.01596653	0.96131444	1.00634849	1.00872719	1.00828195	1.00349295	1.00172687	1.00499320
0.00081900	1.00209236	0.89584577	0.99661338	1.00706065	0.99882615	1.00413501	0.99655855	1.00389552
0.00092140	1.04103792	0.94673723	1.00058854	1.00713825	1.00351095	1.00504947	0.99988568	1.00346732
0.00102380	1.01147699	1.03131247	0.99622858	1.00832558	0.99762535	1.00051892	1.00151932	1.00659597
0.00112620	0.96985769	0.96048021	0.99906480	1.00591111	1.00685692	1.00145972	1.00202525	1.00083077
0.00122860	1.01273823	1.01096535	0.99858421	1.01522565	1.00888336	1.00198841	0.99838704	0.99451947
0.00133100	1.03031850	0.96314734	1.00466955	0.99596888	0.98858804	0.99612862	0.99637359	1.00037384
0.00143340	0.99626887	1.00227916	0.99596387	1.00442874	0.98802513	1.00146902	1.00027919	0.99857128
0.00153580	0.99469250	1.01601398	0.99678606	1.00609934	1.00955880	0.99861854	0.99751687	1.00365818
0.00163820	0.97609127	1.04267323	1.00279450	1.01600432	1.00113380	0.99893701	1.00089216	0.99796790
0.00184300	1.00012636	1.00254023	1.00367332	0.98314190	0.99303031	0.99588090	1.00239348	0.99463385
0.00204780	1.00603390	0.97600800	1.00363016	0.99708050	0.99632907	0.99769616	0.99967301	1.00190878
0.00225260	1.02716053	0.99005282	1.00241935	0.99771297	1.00365949	1.00095499	1.00137937	0.99608839
0.00245740	0.97590780	0.99889821	0.99543124	1.00138116	0.99914593	0.99960726	1.00053537	1.00154698
0.00266220	1.00799239	0.99005282	0.99034196	1.00445569	1.00131488	1.00014818	1.00375056	0.99989325
0.00286700	0.97992259	0.95214397	1.00582182	1.00482547	0.99821633	0.99612635	0.99868482	1.00085998
0.00307180	1.01146173	1.04817975	1.00216115	1.02113533	1.00099540	0.99796218	1.00316560	1.00016034
0.00327660	1.01044059	0.98436648	0.99803460	1.00623405	0.99643248	1.00023711	1.00242233	0.99851978
0.00368620	0.99581814	0.99266452	0.99494159	1.00437379	1.00649202	1.00221002	0.99989378	1.00024462
0.00409580	0.99629700	1.00276148	1.00373781	1.00481808	1.00494111	1.00112379	0.99909520	1.00113463
0.00450540	1.00285161	1.00339258	1.00884700	0.99639708	0.99599051	1.00061440	1.00017083	0.99866503
0.00491500	1.01825774	1.01649415	1.00106537	1.00113499	0.99090075	1.00094163	0.99958616	0.99825966
0.00532460	1.00420749	0.99504113	1.00250351	1.00522268	0.99685174	0.99927723	0.99926221	0.99941170
0.00573420	0.98881710	1.01475179	1.00222456	1.01527691	1.00417066	1.00128484	0.99866462	1.00084054
0.00614380	0.99630708	1.01805806	1.00189519	1.00055790	0.99926060	0.99998039	0.99992150	1.00372958
0.00655340	0.99157488	1.00007010	1.00120556	0.99322486	1.00239897	1.00020146	1.00117588	1.00153422
0.00737260	0.99818206	0.98820245	1.00981379	0.99271053	1.00335824	1.00134003	1.00149417	1.00126374
0.00819180	0.99654895	0.99420112	1.00084543	1.00242364	1.00416946	1.00100839	1.00165880	1.00045502
0.00901100	1.00463724	1.00289249	1.00204527	0.99974662	1.00313306	1.00052464	1.00038183	0.99828207
0.00983020	0.99638605	1.00604928	1.00147641	0.99936336	1.00580692	1.00273871	1.00150299	0.99997711
0.01064940	1.00637007	0.98696244	0.99496871	1.00201643	1.00197673	1.00033259	0.99878925	1.00004363
0.01146860	1.00037813	0.99595779	1.00290513	0.99992573	1.00059927	1.00082684	1.00127530	1.00047565
0.01228780	1.00044775	0.99830550	1.00300944	1.00179946	1.00159895	0.99875361	1.00122595	1.00158918
0.01310700	1.00289118	0.99797994	0.99946123	0.99886948	0.99993038	0.99970287	0.99917352	1.00206196
0.01474540	1.00348234	1.00313652	1.00122225	1.00253761	1.00451636	0.99969620	0.99933416	0.99909979
0.01638380	1.00118506	1.01253903	0.99984556	1.00101054	0.99739832	0.99906522	0.99970609	0.99951148
0.01802220	0.99994236	0.99949223	0.99758679	1.00278366	1.00249910	0.99913436	1.00099385	1.00071442
0.01966060	1.00084507	0.97927493	1.00070798	0.99969411	1.00337017	1.00018001	1.00099087	1.00079048
0.02129900	1.00053048	0.99974877	1.00085402	1.00435793	0.99824154	1.00098717	0.99988890	0.99919760
0.02293740	1.00399923	1.01563513	1.00001800	0.99324334	1.00549972	0.99870342	0.99995023	0.99996561
0.02457580	1.00857794	0.98938847	0.99941146	1.00349474	1.00285828	1.00090754	1.00176167	0.99953991
0.02621420	1.00027871	1.00029218	1.00242102	1.00045455	0.99794251	1.00169444	1.00030744	1.00012171
0.02949100	1.00155270	0.99685478	1.00115561	1.00276804	1.00225842	0.99976063	1.00048351	0.99917907
0.03276780	0.99907440	0.99794215	1.00018132	0.99890488	1.00070822	1.00120568	1.00037074	1.00088823
0.03604460	1.00271881	0.99366355	0.99933577	1.00004447	1.00060940	1.00014710	1.00040734	1.00042701
0.03932140	0.99654484	0.99960190	1.00002325	1.00327718	1.00144446	0.99962485	0.99950147	1.00007379
0.04259820	0.99692929	0.99819875	1.00037086	1.00038731	1.00191212	1.00016570	1.00113440	1.00007772
0.04587500	0.99960411	1.00844538	1.00031114	1.00186288	1.00224078	1.00107610	1.00033498	1.00057888
0.04915180	0.99655950	0.99611223	1.00022554	0.99967998	1.00092196	0.99959099	1.00015235	1.00072479
0.05242860	0.99439156	0.99914747	0.99998206	0.99929309	1.00276279	1.00070822	0.99985963	0.99996197
0.05898220	1.00176644	1.00137436	1.00253141	1.00081813	1.00193787	0.99980265	1.00018394	1.00030732
0.06553581	1.00069809	1.00182998	0.99931163	1.00194323	1.00073647	0.99996334	1.00038004	1.00026894
0.07208940	0.99893391	0.99764574	1.00022507	0.99935585	1.00074255	0.99991190	1.00018191	1.00060129
0.07864300	1.00420094	0.99729854	0.99947774	0.99940914	1.00027013	0.99998581	1.00090945	0.99944729
0.08519660	1.00304723	1.00041425	1.00113535	0.99935108	1.00146484	1.00045812	0.99988770	1.00008285
0.09175020	0.99569255	1.00145352	0.99921417	1.00061893	1.00089383	1.00041676	1.00025904	1.00040293
0.09830380	1.00145137	1.00283933	1.00110078	0.99928385	1.00142419	1.00127888	0.99970835	0.99994481
0.10485740	1.00220728	0.99813873	1.00036967	1.00382113	1.00054371	1.00053644	0.99983072	0.99980909
0.11796460	0.99969864	1.00456381	0.99990034	1.00136423	1.00094259	1.00010896	0.99995291	1.00005341
0.13107181	1.00169528	0.99643576	1.00062013	1.00183511	1.00028479	1.00004065	0.99993509	1.00022912
0.14417900	1.00089014	0.99777138	1.00163293	1.00081420	1.00094020	1.00018013	0.99997479	1.00015593
0.15728620	0.99902374	0.99623865	1.00020611	1.00082755	0.99947399	1.00035918	0.99989092	1.00014341
0.17039341	1.00008917	0.99958104	0.99898767	1.00165808	1.00042975	0.99978828	1.00011945	1.00067782
0.18350060	1.00173140	1.00164676	1.00117350	1.00038660	0.99927795	1.00003350	1.00023532	1.00089073
0.19660780	0.99815708	1.00287116	1.00143027	1.00163651	1.00030339	1.00062871	0.99991423	1.00065684
0.20971501	1.00151348	0.99595308	1.00202489	1.00129497	0.99904031	1.00019825	1.00024354	1.00022447
0.23592941	1.00129664	1.00205410	1.00021636	1.00132883	1.00004423	1.00018024	1.00004864	1.00055540
0.26214382	1.00051033	1.00064230	1.00091791	1.00164831	1.00096738	1.00008798	0.99993002	0.99998534
0.28835821	0.99789703	0.99889922	1.00028574	1.00047171	1.00022781	1.00021422	1.00004578	1.00028253
0.31457260	1.00061715	0.99674863	1.00079715	1.00113773	0.99960029	1.00019002	0.99957216	0.99993753
0.34078699	1.00141394	1.00274909	1.00042284	1.00086486	1.00068247	1.00003445	0.99964470	1.00017631
0.36700141	0.99939436	0.99733806	1.00105107	1.00013590	1.00051236	1.00016177	0.99992245	1.00035250
0.39321581	1.00021935	1.00045407	1.00067079	1.00101018	1.00069427	1.00028455	1.00019050	1.00010014
0.41943020	0.99930006	0.99836612	1.00065255	1.00061023	1.00174451	1.00021529	0.99976641	1.00023389
0.47185901	1.00016809	0.99778467	0.99977994	0.99986440	1.00051141	1.00022650	1.00018692	1.00007331
0.52428782	1.00012088	0.99952698	1.00024915	1.00013101	1.00073075	0.99998379	1.00025344	0.99996412
0.57671660	1.00256336	0.99865466	1.00071073	1.00061059	1.00064969	1.00006366	1.00011075	1.00004911
0.62914538	0.99923581	0.99768305	1.00121176	1.00031376	1.00101817	1.00019991	1.00028408	1.00031960
0.68157423	1.00032020	0.99694222	1.00052238	1.00138831	1.00170970	1.00018537	1.00015628	1.00014412
0.73400301	1.00109625	1.00353789	1.00000942	1.00054789	1.00103402	1.00024354	0.99988413	0.99969834
0.78643179	0.99863791	1.00043786	0.99989706	1.00125325	1.00100613	1.00025880	0.99988765	0.99983054
0.83886063	1.00288332	1.00273299	1.00044048	1.00028372	1.00080252	1.00008225	1.00008690	1.00010276
0.94371825	0.99981028	1.00047266	1.00049400	1.00098574	0.99975133	1.00005496	1.00022268	0.99994874
1.04857588	0.99961203	1.00080001	1.00018072	1.00086474	1.00042653	1.00016642	1.00022173	0.99987376
1.15343344	1.00037563	0.99925041	0.99980086	1.00045502	1.00076079	1.00025761	1.00013387	0.99997509
1.25829101	0.99897140	0.99908358	1.00022125	1.00038004	1.00085223	1.00004828	1.00004673	1.00007033
1.36314869	0.99885625	0.99804616	0.99989939	1.00092697	1.00058424	0.99999887	0.99995738	0.99982274
1.46800625	1.00029838	0.99838012	0.99974543	0.99992329	0.99956334	1.00010538	1.00011599	0.99998701
1.57286382	0.99900442	1.00002694	0.99983472	1.00044954	0.99929994	1.00013769	1.00007844	0.99976987
1.67772150	0.99912655	1.00083506	0.99941450	0.99994719	0.99991643	1.00009894	1.00014377	0.99986082
1.88743675	0.99880677	1.00063825	0.99955016	0.99977469	1.00006926	1.00014925	0.99991834	0.99997056
2.09715199	0.99944878	0.99983090	0.99973893	1.00000870	0.99921399	0.99994999	1.00007212	1.00009358
2.30686712	0.99918562	0.99961567	0.99955976	1.00015116	0.99942213	1.00011563	0.99986082	1.00004053
2.51658225	0.99858463	1.00008249	0.99957466	0.99995619	1.00007594	1.00009048	0.99995166	0.99986762
2.72629738	1.00094163	1.00032282	0.99961233	0.99957812	0.99923563	1.00000548	1.00015950	0.99995649
2.93601274	0.99945432	0.99905580	0.99961799	0.99916226	0.99969566	0.99995387	0.99981189	1.00018084
3.14572787	1.00070608	1.00146782	0.99998903	0.99988765	0.99974185	0.99996775	1.00011849	1.00014758
3.35544300	1.00085568	1.00027251	1.00046265	1.00038409	0.99972051	1.00010598	0.99979591	1.00016487
3.77487350	1.00044370	1.00004458	0.99995887	0.99969560	1.00019813	1.00001335	1.00004160	1.00008297
4.19430399	1.00094664	1.00040889	1.00012302	1.00017607	0.99984044	1.00001907	1.00005078	1.00004399
4.61373425	0.99972069	0.99942684	0.99990350	1.00038135	1.00050962	1.00008643	1.00007260	0.99989283
5.03316450	1.00000000	1.00000000	1.00000000	1.00000000	1.00000000	1.00000000	1.00000000	1.00000000
5.45259476	0.00000000	0.00000000	0.00000000	0.00000000	0.00000000	0.00000000	0.00000000	0.00000000
5.87202549	0.00000000	0.00000000	0.00000000	0.00000000	0.00000000	0.00000000	0.00000000	0.00000000
6.29145575	0.00000000	0.00000000	0.00000000	0.00000000	0.00000000	0.00000000	0.00000000	0.00000000
6.71088600	0.00000000	0.00000000	0.00000000	0.00000000	0.00000000	0.00000000	0.00000000	0.00000000
7.54974699	0.00000000	0.00000000	0.00000000	0.00000000	0.00000000	0.00000000	0.00000000	0.00000000
8.38860798	0.00000000	0.00000000	0.00000000	0.00000000	0.00000000	0.00000000	0.00000000	0.00000000
9.22746849	0.00000000	0.00000000	0.00000000	0.00000000	0.00000000	0.00000000	0.00000000	0.00000000
10.06632900	0.00000000	0.00000000	0.00000000	0.00000000	0.00000000	0.00000000	0.00000000	0.00000000
10.90518951	0.00000000	0.00000000	0.00000000	0.00000000	0.00000000	0.00000000	0.00000000	0.00000000
11.74405098	0.00000000	0.00000000	0.00000000	0.00000000	0.00000000	0.00000000	0.00000000	0.00000000
12.58291149	0.00000000	0.00000000	0.00000000	0.00000000	0.00000000	0.00000000	0.00000000	0.00000000
13.42177200	0.00000000	0.00000000	0.00000000	0.00000000	0.00000000	0.00000000	0.00000000	0.00000000
15.09949398	0.00000000	0.00000000	0.00000000	0.00000000	0.00000000	0.00000000	0.00000000	0.00000000
16.77721596	0.00000000	0.00000000	0.00000000	0.00000000	0.00000000	0.00000000	0.00000000	0.00000000
18.45493698	0.00000000	0.00000000	0.00000000	0.00000000	0.00000000	0.00000000	0.00000000	0.00000000
20.13265800	0.00000000	0.00000000	0.00000000	0.00000000	0.00000000	0.00000000	0.00000000	0.00000000
21.81037903	0.00000000	0.00000000	0.00000000	0.00000000	0.00000000	0.00000000	0.00000000	0.00000000
23.48810196	0.00000000	0.00000000	0.00000000	0.00000000	0.00000000	0.00000000	0.00000000	0.00000000
25.16582298	0.00000000	0.00000000	0.00000000	0.00000000	0.00000000	0.00000000	0.00000000	0.00000000
26.84354401	0.00000000	0.00000000	0.00000000	0.00000000	0.00000000	0.00000000	0.00000000	0.00000000
30.19898796	0.00000000	0.00000000	0.00000000	0.00000000	0.00000000	0.00000000	0.00000000	0.00000000
33.55443192	0.00000000	0.00000000	0.00000000	0.00000000	0.00000000	0.00000000	0.00000000	0.00000000
36.90987396	0.00000000	0.00000000	0.00000000	0.00000000	0.00000000	0.00000000	0.00000000	0.00000000
40.26531601	0.00000000	0.00000000	0.00000000	0.00000000	0.00000000	0.00000000	0.00000000	0.00000000
43.62075806	0.00000000	0.00000000	0.00000000	0.00000000	0.00000000	0.00000000	0.00000000	0.00000000
46.97620392	0.00000000	0.00000000	0.00000000	0.00000000	0.00000000	0.00000000	0.00000000	0.00000000
50.33164597	0.00000000	0.00000000	0.00000000	0.00000000	0.00000000	0.00000000	0.00000000	0.00000000
53.68708801	0.00000000	0.00000000	0.00000000	0.00000000	0.00000000	0.00000000	0.00000000	0.00000000
60.39797592	0.00000000	0.00000000	0.00000000	0.00000000	0.00000000	0.00000000	0.00000000	0.00000000
67.10886383	0.00000000	0.00000000	0.00000000	0.00000000	0.00000000	0.00000000	0.00000000	0.00000000
73.81974792	0.00000000	0.00000000	0.00000000	0.00000000	0.00000000	0.00000000	0.00000000	0.00000000
80.53063202	0.00000000	0.00000000	0.00000000	0.00000000	0.00000000	0.00000000	0.00000000	0.00000000
87.24151611	0.00000000	0.00000000	0.00000000	0.00000000	0.00000000	0.00000000	0.00000000	0.00000000
93.95240784	0.00000000	0.00000000	0.00000000	0.00000000	0.00000000	0.00000000	0.00000000	0.00000000
100.66329193	0.00000000	0.00000000	0.00000000	0.00000000	0.00000000	0.00000000	0.00000000	0.00000000
107.37417603	0.00000000	0.00000000	0.00000000	0.00000000	0.00000000	0.00000000	0.00000000	0.00000000
120.79595184	0.00000000	0.00000000	0.00000000	0.00000000	0.00000000	0.00000000	0.00000000	0.00000000
134.21772766	0.00000000	0.00000000	0.00000000	0.00000000	0.00000000	0.00000000	0.00000000	0.00000000
147.63949585	0.00000000	0.00000000	0.00000000	0.00000000	0.00000000	0.00000000	0.00000000	0.00000000
161.06126404	0.00000000	0.00000000	0.00000000	0.00000000	0.00000000	0.00000000	0.00000000	0.00000000
174.48303223	0.00000000	0.00000000	0.00000000	0.00000000	0.00000000	0.00000000	0.00000000	0.00000000
187.90481567	0.00000000	0.00000000	0.00000000	0.00000000	0.00000000	0.00000000	0.00000000	0.00000000
201.32658386	0.00000000	0.00000000	0.00000000	0.00000000	0.00000000	0.00000000	0.00000000	0.00000000
214.74835205	0.00000000	0.00000000	0.00000000	0.00000000	0.00000000	0.00000000	0.00000000	0.00000000
241.59190369	0.00000000	0.00000000	0.00000000	0.00000000	0.00000000	0.00000000	0.00000000	0.00000000
268.43545532	0.00000000	0.00000000	0.00000000	0.00000000	0.00000000	0.00000000	0.00000000	0.00000000
295.27899170	0.00000000	0.00000000	0.00000000	0.00000000	0.00000000	0.00000000	0.00000000	0.00000000
322.12252808	0.00000000	0.00000000	0.00000000	0.00000000	0.00000000	0.00000000	0.00000000	0.00000000
348.96606445	0.00000000	0.00000000	0.00000000	0.00000000	0.00000000	0.00000000	0.00000000	0.00000000
375.80963135	0.00000000	0.00000000	0.00000000	0.00000000	0.00000000	0.00000000	0.00000000	0.00000000
402.65316772	0.00000000	0.00000000	0.00000000	0.00000000	0.00000000	0.00000000	0.00000000	0.00000000
429.49670410	0.00000000	0.00000000	0.00000000	0.00000000	0.00000000	0.00000000	0.00000000	0.00000000
483.18380737	0.00000000	0.00000000	0.00000000	0.00000000	0.00000000	0.00000000	0.00000000	0.00000000
536.87091064	0.00000000	0.00000000	0.00000000	0.00000000	0.00000000	0.00000000	0.00000000	0.00000000
590.55798340	0.00000000	0.00000000	0.00000000	0.00000000	0.00000000	0.00000000	0.00000000	0.00000000
644.24505615	0.00000000	0.00000000	0.00000000	0.00000000	0.00000000	0.00000000	0.00000000	0.00000000
697.93212891	0.00000000	0.00000000	0.00000000	0.00000000	0.00000000	0.00000000	0.00000000	0.00000000
751.61926270	0.00000000	0.00000000	0.00000000	0.00000000	0.00000000	0.00000000	0.00000000	0.00000000
805.30633545	0.00000000	0.00000000	0.00000000	0.00000000	0.00000000	0.00000000	0.00000000	0.00000000
858.99340820	0.00000000	0.00000000	0.00000000	0.00000000	0.00000000	0.00000000	0.00000000	0.00000000
966.36761475	0.00000000	0.00000000	0.00000000	0.00000000	0.00000000	0.00000000	0.00000000	0.00000000
1073.74182129	0.00000000	0.00000000	0.00000000	0.00000000	0.00000000	0.00000000	0.00000000	0.00000000
1181.11596680	0.00000000	0.00000000	0.00000000	0.00000000	0.00000000	0.00000000	0.00000000	0.00000000
1288.49011230	0.00000000	0.00000000	0.00000000	0.00000000	0.00000000	0.00000000	0.00000000	0.00000000
1395.86425781	0.00000000	0.00000000	0.00000000	0.00000000	0.00000000	0.00000000	0.00000000	0.00000000
1503.23852539	0.00000000	0.00000000	0.00000000	0.00000000	0.00000000	0.00000000	0.00000000	0.00000000
1610.61267090	0.00000000	0.00000000	0.00000000	0.00000000	0.00000000	0.00000000	0.00000000	0.00000000
1717.98681641	0.00000000	0.00000000	0.00000000	0.00000000	0.00000000	0.00000000	0.00000000	0.00000000
1932.73522949	0.00000000	0.00000000	0.00000000	0.00000000	0.00000000	0.00000000	0.00000000	0.00000000
2147.48364258	0.00000000	0.00000000	0.00000000	0.00000000	0.00000000	0.00000000	0.00000000	0.00000000
2362.23193359	0.00000000	0.00000000	0.00000000	0.00000000	0.00000000	0.00000000	0.00000000	0.00000000
2576.98022461	0.00000000	0.00000000	0.00000000	0.00000000	0.00000000	0.00000000	0.00000000	0.00000000
2791.72851562	0.00000000	0.00000000	0.00000000	0.00000000	0.00000000	0.00000000	0.00000000	0.00000000
3006.47705078	0.00000000	0.00000000	0.00000000	0.00000000	0.00000000	0.00000000	0.00000000	0.00000000
3221.22534180	0.00000000	0.00000000	0.00000000	0.00000000	0.00000000	0.00000000	0.00000000	0.00000000
3435.97363281	0.00000000	0.00000000	0.00000000	0.00000000	0.00000000	0.00000000	0.00000000	0.00000000
0	0	0	0	0	0	0	0	0
