%4/27/2015 1:27:53 PM
%Duration	ID1		ID2		ID3		ID4		ID5		ID6		ID7		ID8
3000.000000	6.437302	2.021790	12.331009	14.600754	10.356903	92.401505	89.111328	65.526962
%Tau		Tau1		Tau2		Tau3		Tau4		Tau5		Tau6		Tau7		Tau8
%		0.000008	0.000001	0.000003	0.000009	0.000009	0.000029	0.000025	0.000024
%Delaytime	D1		D2		D3		D4		D5		D6		D7		D8
0.00000000	4.79517794	31.16230583	7.54555893	6.18563175	6.32848310	1.53186572	1.86468887	2.27545142
0.00000020	2.22633266	5.79763842	2.15941978	2.28783631	1.72861338	1.54038048	1.53709066	1.63638508
0.00000040	1.45567894	1.44940960	1.78710604	1.83026910	1.67001641	1.50322556	1.46589267	1.50653815
0.00000060	1.45567894	2.89881921	1.46443415	1.50827730	1.31843400	1.48464811	1.46065104	1.45804107
0.00000080	1.79819167	2.89881921	1.96085250	1.54217112	1.58212078	1.45213759	1.49428451	1.48150730
0.00000100	1.79819167	0.72470480	1.29068768	1.52522421	1.40632951	1.44517100	1.44929433	1.49324048
0.00000120	1.62693536	1.44940960	1.26586676	1.60995889	1.37703109	1.46103919	1.51656115	1.43926799
0.00000140	1.54130721	0.72470480	1.61335957	1.57606506	1.37703109	1.51135314	1.50651479	1.48150730
0.00000160	1.79819167	2.17411447	1.56371772	1.59301198	1.52352369	1.47419822	1.43444324	1.46038771
0.00000180	1.54130721	0.72470480	1.34032953	1.76248133	1.17194128	1.43665636	1.45147836	1.41501939
0.00000200	1.62693536	0.72470480	1.36515045	1.55911815	1.20123982	1.49200165	1.46065104	1.53313327
0.00000220	1.28442264	1.44940960	1.63818049	1.57606506	1.61141932	1.46258736	1.43575358	1.43613911
0.00000240	1.45567894	4.34822893	1.36515045	1.50827730	1.05474722	1.47303712	1.50127327	1.47681403
0.00000260	1.02753806	2.89881921	1.38997138	1.44048953	1.61141932	1.44942832	1.43706405	1.44943666
0.00000280	1.19879448	0.72470480	1.51407599	1.49133039	1.55282223	1.48580921	1.44754708	1.45256555
0.00000300	1.45567894	1.44940960	1.58853865	1.47438347	1.69931495	1.50051630	1.46807659	1.43770349
0.00000340	1.45567894	0.00000000	1.31550860	1.56759155	1.23053837	1.44459045	1.47746778	1.45921433
0.00000380	1.49849308	1.08705723	1.40238178	1.42354262	1.18659055	1.42059457	1.43750083	1.46508098
0.00000420	2.01226211	0.72470480	1.20381451	1.40659571	1.65536714	1.43181849	1.44645512	1.41697490
0.00000460	1.11316633	1.81176198	1.21622491	1.44048953	1.40632951	1.44439697	1.43946636	1.40837061
0.00000500	1.54130721	1.44940960	1.37756085	1.30491412	1.71396410	1.43568873	1.43924797	1.46116984
0.00000540	1.41286492	1.44940960	1.43961322	1.33880794	1.50887442	1.44265532	1.41740811	1.46038771
0.00000580	1.32723677	1.81176198	1.34032953	1.55064464	1.28913546	1.39505053	1.47026062	1.42597044
0.00000620	1.66974938	1.08705723	1.35273993	1.36422837	1.25983691	1.41885293	1.43706405	1.41541052
0.00000700	1.32723677	0.90588099	1.32791913	1.47862017	1.52352369	1.40443611	1.40070057	1.38099325
0.00000780	1.45567894	1.08705723	1.34032953	1.45743644	1.43562806	1.41595018	1.39840746	1.40230846
0.00000860	1.13457334	0.90588099	1.42720270	1.35575485	1.23053837	1.39147055	1.41271257	1.37962437
0.00000940	1.17738736	1.63058579	1.46443415	1.39812219	1.47225130	1.37995636	1.38464832	1.38255763
0.00001020	1.60552824	1.44940960	1.35273993	1.40235889	1.32575858	1.36853898	1.36826837	1.34442484
0.00001100	1.56271422	2.35529065	1.27207196	1.34728146	1.53817296	1.37753749	1.36302686	1.34168720
0.00001180	1.60552824	1.26823342	1.27827728	1.40659571	1.35505712	1.34676850	1.34129608	1.34149158
0.00001260	1.32723677	1.44940960	1.22863543	1.42777932	1.40632951	1.35857296	1.32589900	1.34657598
0.00001420	1.53060365	1.90235007	1.43030536	1.40871406	1.30744708	1.31058121	1.31574345	1.30883431
0.00001580	1.14527690	1.26823342	1.26586676	1.34516299	1.19025290	1.29611599	1.28953564	1.29172349
0.00001740	1.44497550	1.08705723	1.29689288	1.29008555	1.17194128	1.28939128	1.26813257	1.27158153
0.00001900	1.39145780	0.72470480	1.23484063	1.29855895	1.24518764	1.25852561	1.26070702	1.24449742
0.00002060	1.20949793	0.72470480	1.24725103	1.22653449	1.17194128	1.26346028	1.26130760	1.23550200
0.00002220	1.24160850	0.90588099	1.31240594	1.19264066	1.20856452	1.23278809	1.22330618	1.22503996
0.00002380	1.20949793	1.17764533	1.17899358	1.27525687	1.21955144	1.22664404	1.21435189	1.20998240
0.00002540	1.27371907	1.17764533	1.21001971	1.19264066	1.09503269	1.21150148	1.18585074	1.19042718
0.00002860	1.25103402	1.36053097	1.14162946	1.21231544	1.16612828	1.18367386	1.16830993	1.17789936
0.00003180	1.19779861	0.72561651	1.23779929	1.05798197	1.13875437	1.16184103	1.14437604	1.14778328
0.00003500	1.28290629	0.99772269	1.15558958	1.10694289	1.03838336	1.13278723	1.13908613	1.12759185
0.00003820	1.12320840	0.90702063	1.08889115	1.01327848	1.14240420	1.12551355	1.11719894	1.11845529
0.00004140	1.17644095	1.04307377	1.06097078	1.14951766	1.09313118	1.10225511	1.10298049	1.10119712
0.00004460	1.03803623	0.86166960	1.08268654	1.13461649	1.12050509	1.09433138	1.10319877	1.08124447
0.00004780	1.10191536	1.31517994	1.13542485	1.10800731	1.14970398	1.08022845	1.08971298	1.09762251
0.00005100	1.06997573	1.13377583	1.02529490	1.11120045	1.11138046	1.08027697	1.06253159	1.08059776
0.00005740	0.99268150	1.15790713	1.04625022	1.08687627	1.08028865	1.06107640	1.06174707	1.06243610
0.00006380	1.04324710	0.95357054	1.02917492	1.06508565	1.02554429	1.05831528	1.04003894	1.03701472
0.00007020	0.97139078	1.31683552	1.03460801	1.00662291	1.07937622	1.04047680	1.04247880	1.04104626
0.00007660	1.05389249	0.99897867	1.00977123	1.07680416	0.99908447	1.04396462	1.03008199	1.04458904
0.00008300	1.04058576	1.02168274	1.06487787	1.01833987	1.04287994	1.03408265	1.02695549	1.02748585
0.00008940	1.05921507	0.95357054	0.99812895	1.04013109	1.01824498	1.02853239	1.02024794	1.01432681
0.00009580	1.05921507	1.04438674	1.04699600	1.02524936	1.01003337	1.02259839	1.02107680	1.01144373
0.00010220	1.00066555	1.06709087	1.01362252	1.03534770	0.99908447	1.02316380	1.02333927	1.01250482
0.00011500	1.03359234	1.12597549	0.99476397	1.02589250	1.04386282	1.01311803	1.01437044	1.00252438
0.00012780	1.01765001	0.95537317	0.98819715	1.01898599	1.00734818	1.00901282	1.00469029	1.00536513
0.00014060	1.08673334	0.97812015	1.00914836	0.99454731	1.01008677	1.00491607	1.00278509	1.00482774
0.00015340	1.03492093	0.84163827	1.00216460	0.98817199	0.99319869	1.00252080	1.00194120	1.00096798
0.00016620	0.95786643	0.88713223	0.98193228	1.00331330	0.96672559	1.00602043	1.00164258	1.00601244
0.00017900	0.96185201	1.12597549	0.98464799	1.00860178	1.02332330	1.00132191	1.00328445	0.99849367
0.00019180	1.01100743	0.89850569	1.02266836	1.01125813	1.01419461	1.00135827	1.00037837	1.00191367
0.00020460	0.97912282	0.97812015	1.01296926	1.01763332	1.00278378	1.00047421	1.00190115	0.99741882
0.00023020	1.01843047	0.92723143	1.00804985	0.99990720	1.00485671	1.00187874	1.00054252	1.00205946
0.00025580	1.02772510	1.14908433	1.00591660	1.00203288	1.03685486	0.99952251	0.99649632	1.00046301
0.00028140	1.02711642	0.96136266	0.98380858	1.01465464	0.97497690	0.99703127	1.00466871	1.00100720
0.00030700	0.99989492	0.90447730	0.99705380	0.99324024	0.98365355	0.99594122	0.99740899	0.99716878
0.00033260	0.99723911	1.04100215	1.00251329	1.00081313	0.97383529	0.99943417	0.99726897	0.99066907
0.00035820	1.02047706	0.98411679	0.98098516	1.00347030	0.98844850	0.99949169	1.00131142	1.00914991
0.00038380	0.98860788	0.81346071	0.99882835	0.99789023	1.03205991	0.99687225	0.99974394	0.99868768
0.00040940	1.01190031	0.94998556	1.00794387	0.99111456	1.01676166	1.00428867	0.99871260	0.99959010
0.00046060	1.00105214	0.95954841	0.99995333	1.01475418	0.98443890	1.00262547	0.99728787	1.00260735
0.00051180	1.00615835	1.03619874	1.00571191	0.99335724	0.99404091	1.00165009	1.00270414	1.00076783
0.00056300	1.00388408	0.91682070	0.99621129	0.99183065	1.00333166	0.99943060	1.00100458	1.00315499
0.00061420	1.00294018	0.99913585	0.99705476	0.99216253	0.99970526	1.00164318	1.00155449	0.99872190
0.00066540	0.99129742	0.88843614	0.99802423	1.00397718	0.99712729	1.00330997	1.00190461	1.00164413
0.00071660	1.00560141	0.96223593	1.00267744	1.01227391	1.01050162	1.00237024	1.00167716	0.99964780
0.00076780	1.00831687	1.08428943	0.98525643	1.00537097	1.01107311	1.00200784	1.00209856	1.00485253
0.00081900	1.03592837	1.00197434	1.01023901	0.99959642	0.98509365	1.00492024	0.99928790	0.99978417
0.00092140	1.00456262	0.96593636	0.99435908	1.00273049	1.00314629	1.00258362	0.99567884	0.99966890
0.00102380	0.99056870	1.01550782	1.01059890	1.01492035	1.00540817	1.00028944	0.99833393	1.00292313
0.00112620	1.03021812	1.04525077	1.00710857	1.00293887	0.98427624	0.99803734	1.00125611	1.00183690
0.00122860	0.99656612	1.02258956	1.00543106	1.00467503	0.99906075	1.00195837	0.99854475	1.00371230
0.00133100	1.02022243	1.02117324	0.99257469	0.99562240	0.99771988	1.00135028	0.99562126	1.00152993
0.00143340	1.01200485	1.04100180	1.00448143	1.00536346	0.99479777	1.00074315	0.99840474	1.00186324
0.00153580	1.00850654	0.96593636	1.00120413	0.99324024	0.99717373	0.99944592	1.00068510	1.00481558
0.00163820	0.99001557	0.95743841	0.99863464	0.99164593	0.99082631	1.00187254	0.99900043	1.00373423
0.00184300	1.01251876	1.02104986	0.99385244	1.00012064	1.00185776	1.00134468	0.99909246	0.99873435
0.00204780	1.00621283	1.03588867	0.99723053	0.99189401	0.99255478	1.00361860	1.00125802	0.99949235
0.00225260	0.99382335	0.99757522	0.99021888	0.99826092	1.00480604	1.00096667	1.00024772	1.00066900
0.00245740	0.99531788	1.01947665	0.99837559	1.00488770	0.99310416	1.00074303	1.00210881	0.99988782
0.00266220	1.01540768	0.99097687	0.99620211	1.00223100	0.99696296	1.00071347	1.00138640	1.00191689
0.00286700	0.99679422	1.00424898	0.98741537	0.99868697	1.00248134	1.00177515	1.00009310	1.00076449
0.00307180	1.00718403	0.98602903	1.02175367	1.00535262	1.01012361	1.00252044	0.99938363	1.00212455
0.00327660	1.01915884	1.05317795	1.00436294	1.00222349	1.01561570	1.00111914	0.99953765	1.00140035
0.00368620	0.99921721	1.01813078	1.00410461	1.00122917	0.99581754	0.99904662	1.00126874	1.00175250
0.00409580	1.00287640	0.98529923	0.99607021	0.99979323	1.01089108	0.99869156	0.99976552	1.00073969
0.00450540	0.99077231	0.99608678	0.99805707	1.00353193	0.99912816	0.99991536	1.00036657	0.99846172
0.00491500	0.99522346	0.99749863	0.99447471	1.00683761	1.00123620	0.99915814	0.99999499	1.00023663
0.00532460	1.00513351	0.99432188	1.00403893	1.00464225	0.99962938	0.99840826	1.00091267	1.00134480
0.00573420	0.99753499	1.03189886	0.99426544	1.00473964	0.99778503	0.99978405	0.99949998	1.00017715
0.00614380	0.99832737	0.99518400	0.99846518	1.00299895	1.00768018	0.99962348	0.99862617	1.00222766
0.00655340	0.99954903	0.97612053	0.99122781	1.00082719	0.99940026	1.00140536	0.99962860	0.99882656
0.00737260	1.00600135	0.98454911	0.99657154	0.99689013	1.00190926	0.99996316	0.99938709	1.00042522
0.00819180	0.99830616	1.00440705	1.00041711	1.00312018	1.00460565	1.00010729	1.00042224	1.00005746
0.00901100	1.01327491	1.01235890	0.99623108	0.99998623	0.99580443	0.99929577	1.00062585	0.99994129
0.00983020	0.99463964	1.00104952	0.99908453	0.99590588	1.00772083	1.00037158	0.99917144	1.00039887
0.01064940	0.99658871	0.99981260	1.00056267	0.99765086	1.00306296	0.99945188	0.99957055	1.00063384
0.01146860	0.99621320	1.02418232	0.99722368	1.00126827	0.99815470	1.00017810	1.00053632	0.99996257
0.01228780	0.99759877	0.98640478	1.00249863	1.00166190	1.00214934	0.99968672	1.00003600	0.99942070
0.01310700	1.00126648	0.99133062	0.99916691	1.00334322	1.00462186	1.00061846	0.99959886	1.00052404
0.01474540	0.99291426	1.00892782	1.00076246	0.99875891	0.99953359	1.00026047	1.00008976	1.00067639
0.01638380	0.99820375	1.01182830	1.00170088	1.00125766	0.99692446	1.00017023	0.99939191	1.00121176
0.01802220	1.00107503	1.00469065	0.99798143	1.00148654	1.00269401	0.99948972	0.99996489	1.00026917
0.01966060	1.00296187	0.99921358	1.00330436	1.00029135	1.00179374	1.00042439	0.99943715	0.99997294
0.02129900	1.00256741	1.00942731	0.99486500	1.00063097	1.00333047	1.00084543	0.99949181	1.00155449
0.02293740	1.00264502	1.00227511	1.00065506	0.99893790	1.00173008	1.00038946	1.00101233	1.00117910
0.02457580	1.00383198	1.00458992	0.99926865	1.00028455	0.99827683	1.00053942	1.00054908	1.00099182
0.02621420	1.00413680	0.99881160	0.99602455	1.00060534	0.99994898	0.99996752	0.99991184	1.00113237
0.02949100	1.00256932	0.98983318	1.00052917	0.99974287	1.00262213	0.99951428	1.00012410	1.00031829
0.03276780	0.99805200	1.00483644	1.00303352	1.00099409	0.99934989	1.00035775	0.99954522	1.00140226
0.03604460	1.00014234	0.99482423	0.99966455	1.00148332	0.99983305	1.00052798	0.99963248	1.00039291
0.03932140	0.99719501	0.99752355	1.00001907	0.99812543	0.99799567	1.00004542	1.00070667	1.00103080
0.04259820	0.99937022	0.98717964	0.99877846	1.00074291	1.00046349	0.99964046	1.00054264	1.00026584
0.04587500	1.00654864	1.00310421	1.00079715	1.00173879	0.99831218	1.00101244	1.00067890	1.00084734
0.04915180	0.99834305	1.00208688	0.99885219	0.99873620	0.99891067	1.00000477	1.00014651	0.99975544
0.05242860	1.00267911	1.00673127	1.00263977	0.99662673	1.00062549	1.00037813	1.00011146	1.00018740
0.05898220	1.00040090	1.00384128	0.99889845	1.00072968	0.99837166	0.99993455	0.99982768	1.00048172
0.06553581	1.00322449	0.99836493	1.00033462	0.99745536	0.99867600	1.00002873	1.00032341	1.00080454
0.07208940	1.00298476	1.00469637	0.99914539	1.00259471	1.00096953	0.99948162	0.99990261	1.00086296
0.07864300	1.00062549	1.00326741	0.99959463	0.99937600	1.00017142	1.00028741	0.99996370	1.00119519
0.08519660	1.00183022	0.99539518	1.00148320	1.00054932	0.99919522	1.00014782	0.99986207	1.00018549
0.09175020	1.00003028	1.00457227	0.99880666	1.00038278	1.00157869	1.00014567	1.00018322	1.00055444
0.09830380	0.99979794	0.99469590	1.00153947	0.99895543	1.00033629	1.00002456	1.00012290	1.00092304
0.10485740	1.00162339	1.01046228	0.99939936	0.99999499	0.99952507	1.00051427	0.99985725	1.00091219
0.11796460	1.00145221	1.00354695	1.00058115	1.00021958	1.00099397	1.00003397	1.00000322	1.00058627
0.13107181	0.99910229	0.99815476	0.99925083	0.99924272	1.00031948	1.00016296	1.00011325	1.00030589
0.14417900	0.99951273	1.00236976	1.00016963	0.99998713	1.00026369	1.00008464	1.00015116	1.00082648
0.15728620	1.00175250	0.99352360	0.99975950	1.00013936	0.99888772	1.00005257	1.00006914	1.00054610
0.17039341	1.00144744	1.00057566	1.00132895	1.00084734	1.00066853	1.00007832	1.00031602	1.00050151
0.18350060	1.00083911	1.00055814	0.99905932	1.00048280	1.00033176	1.00009835	0.99966180	1.00062859
0.19660780	1.00056922	1.00622416	0.99956197	0.99984992	1.00025225	0.99995714	1.00011110	1.00085950
0.20971501	0.99777114	1.00053144	0.99998927	0.99960977	1.00115144	1.00034785	1.00049663	1.00049007
0.23592941	1.00284553	1.00062633	1.00045228	1.00020993	1.00006950	1.00003135	0.99991459	1.00040400
0.26214382	1.00108552	1.00131392	1.00015378	0.99976939	0.99890620	1.00010562	1.00010300	1.00039613
0.28835821	1.00324285	1.00075340	0.99987221	0.99981880	1.00022972	0.99995679	0.99998224	1.00046277
0.31457260	1.00119495	1.00130367	0.99990106	1.00007117	1.00005555	1.00025928	1.00014818	1.00041461
0.34078699	0.99965513	0.99783713	1.00044501	0.99901861	0.99942994	1.00001693	1.00006223	1.00045443
0.36700141	1.00156605	0.99590737	1.00048161	0.99873310	1.00051987	1.00018656	1.00007641	1.00053787
0.39321581	1.00148261	1.00218141	0.99897432	0.99979049	1.00024164	1.00007939	0.99989319	1.00049996
0.41943020	1.00057185	0.99999356	0.99951506	1.00098646	0.99978650	0.99977201	1.00009775	1.00021923
0.47185901	1.00072360	0.99676508	1.00028241	0.99980342	1.00021207	1.00008690	1.00012600	1.00015128
0.52428782	1.00037241	0.99867815	0.99965668	0.99995065	0.99987227	0.99998283	1.00016761	1.00057220
0.57671660	0.99974316	1.00117254	1.00011528	0.99926752	0.99956954	0.99988812	1.00009179	1.00031030
0.62914538	1.00025487	1.00145805	0.99989182	1.00088215	1.00034881	1.00001490	0.99991119	1.00047314
0.68157423	0.99975902	1.00107169	0.99975413	0.99975485	0.99949217	0.99998319	0.99997956	1.00027108
0.73400301	1.00103426	0.99756169	0.99994344	1.00018167	0.99991035	0.99995065	1.00003004	1.00058746
0.78643179	1.00055432	0.99949980	1.00000083	0.99963188	0.99960297	1.00006437	0.99995500	1.00047171
0.83886063	0.99950618	0.99742573	1.00061357	1.00008535	1.00015438	1.00007284	0.99993312	1.00014985
0.94371825	0.99965197	0.99990869	0.99962580	1.00038970	1.00000060	1.00000894	1.00003171	1.00024724
1.04857588	0.99982274	0.99933237	1.00001705	0.99984878	1.00001836	1.00007963	1.00009406	0.99997169
1.15343344	1.00014377	1.00021350	0.99998164	1.00017047	1.00071490	1.00015807	0.99998915	0.99991167
1.25829101	0.99847269	1.00304568	1.00006008	0.99962091	0.99985528	0.99989796	1.00011098	0.99989408
1.36314869	0.99842000	0.99931598	1.00005150	0.99975717	0.99980670	1.00007391	0.99999547	0.99988270
1.46800625	0.99830145	1.00020754	1.00000918	1.00010455	0.99996895	0.99996591	1.00001144	0.99978966
1.57286382	0.99868292	0.99870014	0.99991292	1.00001252	0.99976689	0.99992913	1.00003278	0.99978721
1.67772150	0.99865311	0.99771667	0.99969471	1.00022721	0.99987096	0.99977887	0.99995291	0.99947488
1.88743675	0.99870187	0.99949998	0.99985623	0.99966979	1.00009859	0.99996877	0.99987423	0.99935853
2.09715199	0.99899054	0.99974042	0.99981111	0.99979442	1.00009120	0.99993461	1.00001097	0.99930269
2.30686712	0.99902481	1.00016928	0.99995410	0.99987519	1.00025487	0.99986261	0.99992186	0.99939030
2.51658225	0.99980223	1.00075459	1.00021422	0.99991453	1.00024664	0.99987388	0.99995226	0.99931413
2.72629738	1.00010383	1.00054824	0.99979120	1.00027955	1.00034153	0.99991441	1.00004482	0.99954313
2.93601274	1.00079691	1.00141311	0.99975163	0.99995124	1.00005198	1.00004470	0.99978930	0.99957770
3.14572787	1.00059497	1.00330138	0.99996686	0.99970877	0.99991757	0.99999434	0.99997485	0.99970108
3.35544300	1.00083387	0.99962968	1.00052619	1.00030959	0.99963331	0.99990690	0.99990094	0.99984652
3.77487350	1.00008333	0.99989003	1.00034738	0.99981958	0.99954957	0.99995255	0.99993384	0.99991858
4.19430399	1.00003409	1.00072455	0.99998200	1.00015140	1.00012374	0.99996728	0.99998838	0.99986535
4.61373425	0.99997461	0.99909174	1.00014246	0.99991912	0.99990481	1.00000381	1.00004005	1.00015604
5.03316450	1.00000000	1.00000000	1.00000000	1.00000000	1.00000000	1.00000000	1.00000000	1.00000000
5.45259476	0.00000000	0.00000000	0.00000000	0.00000000	0.00000000	0.00000000	0.00000000	0.00000000
5.87202549	0.00000000	0.00000000	0.00000000	0.00000000	0.00000000	0.00000000	0.00000000	0.00000000
6.29145575	0.00000000	0.00000000	0.00000000	0.00000000	0.00000000	0.00000000	0.00000000	0.00000000
6.71088600	0.00000000	0.00000000	0.00000000	0.00000000	0.00000000	0.00000000	0.00000000	0.00000000
7.54974699	0.00000000	0.00000000	0.00000000	0.00000000	0.00000000	0.00000000	0.00000000	0.00000000
8.38860798	0.00000000	0.00000000	0.00000000	0.00000000	0.00000000	0.00000000	0.00000000	0.00000000
9.22746849	0.00000000	0.00000000	0.00000000	0.00000000	0.00000000	0.00000000	0.00000000	0.00000000
10.06632900	0.00000000	0.00000000	0.00000000	0.00000000	0.00000000	0.00000000	0.00000000	0.00000000
10.90518951	0.00000000	0.00000000	0.00000000	0.00000000	0.00000000	0.00000000	0.00000000	0.00000000
11.74405098	0.00000000	0.00000000	0.00000000	0.00000000	0.00000000	0.00000000	0.00000000	0.00000000
12.58291149	0.00000000	0.00000000	0.00000000	0.00000000	0.00000000	0.00000000	0.00000000	0.00000000
13.42177200	0.00000000	0.00000000	0.00000000	0.00000000	0.00000000	0.00000000	0.00000000	0.00000000
15.09949398	0.00000000	0.00000000	0.00000000	0.00000000	0.00000000	0.00000000	0.00000000	0.00000000
16.77721596	0.00000000	0.00000000	0.00000000	0.00000000	0.00000000	0.00000000	0.00000000	0.00000000
18.45493698	0.00000000	0.00000000	0.00000000	0.00000000	0.00000000	0.00000000	0.00000000	0.00000000
20.13265800	0.00000000	0.00000000	0.00000000	0.00000000	0.00000000	0.00000000	0.00000000	0.00000000
21.81037903	0.00000000	0.00000000	0.00000000	0.00000000	0.00000000	0.00000000	0.00000000	0.00000000
23.48810196	0.00000000	0.00000000	0.00000000	0.00000000	0.00000000	0.00000000	0.00000000	0.00000000
25.16582298	0.00000000	0.00000000	0.00000000	0.00000000	0.00000000	0.00000000	0.00000000	0.00000000
26.84354401	0.00000000	0.00000000	0.00000000	0.00000000	0.00000000	0.00000000	0.00000000	0.00000000
30.19898796	0.00000000	0.00000000	0.00000000	0.00000000	0.00000000	0.00000000	0.00000000	0.00000000
33.55443192	0.00000000	0.00000000	0.00000000	0.00000000	0.00000000	0.00000000	0.00000000	0.00000000
36.90987396	0.00000000	0.00000000	0.00000000	0.00000000	0.00000000	0.00000000	0.00000000	0.00000000
40.26531601	0.00000000	0.00000000	0.00000000	0.00000000	0.00000000	0.00000000	0.00000000	0.00000000
43.62075806	0.00000000	0.00000000	0.00000000	0.00000000	0.00000000	0.00000000	0.00000000	0.00000000
46.97620392	0.00000000	0.00000000	0.00000000	0.00000000	0.00000000	0.00000000	0.00000000	0.00000000
50.33164597	0.00000000	0.00000000	0.00000000	0.00000000	0.00000000	0.00000000	0.00000000	0.00000000
53.68708801	0.00000000	0.00000000	0.00000000	0.00000000	0.00000000	0.00000000	0.00000000	0.00000000
60.39797592	0.00000000	0.00000000	0.00000000	0.00000000	0.00000000	0.00000000	0.00000000	0.00000000
67.10886383	0.00000000	0.00000000	0.00000000	0.00000000	0.00000000	0.00000000	0.00000000	0.00000000
73.81974792	0.00000000	0.00000000	0.00000000	0.00000000	0.00000000	0.00000000	0.00000000	0.00000000
80.53063202	0.00000000	0.00000000	0.00000000	0.00000000	0.00000000	0.00000000	0.00000000	0.00000000
87.24151611	0.00000000	0.00000000	0.00000000	0.00000000	0.00000000	0.00000000	0.00000000	0.00000000
93.95240784	0.00000000	0.00000000	0.00000000	0.00000000	0.00000000	0.00000000	0.00000000	0.00000000
100.66329193	0.00000000	0.00000000	0.00000000	0.00000000	0.00000000	0.00000000	0.00000000	0.00000000
107.37417603	0.00000000	0.00000000	0.00000000	0.00000000	0.00000000	0.00000000	0.00000000	0.00000000
120.79595184	0.00000000	0.00000000	0.00000000	0.00000000	0.00000000	0.00000000	0.00000000	0.00000000
134.21772766	0.00000000	0.00000000	0.00000000	0.00000000	0.00000000	0.00000000	0.00000000	0.00000000
147.63949585	0.00000000	0.00000000	0.00000000	0.00000000	0.00000000	0.00000000	0.00000000	0.00000000
161.06126404	0.00000000	0.00000000	0.00000000	0.00000000	0.00000000	0.00000000	0.00000000	0.00000000
174.48303223	0.00000000	0.00000000	0.00000000	0.00000000	0.00000000	0.00000000	0.00000000	0.00000000
187.90481567	0.00000000	0.00000000	0.00000000	0.00000000	0.00000000	0.00000000	0.00000000	0.00000000
201.32658386	0.00000000	0.00000000	0.00000000	0.00000000	0.00000000	0.00000000	0.00000000	0.00000000
214.74835205	0.00000000	0.00000000	0.00000000	0.00000000	0.00000000	0.00000000	0.00000000	0.00000000
241.59190369	0.00000000	0.00000000	0.00000000	0.00000000	0.00000000	0.00000000	0.00000000	0.00000000
268.43545532	0.00000000	0.00000000	0.00000000	0.00000000	0.00000000	0.00000000	0.00000000	0.00000000
295.27899170	0.00000000	0.00000000	0.00000000	0.00000000	0.00000000	0.00000000	0.00000000	0.00000000
322.12252808	0.00000000	0.00000000	0.00000000	0.00000000	0.00000000	0.00000000	0.00000000	0.00000000
348.96606445	0.00000000	0.00000000	0.00000000	0.00000000	0.00000000	0.00000000	0.00000000	0.00000000
375.80963135	0.00000000	0.00000000	0.00000000	0.00000000	0.00000000	0.00000000	0.00000000	0.00000000
402.65316772	0.00000000	0.00000000	0.00000000	0.00000000	0.00000000	0.00000000	0.00000000	0.00000000
429.49670410	0.00000000	0.00000000	0.00000000	0.00000000	0.00000000	0.00000000	0.00000000	0.00000000
483.18380737	0.00000000	0.00000000	0.00000000	0.00000000	0.00000000	0.00000000	0.00000000	0.00000000
536.87091064	0.00000000	0.00000000	0.00000000	0.00000000	0.00000000	0.00000000	0.00000000	0.00000000
590.55798340	0.00000000	0.00000000	0.00000000	0.00000000	0.00000000	0.00000000	0.00000000	0.00000000
644.24505615	0.00000000	0.00000000	0.00000000	0.00000000	0.00000000	0.00000000	0.00000000	0.00000000
697.93212891	0.00000000	0.00000000	0.00000000	0.00000000	0.00000000	0.00000000	0.00000000	0.00000000
751.61926270	0.00000000	0.00000000	0.00000000	0.00000000	0.00000000	0.00000000	0.00000000	0.00000000
805.30633545	0.00000000	0.00000000	0.00000000	0.00000000	0.00000000	0.00000000	0.00000000	0.00000000
858.99340820	0.00000000	0.00000000	0.00000000	0.00000000	0.00000000	0.00000000	0.00000000	0.00000000
966.36761475	0.00000000	0.00000000	0.00000000	0.00000000	0.00000000	0.00000000	0.00000000	0.00000000
1073.74182129	0.00000000	0.00000000	0.00000000	0.00000000	0.00000000	0.00000000	0.00000000	0.00000000
1181.11596680	0.00000000	0.00000000	0.00000000	0.00000000	0.00000000	0.00000000	0.00000000	0.00000000
1288.49011230	0.00000000	0.00000000	0.00000000	0.00000000	0.00000000	0.00000000	0.00000000	0.00000000
1395.86425781	0.00000000	0.00000000	0.00000000	0.00000000	0.00000000	0.00000000	0.00000000	0.00000000
1503.23852539	0.00000000	0.00000000	0.00000000	0.00000000	0.00000000	0.00000000	0.00000000	0.00000000
1610.61267090	0.00000000	0.00000000	0.00000000	0.00000000	0.00000000	0.00000000	0.00000000	0.00000000
1717.98681641	0.00000000	0.00000000	0.00000000	0.00000000	0.00000000	0.00000000	0.00000000	0.00000000
1932.73522949	0.00000000	0.00000000	0.00000000	0.00000000	0.00000000	0.00000000	0.00000000	0.00000000
2147.48364258	0.00000000	0.00000000	0.00000000	0.00000000	0.00000000	0.00000000	0.00000000	0.00000000
2362.23193359	0.00000000	0.00000000	0.00000000	0.00000000	0.00000000	0.00000000	0.00000000	0.00000000
2576.98022461	0.00000000	0.00000000	0.00000000	0.00000000	0.00000000	0.00000000	0.00000000	0.00000000
2791.72851562	0.00000000	0.00000000	0.00000000	0.00000000	0.00000000	0.00000000	0.00000000	0.00000000
3006.47705078	0.00000000	0.00000000	0.00000000	0.00000000	0.00000000	0.00000000	0.00000000	0.00000000
3221.22534180	0.00000000	0.00000000	0.00000000	0.00000000	0.00000000	0.00000000	0.00000000	0.00000000
3435.97363281	0.00000000	0.00000000	0.00000000	0.00000000	0.00000000	0.00000000	0.00000000	0.00000000
0	0	0	0	0	0	0	0	0
