%4/26/2015 3:30:45 PM
%Duration	ID1		ID2		ID3		ID4		ID5		ID6		ID7		ID8
3000.000000	7.438660	2.937317	11.930466	14.972687	11.301041	79.431534	92.649460	66.356659
%Tau		Tau1		Tau2		Tau3		Tau4		Tau5		Tau6		Tau7		Tau8
%		0.000004	0.000001	0.000006	0.000004	0.000008	0.000035	0.000029	0.000029
%Delaytime	D1		D2		D3		D4		D5		D6		D7		D8
0.00000000	4.12418890	21.09666061	7.12535858	5.88108349	5.29122686	1.64014232	1.84548461	2.33553791
0.00000020	1.99098766	4.29746771	2.35999131	2.42613888	2.03905821	1.51034689	1.48707378	1.57492208
0.00000040	1.42213404	2.34407330	1.65653241	1.75050533	1.54865181	1.46503651	1.49526381	1.48692930
0.00000060	1.06660056	3.90678883	1.47499454	1.55088627	1.52284086	1.47683609	1.43637359	1.46455824
0.00000080	1.13770723	0.00000000	1.31614900	1.59695220	1.49703002	1.46456456	1.50930381	1.46306682
0.00000100	0.99549383	0.78135777	1.49768686	1.58159685	1.39378655	1.44568515	1.47459376	1.46232116
0.00000120	1.70656085	0.78135777	1.42961013	1.45875442	1.29054308	1.52497840	1.50228381	1.52943432
0.00000140	0.92438716	0.39067888	1.76999354	1.50482035	0.98081279	1.47589219	1.48551381	1.46232116
0.00000160	0.99549383	1.56271553	1.42961013	1.30520129	1.16148877	1.46598053	1.43286359	1.43323874
0.00000180	1.49324071	0.78135777	1.42961013	1.39733315	1.39378655	1.42538989	1.45548368	1.46828675
0.00000200	1.35102737	3.12543106	1.86076236	1.36662257	1.60027349	1.44521320	1.45470369	1.49736917
0.00000220	1.99098766	1.17203665	0.97576565	1.30520129	1.34216487	1.47825205	1.45665371	1.41683328
0.00000240	0.92438716	1.56271553	1.58845568	1.19771421	1.39378655	1.46173263	1.49253380	1.40266502
0.00000260	1.77766752	1.56271553	1.31614900	1.32055664	1.72932780	1.44049335	1.45626366	1.47872663
0.00000280	1.56434751	0.78135777	1.49768686	1.48946500	1.47121918	1.44851708	1.43481362	1.48021793
0.00000300	1.84877431	1.56271553	1.42961013	1.10558236	1.65189517	1.42208600	1.46991372	1.44442427
0.00000340	1.42213404	1.17203665	1.40691793	1.61998522	1.31635404	1.43907738	1.45275366	1.40713918
0.00000380	1.27992070	2.14873385	1.57710958	1.45107675	1.27763772	1.43860543	1.42252862	1.46269405
0.00000420	1.38658071	1.75805497	1.54307127	1.38197792	1.49703002	1.46196866	1.40224850	1.42764604
0.00000460	1.35102737	1.36737609	1.29345679	1.40501082	1.38088119	1.45937276	1.41960359	1.43212020
0.00000500	1.35102737	1.75805497	1.49768686	1.40501082	1.38088119	1.44214535	1.41433859	1.40602064
0.00000540	1.45768738	1.95339441	1.23672628	1.42804384	1.49703002	1.42444599	1.42662358	1.38141251
0.00000580	1.31547403	1.17203665	1.46364844	1.35126722	1.40669203	1.41618621	1.42038357	1.36798990
0.00000620	1.35102737	1.17203665	1.31614900	1.35126722	1.44540834	1.39612699	1.40380859	1.42018902
0.00000700	1.42213404	1.07436693	1.40691793	1.62766278	1.32925940	1.42704189	1.41775107	1.41049492
0.00000780	1.70656085	1.36737609	1.25374544	1.52401447	1.29699588	1.40308869	1.38820851	1.38010752
0.00000860	1.35102737	1.26970637	1.25941849	1.31671786	1.29699588	1.40344274	1.41073108	1.40005505
0.00000940	1.51101744	1.17203665	1.40691793	1.37813902	1.43250287	1.38550735	1.38557601	1.34748304
0.00001020	1.40435731	0.97669721	1.42393708	1.35894489	1.30990124	1.39895880	1.35652089	1.33480620
0.00001100	1.19103730	1.26970637	1.40691793	1.48562622	1.19375241	1.36226213	1.36324847	1.35549939
0.00001180	1.15548396	1.26970637	1.42961013	1.33207309	1.32925940	1.38409138	1.33575332	1.31336725
0.00001260	1.17326057	1.26970637	1.24239933	1.35894489	1.38088119	1.35671628	1.33750832	1.32641697
0.00001420	1.07548892	0.83019263	1.30480289	1.27257133	1.23569500	1.33612609	1.32678330	1.31476545
0.00001580	1.19103730	1.22087157	1.19985139	1.31479836	1.33571219	1.32373643	1.31298709	1.30302060
0.00001740	1.12881887	1.36737609	1.25658190	1.34550905	1.23246872	1.31288087	1.27852070	1.31029117
0.00001900	1.25325561	1.66038525	1.21403396	1.31095958	1.31635404	1.28869176	1.26253068	1.28670835
0.00002060	1.49324071	1.12320185	1.15163040	1.20731127	1.27118504	1.28408992	1.25867939	1.25268579
0.00002220	1.05771220	1.07436693	1.24239933	1.36662257	1.34861755	1.25170004	1.26145816	1.23655999
0.00002380	1.38658071	0.97669721	1.15730345	1.20155299	1.17116785	1.27258527	1.23196435	1.24056804
0.00002540	1.32436228	1.12320185	1.21119750	1.18043947	1.25182688	1.24585927	1.23830187	1.21325672
0.00002860	1.30535150	1.04608452	1.19078302	1.21965241	1.19975424	1.20707834	1.19203532	1.21034014
0.00003180	1.17169774	0.92444676	1.09625399	1.27059150	1.21746874	1.20646119	1.17921388	1.17333555
0.00003500	1.14942217	1.09473956	1.12870419	1.16198564	1.18848133	1.19585299	1.16529548	1.17115307
0.00003820	1.04249918	0.85146415	1.12729335	1.16775239	1.18042934	1.16044784	1.14867139	1.15777898
0.00004140	1.24297976	1.24070489	1.24580729	1.12642455	1.12728584	1.14948690	1.13755608	1.14496231
0.00004460	1.14496696	1.14339471	1.08355606	1.18313015	1.14016914	1.13722837	1.12342238	1.13804877
0.00004780	1.11378109	1.31368756	1.15410006	1.15333569	1.15788352	1.12902522	1.11696291	1.10307562
0.00005100	1.09150553	0.94877434	1.08496702	1.10335779	1.08541524	1.12106180	1.11593914	1.10484028
0.00005740	1.05259943	1.09373188	1.11794412	1.08439267	1.11706078	1.10896719	1.09176445	1.09300029
0.00006380	1.03924716	1.14234221	1.10382867	1.10601330	1.05750561	1.09547114	1.07955337	1.07434011
0.00007020	0.98806369	1.05727422	1.07912660	1.04883885	1.04543364	1.08264077	1.06723642	1.07199311
0.00007660	1.06595159	1.02081645	1.02195907	1.07238126	1.02933764	1.07659602	1.05174243	1.05831122
0.00008300	1.07930386	1.13018966	1.02901673	1.07238126	1.05428648	1.06522083	1.04840326	1.04360151
0.00008940	1.06817698	1.09373188	1.08618438	1.07190084	1.09050238	1.05672610	1.04913831	1.03930247
0.00009580	1.01699352	1.16664732	1.03325140	1.07142031	1.02531362	1.04958344	1.03877473	1.04162621
0.00010220	0.99696517	1.10588443	1.05371881	1.02721822	1.06635845	1.04580641	1.03392434	1.03107095
0.00011500	1.04285884	1.05873585	1.03804660	0.99942040	1.06117761	1.04041386	1.02687931	1.02736044
0.00012780	1.04397297	1.12566745	1.05005944	1.03108716	1.05313528	1.03097022	1.01875532	1.02294588
0.00014060	1.01611888	1.06482053	1.00907457	1.00709713	1.04425788	1.02976501	1.01916587	1.01271248
0.00015340	1.01389050	1.13783681	1.02144074	0.99942040	1.02857590	1.02267313	1.00893784	1.01048195
0.00016620	1.05957127	0.97963488	1.00236154	1.01285481	1.00163519	1.01439798	1.01011467	1.00939000
0.00017900	1.09299624	1.05265117	1.02815378	1.03204668	1.00324357	1.01625323	1.00516224	1.00943649
0.00019180	1.03060305	1.14392149	0.98222250	0.98932201	1.04667056	1.01229942	1.00473213	1.00512648
0.00020460	1.02948880	0.90053391	1.00410032	1.00131667	0.97268385	1.00739360	1.00424480	1.00629473
0.00023020	0.99449492	0.98651475	1.00394130	0.98694158	0.97492325	1.00716388	1.00107372	0.99966973
0.00025580	0.98615187	0.97433555	0.99934494	0.99077576	0.98376793	1.00711238	0.99840921	1.00313509
0.00028140	0.99004531	0.98955953	1.00570905	0.99211645	0.98457199	1.00789893	1.00231600	1.00409949
0.00030700	0.97502774	1.02914190	1.01452005	0.98370647	1.03000140	1.00675476	1.00132656	1.00415337
0.00033260	0.97391534	0.97129071	1.00656509	0.98346686	0.99723589	1.00759649	1.00037241	1.00436842
0.00035820	1.02508616	1.05350029	1.00452745	1.00778997	0.98339498	1.00246561	1.00230813	1.00599217
0.00038380	1.00506282	0.94388753	0.99692535	0.98466504	0.99827057	1.00228918	1.00007260	1.00681198
0.00040940	0.97947741	1.08102798	1.01283658	1.01521862	1.00389910	1.00051355	0.99574035	1.00471807
0.00046060	0.96155459	1.03102064	1.01372087	1.00926936	1.00068915	1.00133502	1.00076377	0.99781871
0.00051180	0.99077696	1.02645183	1.00050604	0.99420708	1.01028037	1.00189865	1.00038791	1.00037086
0.00056300	0.98938543	1.01579142	1.00637507	0.99139094	0.99469888	1.00526130	1.00291622	0.99956578
0.00061420	1.03502798	1.00969970	0.98106307	1.00441599	1.00515354	1.00318933	1.00496340	0.99745554
0.00066540	1.02779198	0.99599338	1.01858866	1.00890982	1.02284598	1.00551081	1.00353634	1.00432503
0.00071660	1.01081514	0.90766364	1.00885320	0.99315125	1.00635982	1.00517380	1.00308633	1.00147712
0.00076780	1.02384520	1.07213962	1.02289689	0.99530834	0.99955368	1.00372314	1.00040901	1.00174677
0.00081900	0.98210102	1.00817680	1.00230396	1.00920951	0.99563307	1.00453961	0.99900657	0.99759561
0.00092140	1.02693164	1.00481391	1.02073550	1.00029802	1.01248312	1.00272608	0.99903411	0.99790394
0.00102380	1.00534296	1.00557697	0.99390745	0.99300689	0.99246180	1.00193655	1.00127077	1.00139928
0.00112620	0.99756145	0.97658455	1.01536596	1.00728226	1.00902522	0.99910796	0.99942994	0.99917948
0.00122860	0.99653971	0.99489552	0.99297255	1.00340843	1.00157833	1.00041580	0.99985093	1.00499809
0.00133100	0.99672776	0.98890591	1.00730443	0.99706078	1.00652349	1.00186491	0.99869519	0.99734402
0.00143340	1.02377367	0.96982980	1.00348723	0.98836017	0.99835336	1.00606847	0.99973929	0.99932784
0.00153580	1.00232625	0.99882549	0.98782301	0.99816847	1.00242352	1.00254416	1.00304651	1.00068140
0.00163820	1.00409234	1.02476907	0.99531770	0.99684250	1.00503647	0.99788231	1.00328076	0.99909484
0.00184300	0.99056214	1.01032376	0.98527402	1.00982606	0.99598354	0.99940759	1.00130367	0.99941033
0.00204780	0.99391413	0.99745667	1.00512862	1.00472915	1.00887799	1.00356853	1.00082338	1.00166237
0.00225260	1.01619232	1.01540470	1.00023127	0.99937540	0.98878801	0.99981380	0.99861836	1.00106275
0.00245740	0.98757070	0.99604410	1.01642716	0.99534935	1.00547898	1.00109982	1.00021338	1.00250363
0.00266220	0.99425316	1.02277839	1.00112236	0.99805534	0.99746269	1.00363338	1.00051284	1.00188875
0.00286700	1.00027013	0.98687804	0.99588197	1.00630844	1.00346756	1.00074291	0.99938828	0.99841607
0.00307180	1.00943041	1.02927101	1.00372362	0.99663037	0.99583608	0.99964660	1.00108457	1.00481093
0.00327660	1.00585139	0.99069721	0.99827260	0.99452370	1.00538969	1.00406349	0.99751693	1.00084865
0.00368620	1.00113630	0.99855560	1.00613952	1.00159991	0.99903125	1.00215113	0.99869347	1.00068331
0.00409580	1.00436139	1.01438141	1.00308180	0.99797237	1.00242162	0.99956048	0.99881601	0.99779564
0.00450540	1.00627863	0.99245405	1.00485849	1.00114167	1.00105560	1.00092900	0.99860620	0.99982262
0.00491500	1.00503051	1.00415993	0.99946463	0.99324465	1.00174367	1.00143945	1.00056672	1.00011539
0.00532460	0.99310386	1.00515449	1.00606775	0.99726969	1.00063264	1.00086927	0.99933952	1.00070071
0.00573420	0.99408883	0.99115735	0.99515128	1.00512266	1.00525999	0.99850339	0.99895805	0.99938351
0.00614380	1.00607061	0.99905217	0.99552774	1.00255239	0.99509168	0.99894083	0.99816078	1.00194025
0.00655340	0.99939370	0.98410082	1.00025523	1.00327933	1.00147057	1.00221348	0.99964201	1.00268114
0.00737260	1.00188553	1.00929749	0.99853635	1.00313640	1.00157142	1.00023115	1.00111234	0.99965483
0.00819180	0.99880135	0.98170489	0.99868608	0.99982035	0.99715924	1.00170064	1.00020742	0.99906117
0.00901100	0.99891120	0.99096727	1.00646281	1.00105548	0.99967617	1.00044131	1.00086510	0.99992901
0.00983020	1.00529170	1.01248443	1.00088060	0.99803126	1.00352979	1.00128615	1.00033152	1.00252736
0.01064940	1.00607741	1.00167584	1.00210023	0.99733049	1.00774610	1.00223756	1.00091934	1.00033915
0.01146860	0.99447829	0.99883759	0.99848086	0.99761170	0.99611694	1.00034916	0.99937302	0.99921513
0.01228780	1.00040531	1.01532936	1.00188947	1.00355458	0.99860978	0.99966079	0.99978942	1.00056791
0.01310700	1.00018275	0.99761510	0.99859166	1.00618875	1.00047696	1.00094151	1.00030696	1.00102532
0.01474540	1.00034177	1.00712109	0.99962276	1.00128388	1.00692534	1.00049615	0.99932569	1.00020874
0.01638380	0.99917996	1.00273013	1.00364935	1.00072467	0.99942619	1.00090194	1.00007892	0.99992758
0.01802220	1.00233638	0.99172950	0.99879676	0.99814296	1.00332272	1.00049281	1.00119889	1.00056612
0.01966060	0.99895161	1.00071561	0.99910420	0.99787474	1.00024939	1.00043476	1.00007761	1.00055027
0.02129900	1.00223875	1.00206280	1.00367391	1.00021672	1.00242364	1.00080645	1.00090528	0.99982941
0.02293740	0.99663889	1.00957775	1.00185573	0.99960834	1.00148559	1.00000739	1.00029778	1.00026047
0.02457580	1.00353241	0.99865478	0.99784058	0.99903888	1.00165582	1.00072217	1.00065637	1.00071704
0.02621420	1.00291681	0.99957973	0.99633604	1.00096190	0.99809515	1.00105464	0.99908394	1.00049281
0.02949100	1.00148809	0.99820960	1.00021732	1.00065172	1.00037026	1.00069642	1.00037301	0.99979895
0.03276780	1.00187171	0.99925077	0.99949414	0.99713701	0.99960929	1.00015736	1.00016189	1.00003481
0.03604460	1.00052047	0.99960816	0.99987614	0.99999821	0.99862272	1.00017250	1.00033915	0.99996501
0.03932140	0.99752152	0.99937791	0.99805975	1.00292444	1.00248027	1.00105572	1.00036097	1.00002754
0.04259820	1.00434196	0.99924678	0.99937236	0.99960446	0.99768275	1.00051880	0.99983245	1.00037622
0.04587500	0.99621677	0.99298859	0.99941355	0.99765646	0.99934340	1.00103211	1.00092971	1.00043714
0.04915180	0.99976581	0.98712534	1.00147402	1.00057328	0.99989867	1.00193799	0.99995691	1.00024223
0.05242860	1.00060904	0.99157619	0.99978518	0.99910468	0.99941981	1.00119603	1.00066197	1.00058138
0.05898220	1.00153029	1.00377154	1.00172377	1.00040841	0.99771184	1.00128365	1.00029111	1.00093591
0.06553581	0.99954158	0.99614620	1.00030744	1.00031328	1.00172818	1.00067365	1.00044012	1.00033212
0.07208940	1.00004566	0.99903613	0.99992681	1.00064433	1.00150406	1.00004148	1.00000215	0.99919122
0.07864300	1.00219071	1.00654507	1.00053990	1.00213623	1.00006175	1.00071895	1.00017416	0.99956024
0.08519660	1.00037658	1.00378060	1.00072300	0.99957639	1.00267529	1.00100124	1.00010586	1.00016344
0.09175020	0.99770391	0.99758309	0.99966723	1.00235152	0.99881613	1.00071943	1.00004184	1.00011826
0.09830380	0.99980372	1.00082302	1.00174761	0.99996066	1.00107789	1.00171220	1.00066543	1.00011456
0.10485740	0.99651337	1.00023556	0.99914408	0.99948877	1.00091958	1.00104702	1.00016332	1.00079107
0.11796460	0.99939328	0.99709147	0.99997181	0.99992180	1.00111771	1.00089598	1.00025141	0.99987310
0.13107181	1.00141847	0.99591810	0.99960923	0.99938130	1.00037527	1.00073493	1.00012314	1.00009608
0.14417900	1.00120711	1.00110197	0.99940920	0.99938226	0.99957770	1.00058126	1.00024199	1.00003314
0.15728620	0.99964106	1.00065589	1.00051713	0.99989480	1.00037682	1.00117743	0.99989671	0.99999046
0.17039341	0.99989969	1.00088310	1.00080776	1.00100327	0.99982703	1.00078535	1.00036800	1.00026989
0.18350060	0.99809015	0.99987656	0.99867046	1.00016379	1.00119627	1.00108933	0.99991119	1.00031018
0.19660780	0.99876487	1.00279534	0.99924612	1.00037527	0.99892938	1.00073147	1.00034201	1.00005245
0.20971501	0.99825281	0.99632913	0.99890518	0.99953884	1.00015450	1.00132620	0.99972427	1.00017750
0.23592941	1.00127900	1.00055575	1.00024891	1.00039673	1.00120401	1.00092900	1.00013435	1.00011694
0.26214382	0.99925017	0.99828452	0.99954730	1.00108433	1.00062120	1.00087821	1.00008070	0.99998379
0.28835821	1.00044560	0.99798757	1.00052857	1.00015473	1.00063515	1.00068307	1.00006640	0.99985433
0.31457260	1.00103152	0.99919921	1.00089896	0.99999040	1.00067723	1.00107801	1.00004447	0.99967474
0.34078699	0.99969012	1.00182486	1.00027823	1.00073302	1.00181568	1.00080502	1.00015473	0.99997014
0.36700141	1.00132418	0.99907392	0.99982101	0.99934554	1.00052047	1.00096190	1.00022125	1.00011444
0.39321581	1.00053322	1.00205541	0.99999011	0.99973136	1.00116718	1.00075924	1.00006855	0.99980289
0.41943020	0.99996459	1.00379252	0.99982053	1.00085223	1.00057244	1.00090098	1.00008154	1.00006557
0.47185901	0.99999636	0.99587399	0.99985695	0.99964011	1.00021207	1.00078738	1.00012851	0.99998546
0.52428782	1.00070965	1.00139380	0.99959135	1.00028133	1.00071251	1.00059319	1.00000477	0.99973655
0.57671660	0.99971944	1.00105107	1.00041795	1.00087702	1.00022483	1.00062013	1.00010562	1.00009155
0.62914538	0.99801683	0.99927700	1.00049341	0.99979067	1.00113308	1.00072730	0.99994755	1.00006878
0.68157423	1.00030017	1.00009000	1.00071239	0.99989915	1.00034356	1.00064528	1.00002730	0.99983180
0.73400301	0.99929190	0.99755889	1.00005186	0.99991572	0.99973214	1.00050414	1.00001526	1.00000572
0.78643179	1.00129533	1.00297892	0.99913281	0.99925387	1.00060880	1.00049651	1.00002301	0.99992967
0.83886063	1.00069535	0.99764580	0.99897921	1.00028706	1.00001073	1.00042868	0.99970835	1.00012612
0.94371825	0.99992466	0.99911022	0.99961305	1.00004303	0.99996555	1.00038767	0.99998802	1.00003469
1.04857588	0.99976516	0.99928087	1.00009048	0.99938458	1.00037587	1.00046802	0.99992180	0.99993104
1.15343344	0.99949646	1.00077212	1.00009882	1.00034380	1.00049126	1.00031960	1.00010586	0.99977016
1.25829101	0.99982041	1.00069404	1.00005710	1.00016892	1.00023854	1.00032067	0.99997616	0.99979806
1.36314869	0.99883413	1.00106704	1.00003266	1.00008428	1.00001800	1.00032008	1.00012374	0.99979562
1.46800625	0.99955761	0.99948674	0.99999648	0.99982321	1.00043762	1.00030720	1.00006294	0.99997103
1.57286382	1.00072920	0.99968410	0.99931926	0.99960697	1.00044250	1.00032616	0.99977636	0.99996275
1.67772150	0.99930567	0.99871314	0.99960411	0.99999642	1.00013411	1.00031006	0.99989784	1.00020027
1.88743675	0.99951625	0.99983871	0.99980068	0.99968415	1.00025284	1.00020576	0.99991846	1.00005341
2.09715199	0.99982977	1.00028670	0.99979866	0.99971366	0.99994451	1.00042129	0.99974501	0.99996883
2.30686712	0.99976248	0.99964172	0.99985999	1.00002277	1.00029266	1.00028193	0.99989235	1.00011992
2.51658225	1.00021267	1.00039375	1.00028753	0.99994665	1.00022662	1.00034225	0.99993908	1.00004303
2.72629738	1.00036776	1.00036013	0.99986023	0.99960732	1.00041449	1.00042093	0.99986345	1.00004101
2.93601274	0.99998730	0.99907857	1.00027835	0.99959266	1.00005889	1.00024605	0.99990070	0.99999803
3.14572787	0.99994487	0.99922729	0.99997383	0.99960166	1.00040281	1.00021279	0.99988097	1.00001812
3.35544300	0.99951875	1.00067091	0.99943089	0.99961525	0.99985737	1.00031686	0.99992299	1.00006676
3.77487350	0.99999046	1.00128114	1.00000966	1.00015080	1.00000787	1.00024390	1.00000429	0.99996138
4.19430399	1.00019634	0.99911398	1.00005853	1.00004590	1.00029743	0.99983764	0.99999660	1.00005305
4.61373425	0.99989051	0.99993819	1.00002909	0.99999464	0.99992281	0.99999243	1.00000095	0.99995983
5.03316450	1.00000000	1.00000000	1.00000000	1.00000000	1.00000000	1.00000000	1.00000000	1.00000000
5.45259476	0.00000000	0.00000000	0.00000000	0.00000000	0.00000000	0.00000000	0.00000000	0.00000000
5.87202549	0.00000000	0.00000000	0.00000000	0.00000000	0.00000000	0.00000000	0.00000000	0.00000000
6.29145575	0.00000000	0.00000000	0.00000000	0.00000000	0.00000000	0.00000000	0.00000000	0.00000000
6.71088600	0.00000000	0.00000000	0.00000000	0.00000000	0.00000000	0.00000000	0.00000000	0.00000000
7.54974699	0.00000000	0.00000000	0.00000000	0.00000000	0.00000000	0.00000000	0.00000000	0.00000000
8.38860798	0.00000000	0.00000000	0.00000000	0.00000000	0.00000000	0.00000000	0.00000000	0.00000000
9.22746849	0.00000000	0.00000000	0.00000000	0.00000000	0.00000000	0.00000000	0.00000000	0.00000000
10.06632900	0.00000000	0.00000000	0.00000000	0.00000000	0.00000000	0.00000000	0.00000000	0.00000000
10.90518951	0.00000000	0.00000000	0.00000000	0.00000000	0.00000000	0.00000000	0.00000000	0.00000000
11.74405098	0.00000000	0.00000000	0.00000000	0.00000000	0.00000000	0.00000000	0.00000000	0.00000000
12.58291149	0.00000000	0.00000000	0.00000000	0.00000000	0.00000000	0.00000000	0.00000000	0.00000000
13.42177200	0.00000000	0.00000000	0.00000000	0.00000000	0.00000000	0.00000000	0.00000000	0.00000000
15.09949398	0.00000000	0.00000000	0.00000000	0.00000000	0.00000000	0.00000000	0.00000000	0.00000000
16.77721596	0.00000000	0.00000000	0.00000000	0.00000000	0.00000000	0.00000000	0.00000000	0.00000000
18.45493698	0.00000000	0.00000000	0.00000000	0.00000000	0.00000000	0.00000000	0.00000000	0.00000000
20.13265800	0.00000000	0.00000000	0.00000000	0.00000000	0.00000000	0.00000000	0.00000000	0.00000000
21.81037903	0.00000000	0.00000000	0.00000000	0.00000000	0.00000000	0.00000000	0.00000000	0.00000000
23.48810196	0.00000000	0.00000000	0.00000000	0.00000000	0.00000000	0.00000000	0.00000000	0.00000000
25.16582298	0.00000000	0.00000000	0.00000000	0.00000000	0.00000000	0.00000000	0.00000000	0.00000000
26.84354401	0.00000000	0.00000000	0.00000000	0.00000000	0.00000000	0.00000000	0.00000000	0.00000000
30.19898796	0.00000000	0.00000000	0.00000000	0.00000000	0.00000000	0.00000000	0.00000000	0.00000000
33.55443192	0.00000000	0.00000000	0.00000000	0.00000000	0.00000000	0.00000000	0.00000000	0.00000000
36.90987396	0.00000000	0.00000000	0.00000000	0.00000000	0.00000000	0.00000000	0.00000000	0.00000000
40.26531601	0.00000000	0.00000000	0.00000000	0.00000000	0.00000000	0.00000000	0.00000000	0.00000000
43.62075806	0.00000000	0.00000000	0.00000000	0.00000000	0.00000000	0.00000000	0.00000000	0.00000000
46.97620392	0.00000000	0.00000000	0.00000000	0.00000000	0.00000000	0.00000000	0.00000000	0.00000000
50.33164597	0.00000000	0.00000000	0.00000000	0.00000000	0.00000000	0.00000000	0.00000000	0.00000000
53.68708801	0.00000000	0.00000000	0.00000000	0.00000000	0.00000000	0.00000000	0.00000000	0.00000000
60.39797592	0.00000000	0.00000000	0.00000000	0.00000000	0.00000000	0.00000000	0.00000000	0.00000000
67.10886383	0.00000000	0.00000000	0.00000000	0.00000000	0.00000000	0.00000000	0.00000000	0.00000000
73.81974792	0.00000000	0.00000000	0.00000000	0.00000000	0.00000000	0.00000000	0.00000000	0.00000000
80.53063202	0.00000000	0.00000000	0.00000000	0.00000000	0.00000000	0.00000000	0.00000000	0.00000000
87.24151611	0.00000000	0.00000000	0.00000000	0.00000000	0.00000000	0.00000000	0.00000000	0.00000000
93.95240784	0.00000000	0.00000000	0.00000000	0.00000000	0.00000000	0.00000000	0.00000000	0.00000000
100.66329193	0.00000000	0.00000000	0.00000000	0.00000000	0.00000000	0.00000000	0.00000000	0.00000000
107.37417603	0.00000000	0.00000000	0.00000000	0.00000000	0.00000000	0.00000000	0.00000000	0.00000000
120.79595184	0.00000000	0.00000000	0.00000000	0.00000000	0.00000000	0.00000000	0.00000000	0.00000000
134.21772766	0.00000000	0.00000000	0.00000000	0.00000000	0.00000000	0.00000000	0.00000000	0.00000000
147.63949585	0.00000000	0.00000000	0.00000000	0.00000000	0.00000000	0.00000000	0.00000000	0.00000000
161.06126404	0.00000000	0.00000000	0.00000000	0.00000000	0.00000000	0.00000000	0.00000000	0.00000000
174.48303223	0.00000000	0.00000000	0.00000000	0.00000000	0.00000000	0.00000000	0.00000000	0.00000000
187.90481567	0.00000000	0.00000000	0.00000000	0.00000000	0.00000000	0.00000000	0.00000000	0.00000000
201.32658386	0.00000000	0.00000000	0.00000000	0.00000000	0.00000000	0.00000000	0.00000000	0.00000000
214.74835205	0.00000000	0.00000000	0.00000000	0.00000000	0.00000000	0.00000000	0.00000000	0.00000000
241.59190369	0.00000000	0.00000000	0.00000000	0.00000000	0.00000000	0.00000000	0.00000000	0.00000000
268.43545532	0.00000000	0.00000000	0.00000000	0.00000000	0.00000000	0.00000000	0.00000000	0.00000000
295.27899170	0.00000000	0.00000000	0.00000000	0.00000000	0.00000000	0.00000000	0.00000000	0.00000000
322.12252808	0.00000000	0.00000000	0.00000000	0.00000000	0.00000000	0.00000000	0.00000000	0.00000000
348.96606445	0.00000000	0.00000000	0.00000000	0.00000000	0.00000000	0.00000000	0.00000000	0.00000000
375.80963135	0.00000000	0.00000000	0.00000000	0.00000000	0.00000000	0.00000000	0.00000000	0.00000000
402.65316772	0.00000000	0.00000000	0.00000000	0.00000000	0.00000000	0.00000000	0.00000000	0.00000000
429.49670410	0.00000000	0.00000000	0.00000000	0.00000000	0.00000000	0.00000000	0.00000000	0.00000000
483.18380737	0.00000000	0.00000000	0.00000000	0.00000000	0.00000000	0.00000000	0.00000000	0.00000000
536.87091064	0.00000000	0.00000000	0.00000000	0.00000000	0.00000000	0.00000000	0.00000000	0.00000000
590.55798340	0.00000000	0.00000000	0.00000000	0.00000000	0.00000000	0.00000000	0.00000000	0.00000000
644.24505615	0.00000000	0.00000000	0.00000000	0.00000000	0.00000000	0.00000000	0.00000000	0.00000000
697.93212891	0.00000000	0.00000000	0.00000000	0.00000000	0.00000000	0.00000000	0.00000000	0.00000000
751.61926270	0.00000000	0.00000000	0.00000000	0.00000000	0.00000000	0.00000000	0.00000000	0.00000000
805.30633545	0.00000000	0.00000000	0.00000000	0.00000000	0.00000000	0.00000000	0.00000000	0.00000000
858.99340820	0.00000000	0.00000000	0.00000000	0.00000000	0.00000000	0.00000000	0.00000000	0.00000000
966.36761475	0.00000000	0.00000000	0.00000000	0.00000000	0.00000000	0.00000000	0.00000000	0.00000000
1073.74182129	0.00000000	0.00000000	0.00000000	0.00000000	0.00000000	0.00000000	0.00000000	0.00000000
1181.11596680	0.00000000	0.00000000	0.00000000	0.00000000	0.00000000	0.00000000	0.00000000	0.00000000
1288.49011230	0.00000000	0.00000000	0.00000000	0.00000000	0.00000000	0.00000000	0.00000000	0.00000000
1395.86425781	0.00000000	0.00000000	0.00000000	0.00000000	0.00000000	0.00000000	0.00000000	0.00000000
1503.23852539	0.00000000	0.00000000	0.00000000	0.00000000	0.00000000	0.00000000	0.00000000	0.00000000
1610.61267090	0.00000000	0.00000000	0.00000000	0.00000000	0.00000000	0.00000000	0.00000000	0.00000000
1717.98681641	0.00000000	0.00000000	0.00000000	0.00000000	0.00000000	0.00000000	0.00000000	0.00000000
1932.73522949	0.00000000	0.00000000	0.00000000	0.00000000	0.00000000	0.00000000	0.00000000	0.00000000
2147.48364258	0.00000000	0.00000000	0.00000000	0.00000000	0.00000000	0.00000000	0.00000000	0.00000000
2362.23193359	0.00000000	0.00000000	0.00000000	0.00000000	0.00000000	0.00000000	0.00000000	0.00000000
2576.98022461	0.00000000	0.00000000	0.00000000	0.00000000	0.00000000	0.00000000	0.00000000	0.00000000
2791.72851562	0.00000000	0.00000000	0.00000000	0.00000000	0.00000000	0.00000000	0.00000000	0.00000000
3006.47705078	0.00000000	0.00000000	0.00000000	0.00000000	0.00000000	0.00000000	0.00000000	0.00000000
3221.22534180	0.00000000	0.00000000	0.00000000	0.00000000	0.00000000	0.00000000	0.00000000	0.00000000
3435.97363281	0.00000000	0.00000000	0.00000000	0.00000000	0.00000000	0.00000000	0.00000000	0.00000000
0	0	0	0	0	0	0	0	0
