%4/30/2015 4:36:11 PM
%Duration	ID1		ID2		ID3		ID4		ID5		ID6		ID7		ID8
3000.000000	4.434586	4.425049	5.464554	11.720657	6.847382	62.656403	65.889359	49.304962
%Tau		Tau1		Tau2		Tau3		Tau4		Tau5		Tau6		Tau7		Tau8
%		0.000004	0.000002	0.000005	0.000009	0.000003	0.000038	0.000035	0.000032
%Delaytime	D1		D2		D3		D4		D5		D6		D7		D8
0.00000000	3.32490849	19.76129150	14.40743351	6.74518347	7.81396055	1.65805054	2.03921843	2.57374859
0.00000020	0.45339662	2.93969607	2.17254949	2.03811288	2.53786755	1.50509071	1.49257290	1.63638759
0.00000040	2.11585093	1.14321518	1.48648119	1.35874200	1.40250576	1.46199155	1.46869838	1.44199169
0.00000060	1.96471870	1.14321518	2.05820465	1.45579493	1.13536179	1.43325877	1.54526174	1.50323963
0.00000080	1.51132202	1.30653167	1.71517062	1.21316242	1.06857586	1.44339967	1.45552623	1.46462679
0.00000100	1.20905769	1.79648101	1.02910233	1.50432146	0.66785985	1.45692098	1.52385688	1.46063232
0.00000120	1.96471870	1.46984804	1.25779176	1.40726840	1.60286367	1.49917507	1.49833584	1.51122856
0.00000140	1.05792546	0.97989875	1.02910233	1.81974363	2.20393753	1.50509071	1.50986147	1.50856555
0.00000160	1.66245425	0.65326583	1.25779176	1.52858472	1.53607774	1.41551197	1.40036774	1.40737319
0.00000180	1.66245425	1.30653167	1.48648119	1.31021547	1.40250576	1.52875292	1.46952164	1.41669357
0.00000200	0.75566101	0.48994938	1.94386005	1.33447874	1.87000763	1.47466779	1.52221036	1.47261560
0.00000220	1.81358647	1.95979750	1.94386005	1.23742568	1.40250576	1.43410385	1.50739169	1.51522303
0.00000240	0.90679324	1.63316453	1.48648119	1.60137451	1.40250576	1.45100546	1.42506552	1.44199169
0.00000260	1.66245425	0.97989875	1.25779176	1.52858472	1.80322170	1.44086444	1.50574517	1.44199169
0.00000280	1.96471870	2.12311387	1.37213647	1.38300526	0.93500382	1.49241447	1.47116816	1.52188039
0.00000300	2.56924748	1.46984804	1.71517062	1.28595221	0.66785985	1.43494892	1.48927987	1.45796943
0.00000340	1.36018991	1.55150628	1.42930889	1.56497955	1.16875482	1.47001982	1.40901196	1.40005004
0.00000380	1.51132202	1.71482277	1.08627474	1.49218988	1.36911273	1.47720301	1.45593786	1.44398880
0.00000420	1.73802042	1.79648101	1.08627474	1.45579493	1.36911273	1.41255426	1.44935179	1.43400276
0.00000460	1.96471870	0.89824051	1.02910233	1.35874200	1.50268471	1.42185009	1.41847944	1.46129811
0.00000500	1.73802042	1.22487342	1.25779176	1.23742568	1.70304275	1.44001937	1.44482374	1.43733144
0.00000540	1.28462374	0.89824051	1.88668764	1.34661031	1.50268471	1.44804764	1.43206322	1.46529245
0.00000580	0.98235935	0.81658226	1.65799832	1.43153167	1.63625669	1.49410462	1.39954436	1.41203332
0.00000620	1.58688819	1.38818991	1.71517062	1.27382064	1.40250576	1.43241370	1.41559803	1.44265735
0.00000700	1.13349152	1.42901897	1.48648119	1.44366336	1.46929169	1.42248392	1.41930270	1.44132590
0.00000780	1.43575597	0.89824051	0.85758531	1.43153167	1.28563023	1.41804731	1.41683292	1.38507092
0.00000860	1.54910517	1.38818991	1.28637803	1.49825561	1.20214772	1.42227268	1.38596058	1.43666577
0.00000940	1.73802042	0.97989875	1.22920561	1.23742568	1.51938117	1.41255426	1.38596058	1.36043859
0.00001020	1.36018991	1.14321518	1.74375677	1.49825561	1.65295315	1.37832844	1.40119100	1.38407230
0.00001100	1.51132202	1.30653167	1.42930889	1.24955738	1.30232680	1.40220201	1.39398742	1.40238011
0.00001180	1.36018991	1.18404424	1.14344704	1.38907099	1.28563023	1.39649773	1.38637221	1.41070187
0.00001260	0.83122712	1.22487342	1.20061946	1.41333425	1.51938117	1.35931408	1.37484658	1.38873243
0.00001420	1.36018991	1.18404424	1.18632638	1.39513683	1.45259523	1.34758854	1.35519123	1.34579229
0.00001580	1.24684072	1.16362977	1.05768859	1.33751166	1.49433649	1.34378564	1.34459174	1.37009180
0.00001740	1.24684072	1.51067722	1.47218812	1.33751166	1.22719252	1.33491230	1.34232771	1.33796990
0.00001900	1.26573229	1.04114234	1.45789504	1.40423560	1.31902325	1.31494725	1.33615327	1.29586184
0.00002060	1.28462374	0.95948416	1.28637803	1.28291929	1.36076450	1.29730618	1.29560769	1.30684650
0.00002220	1.43575597	1.02072787	1.45789504	1.29201806	1.01848626	1.28346801	1.28531694	1.28604221
0.00002380	1.24684072	1.16362977	1.27208483	1.18586636	1.21884429	1.29043996	1.26741099	1.27056372
0.00002540	1.13349152	1.08197153	1.31496418	1.24045861	1.11866534	1.27047479	1.26175106	1.25475240
0.00002860	1.37552631	1.08415902	1.13248098	1.25122309	1.18545127	1.25217068	1.24256444	1.24237251
0.00003180	1.13999093	0.99296802	1.23219621	1.19669032	1.18962538	1.22574914	1.22730720	1.19372869
0.00003500	1.18709803	1.04362965	0.96154040	1.20123470	1.19797361	1.21269035	1.19812834	1.20628464
0.00003820	1.15883374	0.99289423	1.36752415	1.16487956	1.06440163	1.18463087	1.18718636	1.19572437
0.00004140	1.10230529	1.06381524	1.19658363	1.14973164	1.09779465	1.18315125	1.18220961	1.17651629
0.00004460	1.19651949	1.15499938	1.03988814	1.20577908	1.13953590	1.15762818	1.16160965	1.15423155
0.00004780	1.15883374	1.02328897	1.02564311	1.20729387	1.23136663	1.15350640	1.16017127	1.15514624
0.00005100	1.15883374	1.08407843	1.08974576	1.19214594	1.08527231	1.15614855	1.14964020	1.13568866
0.00005740	1.24487495	1.09689796	1.08275819	1.15338600	1.14607036	1.12097299	1.11622238	1.10280657
0.00006380	0.99495691	0.91408169	0.96522194	1.10946190	1.13563263	1.11297250	1.10086727	1.10351348
0.00007020	1.00438774	1.05119395	1.06851137	1.08674252	1.06465554	1.09332168	1.09137237	1.08895957
0.00007660	1.15056634	1.20861912	1.05782628	1.11854970	1.14184082	1.08523619	1.08659637	1.06529915
0.00008300	1.01381862	1.00548983	1.01864755	1.08144140	1.12096620	1.07390308	1.06122696	1.06925678
0.00008940	1.00910318	1.08674157	1.01864755	1.11703503	1.06877971	1.05885279	1.05498731	1.04172897
0.00009580	1.16471255	1.07150686	1.04357946	1.03751731	1.02285552	1.04578280	1.04569209	1.05075955
0.00010220	1.04211128	1.02072453	0.99727726	1.01404059	1.08130443	1.06054831	1.04977477	1.04976153
0.00011500	1.03570628	0.94159156	0.98935235	1.02957714	1.07793593	1.04248345	1.04027784	1.03961647
0.00012780	1.02626932	1.00504112	1.08899939	1.01479852	1.02252316	1.03556514	1.03316164	1.02441609
0.00014060	0.99323994	1.03042102	1.05874944	1.01858795	1.06538963	1.03037643	1.02709866	1.02583015
0.00015340	1.00739539	0.97712332	1.02138174	1.04966092	1.02565980	1.03224564	1.02269280	1.02002859
0.00016620	1.06637633	0.98212624	1.03205824	1.01745105	1.01625001	1.02902424	1.01458752	1.01223087
0.00017900	1.07345414	0.98720187	1.07120526	0.98375380	0.99638504	1.02069330	1.01393235	1.01342297
0.00019180	1.07345414	0.93137038	1.01248467	1.00535393	0.98697531	1.01885808	1.01405013	1.00766253
0.00020460	1.07109487	1.09632695	1.07832289	1.00380933	1.00997686	1.02258122	1.01936257	1.00211763
0.00023020	1.03357518	0.97948486	1.02640557	1.01765704	0.95394796	1.01314020	1.00085330	1.01140606
0.00025580	1.00286329	1.03665316	1.00593078	1.00628233	0.98109919	1.00485742	1.00342286	1.00222576
0.00028140	1.03239393	0.99727058	1.01572311	1.02808380	0.96491289	1.00495636	1.00124454	1.00537717
0.00030700	1.02766907	0.90198994	1.00237000	0.99585551	1.01033902	1.00781643	1.00395763	1.00931191
0.00033260	1.05129361	1.03141809	0.96860260	0.99547637	1.03018022	1.00155210	1.00649440	1.00336254
0.00035820	0.96978885	0.97425818	1.01667666	0.98922026	1.02704740	1.00520766	1.00194430	1.00176072
0.00038380	1.09972405	0.97044754	0.97305387	1.00647187	0.99624121	1.00561917	1.00126910	1.00132084
0.00040940	1.02176297	1.04793096	1.06029940	1.00211155	0.97692209	1.00303793	0.99589330	1.00670171
0.00046060	1.03474534	1.02811956	1.01858068	1.00487673	0.99543458	0.99559951	1.00084114	1.00658882
0.00051180	1.00526547	0.99187791	1.00164151	0.97426510	1.00536799	0.99749124	1.00300038	0.99874574
0.00056300	0.99524230	1.04782999	0.98693120	0.99975896	0.98236424	0.99565309	1.00127339	1.00355470
0.00061420	0.97932315	1.01405609	0.98648542	1.00800419	1.01007330	0.99654782	1.00251794	0.99435717
0.00066540	1.01587820	0.99314952	0.95216125	0.98632962	1.03386128	0.99921089	1.00186765	1.00069571
0.00071660	0.99295509	0.99950773	0.99495500	1.01091313	0.99151349	1.00202382	1.00071704	0.99711639
0.00076780	0.97408658	0.98869878	0.98737693	1.00541651	1.00013983	0.99940985	0.99573618	0.99947500
0.00081900	0.98411047	0.98551971	1.01991808	1.00648785	1.00510657	0.99856168	0.99564201	0.99854386
0.00092140	0.98998505	0.98725784	1.00536084	1.00127542	0.98244667	1.00294578	0.99739760	1.00114441
0.00102380	0.99588484	0.97707337	0.95758605	0.99614942	1.00130212	1.00348270	1.00354707	0.99968362
0.00112620	0.98998505	1.01335561	0.99437344	0.99797177	1.00653970	0.99943703	0.99980128	0.99380022
0.00122860	1.01823103	0.99489623	0.98249561	0.99631059	1.00732541	0.99914604	0.99867266	0.99404132
0.00133100	0.99529487	0.97778273	0.99475729	1.00058210	0.99942118	1.00214982	0.99504489	0.99584478
0.00143340	1.01159179	1.00204730	1.03431153	1.01289296	1.01415384	1.00472677	1.00009704	0.99708658
0.00153580	1.00185645	0.98040211	1.01262605	1.00712132	1.00433564	1.00460923	1.00194609	0.99976009
0.00163820	1.00274146	1.00601697	1.01686108	0.99822783	1.01857114	0.99821335	1.00008976	1.00025201
0.00184300	0.97183508	0.99138385	0.99762154	1.01015699	1.02218819	0.99955869	0.99804354	1.00261235
0.00204780	0.98452145	1.01549995	1.00788438	1.00001884	1.00276470	0.99889076	1.00003457	1.00026953
0.00225260	1.00539660	1.00324583	1.00069582	1.00932467	0.99368453	1.00202894	0.99934906	1.00041080
0.00245740	1.01048422	1.00085866	0.99020922	0.99515861	1.01317203	1.00012720	0.99893439	1.00146031
0.00266220	1.01026165	1.00492156	1.00593925	1.00121117	0.98587745	0.99512261	1.00281525	1.00219774
0.00286700	0.98687577	1.01303732	0.98451966	1.00657105	1.02132165	0.99838793	0.99979788	1.00172997
0.00307180	0.99388629	0.98614395	1.00163746	0.99055296	0.99896836	1.00024605	1.00234318	1.00055945
0.00327660	1.02479327	1.01192343	0.99247783	1.00118244	1.01086390	1.00002432	0.99892700	0.99743235
0.00368620	0.99555677	1.00034404	1.00537372	1.00751448	0.99252301	0.99911678	1.00267804	0.99951351
0.00409580	1.00581801	1.00839460	0.99368006	0.99639970	0.99770337	0.99882811	1.00411546	0.99889356
0.00450540	1.00057864	1.00162446	1.00818574	0.99596786	1.00779498	1.00312638	0.99991494	1.00068069
0.00491500	0.98359770	1.01023233	0.99256366	1.00051308	0.99661797	1.00282502	0.99844283	1.00006211
0.00532460	1.00419569	1.00193822	0.98104894	1.00544167	1.00666332	1.00007761	1.00046802	1.00387728
0.00573420	1.01645005	1.00425458	1.01307535	0.99929702	0.99515164	1.00194168	0.99940389	1.00031745
0.00614380	0.99511868	0.99636406	0.99370503	1.00024569	1.00470436	1.00095880	0.99806005	0.99908525
0.00655340	1.00973594	0.99883485	0.99955112	0.99415344	1.00339580	0.99972987	0.99878514	0.99982452
0.00737260	1.00688052	0.99718934	1.00087476	0.99925423	0.99893928	1.00061715	1.00055611	1.00215161
0.00819180	0.99639410	1.00349879	0.99744493	0.99690098	1.00304353	1.00178814	1.00109351	0.99937707
0.00901100	0.99479657	0.99307942	1.00113428	0.99562252	0.99925238	0.99936056	1.00045776	0.99991220
0.00983020	1.01201046	0.99934930	0.99568754	1.00426793	0.99636006	0.99988216	1.00107479	0.99902320
0.01064940	0.99930257	0.98966581	1.00137234	1.00005627	1.00168121	1.00051379	1.00121951	0.99982834
0.01146860	1.00096464	0.99529070	0.99925631	1.00150764	0.99305433	0.99962896	1.00065470	1.00072885
0.01228780	1.00289643	1.00315952	1.00332057	1.00335789	1.00408292	0.99947798	1.00015187	1.00054753
0.01310700	1.00750971	0.98146760	0.99649757	1.00067759	0.99651194	1.00018132	0.99996656	1.00008285
0.01474540	0.99940056	0.99969268	0.99511451	0.99800098	0.99933183	0.99961770	1.00050938	0.99942738
0.01638380	0.99798697	0.99829721	0.99447387	0.99785328	1.00051010	1.00002146	1.00033939	0.99967712
0.01802220	1.00121915	1.00095034	1.00094831	0.99742806	1.00046539	0.99926376	1.00386727	1.00017965
0.01966060	1.00539517	1.00455546	0.99646604	1.00432897	1.00409865	0.99954396	1.00072765	0.99998122
0.02129900	1.00282037	1.00862396	1.00045311	0.99624509	1.01038754	1.00034833	1.00010419	1.00153673
0.02293740	1.00173044	1.00126004	1.00264513	0.99917567	1.00333488	0.99986178	1.00113130	0.99990630
0.02457580	1.00035739	1.00113070	0.99762803	1.00180829	0.99749494	0.99936998	1.00069153	1.00069952
0.02621420	1.00421679	0.99589300	1.00570881	1.00362027	0.99763930	1.00008500	0.99844253	1.00071383
0.02949100	0.99998701	0.99939114	0.99664938	0.99995190	0.99885285	1.00031972	0.99998313	1.00026858
0.03276780	1.01032102	1.00221729	1.00492716	1.00104070	0.99991566	0.99891859	0.99989790	1.00045490
0.03604460	0.99769539	1.00205278	1.00033593	1.00171351	0.99918550	0.99943674	1.00036120	1.00036359
0.03932140	1.00040650	0.99839121	0.99883151	1.00028563	1.00365233	0.99972665	1.00084496	0.99976981
0.04259820	0.99864805	0.99898899	0.99843174	0.99583322	0.99885392	1.00012374	0.99958032	0.99978709
0.04587500	1.00262892	1.00460804	0.99618530	1.00128973	1.00019646	0.99897188	1.00001800	1.00044537
0.04915180	0.99828774	0.99768704	0.99743867	1.00090468	0.99913472	1.00034010	0.99974930	0.99968642
0.05242860	0.99504489	1.00508356	1.00390327	0.99896878	1.00651014	1.00083709	0.99960262	1.00051415
0.05898220	1.00406730	1.00370073	0.99835539	0.99869484	1.00098896	0.99970245	1.00018346	0.99948126
0.06553581	0.99844575	0.99895960	1.00103641	0.99972105	0.99734664	0.99974036	1.00019801	0.99944514
0.07208940	1.00300419	0.99881238	0.99825454	1.00010252	0.99941772	0.99990290	0.99999970	1.00007069
0.07864300	0.99780685	0.99707061	1.00159550	1.00069416	0.99912775	1.00021732	1.00055289	0.99950039
0.08519660	0.99894917	1.00045121	1.00349140	1.00031984	0.99828470	1.00014210	0.99961901	1.00038862
0.09175020	1.00147200	1.00031662	1.00000191	0.99742734	0.99724668	0.99975574	1.00059175	1.00051665
0.09830380	0.99878305	1.00065088	0.99517071	0.99981952	0.99793679	1.00090420	0.99985760	1.00067675
0.10485740	1.00290763	1.00392675	0.99839818	1.00314593	0.99815714	1.00004685	1.00063491	0.99953610
0.11796460	1.00409520	0.99985123	0.99941278	0.99921805	1.00081503	1.00004935	1.00018167	0.99995190
0.13107181	0.99960297	1.00146019	0.99955159	1.00070143	1.00207222	0.99971038	0.99978435	1.00032043
0.14417900	1.00115204	0.99891812	1.00153244	1.00224566	1.00161898	0.99938130	1.00019383	0.99999493
0.15728620	0.99845243	0.99906665	1.00003707	0.99959666	0.99847776	1.00023508	1.00031567	1.00028622
0.17039341	1.00234175	0.99897140	0.99865401	1.00023794	1.00103247	1.00029564	0.99995518	0.99973232
0.18350060	1.00282288	1.00142133	0.99986643	0.99915314	0.99877870	0.99979049	0.99999225	1.00041568
0.19660780	0.99901044	1.00219965	1.00017488	0.99901068	1.00098777	1.00079322	1.00019884	0.99983066
0.20971501	1.00185847	0.99966913	1.00135958	0.99941951	0.99994135	1.00036085	1.00023580	0.99982578
0.23592941	1.00060320	0.99891198	1.00098395	1.00115526	0.99953580	1.00015187	1.00011122	0.99995643
0.26214382	0.99995685	1.00105846	1.00048125	1.00028396	1.00010228	1.00029111	0.99989194	1.00030899
0.28835821	0.99906230	1.00071132	1.00068760	1.00056243	0.99928528	0.99975884	0.99984026	0.99980634
0.31457260	0.99906147	1.00142169	1.00062597	0.99982166	0.99943227	1.00007701	0.99979931	1.00042236
0.34078699	1.00103438	1.00043404	0.99955279	1.00049567	0.99874467	0.99967599	0.99970829	0.99973130
0.36700141	1.00045824	1.00003076	1.00124800	1.00062501	1.00146174	0.99963176	0.99996889	0.99970120
0.39321581	0.99937469	0.99976742	0.99978197	1.00029528	0.99884886	1.00013542	0.99983549	0.99991268
0.41943020	0.99826306	1.00072277	1.00013232	0.99996817	1.00052869	1.00006378	0.99993199	0.99973297
0.47185901	0.99931371	1.00041664	1.00006676	0.99926859	1.00053203	1.00004625	1.00005031	0.99981648
0.52428782	0.99985355	1.00025833	0.99859506	0.99981904	1.00072992	1.00014579	1.00006080	1.00012863
0.57671660	1.00060296	1.00144064	0.99886268	1.00051260	1.00125837	0.99977696	0.99984539	0.99994546
0.62914538	1.00114179	0.99943572	1.00085282	0.99999148	0.99982995	0.99998534	0.99996024	0.99971735
0.68157423	0.99898058	1.00040531	1.00060177	0.99886054	0.99945551	1.00008142	0.99985772	1.00011873
0.73400301	0.99865079	1.00023592	0.99955696	1.00017905	1.00174999	1.00001955	1.00001323	0.99990475
0.78643179	0.99832559	0.99962461	0.99874437	1.00005329	1.00049067	0.99983788	1.00036108	0.99989575
0.83886063	0.99938983	0.99964112	0.99912447	0.99944329	1.00005579	0.99992716	0.99998409	0.99989611
0.94371825	0.99910802	1.00092566	0.99937856	0.99951571	0.99991047	1.00000262	1.00014961	0.99997038
1.04857588	0.99874389	1.00117409	0.99989164	0.99998379	0.99888247	0.99999529	0.99999923	1.00011110
1.15343344	1.00155473	1.00031292	0.99938756	1.00005054	1.00006628	0.99995625	0.99997950	0.99985409
1.25829101	1.00139391	1.00144672	0.99941528	0.99988240	0.99949801	1.00000131	1.00012255	0.99988145
1.36314869	0.99885416	1.00060427	1.00050616	0.99975479	1.00054419	0.99992549	0.99993217	1.00014746
1.46800625	0.99997592	1.00063121	0.99953145	0.99981517	1.00004840	1.00003946	0.99984592	0.99992961
1.57286382	0.99982131	1.00069785	1.00005996	1.00000799	1.00030386	1.00003159	0.99947286	0.99983114
1.67772150	0.99902898	1.00025403	1.00060046	0.99973458	0.99963772	1.00002229	0.99992031	1.00016189
1.88743675	0.99859995	0.99965465	1.00029039	1.00005579	0.99959940	0.99982929	1.00017536	1.00000691
2.09715199	0.99938154	1.00053680	1.00041366	1.00003195	1.00020635	1.00007510	1.00015306	0.99989599
2.30686712	1.00100899	0.99934500	0.99993700	0.99999458	0.99937588	0.99999821	0.99984390	1.00012553
2.51658225	1.00076258	1.00130677	0.99984938	0.99990523	0.99964118	0.99983847	1.00001895	1.00016332
2.72629738	1.00136375	0.99969918	0.99964935	0.99986678	0.99983746	0.99985695	0.99994254	0.99991959
2.93601274	1.00094688	1.00015688	0.99948770	0.99984533	0.99979585	1.00004601	1.00005257	1.00000751
3.14572787	0.99938667	0.99965876	1.00062728	0.99998295	0.99924999	1.00016463	1.00002551	0.99999082
3.35544300	0.99910462	0.99951178	1.00021195	0.99992925	0.99973220	0.99999720	0.99974674	0.99998361
3.77487350	0.99995553	1.00019825	0.99962258	1.00017059	0.99999589	1.00006449	0.99978578	0.99984616
4.19430399	0.99796665	0.99996603	1.00037372	0.99998146	0.99994278	0.99991220	0.99999148	1.00009465
4.61373425	0.99874908	0.99992615	0.99963182	0.99999422	1.00003839	1.00004649	1.00004852	0.99992800
5.03316450	1.00000000	1.00000000	1.00000000	1.00000000	1.00000000	1.00000000	1.00000000	1.00000000
5.45259476	0.00000000	0.00000000	0.00000000	0.00000000	0.00000000	0.00000000	0.00000000	0.00000000
5.87202549	0.00000000	0.00000000	0.00000000	0.00000000	0.00000000	0.00000000	0.00000000	0.00000000
6.29145575	0.00000000	0.00000000	0.00000000	0.00000000	0.00000000	0.00000000	0.00000000	0.00000000
6.71088600	0.00000000	0.00000000	0.00000000	0.00000000	0.00000000	0.00000000	0.00000000	0.00000000
7.54974699	0.00000000	0.00000000	0.00000000	0.00000000	0.00000000	0.00000000	0.00000000	0.00000000
8.38860798	0.00000000	0.00000000	0.00000000	0.00000000	0.00000000	0.00000000	0.00000000	0.00000000
9.22746849	0.00000000	0.00000000	0.00000000	0.00000000	0.00000000	0.00000000	0.00000000	0.00000000
10.06632900	0.00000000	0.00000000	0.00000000	0.00000000	0.00000000	0.00000000	0.00000000	0.00000000
10.90518951	0.00000000	0.00000000	0.00000000	0.00000000	0.00000000	0.00000000	0.00000000	0.00000000
11.74405098	0.00000000	0.00000000	0.00000000	0.00000000	0.00000000	0.00000000	0.00000000	0.00000000
12.58291149	0.00000000	0.00000000	0.00000000	0.00000000	0.00000000	0.00000000	0.00000000	0.00000000
13.42177200	0.00000000	0.00000000	0.00000000	0.00000000	0.00000000	0.00000000	0.00000000	0.00000000
15.09949398	0.00000000	0.00000000	0.00000000	0.00000000	0.00000000	0.00000000	0.00000000	0.00000000
16.77721596	0.00000000	0.00000000	0.00000000	0.00000000	0.00000000	0.00000000	0.00000000	0.00000000
18.45493698	0.00000000	0.00000000	0.00000000	0.00000000	0.00000000	0.00000000	0.00000000	0.00000000
20.13265800	0.00000000	0.00000000	0.00000000	0.00000000	0.00000000	0.00000000	0.00000000	0.00000000
21.81037903	0.00000000	0.00000000	0.00000000	0.00000000	0.00000000	0.00000000	0.00000000	0.00000000
23.48810196	0.00000000	0.00000000	0.00000000	0.00000000	0.00000000	0.00000000	0.00000000	0.00000000
25.16582298	0.00000000	0.00000000	0.00000000	0.00000000	0.00000000	0.00000000	0.00000000	0.00000000
26.84354401	0.00000000	0.00000000	0.00000000	0.00000000	0.00000000	0.00000000	0.00000000	0.00000000
30.19898796	0.00000000	0.00000000	0.00000000	0.00000000	0.00000000	0.00000000	0.00000000	0.00000000
33.55443192	0.00000000	0.00000000	0.00000000	0.00000000	0.00000000	0.00000000	0.00000000	0.00000000
36.90987396	0.00000000	0.00000000	0.00000000	0.00000000	0.00000000	0.00000000	0.00000000	0.00000000
40.26531601	0.00000000	0.00000000	0.00000000	0.00000000	0.00000000	0.00000000	0.00000000	0.00000000
43.62075806	0.00000000	0.00000000	0.00000000	0.00000000	0.00000000	0.00000000	0.00000000	0.00000000
46.97620392	0.00000000	0.00000000	0.00000000	0.00000000	0.00000000	0.00000000	0.00000000	0.00000000
50.33164597	0.00000000	0.00000000	0.00000000	0.00000000	0.00000000	0.00000000	0.00000000	0.00000000
53.68708801	0.00000000	0.00000000	0.00000000	0.00000000	0.00000000	0.00000000	0.00000000	0.00000000
60.39797592	0.00000000	0.00000000	0.00000000	0.00000000	0.00000000	0.00000000	0.00000000	0.00000000
67.10886383	0.00000000	0.00000000	0.00000000	0.00000000	0.00000000	0.00000000	0.00000000	0.00000000
73.81974792	0.00000000	0.00000000	0.00000000	0.00000000	0.00000000	0.00000000	0.00000000	0.00000000
80.53063202	0.00000000	0.00000000	0.00000000	0.00000000	0.00000000	0.00000000	0.00000000	0.00000000
87.24151611	0.00000000	0.00000000	0.00000000	0.00000000	0.00000000	0.00000000	0.00000000	0.00000000
93.95240784	0.00000000	0.00000000	0.00000000	0.00000000	0.00000000	0.00000000	0.00000000	0.00000000
100.66329193	0.00000000	0.00000000	0.00000000	0.00000000	0.00000000	0.00000000	0.00000000	0.00000000
107.37417603	0.00000000	0.00000000	0.00000000	0.00000000	0.00000000	0.00000000	0.00000000	0.00000000
120.79595184	0.00000000	0.00000000	0.00000000	0.00000000	0.00000000	0.00000000	0.00000000	0.00000000
134.21772766	0.00000000	0.00000000	0.00000000	0.00000000	0.00000000	0.00000000	0.00000000	0.00000000
147.63949585	0.00000000	0.00000000	0.00000000	0.00000000	0.00000000	0.00000000	0.00000000	0.00000000
161.06126404	0.00000000	0.00000000	0.00000000	0.00000000	0.00000000	0.00000000	0.00000000	0.00000000
174.48303223	0.00000000	0.00000000	0.00000000	0.00000000	0.00000000	0.00000000	0.00000000	0.00000000
187.90481567	0.00000000	0.00000000	0.00000000	0.00000000	0.00000000	0.00000000	0.00000000	0.00000000
201.32658386	0.00000000	0.00000000	0.00000000	0.00000000	0.00000000	0.00000000	0.00000000	0.00000000
214.74835205	0.00000000	0.00000000	0.00000000	0.00000000	0.00000000	0.00000000	0.00000000	0.00000000
241.59190369	0.00000000	0.00000000	0.00000000	0.00000000	0.00000000	0.00000000	0.00000000	0.00000000
268.43545532	0.00000000	0.00000000	0.00000000	0.00000000	0.00000000	0.00000000	0.00000000	0.00000000
295.27899170	0.00000000	0.00000000	0.00000000	0.00000000	0.00000000	0.00000000	0.00000000	0.00000000
322.12252808	0.00000000	0.00000000	0.00000000	0.00000000	0.00000000	0.00000000	0.00000000	0.00000000
348.96606445	0.00000000	0.00000000	0.00000000	0.00000000	0.00000000	0.00000000	0.00000000	0.00000000
375.80963135	0.00000000	0.00000000	0.00000000	0.00000000	0.00000000	0.00000000	0.00000000	0.00000000
402.65316772	0.00000000	0.00000000	0.00000000	0.00000000	0.00000000	0.00000000	0.00000000	0.00000000
429.49670410	0.00000000	0.00000000	0.00000000	0.00000000	0.00000000	0.00000000	0.00000000	0.00000000
483.18380737	0.00000000	0.00000000	0.00000000	0.00000000	0.00000000	0.00000000	0.00000000	0.00000000
536.87091064	0.00000000	0.00000000	0.00000000	0.00000000	0.00000000	0.00000000	0.00000000	0.00000000
590.55798340	0.00000000	0.00000000	0.00000000	0.00000000	0.00000000	0.00000000	0.00000000	0.00000000
644.24505615	0.00000000	0.00000000	0.00000000	0.00000000	0.00000000	0.00000000	0.00000000	0.00000000
697.93212891	0.00000000	0.00000000	0.00000000	0.00000000	0.00000000	0.00000000	0.00000000	0.00000000
751.61926270	0.00000000	0.00000000	0.00000000	0.00000000	0.00000000	0.00000000	0.00000000	0.00000000
805.30633545	0.00000000	0.00000000	0.00000000	0.00000000	0.00000000	0.00000000	0.00000000	0.00000000
858.99340820	0.00000000	0.00000000	0.00000000	0.00000000	0.00000000	0.00000000	0.00000000	0.00000000
966.36761475	0.00000000	0.00000000	0.00000000	0.00000000	0.00000000	0.00000000	0.00000000	0.00000000
1073.74182129	0.00000000	0.00000000	0.00000000	0.00000000	0.00000000	0.00000000	0.00000000	0.00000000
1181.11596680	0.00000000	0.00000000	0.00000000	0.00000000	0.00000000	0.00000000	0.00000000	0.00000000
1288.49011230	0.00000000	0.00000000	0.00000000	0.00000000	0.00000000	0.00000000	0.00000000	0.00000000
1395.86425781	0.00000000	0.00000000	0.00000000	0.00000000	0.00000000	0.00000000	0.00000000	0.00000000
1503.23852539	0.00000000	0.00000000	0.00000000	0.00000000	0.00000000	0.00000000	0.00000000	0.00000000
1610.61267090	0.00000000	0.00000000	0.00000000	0.00000000	0.00000000	0.00000000	0.00000000	0.00000000
1717.98681641	0.00000000	0.00000000	0.00000000	0.00000000	0.00000000	0.00000000	0.00000000	0.00000000
1932.73522949	0.00000000	0.00000000	0.00000000	0.00000000	0.00000000	0.00000000	0.00000000	0.00000000
2147.48364258	0.00000000	0.00000000	0.00000000	0.00000000	0.00000000	0.00000000	0.00000000	0.00000000
2362.23193359	0.00000000	0.00000000	0.00000000	0.00000000	0.00000000	0.00000000	0.00000000	0.00000000
2576.98022461	0.00000000	0.00000000	0.00000000	0.00000000	0.00000000	0.00000000	0.00000000	0.00000000
2791.72851562	0.00000000	0.00000000	0.00000000	0.00000000	0.00000000	0.00000000	0.00000000	0.00000000
3006.47705078	0.00000000	0.00000000	0.00000000	0.00000000	0.00000000	0.00000000	0.00000000	0.00000000
3221.22534180	0.00000000	0.00000000	0.00000000	0.00000000	0.00000000	0.00000000	0.00000000	0.00000000
3435.97363281	0.00000000	0.00000000	0.00000000	0.00000000	0.00000000	0.00000000	0.00000000	0.00000000
0	0	0	0	0	0	0	0	0
