%2/6/2015 6:38:27 AM
%Duration	ID1		ID2		ID3		ID4		ID5		ID6		ID7		ID8
3000.000000	3.700256	5.321503	6.933212	7.753372	13.656616	22.144318	20.666122	18.367767
%Tau		Tau1		Tau2		Tau3		Tau4		Tau5		Tau6		Tau7		Tau8
%		0.000002	0.000003	0.000001	0.000002	0.000008	0.000022	0.000021	0.000016
%Delaytime	D1		D2		D3		D4		D5		D6		D7		D8
0.00000000	5.79482698	14.24341202	9.91213608	9.22446728	4.44444036	2.14618278	3.01245093	4.43826818
0.00000020	2.51949000	2.23656893	2.22387648	2.63556218	1.73285031	1.59481549	1.58795869	1.50498509
0.00000040	1.76364303	1.76571226	1.84264064	1.64722633	1.47613180	1.33395350	1.44784474	1.45705569
0.00000060	1.76364303	1.53028393	1.90617990	1.37268865	1.50822163	1.45845580	1.54125404	1.48581338
0.00000080	1.76364303	1.53028393	1.08016860	1.59231877	1.25150299	1.39916897	1.64244747	1.44746971
0.00000100	1.51169407	1.76571226	1.01662934	1.53741121	1.55635631	1.52959991	1.50233352	1.44746971
0.00000120	1.00779605	1.05942738	1.20724726	1.42759621	1.68471563	1.44066978	1.37778771	1.39954031
0.00000140	1.51169407	1.53028393	1.01662934	1.26287353	1.92538929	1.40509760	1.43227649	1.54332864
0.00000160	0.75584704	0.58857077	1.08016860	1.53741121	1.50822163	1.55331469	1.22988963	1.57208633
0.00000180	0.50389802	1.41256976	1.20724726	1.42759621	1.68471563	1.57110071	1.44784474	1.26533782
0.00000200	1.00779605	1.53028393	1.08016860	0.87852073	1.49217665	1.31616735	1.65023160	1.41871202
0.00000220	0.75584704	1.17714155	1.08016860	0.87852073	1.26754797	1.33988214	1.33886719	1.23658013
0.00000240	1.51169407	1.76571226	1.01662934	1.09815085	1.57240117	1.43474102	1.62687922	1.46664155
0.00000260	1.00779605	1.05942738	1.77910125	1.70213389	1.47613180	1.34581077	1.32329893	1.38995445
0.00000280	2.51949000	1.05942738	1.33432591	1.64722633	1.63658082	1.44066978	1.53346992	1.15030706
0.00000300	0.25194901	0.82399905	1.33432591	1.75704145	1.31568265	1.45845580	1.61131108	1.30368137
0.00000340	1.76364303	0.94171321	1.04839897	1.20796597	1.40392971	1.39324021	1.48287320	1.44267678
0.00000380	1.13377059	1.23599863	1.30255628	1.34523487	1.25952542	1.39027596	1.43616855	1.28450954
0.00000420	0.75584704	1.11828446	1.23901701	1.64722633	1.44404197	1.41695499	1.49065733	1.38036847
0.00000460	1.13377059	1.70685518	0.79424167	1.34523487	1.37183988	1.48809922	1.51011753	1.36598969
0.00000500	1.38571954	1.17714155	1.14370799	1.20796597	1.37183988	1.48513484	1.43227649	1.48102033
0.00000540	1.00779605	1.41256976	1.42963493	1.15305841	1.41997457	1.42288363	1.28827035	1.23658013
0.00000580	0.88182151	1.58914101	1.30255628	1.29032731	1.39590716	1.41695499	1.41670823	1.28930247
0.00000620	1.88961756	1.00057030	1.04839897	1.18051219	1.42799699	1.41399062	1.39724791	1.34202492
0.00000700	0.56688529	0.85342759	1.06428385	1.11187780	1.42398584	1.37397206	1.37000358	1.44267678
0.00000780	1.00779605	1.14771295	1.20724726	1.23541975	1.31969392	1.40657985	1.38167977	1.33962846
0.00000860	0.75584704	1.44199836	1.01662934	1.53741121	1.41195214	1.32061386	1.34470522	1.30128491
0.00000940	1.13377059	0.94171321	1.12782311	1.26287353	1.27958167	1.36656117	1.33108306	1.40672970
0.00001020	1.00779605	0.91228467	1.00074446	1.24914658	1.20737946	1.40213335	1.28827035	1.17427182
0.00001100	1.32273233	1.26542711	1.00074446	0.93342829	1.24749184	1.32506049	1.32913697	1.22220123
0.00001180	1.38571954	1.14771295	0.96897477	1.44132304	1.26353669	1.33691776	1.33108306	1.36119676
0.00001260	1.25974500	0.76514196	1.33432591	1.19423914	1.32370508	1.30431008	1.32913697	1.25335538
0.00001420	1.19675779	0.95642745	1.11988068	1.19423914	1.27757597	1.26206815	1.25810695	1.24976075
0.00001580	0.94480878	0.86814189	1.08016860	1.13246810	1.39189601	1.29615808	1.33108306	1.22339952
0.00001740	1.22825146	1.13299870	1.18342006	1.08442402	1.25751984	1.22723722	1.25907993	1.20422769
0.00001900	1.10227692	0.95642745	1.11193824	1.22169292	1.17127848	1.22130847	1.26005304	1.26294136
0.00002060	1.19675779	1.01528454	1.30255628	1.13246810	1.26353669	1.23242474	1.24934983	1.19344366
0.00002220	0.91331518	1.11828446	1.02457166	1.26287353	1.21941316	1.17313790	1.17929280	1.15030706
0.00002380	1.13377059	1.07414162	1.04045653	1.08442402	1.18130648	1.16424489	1.17831981	1.18505597
0.00002540	1.41721320	0.97114176	0.99280202	1.19423914	1.22743559	1.23464799	1.14912939	1.20063305
0.00002860	0.92940634	1.06160223	1.10432196	1.16804397	1.10364783	1.18138146	1.12519121	1.15184522
0.00003180	1.21295404	1.09820926	1.19503415	1.09953701	1.13854182	1.14289391	1.07255352	1.14470565
0.00003500	0.85064310	1.09088778	1.00966573	1.01732862	1.12159336	1.12566626	1.11022091	1.12745178
0.00003820	1.11843812	0.98106694	1.10037792	1.07898498	1.10760987	1.08497953	1.11456716	1.11495757
0.00004140	0.86639571	0.99570972	1.05304980	1.07208788	1.11060071	1.08497953	1.06337821	1.06260097
0.00004460	1.14994335	1.06160223	1.04121780	0.98303270	1.09764040	1.09599137	1.11989737	1.03463781
0.00004780	0.85064310	0.96642411	1.11220992	1.02070987	1.03682649	1.09927487	1.06339538	1.02690327
0.00005100	0.96091163	1.02499533	1.02938581	1.11661553	1.06272244	1.08458233	1.06725883	1.02392852
0.00005740	0.99992263	0.90263993	1.04655159	1.06884742	1.02289724	1.08042800	1.05799973	1.01951373
0.00006380	1.06290984	0.94300187	1.01501703	0.94380599	1.01391578	1.05292225	1.09371686	1.02368116
0.00007020	0.96055561	1.10444963	0.92439818	1.09625375	1.00842702	1.05200541	1.04593313	1.03142047
0.00007660	1.04716301	0.95400965	1.05448401	1.03116369	1.04385424	1.03990281	1.02879858	1.02427649
0.00008300	1.03928971	1.00904870	0.98747009	1.02431214	1.01191986	1.02963400	0.99308139	1.04630387
0.00008940	1.04716301	1.03106427	1.02886105	0.96264786	1.04684806	1.03183448	0.99670142	1.02606249
0.00009580	1.03928971	0.93566334	0.98155713	1.08597636	1.01391578	1.01918173	1.04279578	1.02548563
0.00010220	1.03928971	1.00537944	1.01112211	1.04829264	1.02239823	1.03605199	0.98777211	1.00822055
0.00011500	0.97353774	0.94519508	1.11485374	0.99236625	0.99651033	1.02351391	0.99491662	1.00640488
0.00012780	0.96565485	0.95437175	1.00731480	1.03432131	1.03120840	1.02444661	0.99853802	1.01608324
0.00014060	0.92624038	0.92684180	0.99251586	0.98722887	1.01398420	1.03087401	1.01217854	1.02099693
0.00015340	1.00901079	0.99658436	0.99646223	1.02319038	1.00424874	1.03675056	0.97887766	1.00744712
0.00016620	1.09966409	1.04063225	1.04085910	0.98979759	1.00424874	1.01674795	1.04151189	0.98168772
0.00017900	0.95777196	1.00209033	1.01224780	0.96839190	1.02097380	1.02234912	1.01121283	1.01027620
0.00019180	0.95777196	1.04246759	0.94515920	0.96667945	1.01473308	1.03821969	0.98839813	0.98734587
0.00020460	1.05236673	1.11771619	1.00139523	1.00520968	1.02022481	1.04014790	1.01652420	0.98881704
0.00023020	1.02430177	1.04385364	0.97928131	1.00938737	0.99471331	1.02782845	1.01413739	0.99889606
0.00025580	1.00066411	0.99515277	0.99111551	0.97816485	1.00832236	0.99950749	0.99916673	1.00098109
0.00028140	1.07945645	1.03925920	1.01724946	0.97346008	1.04065967	1.01900113	1.00202012	1.01572561
0.00030700	0.98696685	1.05212367	0.98914319	1.00686467	0.96886849	1.01268518	1.00748086	1.00226510
0.00033260	1.05384898	0.96850508	1.00048435	1.05092037	0.98971915	1.00965071	1.01840675	1.00135350
0.00035820	1.02233195	1.00893605	0.97287112	1.00173199	1.00732362	1.00330591	1.02118349	1.00716186
0.00038380	1.01248288	1.06315029	1.04535568	1.02957857	0.99586022	1.02445519	1.00874841	0.99630773
0.00040940	1.00263393	0.98412615	1.00053072	1.03727794	1.01833451	1.03846347	1.00296974	1.01082897
0.00046060	0.98446798	1.02685428	0.96259832	0.99318093	1.00374973	1.01835191	1.00452697	1.01465154
0.00051180	1.01215446	1.02147031	1.00058174	1.00089157	1.00691319	1.01943922	1.00717092	1.00694954
0.00056300	1.00032794	1.02468681	1.01762021	1.01310027	1.01202178	1.00963712	1.00979853	1.00411510
0.00061420	0.96780497	1.01273978	1.00897753	1.00453281	1.01035821	1.01952267	1.01508403	1.00872064
0.00066540	1.00032794	1.01687527	0.99732530	1.00560367	1.00221086	1.01737416	1.00634158	1.00224912
0.00071660	0.94710851	0.93048912	1.02152383	1.00132000	1.01109970	1.01407504	1.00939202	0.99861205
0.00076780	0.97963148	1.00906372	1.01189375	0.98799777	1.01588750	1.01515651	0.99909276	1.01364315
0.00081900	0.98850143	1.00584722	0.99806607	1.00984383	1.00913906	1.01607692	0.99921358	0.99361414
0.00092140	1.00908530	1.02257311	0.99461871	1.01590574	1.00856090	1.02223015	1.01153970	1.00295782
0.00102380	1.00514936	1.03129148	1.00463545	1.00726724	1.00830281	1.01752698	1.00452900	1.00510347
0.00112620	0.99324942	1.04109108	1.00080192	0.98593640	1.00918519	1.02580965	1.00405622	1.00860786
0.00122860	1.00022936	1.01356113	0.99313480	0.99468303	1.00656116	1.01102245	1.01094663	0.99950719
0.00133100	1.02827322	1.01739693	0.99395424	1.00765252	0.99691653	1.01585269	1.00882602	1.00159526
0.00143340	1.02433729	1.01097369	0.99766397	1.01622736	1.01512802	1.01614666	1.00266349	1.00582814
0.00153580	1.00022936	0.98321605	0.99988979	1.00565946	1.00703752	1.02138007	1.00067699	1.00220954
0.00163820	1.05041301	1.00202692	0.98517460	1.01504827	1.01019251	1.01782966	1.00447536	1.01185155
0.00184300	1.01489532	0.99189210	1.00426543	1.02232265	1.00756824	1.02075958	1.00842893	1.00202739
0.00204780	0.97406334	1.01591957	1.01731431	1.01117074	1.00809944	1.02022004	1.00819385	1.00287557
0.00225260	1.00176573	1.00004923	1.00261104	1.01084876	1.00188351	1.01415241	1.00368631	1.00586450
0.00245740	1.00889838	0.99046332	1.00250256	1.00699532	1.02080429	1.01298678	1.00463867	1.00704193
0.00266220	1.01701486	1.00980186	1.00700164	1.00684452	1.00556922	1.01638842	1.00671625	1.00668693
0.00286700	0.99856842	1.00842500	0.99896246	1.01210272	0.99928308	1.01161063	1.00500143	1.00194275
0.00307180	0.99118984	0.98582178	1.00500762	1.02139461	0.99754953	1.01843405	1.01084745	1.00722969
0.00327660	1.00585377	1.00365722	1.00485241	1.01051295	1.00334370	1.01737225	1.00584197	1.00471997
0.00368620	1.01623833	1.00648296	1.00326157	1.01537848	1.00679648	1.01840639	1.00462651	1.00512218
0.00409580	1.00866246	1.00037551	1.00749958	1.00444674	1.00221848	1.01570332	1.00888431	1.00181365
0.00450540	1.00755739	0.98880285	1.00415850	1.01824927	1.00967920	1.01538563	1.00708783	1.00539792
0.00491500	1.00436497	1.01499736	1.00567341	1.01621079	1.00364816	1.01582456	1.00715852	0.99661475
0.00532460	1.01216495	0.99218404	1.00524044	1.01238823	1.00661683	1.01802528	1.00261724	0.99937958
0.00573420	0.98272336	1.00166845	1.00533140	0.99825877	1.00366378	1.01552129	1.00541401	1.00689006
0.00614380	1.01683152	1.00488126	1.00426447	1.00563562	1.01755309	1.01759493	1.00475264	0.99824953
0.00655340	0.99994481	1.00525904	1.01213312	1.02217305	0.99973476	1.01457179	1.00314665	1.00454044
0.00737260	1.01169348	0.99503911	1.00280249	1.00937855	1.00704694	1.01895320	1.00500584	0.99932843
0.00819180	1.00126183	1.00364852	1.00145507	1.00499499	1.00440216	1.01892567	1.00331199	1.00410235
0.00901100	0.99521738	1.00247538	1.00219798	1.00717509	1.00607240	1.02015626	1.00224173	1.00207424
0.00983020	0.99267137	1.00463235	1.00377643	1.00771916	1.00715196	1.01878536	1.00438297	1.00681925
0.01064940	1.01126087	1.01426649	1.00481355	1.01796067	1.00566947	1.01797199	1.00665903	1.00498557
0.01146860	1.01058602	1.00822723	1.00176406	1.01359034	1.00708139	1.01706922	1.00900304	1.00189662
0.01228780	0.99935955	1.00073290	1.00625300	1.01534057	1.00523925	1.01441288	1.00719428	1.00351179
0.01310700	1.01000464	1.00629020	1.00730598	1.01014411	1.00821102	1.01807892	1.00686419	1.00137794
0.01474540	1.01081848	1.00233757	1.00225365	1.01396203	1.00767195	1.01652467	1.00580454	1.00237012
0.01638380	1.00320172	1.00268877	1.00377059	1.00963342	1.00836110	1.01895690	1.00680697	1.00440300
0.01802220	0.99819595	1.00401628	1.00431240	1.00734675	1.00716114	1.01809812	1.00648212	1.00435269
0.01966060	1.00283325	1.00183082	1.00200486	1.00651085	1.00511229	1.01707017	1.00628984	1.00394368
0.02129900	1.00390565	1.00043941	1.00479078	1.00906861	1.00574613	1.01508296	1.00398397	1.00238013
0.02293740	1.00396788	1.00471032	1.00064969	1.00842106	1.00433969	1.01747668	1.00774872	1.00385952
0.02457580	0.99659967	1.00863457	1.00298679	1.01577151	1.00635612	1.01689208	1.00494182	1.00238657
0.02621420	1.00885177	0.99655110	1.00326514	1.00586367	1.00453162	1.01590109	1.00629485	1.00312984
0.02949100	1.00598300	1.00161052	1.00412965	1.01017308	1.00607705	1.01764238	1.00518596	1.00252664
0.03276780	0.99994755	1.00538111	1.00456989	1.00768626	1.00499988	1.01826906	1.00580835	1.00377512
0.03604460	0.99954933	1.00256050	1.00179303	1.00610280	1.00654685	1.01773071	1.00554597	1.00370681
0.03932140	0.99991864	1.00118852	1.00074375	1.00884664	1.00595522	1.01638067	1.00681210	1.00386047
0.04259820	0.99893653	1.00060046	1.00424218	1.00872922	1.00600207	1.01832211	1.00627446	1.00229907
0.04587500	1.00171816	1.00492454	1.00444901	1.00707912	1.00649071	1.01732159	1.00725162	1.00249887
0.04915180	1.00238132	1.00597394	1.00724220	1.00467491	1.00671947	1.01686192	1.00486994	1.00334156
0.05242860	1.00311983	1.00228655	1.00551748	1.00840366	1.00730896	1.01730728	1.00575614	1.00357759
0.05898220	1.00167406	1.00302839	1.00386035	1.00889564	1.00500989	1.01820660	1.00457358	1.00326169
0.06553581	1.00398636	1.00321746	1.00229800	1.00464463	1.00680363	1.01708305	1.00493133	1.00260854
0.07208940	1.00387394	1.00678277	1.00276303	1.00708961	1.00655878	1.01688778	1.00560367	1.00150514
0.07864300	1.00695121	1.00520802	1.00318658	1.01067710	1.00712979	1.01690185	1.00623572	1.00221622
0.08519660	1.00430298	1.00043321	1.00357187	1.01105130	1.00791490	1.01687503	1.00715280	1.00324893
0.09175020	1.00578701	0.99972475	1.00358772	1.00809705	1.00708485	1.01679337	1.00505042	1.00358403
0.09830380	0.99757808	1.00288010	0.99968833	1.00648820	1.00594437	1.01747990	1.00478351	1.00158060
0.10485740	1.00602055	1.00302005	1.00353241	1.01064599	1.00571942	1.01584744	1.00469422	1.00289214
0.11796460	1.00143015	1.00307024	1.00324678	1.00812626	1.00603139	1.01691496	1.00586116	1.00244379
0.13107181	0.99984241	1.00531650	1.00404406	1.00760651	1.00666392	1.01584244	1.00615299	1.00250304
0.14417900	1.00230324	1.00543189	1.00283420	1.00629473	1.00588381	1.01568329	1.00487745	1.00197864
0.15728620	1.00533855	1.00573814	1.00434005	1.00725794	1.00587833	1.01665330	1.00569510	1.00274932
0.17039341	1.00482047	1.00160861	1.00513983	1.00634789	1.00526631	1.01569963	1.00533164	1.00217831
0.18350060	1.00432515	1.00349748	1.00145006	1.00819325	1.00528967	1.01561940	1.00525260	1.00262392
0.19660780	1.00144494	1.00432336	1.00244832	1.00763106	1.00493169	1.01496911	1.00519800	1.00236666
0.20971501	0.99961877	1.00317299	1.00488782	1.00820017	1.00518239	1.01525736	1.00544155	1.00179553
0.23592941	1.00061500	1.00433874	1.00215495	1.00751317	1.00469625	1.01548672	1.00477469	1.00245607
0.26214382	0.99862701	1.00098813	1.00330162	1.00672746	1.00576806	1.01427507	1.00519216	1.00252748
0.28835821	1.00442028	1.00585854	1.00253677	1.00522006	1.00444341	1.01458418	1.00523174	1.00239289
0.31457260	1.00085235	1.00499654	1.00320923	1.00669539	1.00514841	1.01368833	1.00446057	1.00152040
0.34078699	1.00194573	1.00435674	1.00236273	1.00614488	1.00485122	1.01346421	1.00427437	1.00173831
0.36700141	1.00078773	1.00245178	1.00198460	1.00465941	1.00478220	1.01310217	1.00418437	1.00133359
0.39321581	0.99867851	1.00217378	1.00181448	1.00728714	1.00422299	1.01266384	1.00462580	1.00186372
0.41943020	1.00057805	1.00357556	1.00383508	1.00772142	1.00474834	1.01286697	1.00431097	1.00155485
0.47185901	1.00188875	1.00292122	1.00234175	1.00632119	1.00410199	1.01176071	1.00406992	1.00222945
0.52428782	1.00079191	1.00225806	1.00245643	1.00646830	1.00411749	1.01119518	1.00358212	1.00206161
0.57671660	1.00114274	1.00243890	1.00240040	1.00632668	1.00370955	1.01051891	1.00345564	1.00147772
0.62914538	1.00025487	1.00274575	1.00262618	1.00585282	1.00389063	1.00950706	1.00317311	1.00170290
0.68157423	1.00107741	1.00199676	1.00144148	1.00486004	1.00346470	1.00925350	1.00373161	1.00161290
0.73400301	0.99815232	1.00191057	1.00210559	1.00506616	1.00339627	1.00831258	1.00272119	1.00168967
0.78643179	1.00057530	1.00280368	1.00257683	1.00490880	1.00269949	1.00765014	1.00287342	1.00143909
0.83886063	0.99902123	1.00099730	1.00151443	1.00281847	1.00261128	1.00659108	1.00308096	1.00117660
0.94371825	0.99909025	1.00189650	1.00147843	1.00336754	1.00231767	1.00537968	1.00271630	1.00050497
1.04857588	0.99866831	1.00096631	1.00167942	1.00238967	1.00228882	1.00488687	1.00203073	1.00004458
1.15343344	0.99929279	1.00118315	1.00177872	1.00252926	1.00152016	1.00422418	1.00138080	0.99998409
1.25829101	1.00065839	1.00061452	1.00094724	1.00193787	1.00061655	1.00405765	1.00102162	0.99983984
1.36314869	1.00021851	0.99915063	1.00055408	1.00083601	1.00022125	1.00290418	1.00030422	0.99973208
1.46800625	0.99904668	1.00077677	1.00055480	1.00070679	0.99986953	1.00306666	0.99985021	0.99978137
1.57286382	0.99854767	0.99971807	0.99920118	1.00019515	0.99978667	1.00238669	0.99907726	0.99907058
1.67772150	0.99903709	1.00027597	0.99954444	1.00260508	0.99938214	1.00234210	0.99871951	0.99947023
1.88743675	1.00005925	0.99877065	0.99977672	0.99920607	0.99850732	1.00110161	0.99843502	0.99831182
2.09715199	0.99989337	0.99890554	0.99970549	0.99911100	0.99815845	1.00029564	0.99829447	0.99857289
2.30686712	1.00116360	0.99923408	0.99932152	0.99953383	0.99777186	0.99953806	0.99793810	0.99851978
2.51658225	1.00101495	0.99922734	0.99851209	0.99832457	0.99753708	0.99804944	0.99735546	0.99801666
2.72629738	1.00008118	0.99891335	0.99945605	0.99955195	0.99772412	0.99752748	0.99725032	0.99767393
2.93601274	0.99910522	0.99825096	0.99978924	0.99840844	0.99703228	0.99787968	0.99698955	0.99783629
3.14572787	0.99970710	0.99753386	1.00007522	0.99844539	0.99713504	0.99838102	0.99656999	0.99807644
3.35544300	0.99676788	0.99694914	0.99982619	0.99959707	0.99817395	0.99868184	0.99663848	0.99818760
3.77487350	0.99819750	0.99934936	0.99952888	0.99678612	0.99864846	0.99840856	0.99848348	0.99900752
4.19430399	0.99906385	0.99989587	1.00069094	0.99882519	0.99957746	0.99821419	0.99964780	0.99934012
4.61373425	1.00065637	0.99969608	0.99956548	1.00234246	1.00033927	1.00110602	0.99962211	1.00045276
5.03316450	1.00000000	1.00000000	1.00000000	1.00000000	1.00000000	1.00000000	1.00000000	1.00000000
5.45259476	0.00000000	0.00000000	0.00000000	0.00000000	0.00000000	0.00000000	0.00000000	0.00000000
5.87202549	0.00000000	0.00000000	0.00000000	0.00000000	0.00000000	0.00000000	0.00000000	0.00000000
6.29145575	0.00000000	0.00000000	0.00000000	0.00000000	0.00000000	0.00000000	0.00000000	0.00000000
6.71088600	0.00000000	0.00000000	0.00000000	0.00000000	0.00000000	0.00000000	0.00000000	0.00000000
7.54974699	0.00000000	0.00000000	0.00000000	0.00000000	0.00000000	0.00000000	0.00000000	0.00000000
8.38860798	0.00000000	0.00000000	0.00000000	0.00000000	0.00000000	0.00000000	0.00000000	0.00000000
9.22746849	0.00000000	0.00000000	0.00000000	0.00000000	0.00000000	0.00000000	0.00000000	0.00000000
10.06632900	0.00000000	0.00000000	0.00000000	0.00000000	0.00000000	0.00000000	0.00000000	0.00000000
10.90518951	0.00000000	0.00000000	0.00000000	0.00000000	0.00000000	0.00000000	0.00000000	0.00000000
11.74405098	0.00000000	0.00000000	0.00000000	0.00000000	0.00000000	0.00000000	0.00000000	0.00000000
12.58291149	0.00000000	0.00000000	0.00000000	0.00000000	0.00000000	0.00000000	0.00000000	0.00000000
13.42177200	0.00000000	0.00000000	0.00000000	0.00000000	0.00000000	0.00000000	0.00000000	0.00000000
15.09949398	0.00000000	0.00000000	0.00000000	0.00000000	0.00000000	0.00000000	0.00000000	0.00000000
16.77721596	0.00000000	0.00000000	0.00000000	0.00000000	0.00000000	0.00000000	0.00000000	0.00000000
18.45493698	0.00000000	0.00000000	0.00000000	0.00000000	0.00000000	0.00000000	0.00000000	0.00000000
20.13265800	0.00000000	0.00000000	0.00000000	0.00000000	0.00000000	0.00000000	0.00000000	0.00000000
21.81037903	0.00000000	0.00000000	0.00000000	0.00000000	0.00000000	0.00000000	0.00000000	0.00000000
23.48810196	0.00000000	0.00000000	0.00000000	0.00000000	0.00000000	0.00000000	0.00000000	0.00000000
25.16582298	0.00000000	0.00000000	0.00000000	0.00000000	0.00000000	0.00000000	0.00000000	0.00000000
26.84354401	0.00000000	0.00000000	0.00000000	0.00000000	0.00000000	0.00000000	0.00000000	0.00000000
30.19898796	0.00000000	0.00000000	0.00000000	0.00000000	0.00000000	0.00000000	0.00000000	0.00000000
33.55443192	0.00000000	0.00000000	0.00000000	0.00000000	0.00000000	0.00000000	0.00000000	0.00000000
36.90987396	0.00000000	0.00000000	0.00000000	0.00000000	0.00000000	0.00000000	0.00000000	0.00000000
40.26531601	0.00000000	0.00000000	0.00000000	0.00000000	0.00000000	0.00000000	0.00000000	0.00000000
43.62075806	0.00000000	0.00000000	0.00000000	0.00000000	0.00000000	0.00000000	0.00000000	0.00000000
46.97620392	0.00000000	0.00000000	0.00000000	0.00000000	0.00000000	0.00000000	0.00000000	0.00000000
50.33164597	0.00000000	0.00000000	0.00000000	0.00000000	0.00000000	0.00000000	0.00000000	0.00000000
53.68708801	0.00000000	0.00000000	0.00000000	0.00000000	0.00000000	0.00000000	0.00000000	0.00000000
60.39797592	0.00000000	0.00000000	0.00000000	0.00000000	0.00000000	0.00000000	0.00000000	0.00000000
67.10886383	0.00000000	0.00000000	0.00000000	0.00000000	0.00000000	0.00000000	0.00000000	0.00000000
73.81974792	0.00000000	0.00000000	0.00000000	0.00000000	0.00000000	0.00000000	0.00000000	0.00000000
80.53063202	0.00000000	0.00000000	0.00000000	0.00000000	0.00000000	0.00000000	0.00000000	0.00000000
87.24151611	0.00000000	0.00000000	0.00000000	0.00000000	0.00000000	0.00000000	0.00000000	0.00000000
93.95240784	0.00000000	0.00000000	0.00000000	0.00000000	0.00000000	0.00000000	0.00000000	0.00000000
100.66329193	0.00000000	0.00000000	0.00000000	0.00000000	0.00000000	0.00000000	0.00000000	0.00000000
107.37417603	0.00000000	0.00000000	0.00000000	0.00000000	0.00000000	0.00000000	0.00000000	0.00000000
120.79595184	0.00000000	0.00000000	0.00000000	0.00000000	0.00000000	0.00000000	0.00000000	0.00000000
134.21772766	0.00000000	0.00000000	0.00000000	0.00000000	0.00000000	0.00000000	0.00000000	0.00000000
147.63949585	0.00000000	0.00000000	0.00000000	0.00000000	0.00000000	0.00000000	0.00000000	0.00000000
161.06126404	0.00000000	0.00000000	0.00000000	0.00000000	0.00000000	0.00000000	0.00000000	0.00000000
174.48303223	0.00000000	0.00000000	0.00000000	0.00000000	0.00000000	0.00000000	0.00000000	0.00000000
187.90481567	0.00000000	0.00000000	0.00000000	0.00000000	0.00000000	0.00000000	0.00000000	0.00000000
201.32658386	0.00000000	0.00000000	0.00000000	0.00000000	0.00000000	0.00000000	0.00000000	0.00000000
214.74835205	0.00000000	0.00000000	0.00000000	0.00000000	0.00000000	0.00000000	0.00000000	0.00000000
241.59190369	0.00000000	0.00000000	0.00000000	0.00000000	0.00000000	0.00000000	0.00000000	0.00000000
268.43545532	0.00000000	0.00000000	0.00000000	0.00000000	0.00000000	0.00000000	0.00000000	0.00000000
295.27899170	0.00000000	0.00000000	0.00000000	0.00000000	0.00000000	0.00000000	0.00000000	0.00000000
322.12252808	0.00000000	0.00000000	0.00000000	0.00000000	0.00000000	0.00000000	0.00000000	0.00000000
348.96606445	0.00000000	0.00000000	0.00000000	0.00000000	0.00000000	0.00000000	0.00000000	0.00000000
375.80963135	0.00000000	0.00000000	0.00000000	0.00000000	0.00000000	0.00000000	0.00000000	0.00000000
402.65316772	0.00000000	0.00000000	0.00000000	0.00000000	0.00000000	0.00000000	0.00000000	0.00000000
429.49670410	0.00000000	0.00000000	0.00000000	0.00000000	0.00000000	0.00000000	0.00000000	0.00000000
483.18380737	0.00000000	0.00000000	0.00000000	0.00000000	0.00000000	0.00000000	0.00000000	0.00000000
536.87091064	0.00000000	0.00000000	0.00000000	0.00000000	0.00000000	0.00000000	0.00000000	0.00000000
590.55798340	0.00000000	0.00000000	0.00000000	0.00000000	0.00000000	0.00000000	0.00000000	0.00000000
644.24505615	0.00000000	0.00000000	0.00000000	0.00000000	0.00000000	0.00000000	0.00000000	0.00000000
697.93212891	0.00000000	0.00000000	0.00000000	0.00000000	0.00000000	0.00000000	0.00000000	0.00000000
751.61926270	0.00000000	0.00000000	0.00000000	0.00000000	0.00000000	0.00000000	0.00000000	0.00000000
805.30633545	0.00000000	0.00000000	0.00000000	0.00000000	0.00000000	0.00000000	0.00000000	0.00000000
858.99340820	0.00000000	0.00000000	0.00000000	0.00000000	0.00000000	0.00000000	0.00000000	0.00000000
966.36761475	0.00000000	0.00000000	0.00000000	0.00000000	0.00000000	0.00000000	0.00000000	0.00000000
1073.74182129	0.00000000	0.00000000	0.00000000	0.00000000	0.00000000	0.00000000	0.00000000	0.00000000
1181.11596680	0.00000000	0.00000000	0.00000000	0.00000000	0.00000000	0.00000000	0.00000000	0.00000000
1288.49011230	0.00000000	0.00000000	0.00000000	0.00000000	0.00000000	0.00000000	0.00000000	0.00000000
1395.86425781	0.00000000	0.00000000	0.00000000	0.00000000	0.00000000	0.00000000	0.00000000	0.00000000
1503.23852539	0.00000000	0.00000000	0.00000000	0.00000000	0.00000000	0.00000000	0.00000000	0.00000000
1610.61267090	0.00000000	0.00000000	0.00000000	0.00000000	0.00000000	0.00000000	0.00000000	0.00000000
1717.98681641	0.00000000	0.00000000	0.00000000	0.00000000	0.00000000	0.00000000	0.00000000	0.00000000
1932.73522949	0.00000000	0.00000000	0.00000000	0.00000000	0.00000000	0.00000000	0.00000000	0.00000000
2147.48364258	0.00000000	0.00000000	0.00000000	0.00000000	0.00000000	0.00000000	0.00000000	0.00000000
2362.23193359	0.00000000	0.00000000	0.00000000	0.00000000	0.00000000	0.00000000	0.00000000	0.00000000
2576.98022461	0.00000000	0.00000000	0.00000000	0.00000000	0.00000000	0.00000000	0.00000000	0.00000000
2791.72851562	0.00000000	0.00000000	0.00000000	0.00000000	0.00000000	0.00000000	0.00000000	0.00000000
3006.47705078	0.00000000	0.00000000	0.00000000	0.00000000	0.00000000	0.00000000	0.00000000	0.00000000
3221.22534180	0.00000000	0.00000000	0.00000000	0.00000000	0.00000000	0.00000000	0.00000000	0.00000000
3435.97363281	0.00000000	0.00000000	0.00000000	0.00000000	0.00000000	0.00000000	0.00000000	0.00000000
3	3	3	3	3	3	3	3	3
