%2/6/2015 6:54:08 AM
%Duration	ID1		ID2		ID3		ID4		ID5		ID6		ID7		ID8
3000.000000	3.118515	3.871918	4.310608	6.055832	16.546249	23.393631	17.881393	18.110275
%Tau		Tau1		Tau2		Tau3		Tau4		Tau5		Tau6		Tau7		Tau8
%		0.000001	0.000002	0.000001	0.000004	0.000016	0.000032	0.000024	0.000013
%Delaytime	D1		D2		D3		D4		D5		D6		D7		D8
0.00000000	6.62095737	19.02677155	12.89754963	9.90207767	4.21323967	2.15423632	3.69107175	4.49535942
0.00000020	3.13624310	2.81077313	3.66011548	2.00041962	1.77399576	1.38941872	1.56590927	1.95747292
0.00000040	2.78777170	2.37834644	0.34858242	0.90018886	1.66964304	1.51051486	1.39191937	1.46810472
0.00000060	1.74235725	1.29727995	1.74291205	1.40029371	1.34354091	1.42128611	1.26764083	1.61605322
0.00000080	0.34847146	1.72970653	1.04574728	1.70035672	1.65659893	1.50414133	1.47891426	1.32015622
0.00000100	3.13624310	1.08106661	0.69716483	1.30027282	1.40876126	1.37029827	1.51619792	1.60467255
0.00000120	1.39388585	1.08106661	1.04574728	1.80037773	1.43484950	1.53600872	1.28006864	1.34291744
0.00000140	0.34847146	0.86485326	1.39432967	1.50031471	1.48702586	1.14722645	1.36706364	1.49086607
0.00000160	0.69694293	1.29727995	1.91720331	1.70035672	1.46093762	1.49776793	1.45405865	1.59329188
0.00000180	1.39388585	1.72970653	1.39432967	0.20004196	1.50006986	1.41491258	1.45405865	1.55914998
0.00000200	2.43930006	0.64863998	1.39432967	1.10023081	1.52615809	1.51688838	1.60319281	1.51362729
0.00000220	1.04541433	1.51349330	1.56862092	0.90018886	1.48702586	1.34480441	1.30492437	1.43396270
0.00000240	0.34847146	1.08106661	1.74291205	1.70035672	1.34354091	1.40216565	1.29249656	1.44534338
0.00000260	0.69694293	2.37834644	0.69716483	1.70035672	1.34354091	1.43403304	1.54105353	1.57053065
0.00000280	1.04541433	0.64863998	0.69716483	1.10023081	1.46093762	1.25557566	1.52862573	1.27463353
0.00000300	2.09082866	1.72970653	1.74291205	1.30027282	1.40876126	1.46590042	1.36706364	1.45672405
0.00000340	1.39388585	1.51349330	0.69716483	1.35028327	1.37615108	1.29700327	1.38570547	1.32584643
0.00000380	1.39388585	0.75674665	1.30718410	1.50031471	1.38919520	1.36073804	1.46027255	1.51362729
0.00000420	1.21965003	1.08106661	1.65576649	1.50031471	1.40223920	1.42128611	1.54105353	1.34291744
0.00000460	1.56812155	1.29727995	0.52287364	1.30027282	1.40876126	1.47227395	1.49755609	1.36567879
0.00000500	1.39388585	1.08106661	1.30718410	1.25026226	1.35006297	1.33843088	1.37327754	1.43396270
0.00000540	1.39388585	0.97295994	1.30718410	1.45030427	1.42180538	1.40535247	1.41056108	1.37136912
0.00000580	1.21965003	2.05402660	0.78431046	1.35028327	1.38919520	1.44359326	1.41056108	1.36567879
0.00000620	0.87117863	1.18917322	1.13289285	1.10023081	1.49354792	1.44040656	1.35463583	1.51931763
0.00000700	1.21965003	1.56754661	1.61219370	1.30027282	1.38267314	1.50254798	1.26142693	1.40266597
0.00000780	0.95829648	1.08106661	1.61219370	1.45030427	1.27832043	1.51529491	1.19618070	1.39697564
0.00000860	0.60982502	1.40538657	1.17646563	1.37528849	1.22614408	1.35595798	1.39813328	1.43680787
0.00000940	0.78406078	1.24322665	0.82788324	1.52531993	1.22940516	1.37189162	1.17443192	1.34576261
0.00001020	1.04541433	0.81079996	0.91502887	0.97520459	1.41528332	1.42925298	1.35152888	1.22626579
0.00001100	1.21965003	0.97295994	1.08932006	1.27526748	1.29136455	1.32568395	1.35152888	1.41120136
0.00001180	1.13253224	1.13511992	0.74073762	1.57533050	1.36962903	1.29062974	1.32978010	1.32584643
0.00001260	1.04541433	1.24322665	1.08932006	0.97520459	1.29788661	1.29222310	1.22414339	1.28316903
0.00001420	1.08897328	1.13511992	1.15467930	1.20025182	1.24897122	1.34560108	1.33599401	1.32726908
0.00001580	1.65523934	0.97295994	1.63398004	1.18774915	1.29462552	1.33524418	1.31424522	1.30593038
0.00001740	1.26320899	1.16214657	1.54683447	1.11273348	1.20005596	1.33205736	1.28938961	1.27178836
0.00001900	0.95829648	1.02701330	1.43790245	1.16274393	1.26853740	1.29381657	1.31890571	1.22768831
0.00002060	1.30676794	1.21619999	1.13289285	1.25026226	1.30277812	1.25796568	1.25210607	1.21915281
0.00002220	1.13253224	1.18917322	1.04574728	1.13773870	1.27832043	1.26194906	1.35152888	1.22057545
0.00002380	1.13253224	1.08106661	1.02396083	1.07522559	1.25712383	1.26194906	1.27696168	1.27463353
0.00002540	1.17609119	1.27025330	1.13289285	0.98770720	1.23103559	1.24920213	1.19152021	1.18785608
0.00002860	1.07891595	1.18672788	1.11906624	1.19513190	1.17742121	1.23426366	1.25388670	1.21917021
0.00003180	0.81469166	1.09232903	0.90177178	1.20771217	1.15939522	1.18225253	1.17971528	1.21348715
0.00003500	1.10093462	1.14627123	0.90177178	1.11335969	1.23556972	1.17423344	1.20704162	1.17639053
0.00003820	0.96882254	0.99793029	1.39068425	1.15739083	1.21426678	1.18823624	1.13755476	1.15784216
0.00004140	0.83671033	0.99793029	1.14079559	1.11964989	1.17739630	1.17263317	1.15160823	1.12502599
0.00004460	1.45323372	0.90353143	0.91263652	1.07561874	1.15691268	1.11462164	1.15863502	1.11860538
0.00004780	1.01285994	0.90353143	0.98868954	1.06303835	1.09054589	1.20303917	1.15395045	1.10219729
0.00005100	1.16699076	0.93050253	1.12993097	1.11335969	1.13315177	1.11342132	1.11335146	1.16283596
0.00005740	1.07867968	1.00346839	0.89049590	1.09859133	1.10520387	1.08972704	1.08044899	1.08043325
0.00006380	0.78149241	0.97652960	1.00995266	1.08603609	1.10152268	1.10612595	1.12647533	1.08685160
0.00007020	1.35385299	1.07754993	1.04253185	0.99500990	1.08925164	1.08392751	1.08395946	1.10111475
0.00007660	0.82552016	1.05061114	0.95565414	1.00756526	1.05287004	1.07012832	1.08086133	1.10572851
0.00008300	1.17774212	0.97652960	0.91764516	1.02012062	1.06268704	1.07251239	1.07266998	1.03904963
0.00008940	1.21076286	0.96306020	1.08054078	0.95734394	1.08313906	1.05691361	1.03483403	1.05010331
0.00009580	1.01263809	1.18530488	1.02081239	0.96995598	1.03855371	1.05651367	1.03795445	1.02975845
0.00010220	0.83652705	1.01693773	0.96108401	1.08296061	1.03650844	1.04351473	1.06530273	1.00586855
0.00011500	0.97390044	0.98073703	1.03710198	1.02755272	1.04179251	1.03740978	1.02869427	1.03554511
0.00012780	0.96839815	0.92007285	0.95836908	0.99465853	1.02381289	1.02511668	1.00861931	1.03501022
0.00014060	0.91887778	1.16609967	0.97465861	1.00718963	1.00665057	1.02691567	1.01836443	1.01325810
0.00015340	1.01241624	0.91670263	1.02081239	1.03851748	0.99255300	1.01872039	1.02323699	1.00024247
0.00016620	0.88036197	1.04814160	1.03981686	1.01188886	0.98335892	1.00782657	1.02577078	0.99792463
0.00017900	1.05093205	1.02117980	1.04524672	0.95079958	1.01277995	1.00662720	1.01115310	0.99845946
0.00019180	1.03992760	1.09195459	1.05610645	1.04791582	1.02317834	1.00033081	1.01875424	1.00398672
0.00020460	1.08944798	0.96388584	0.95022428	1.08081007	1.01378024	1.00572777	1.01288629	0.98276943
0.00023020	1.03570139	1.03102529	0.98658061	1.00466394	1.01662600	1.01445866	1.00019157	1.01101887
0.00025580	1.03844857	0.94005251	0.99881095	0.98508751	0.99498481	0.99478757	0.99601781	1.00368965
0.00028140	1.04394305	0.97206146	1.01783586	1.03526378	0.98151010	1.01632094	0.99123818	0.99326056
0.00030700	1.06592071	0.97543085	1.03006625	0.97809714	1.00039506	1.00844729	0.99231112	0.98924935
0.00033260	0.95877922	0.93499845	1.01647699	1.04857647	1.00090551	0.99471712	0.97953296	1.00716603
0.00035820	1.06592071	1.13716030	0.98786348	0.99845785	1.00139475	1.01204216	1.00569534	0.99185389
0.00038380	0.94504315	0.96026874	1.09928691	1.00472271	0.99261600	1.00005937	0.99761963	0.98704040
0.00040940	1.12361240	0.94173723	1.02311409	1.02267432	1.00706875	0.99232054	1.00132644	0.99426067
0.00046060	0.96638626	1.02270830	0.98710358	0.97339189	0.99939537	0.99443108	0.98907834	1.00260103
0.00051180	1.00894022	0.97132152	1.02240574	0.98401695	0.99995685	1.00809562	1.00378621	1.00552166
0.00056300	0.99933124	1.01505208	0.97767437	1.02165246	1.00072241	0.99839300	1.00096154	1.00561070
0.00061420	0.98148602	0.98309511	1.01501608	1.03574419	1.00210059	0.99286330	1.00074601	1.01305079
0.00066540	1.00344932	0.96879864	0.99940050	0.98922092	1.01085007	1.00098825	0.99275917	1.00422966
0.00071660	1.00344932	1.04532695	1.03750098	1.04167664	1.01493347	1.00808549	1.00485766	1.00156164
0.00076780	1.05710065	1.01505208	1.00151432	1.00996828	1.00511205	0.98734838	1.00131559	0.99265176
0.00081900	1.04199910	0.95282018	1.01237822	1.00409639	0.99841666	1.00122309	1.00228965	0.98809379
0.00092140	0.99624556	0.97351098	1.00173092	0.98431653	1.00734961	1.00070608	1.00227726	0.99476427
0.00102380	1.02785432	0.97342765	0.96685326	1.02358246	0.99402767	0.99688721	1.00020826	1.00188100
0.00112620	1.01895225	1.06673551	0.98619711	0.98361468	0.99530333	1.00120521	0.99991995	1.01208413
0.00122860	0.97923499	1.00368965	0.96210212	1.01824069	0.99537987	0.99384433	1.02107489	1.00269830
0.00133100	1.01073480	1.03983593	0.99306077	0.99104851	0.99719572	0.99461806	1.00542080	1.00260913
0.00143340	0.93061560	1.01470447	1.00109780	0.99222225	0.99900264	1.00668085	0.99317771	0.99853188
0.00153580	1.00868046	1.03151810	0.99532682	1.00200367	1.00789809	0.99556071	1.00072312	0.99901974
0.00163820	1.01210439	0.99461323	0.99548000	0.98674470	0.99400216	0.98402661	1.00734007	0.99248761
0.00184300	0.99063307	0.98991728	1.00833809	1.03072333	1.00180733	0.99742830	0.99622655	1.00407887
0.00204780	1.00108171	1.00065434	1.00035560	1.02710390	0.99427974	1.00285256	1.00046813	0.99930090
0.00225260	0.98334533	0.99749643	1.02370250	0.99243605	1.00321841	0.99877393	1.00608444	0.99684083
0.00245740	1.01460540	0.98970675	0.98055989	0.99038172	1.00005603	0.99852657	1.00753558	1.00479996
0.00266220	0.97946602	0.99033839	1.00758111	0.99503762	0.99843663	1.00086665	1.00294483	0.99758923
0.00286700	0.96070230	0.98844355	1.00622261	1.00579894	1.00455272	1.00272381	1.00519514	0.99048465
0.00307180	0.99345350	0.99286473	0.98931605	0.99605554	0.99920952	1.00219417	0.99687123	1.00629163
0.00327660	0.98663038	1.00065434	0.99501401	0.99034172	0.99876374	1.00667226	0.99657553	0.99930173
0.00368620	1.00335979	1.00296533	0.98939127	0.99755102	0.99884266	0.99791139	0.99829090	1.00477350
0.00409580	0.99984032	0.99558282	1.00216663	0.99477166	0.99830264	0.99989486	1.00302339	0.99963313
0.00450540	0.98716009	1.01751935	0.99323010	1.00714946	0.99472010	0.99961573	0.99525404	1.00133479
0.00491500	1.00273895	1.00353134	0.99247277	0.99737400	0.99779373	0.99881142	0.99978971	1.00187099
0.00532460	0.99222988	0.99741548	1.01460660	1.01234555	0.99557149	1.00230420	0.99797791	1.00093186
0.00573420	0.97797292	0.99395597	0.99699157	0.99095559	0.99556327	0.99866307	0.99906969	0.99933374
0.00614380	1.02263546	1.02890730	1.00926018	0.99242336	1.00114000	1.00028300	1.00228858	0.99538833
0.00655340	1.00200880	1.01666152	1.00967824	1.01072085	0.99402881	0.99855566	1.00340974	1.00215602
0.00737260	0.99853313	1.00253999	1.00657988	1.00105846	0.99977547	1.00224078	0.99848509	1.00194836
0.00819180	1.01626801	1.01441598	1.00115836	0.98745757	0.99883521	1.00031579	1.00150919	0.99953765
0.00901100	1.00219417	0.99905640	0.99865717	1.00835264	0.99988824	1.00223708	1.00173676	0.99838912
0.00983020	0.99366444	0.99647009	0.99011624	1.00636148	1.00328815	0.99710792	1.00167477	0.99536383
0.01064940	0.99928558	1.01007283	1.00082874	0.99604368	0.99985588	1.00205123	1.00220561	1.00253534
0.01146860	1.01143956	0.99872667	0.99721247	1.01032948	1.00094378	0.99571562	0.99844539	0.99917209
0.01228780	1.00308144	1.01350307	0.99490660	0.99993861	1.00121081	1.00347137	0.99945551	0.99813598
0.01310700	0.98306233	0.99641728	1.01102519	1.00233567	0.99903733	0.99931878	0.99742419	1.00000370
0.01474540	1.00882816	1.00448525	1.00035036	1.00286520	1.00150740	1.00039876	1.00134397	0.99996191
0.01638380	1.00766110	0.99177289	0.99401307	1.00346911	1.00283563	1.00010586	1.00082910	1.00137687
0.01802220	0.99965870	0.99171418	0.99575686	0.99854434	0.99984050	1.00002837	0.99990004	1.00020874
0.01966060	1.02221859	0.99643636	1.00823998	1.00397980	1.00100267	0.99943727	1.00091386	1.00103045
0.02129900	0.99178404	0.99912894	0.99861777	1.00858057	0.99617290	1.00116205	1.00046301	1.00254035
0.02293740	0.99066073	0.99634463	0.99659920	1.00355196	1.00184882	0.99823999	1.00022864	1.00265527
0.02457580	0.99603009	0.99542087	1.00195074	1.00176013	0.99893993	0.99992532	1.00307536	0.99787080
0.02621420	1.00361097	1.00544322	1.00178850	1.00273335	0.99911177	0.99854165	0.99866718	1.00382757
0.02949100	0.99624914	1.00171471	0.99805516	1.00159681	1.00216031	0.99912554	1.00166547	1.00112367
0.03276780	1.00344121	0.99864775	1.00424492	0.99978417	1.00118220	0.99962884	0.99963653	1.00119555
0.03604460	1.00364769	0.99386197	0.99670887	0.99721211	0.99868822	0.99853808	1.00262403	0.99973381
0.03932140	1.00064850	1.00996172	0.99676675	1.00470340	1.00069976	0.99954182	1.00118923	1.00022757
0.04259820	1.00702608	0.99379176	0.99603111	0.99983233	1.00001812	0.99952245	1.00033009	1.00099301
0.04587500	1.00943136	0.99706680	1.00237334	1.00222945	0.99905682	1.00014496	0.99998784	1.00149059
0.04915180	0.99811238	1.00384533	0.99768937	1.00449455	1.00118268	1.00106883	1.00099528	1.00120556
0.05242860	1.00962710	1.00120986	0.99649799	0.99945629	1.00028825	1.00065088	0.99909043	1.00265455
0.05898220	0.99023592	0.99619728	1.00428450	0.99993610	1.00032222	1.00067890	1.00108516	1.00049293
0.06553581	1.00018394	0.99925452	1.00247192	1.00141776	1.00056982	1.00044584	1.00178611	1.00144529
0.07208940	1.00092649	1.00229573	1.00331259	0.99873120	0.99984974	1.00023115	1.00159609	0.99999404
0.07864300	1.00037599	1.00231624	0.99929363	0.99974084	0.99955636	0.99905837	1.00177503	0.99997723
0.08519660	1.00107276	0.99837905	0.99828058	0.99935913	1.00176930	0.99951488	1.00062883	1.00073183
0.09175020	1.00001466	0.99832618	0.99645418	0.99989986	0.99988234	0.99842715	1.00064278	1.00013602
0.09830380	0.99655819	0.99910289	0.99874943	1.00009954	1.00134015	1.00095701	1.00161099	0.99976707
0.10485740	1.00002170	1.00127769	1.00448275	1.00132871	1.00160360	0.99906468	1.00120437	1.00024080
0.11796460	1.00084412	0.99982452	0.99882686	0.99898022	1.00045407	1.00043178	1.00030518	1.00000489
0.13107181	1.00123394	1.00338519	1.00082862	0.99923158	0.99945861	1.00016510	1.00155175	1.00042570
0.14417900	1.00054336	0.99801612	1.00082934	1.00090981	1.00054514	0.99977124	1.00092125	1.00043833
0.15728620	0.99897414	1.00002038	0.99639446	1.00002360	0.99973536	0.99937093	1.00075233	1.00084984
0.17039341	0.99854565	0.99806064	0.99886775	1.00097787	1.00037014	1.00008190	1.00000370	1.00011039
0.18350060	1.00014842	0.99867952	1.00067043	1.00041091	0.99916631	1.00034189	1.00065589	0.99998063
0.19660780	1.00425518	0.99681371	1.00019765	0.99929291	0.99983990	0.99971437	1.00078559	1.00070369
0.20971501	0.99729627	0.99801409	1.00057888	1.00067759	1.00057101	0.99941045	1.00033891	0.99951237
0.23592941	1.00077105	0.99909228	0.99896240	1.00078022	1.00077653	1.00033295	1.00066662	0.99904215
0.26214382	0.99896210	0.99906957	0.99984431	1.00221860	1.00040865	0.99938947	1.00119853	1.00030315
0.28835821	0.99810445	0.99955076	1.00096345	1.00026453	0.99963325	1.00003242	1.00158823	0.99975002
0.31457260	0.99664885	1.00049460	1.00063670	1.00033367	1.00055325	0.99948376	1.00139487	0.99990332
0.34078699	1.00032389	1.00175905	1.00092244	1.00105977	1.00001454	0.99983430	1.00120687	1.00013494
0.36700141	1.00101149	1.00113368	0.99898678	1.00050652	0.99988347	1.00064027	1.00095117	1.00067246
0.39321581	1.00119603	1.00270486	0.99886674	1.00153184	0.99899381	0.99993986	1.00101066	1.00019038
0.41943020	1.00039530	0.99992341	0.99920231	1.00008965	0.99981695	1.00009751	1.00089955	0.99985999
0.47185901	0.99866825	1.00277615	1.00022554	1.00086737	1.00021553	0.99952656	1.00071049	0.99968916
0.52428782	1.00044262	0.99974352	1.00020456	0.99953622	0.99983400	0.99984306	1.00083733	0.99979877
0.57671660	1.00160360	0.99944061	1.00089920	0.99924225	1.00026178	1.00040662	1.00094330	0.99967432
0.62914538	0.99831378	0.99919939	1.00076258	0.99994534	0.99997741	1.00003076	1.00099361	0.99978173
0.68157423	0.99956888	0.99953496	1.00001824	1.00193346	0.99990702	0.99982899	1.00046766	1.00002754
0.73400301	1.00145876	1.00013852	0.99886662	0.99952757	1.00029683	0.99970841	1.00056064	0.99974167
0.78643179	1.00198281	1.00070739	1.00017476	1.00071740	1.00027537	1.00009120	1.00063789	0.99987453
0.83886063	0.99976885	0.99974179	0.99996907	1.00053835	0.99979097	0.99961209	1.00055158	0.99979639
0.94371825	1.00032604	1.00105274	0.99905294	1.00043797	0.99995530	1.00026679	1.00052178	0.99950391
1.04857588	0.99771553	0.99922830	0.99991369	1.00030267	0.99973434	0.99999738	1.00053918	0.99968094
1.15343344	0.99913865	0.99973136	1.00076258	1.00052094	0.99978101	1.00010228	1.00054729	0.99986434
1.25829101	1.00073457	1.00065780	0.99974310	0.99973941	0.99957597	0.99985504	1.00029945	0.99970913
1.36314869	1.00132728	1.00084269	1.00092757	0.99875748	0.99958616	0.99999160	1.00034893	0.99918050
1.46800625	0.99813032	1.00031590	1.00081062	1.00095010	0.99973148	0.99966580	1.00060999	0.99963933
1.57286382	0.99979222	0.99830753	0.99897218	0.99903786	0.99990559	1.00013232	1.00012219	1.00042522
1.67772150	1.00088930	0.99976355	0.99985653	0.99904084	1.00017977	1.00008917	1.00047505	1.00042915
1.88743675	0.99933028	1.00076449	0.99996656	0.99977213	0.99992758	1.00017786	1.00020695	1.00033867
2.09715199	1.00000358	0.99902254	1.00045156	0.99890989	1.00018060	0.99992019	1.00007439	1.00026226
2.30686712	0.99965286	1.00219810	0.99876499	0.99935544	1.00014257	0.99980021	0.99996811	1.00036681
2.51658225	0.99995023	0.99858654	1.00019598	0.99807507	1.00010705	1.00011134	1.00004637	1.00009465
2.72629738	0.99964482	1.00137293	0.99965221	0.99972880	0.99991667	1.00003827	1.00025797	1.00007617
2.93601274	1.00005865	0.99942899	1.00007510	0.99904954	0.99994767	1.00001335	1.00015461	0.99948269
3.14572787	0.99946445	1.00097430	1.00014162	0.99861854	1.00017440	1.00009143	1.00005162	0.99967575
3.35544300	1.00116706	0.99947083	0.99990869	0.99889153	0.99992514	0.99970770	1.00009453	1.00014782
3.77487350	0.99879861	0.99998772	0.99969786	0.99969339	1.00000703	1.00006461	1.00024307	0.99999076
4.19430399	1.00140727	1.00013721	1.00021601	0.99942833	1.00009525	1.00002623	0.99990088	0.99996352
4.61373425	0.99673069	0.99984366	0.99988788	1.00012898	0.99990320	0.99990845	1.00013828	1.00005376
5.03316450	1.00000000	1.00000000	1.00000000	1.00000000	1.00000000	1.00000000	1.00000000	1.00000000
5.45259476	0.00000000	0.00000000	0.00000000	0.00000000	0.00000000	0.00000000	0.00000000	0.00000000
5.87202549	0.00000000	0.00000000	0.00000000	0.00000000	0.00000000	0.00000000	0.00000000	0.00000000
6.29145575	0.00000000	0.00000000	0.00000000	0.00000000	0.00000000	0.00000000	0.00000000	0.00000000
6.71088600	0.00000000	0.00000000	0.00000000	0.00000000	0.00000000	0.00000000	0.00000000	0.00000000
7.54974699	0.00000000	0.00000000	0.00000000	0.00000000	0.00000000	0.00000000	0.00000000	0.00000000
8.38860798	0.00000000	0.00000000	0.00000000	0.00000000	0.00000000	0.00000000	0.00000000	0.00000000
9.22746849	0.00000000	0.00000000	0.00000000	0.00000000	0.00000000	0.00000000	0.00000000	0.00000000
10.06632900	0.00000000	0.00000000	0.00000000	0.00000000	0.00000000	0.00000000	0.00000000	0.00000000
10.90518951	0.00000000	0.00000000	0.00000000	0.00000000	0.00000000	0.00000000	0.00000000	0.00000000
11.74405098	0.00000000	0.00000000	0.00000000	0.00000000	0.00000000	0.00000000	0.00000000	0.00000000
12.58291149	0.00000000	0.00000000	0.00000000	0.00000000	0.00000000	0.00000000	0.00000000	0.00000000
13.42177200	0.00000000	0.00000000	0.00000000	0.00000000	0.00000000	0.00000000	0.00000000	0.00000000
15.09949398	0.00000000	0.00000000	0.00000000	0.00000000	0.00000000	0.00000000	0.00000000	0.00000000
16.77721596	0.00000000	0.00000000	0.00000000	0.00000000	0.00000000	0.00000000	0.00000000	0.00000000
18.45493698	0.00000000	0.00000000	0.00000000	0.00000000	0.00000000	0.00000000	0.00000000	0.00000000
20.13265800	0.00000000	0.00000000	0.00000000	0.00000000	0.00000000	0.00000000	0.00000000	0.00000000
21.81037903	0.00000000	0.00000000	0.00000000	0.00000000	0.00000000	0.00000000	0.00000000	0.00000000
23.48810196	0.00000000	0.00000000	0.00000000	0.00000000	0.00000000	0.00000000	0.00000000	0.00000000
25.16582298	0.00000000	0.00000000	0.00000000	0.00000000	0.00000000	0.00000000	0.00000000	0.00000000
26.84354401	0.00000000	0.00000000	0.00000000	0.00000000	0.00000000	0.00000000	0.00000000	0.00000000
30.19898796	0.00000000	0.00000000	0.00000000	0.00000000	0.00000000	0.00000000	0.00000000	0.00000000
33.55443192	0.00000000	0.00000000	0.00000000	0.00000000	0.00000000	0.00000000	0.00000000	0.00000000
36.90987396	0.00000000	0.00000000	0.00000000	0.00000000	0.00000000	0.00000000	0.00000000	0.00000000
40.26531601	0.00000000	0.00000000	0.00000000	0.00000000	0.00000000	0.00000000	0.00000000	0.00000000
43.62075806	0.00000000	0.00000000	0.00000000	0.00000000	0.00000000	0.00000000	0.00000000	0.00000000
46.97620392	0.00000000	0.00000000	0.00000000	0.00000000	0.00000000	0.00000000	0.00000000	0.00000000
50.33164597	0.00000000	0.00000000	0.00000000	0.00000000	0.00000000	0.00000000	0.00000000	0.00000000
53.68708801	0.00000000	0.00000000	0.00000000	0.00000000	0.00000000	0.00000000	0.00000000	0.00000000
60.39797592	0.00000000	0.00000000	0.00000000	0.00000000	0.00000000	0.00000000	0.00000000	0.00000000
67.10886383	0.00000000	0.00000000	0.00000000	0.00000000	0.00000000	0.00000000	0.00000000	0.00000000
73.81974792	0.00000000	0.00000000	0.00000000	0.00000000	0.00000000	0.00000000	0.00000000	0.00000000
80.53063202	0.00000000	0.00000000	0.00000000	0.00000000	0.00000000	0.00000000	0.00000000	0.00000000
87.24151611	0.00000000	0.00000000	0.00000000	0.00000000	0.00000000	0.00000000	0.00000000	0.00000000
93.95240784	0.00000000	0.00000000	0.00000000	0.00000000	0.00000000	0.00000000	0.00000000	0.00000000
100.66329193	0.00000000	0.00000000	0.00000000	0.00000000	0.00000000	0.00000000	0.00000000	0.00000000
107.37417603	0.00000000	0.00000000	0.00000000	0.00000000	0.00000000	0.00000000	0.00000000	0.00000000
120.79595184	0.00000000	0.00000000	0.00000000	0.00000000	0.00000000	0.00000000	0.00000000	0.00000000
134.21772766	0.00000000	0.00000000	0.00000000	0.00000000	0.00000000	0.00000000	0.00000000	0.00000000
147.63949585	0.00000000	0.00000000	0.00000000	0.00000000	0.00000000	0.00000000	0.00000000	0.00000000
161.06126404	0.00000000	0.00000000	0.00000000	0.00000000	0.00000000	0.00000000	0.00000000	0.00000000
174.48303223	0.00000000	0.00000000	0.00000000	0.00000000	0.00000000	0.00000000	0.00000000	0.00000000
187.90481567	0.00000000	0.00000000	0.00000000	0.00000000	0.00000000	0.00000000	0.00000000	0.00000000
201.32658386	0.00000000	0.00000000	0.00000000	0.00000000	0.00000000	0.00000000	0.00000000	0.00000000
214.74835205	0.00000000	0.00000000	0.00000000	0.00000000	0.00000000	0.00000000	0.00000000	0.00000000
241.59190369	0.00000000	0.00000000	0.00000000	0.00000000	0.00000000	0.00000000	0.00000000	0.00000000
268.43545532	0.00000000	0.00000000	0.00000000	0.00000000	0.00000000	0.00000000	0.00000000	0.00000000
295.27899170	0.00000000	0.00000000	0.00000000	0.00000000	0.00000000	0.00000000	0.00000000	0.00000000
322.12252808	0.00000000	0.00000000	0.00000000	0.00000000	0.00000000	0.00000000	0.00000000	0.00000000
348.96606445	0.00000000	0.00000000	0.00000000	0.00000000	0.00000000	0.00000000	0.00000000	0.00000000
375.80963135	0.00000000	0.00000000	0.00000000	0.00000000	0.00000000	0.00000000	0.00000000	0.00000000
402.65316772	0.00000000	0.00000000	0.00000000	0.00000000	0.00000000	0.00000000	0.00000000	0.00000000
429.49670410	0.00000000	0.00000000	0.00000000	0.00000000	0.00000000	0.00000000	0.00000000	0.00000000
483.18380737	0.00000000	0.00000000	0.00000000	0.00000000	0.00000000	0.00000000	0.00000000	0.00000000
536.87091064	0.00000000	0.00000000	0.00000000	0.00000000	0.00000000	0.00000000	0.00000000	0.00000000
590.55798340	0.00000000	0.00000000	0.00000000	0.00000000	0.00000000	0.00000000	0.00000000	0.00000000
644.24505615	0.00000000	0.00000000	0.00000000	0.00000000	0.00000000	0.00000000	0.00000000	0.00000000
697.93212891	0.00000000	0.00000000	0.00000000	0.00000000	0.00000000	0.00000000	0.00000000	0.00000000
751.61926270	0.00000000	0.00000000	0.00000000	0.00000000	0.00000000	0.00000000	0.00000000	0.00000000
805.30633545	0.00000000	0.00000000	0.00000000	0.00000000	0.00000000	0.00000000	0.00000000	0.00000000
858.99340820	0.00000000	0.00000000	0.00000000	0.00000000	0.00000000	0.00000000	0.00000000	0.00000000
966.36761475	0.00000000	0.00000000	0.00000000	0.00000000	0.00000000	0.00000000	0.00000000	0.00000000
1073.74182129	0.00000000	0.00000000	0.00000000	0.00000000	0.00000000	0.00000000	0.00000000	0.00000000
1181.11596680	0.00000000	0.00000000	0.00000000	0.00000000	0.00000000	0.00000000	0.00000000	0.00000000
1288.49011230	0.00000000	0.00000000	0.00000000	0.00000000	0.00000000	0.00000000	0.00000000	0.00000000
1395.86425781	0.00000000	0.00000000	0.00000000	0.00000000	0.00000000	0.00000000	0.00000000	0.00000000
1503.23852539	0.00000000	0.00000000	0.00000000	0.00000000	0.00000000	0.00000000	0.00000000	0.00000000
1610.61267090	0.00000000	0.00000000	0.00000000	0.00000000	0.00000000	0.00000000	0.00000000	0.00000000
1717.98681641	0.00000000	0.00000000	0.00000000	0.00000000	0.00000000	0.00000000	0.00000000	0.00000000
1932.73522949	0.00000000	0.00000000	0.00000000	0.00000000	0.00000000	0.00000000	0.00000000	0.00000000
2147.48364258	0.00000000	0.00000000	0.00000000	0.00000000	0.00000000	0.00000000	0.00000000	0.00000000
2362.23193359	0.00000000	0.00000000	0.00000000	0.00000000	0.00000000	0.00000000	0.00000000	0.00000000
2576.98022461	0.00000000	0.00000000	0.00000000	0.00000000	0.00000000	0.00000000	0.00000000	0.00000000
2791.72851562	0.00000000	0.00000000	0.00000000	0.00000000	0.00000000	0.00000000	0.00000000	0.00000000
3006.47705078	0.00000000	0.00000000	0.00000000	0.00000000	0.00000000	0.00000000	0.00000000	0.00000000
3221.22534180	0.00000000	0.00000000	0.00000000	0.00000000	0.00000000	0.00000000	0.00000000	0.00000000
3435.97363281	0.00000000	0.00000000	0.00000000	0.00000000	0.00000000	0.00000000	0.00000000	0.00000000
0	0	0	0	0	0	0	0	0
