%2/6/2015 6:37:02 AM
%Duration	ID1		ID2		ID3		ID4		ID5		ID6		ID7		ID8
3000.000000	5.359650	9.613037	10.051727	9.679794	15.707016	17.967224	24.576187	19.435883
%Tau		Tau1		Tau2		Tau3		Tau4		Tau5		Tau6		Tau7		Tau8
%		0.104857	0.000057	0.393216	0.196608	0.000048	0.000128	0.000051	0.000057
%Delaytime	D1		D2		D3		D4		D5		D6		D7		D8
0.00000000	4.11688185	5.17120886	5.00069952	4.16144800	3.33846188	2.50534773	2.84229684	3.46811604
0.00000020	1.74175775	1.52094388	1.91083634	0.98560607	2.23382378	1.82890391	1.85842490	1.62920797
0.00000040	1.42507458	1.73822153	1.70755589	1.53316498	1.93925357	1.67858303	1.76003766	2.01634645
0.00000060	1.90009940	2.39005470	1.42296326	1.69743264	2.06199121	1.85395741	1.70537806	2.03247738
0.00000080	1.42507458	1.56439936	1.46361935	1.80694449	1.84106350	1.82890391	1.88028872	1.64533877
0.00000100	1.10839128	1.52094388	1.50427544	2.02596807	1.52194583	1.62847602	1.88028872	2.16152358
0.00000120	1.26673293	1.99895477	1.74821198	1.58792090	1.54649329	1.80385041	1.77096951	1.38724637
0.00000140	1.42507458	1.82513261	1.78886807	1.69743264	1.64468336	2.15459919	1.78190148	1.69373107
0.00000160	1.58341610	1.26021063	1.46361935	1.75218856	1.81651592	1.85395741	1.96774399	1.80664647
0.00000180	1.42507458	1.73822153	1.78886807	2.02596807	1.76742089	1.95417130	1.61792278	1.95182347
0.00000200	0.95004970	2.04241037	1.46361935	1.42365324	1.79196846	1.85395741	1.91308439	1.95182347
0.00000220	1.74175775	1.56439936	1.42296326	1.42365324	1.93925357	1.95417130	1.73817384	1.69373107
0.00000240	1.26673293	1.86858809	1.74821198	1.36889732	1.57104087	2.05438519	1.85842490	1.85503876
0.00000260	1.74175775	1.60785496	1.58558762	1.91645622	1.62013590	1.77879691	1.68351424	1.93569267
0.00000280	0.79170805	1.43403280	1.46361935	1.75218856	1.74287343	1.85395741	1.79283333	1.45176947
0.00000300	1.42507458	1.12984395	1.46361935	1.75218856	1.47285080	2.15459919	2.07706308	2.08086967
0.00000340	1.50424528	1.58612716	1.44329131	1.50578701	1.58331454	2.02933168	1.73270786	1.73405802
0.00000380	1.42507458	1.71649373	1.50427544	1.28676343	1.91470599	1.77879691	1.88575459	1.83084261
0.00000420	1.82092857	1.41230500	1.56525958	1.77956653	2.13563371	1.99175155	1.80923128	1.79051578
0.00000460	1.18756211	1.23848283	1.56525958	1.45103121	1.87788475	2.00427818	1.66165042	1.64533877
0.00000500	0.95004970	1.65131044	1.93116438	2.08072400	1.52194583	1.85395741	1.74363983	1.65340412
0.00000540	1.18756211	1.47748828	1.34165108	1.20462966	1.75514722	1.91659105	1.78190148	1.79051578
0.00000580	1.74175775	1.58612716	1.76854002	1.67005467	1.69377840	1.49068189	1.88575459	1.70986187
0.00000620	1.42507458	1.56439936	1.40263522	1.42365324	1.62013590	1.66605628	1.94041419	1.81471193
0.00000700	1.54383075	1.58612716	1.31115901	1.50578701	1.55876708	1.97922480	1.68078125	1.72195995
0.00000780	1.86051393	1.34712172	1.54493153	1.45103121	1.54035640	1.84769404	1.83929396	1.62114263
0.00000860	1.14797676	1.40144110	1.55509555	1.60160983	1.69377840	1.76627016	1.60425794	1.63324070
0.00000940	1.82092857	1.39057720	1.43312728	1.42365324	1.74287343	1.81011379	1.77096951	1.71389461
0.00001020	1.30631828	1.70562983	1.43312728	1.57423186	1.67536771	1.82890391	1.69171321	1.58484840
0.00001100	1.14797676	1.34712172	1.64657176	1.87538934	1.77355778	1.88527417	1.66711640	1.66550219
0.00001180	1.42507458	1.54267156	1.68722785	1.35520840	1.65082026	1.65979290	1.73817384	1.59291375
0.00001260	1.18756211	1.34712172	1.52460349	1.46472013	1.52808273	1.82890391	1.66984940	1.60097921
0.00001420	1.32611108	1.37428141	1.65165377	1.47156465	1.54649329	1.68797803	1.67941487	1.60702825
0.00001580	1.62300158	1.56983125	1.42804527	1.59476542	1.58638299	1.81011379	1.71631002	1.61509359
0.00001740	1.20735478	1.54810357	1.54493153	1.46472013	1.49432981	1.69424140	1.68078125	1.60702825
0.00001900	1.56362343	1.56983125	1.53984952	1.40311980	1.58331454	1.82264054	1.59742546	1.59493017
0.00002060	1.42507458	1.45032859	1.48902941	1.49894261	1.68764150	1.67858303	1.54686534	1.56871760
0.00002220	1.72196507	1.51551187	1.69739187	1.64952123	1.55876708	1.60342264	1.57282865	1.62517536
0.00002380	1.60320890	1.38514531	1.35689712	1.51947606	1.45750856	1.58150077	1.52910101	1.45781851
0.00002540	1.22714746	1.41773689	1.47378337	1.54685402	1.55876708	1.62221265	1.56599629	1.45983493
0.00002860	1.39932239	1.51180387	1.60925043	1.59600592	1.56033409	1.61690617	1.58626461	1.45883870
0.00003180	1.71260345	1.60308266	1.41443241	1.61414230	1.52128506	1.54470789	1.59499633	1.51556528
0.00003500	1.50374937	1.47757435	1.44645727	1.56698763	1.42691660	1.57157242	1.51495540	1.48987782
0.00003820	1.60817647	1.44619727	1.61458802	1.57061493	1.49199831	1.61354816	1.48366678	1.49737000
0.00004140	1.51419210	1.44904983	1.67863774	1.46905088	1.49362528	1.63873363	1.37233722	1.50165129
0.00004460	1.57684827	1.46045959	1.41976988	1.50169647	1.47898197	1.52455950	1.40289819	1.47703397
0.00004780	1.31578076	1.55744326	1.43044484	1.44728720	1.47084665	1.54806590	1.40217054	1.42244792
0.00005100	1.48286402	1.50324655	1.56121314	1.55973303	1.42366242	1.57493043	1.43782520	1.44171357
0.00005740	1.37201238	1.47318602	1.48171377	1.50561011	1.42374229	1.48791230	1.36707819	1.41520810
0.00006380	1.54871094	1.48169339	1.52955389	1.60297883	1.38657308	1.46038926	1.37467706	1.37480402
0.00007020	1.25248098	1.45617139	1.56676280	1.50200379	1.38738120	1.44621074	1.35947931	1.41999280
0.00007660	1.39280045	1.52706575	1.40862477	1.41545379	1.34132361	1.46038926	1.36563075	1.34343755
0.00008300	1.39280045	1.42781353	1.45513594	1.43528819	1.43343866	1.44204056	1.34500515	1.38174844
0.00008940	1.48114967	1.48878276	1.46975374	1.53085387	1.37122059	1.45538509	1.33776808	1.37430537
0.00009580	1.32523918	1.46042502	1.48702931	1.53626323	1.33647549	1.48874640	1.36418331	1.39025486
0.00010220	1.44996762	1.40229166	1.42191374	1.51462567	1.37768483	1.50542700	1.33668256	1.36154592
0.00011500	1.42556524	1.43834722	1.47595668	1.45605838	1.32371962	1.40726900	1.32663536	1.37105656
0.00012780	1.42556524	1.41789007	1.41974866	1.44267333	1.38235533	1.42796409	1.30509901	1.35281456
0.00014060	1.50304151	1.50042403	1.48785949	1.46867561	1.35183263	1.40519953	1.34494126	1.36206770
0.00015340	1.42298269	1.42141724	1.46339250	1.50371051	1.28476310	1.41430533	1.33489096	1.37555087
0.00016620	1.47463357	1.47573435	1.43363523	1.39252377	1.34741485	1.38781559	1.32125127	1.39775848
0.00017900	1.57030559	1.44963396	1.48918200	1.38003147	1.30488241	1.35801458	1.34712148	1.36947024
0.00019180	1.38693106	1.38050294	1.42966771	1.46079969	1.35789704	1.41099405	1.33832729	1.35704458
0.00020460	1.33269358	1.41083598	1.42310894	1.44824517	1.35548723	1.37457073	1.32809734	1.35757327
0.00023020	1.49925637	1.42341709	1.43151307	1.45843220	1.34430861	1.36204040	1.33544135	1.35811424
0.00025580	1.48127043	1.48309183	1.45488346	1.45486414	1.35129464	1.37827718	1.33981109	1.35811424
0.00028140	1.53651297	1.46518946	1.42196751	1.47002828	1.35149431	1.39348638	1.33053660	1.36874807
0.00030700	1.42731261	1.43605411	1.45093346	1.40981770	1.32015705	1.41634250	1.33472788	1.32686901
0.00033260	1.39401448	1.45044625	1.44007123	1.43791592	1.32295144	1.38723946	1.30800033	1.33894706
0.00035820	1.46467876	1.44412780	1.45422506	1.45441806	1.35588551	1.38666439	1.30407643	1.35443830
0.00038380	1.45568514	1.48344278	1.41834676	1.46289217	1.33991742	1.40968633	1.32235825	1.33724034
0.00040940	1.35033107	1.42692745	1.42196751	1.39465356	1.35788143	1.40376735	1.33074117	1.35552096
0.00046060	1.42710662	1.40566766	1.40910292	1.39780366	1.35145390	1.40761924	1.31413138	1.34430194
0.00051180	1.42582786	1.44084811	1.44168615	1.43689799	1.35135460	1.39485514	1.31727755	1.33868647
0.00056300	1.41304016	1.42267370	1.43480933	1.46867681	1.33170509	1.41068256	1.31710029	1.35755694
0.00061420	1.41559768	1.43857634	1.41761708	1.44938135	1.32773542	1.38750303	1.30735159	1.34691370
0.00066540	1.43616533	1.44311988	1.40517330	1.47156000	1.31139934	1.37320733	1.31794226	1.34691274
0.00071660	1.45726657	1.40414977	1.43218946	1.42409754	1.31596458	1.36068809	1.31895053	1.34821868
0.00076780	1.41442454	1.42477071	1.45052779	1.44006622	1.34299815	1.40296388	1.31505084	1.36313927
0.00081900	1.40483308	1.44032383	1.42547643	1.43119478	1.33198190	1.39898133	1.30847359	1.35928655
0.00092140	1.41787910	1.42654896	1.43234956	1.44436824	1.33814502	1.40303743	1.31459284	1.34844422
0.00102380	1.49171221	1.40915298	1.42718947	1.45274007	1.34063959	1.38711572	1.31257308	1.33918786
0.00112620	1.42826033	1.40993583	1.44215286	1.47631347	1.32771099	1.38006747	1.32742882	1.34295535
0.00122860	1.40633106	1.42881036	1.42602122	1.47120070	1.34259200	1.38594937	1.32200146	1.33720601
0.00133100	1.41109824	1.41576350	1.39587617	1.46355355	1.34726655	1.38234925	1.31612504	1.32528615
0.00143340	1.42635334	1.44052172	1.43663955	1.43634260	1.33556974	1.39162850	1.30105436	1.34860551
0.00153580	1.42677748	1.41204631	1.43044710	1.43656290	1.34591544	1.37792814	1.30691659	1.34577918
0.00163820	1.43196952	1.41787446	1.43123436	1.44085944	1.34818387	1.37628591	1.31216180	1.34438157
0.00184300	1.40840638	1.42502010	1.43735516	1.43844223	1.32595038	1.38994479	1.31151819	1.34342170
0.00204780	1.39796901	1.42696786	1.42022574	1.44820333	1.33818722	1.39670813	1.31375098	1.33447540
0.00225260	1.43481600	1.43265021	1.42788541	1.45276356	1.33600473	1.38673818	1.30385756	1.33954406
0.00245740	1.41773677	1.42853820	1.42797959	1.42424679	1.32400274	1.37696958	1.30004776	1.34298360
0.00266220	1.42849028	1.42720866	1.43080258	1.44525886	1.32849884	1.37584257	1.30537128	1.34083509
0.00286700	1.42010880	1.42820418	1.41711569	1.45213151	1.33007276	1.37602139	1.30855322	1.34241748
0.00307180	1.43935084	1.42192781	1.43105912	1.44918692	1.32968032	1.40217543	1.31476784	1.33831406
0.00327660	1.41383505	1.43040538	1.43342292	1.44858348	1.33800995	1.39091551	1.30686736	1.34500051
0.00368620	1.42046201	1.41544664	1.42593384	1.44483078	1.32527220	1.37917805	1.30389452	1.33336425
0.00409580	1.41786802	1.41965091	1.42588651	1.44140399	1.32201409	1.37951958	1.30872405	1.33424306
0.00450540	1.41249371	1.42136788	1.43631780	1.43397355	1.33413649	1.38120282	1.30353343	1.34048021
0.00491500	1.40321231	1.43213487	1.43026769	1.43817067	1.33044875	1.37393868	1.30942571	1.33854163
0.00532460	1.40803599	1.42009866	1.43230474	1.43863177	1.32416844	1.38274610	1.30478978	1.33233905
0.00573420	1.42437279	1.42339909	1.41848552	1.42973542	1.33708584	1.37570000	1.30097723	1.33169472
0.00614380	1.40116131	1.41570580	1.42810154	1.44318521	1.32867563	1.38624382	1.29488361	1.33252907
0.00655340	1.41598141	1.42330599	1.42362165	1.43164170	1.32611966	1.38349056	1.30516422	1.33962834
0.00737260	1.39602160	1.41745150	1.42139542	1.43610358	1.32269108	1.37991691	1.29820597	1.32825160
0.00819180	1.40734684	1.42082942	1.41787589	1.43954957	1.32342267	1.38064301	1.30331576	1.33583736
0.00901100	1.38697362	1.41309953	1.41402435	1.43525624	1.32208872	1.37647653	1.30263805	1.32867813
0.00983020	1.39845681	1.41787231	1.41801226	1.43297589	1.32301521	1.37704086	1.30128694	1.33307421
0.01064940	1.41391182	1.42137742	1.41820049	1.43651164	1.32866442	1.37626493	1.30078924	1.33617043
0.01146860	1.42188859	1.42571819	1.41715562	1.43726933	1.32289505	1.37081611	1.30098116	1.33737230
0.01228780	1.41358614	1.41625023	1.42050111	1.43782687	1.32134247	1.37557721	1.30562711	1.33431029
0.01310700	1.40257621	1.40808284	1.42262733	1.43515146	1.32498884	1.37663853	1.30262434	1.33477712
0.01474540	1.41007471	1.41909683	1.40996754	1.43636787	1.32013822	1.37518525	1.29971421	1.32900465
0.01638380	1.40817130	1.41911507	1.41283524	1.43201959	1.31914485	1.37021589	1.29573107	1.33060086
0.01802220	1.40297616	1.41860783	1.41483879	1.43173528	1.32328629	1.37619185	1.30058658	1.33365965
0.01966060	1.40115190	1.41005492	1.41424584	1.42739630	1.32057464	1.37704587	1.29681134	1.33217657
0.02129900	1.40966201	1.41699231	1.40967298	1.43248498	1.32534814	1.37654233	1.30024087	1.33120215
0.02293740	1.40532768	1.41542017	1.41417456	1.42509973	1.32225549	1.37118781	1.29991615	1.32991338
0.02457580	1.40806794	1.41935241	1.41075909	1.43233609	1.32378531	1.37009883	1.29816258	1.32955778
0.02621420	1.40737772	1.42193627	1.41496432	1.43133450	1.31994367	1.37050796	1.29827070	1.33063412
0.02949100	1.40756440	1.40992928	1.41108656	1.43275368	1.31732714	1.37195134	1.29725671	1.32986403
0.03276780	1.40567052	1.41353035	1.41249335	1.42999399	1.31983924	1.36973035	1.29693353	1.33118224
0.03604460	1.39851427	1.41481066	1.41245008	1.43105125	1.31960833	1.37447906	1.29679859	1.33037794
0.03932140	1.40174448	1.41449654	1.41166055	1.43011391	1.32217669	1.37335908	1.29778647	1.32900691
0.04259820	1.40377200	1.41381276	1.41188502	1.43460572	1.31968701	1.37361944	1.29724395	1.33106959
0.04587500	1.40172195	1.41562021	1.41166806	1.43123901	1.32231009	1.37251770	1.29814160	1.33042884
0.04915180	1.39507914	1.41542280	1.41169453	1.43209982	1.32086933	1.37479579	1.29759967	1.33014572
0.05242860	1.39995837	1.41728282	1.41507363	1.43296528	1.32006431	1.37333381	1.29853141	1.33113670
0.05898220	1.40781820	1.41151023	1.40986562	1.43137038	1.31840277	1.37336111	1.29426289	1.32707775
0.06553581	1.39878535	1.41348708	1.40963840	1.42968702	1.32157922	1.37118793	1.29665720	1.32747567
0.07208940	1.40125668	1.41302180	1.40993762	1.43016100	1.32097149	1.37356949	1.29771328	1.32911110
0.07864300	1.40505838	1.41707063	1.41126955	1.43340898	1.32114196	1.37245369	1.29836035	1.32970583
0.08519660	1.40202141	1.41370702	1.41135263	1.43433690	1.32369602	1.37313473	1.30037296	1.33107412
0.09175020	1.40429938	1.41535497	1.41152954	1.43185687	1.32129979	1.37407804	1.29880464	1.33135307
0.09830380	1.40859556	1.41678512	1.41367269	1.43378711	1.32400596	1.37582183	1.30076218	1.33116031
0.10485740	1.40433991	1.41677558	1.41545975	1.43409097	1.32371902	1.37797689	1.30092371	1.33035171
0.11796460	1.40765023	1.41756463	1.41414380	1.43523657	1.32605076	1.38071525	1.30395329	1.33458555
0.13107181	1.40519750	1.41530240	1.41501570	1.43303382	1.32483876	1.37660480	1.30080223	1.33265197
0.14417900	1.40370822	1.41365695	1.41416705	1.43364716	1.32301223	1.37566376	1.29924881	1.32910550
0.15728620	1.40050817	1.40991688	1.40885711	1.42898583	1.31754971	1.37505388	1.29844296	1.32889175
0.17039341	1.39669979	1.40643537	1.40517390	1.42661142	1.31762791	1.37204289	1.29585087	1.32648289
0.18350060	1.39319158	1.40330279	1.40346229	1.42251503	1.31510651	1.36879754	1.29447818	1.32331777
0.19660780	1.39295614	1.40132236	1.40179217	1.42025590	1.31478333	1.36868250	1.29280949	1.32259822
0.20971501	1.38800812	1.39519107	1.39719987	1.42050576	1.31187534	1.36824000	1.28896630	1.32014000
0.23592941	1.38379908	1.39187610	1.38938391	1.41366470	1.30741036	1.36310017	1.28599238	1.31731272
0.26214382	1.37631416	1.38406968	1.38264763	1.40669954	1.30385017	1.35878527	1.28138459	1.31226230
0.28835821	1.36963773	1.37718129	1.37648022	1.40200269	1.29809093	1.35416532	1.27674592	1.30836368
0.31457260	1.36260450	1.36887062	1.36982667	1.39508331	1.29301441	1.35098577	1.27285588	1.30364335
0.34078699	1.35753584	1.36326098	1.36143613	1.38780558	1.28991318	1.34614885	1.26854050	1.29848838
0.36700141	1.34636605	1.35351884	1.35508287	1.38261187	1.28368616	1.34132326	1.26332366	1.29295325
0.39321581	1.34003925	1.34588802	1.34732759	1.37615299	1.27821779	1.33587921	1.25865507	1.28881645
0.41943020	1.33325219	1.33832252	1.33964086	1.36761963	1.27283752	1.33203888	1.25394821	1.28320444
0.47185901	1.31579602	1.31766629	1.31920218	1.35153198	1.25761461	1.31766653	1.23941529	1.26825583
0.52428782	1.29960525	1.30058956	1.30377650	1.33732402	1.24690902	1.31034493	1.23017907	1.25804591
0.57671660	1.28306818	1.28363132	1.28822649	1.32259357	1.23379242	1.29999661	1.21932971	1.24681306
0.62914538	1.26594651	1.26610136	1.27227175	1.30898595	1.22402155	1.28888917	1.20882881	1.23496652
0.68157423	1.25090826	1.24983382	1.25679445	1.29426122	1.21185791	1.27865839	1.19962800	1.22420239
0.73400301	1.23351610	1.23237610	1.24012280	1.27905035	1.20037901	1.26760697	1.18864274	1.21430266
0.78643179	1.22026777	1.21352017	1.22477996	1.26412535	1.18772662	1.25685132	1.17775345	1.20286846
0.83886063	1.20383704	1.19618058	1.20821428	1.25038230	1.17506373	1.24676085	1.16695404	1.19241643
0.94371825	1.17495656	1.16269517	1.17683268	1.22448778	1.15302575	1.22894943	1.14751923	1.17274380
1.04857588	1.14447153	1.12671936	1.14442277	1.19334114	1.12790966	1.20793355	1.12758744	1.15005493
1.15343344	1.11485720	1.09036899	1.11033344	1.16272485	1.10273886	1.18672240	1.10571802	1.12687457
1.25829101	1.08450520	1.05585706	1.07676840	1.13185477	1.07721043	1.16454136	1.08449662	1.10404372
1.36314869	1.05346954	1.02057731	1.04376113	1.10299993	1.05349278	1.14173949	1.06299675	1.08084822
1.46800625	1.02292073	0.98528755	1.01115799	1.07493162	1.03026688	1.11844242	1.05362022	1.05746090
1.57286382	0.99359983	0.95050061	0.97916144	1.04480839	1.01678050	1.09371042	1.04831326	1.04647839
1.67772150	0.96462417	0.91734147	0.94731307	1.01611972	1.01024580	1.08172691	1.04537439	1.04081011
1.88743675	0.93615544	0.88509327	0.91175556	0.96656227	0.99878085	1.06350410	1.03854728	1.03178680
2.09715199	0.92345679	0.87239671	0.90408212	0.95398813	0.99654073	1.05888736	1.03952920	1.03248227
2.30686712	0.91662109	0.86374617	0.89855266	0.94383341	0.99622476	1.05811620	1.04067910	1.03029633
2.51658225	0.91291249	0.86535555	0.89546460	0.93895829	0.99803734	1.05051708	1.03972292	1.02754176
2.72629738	0.90534687	0.87096417	0.89404219	0.93281353	1.00046253	1.04359269	1.04256666	1.02530563
2.93601274	0.89328408	0.87640202	0.89480513	0.93101758	1.00145841	1.04515445	1.04674768	1.02339351
3.14572787	0.88191098	0.89088386	0.89353085	0.92007822	1.00549817	1.04751360	1.04717565	1.01830649
3.35544300	0.86799473	0.89704412	0.89734566	0.90210634	1.00489199	1.04696441	1.04938293	1.01045656
3.77487350	0.87451285	0.92713487	0.90815192	0.00000000	1.01291049	1.04213810	1.03549898	0.97764254
4.19430399	0.00000000	0.00000000	0.00000000	0.00000000	0.00000000	0.00000000	1.01764476	0.00000000
4.61373425	0.00000000	0.00000000	0.00000000	0.00000000	0.00000000	0.00000000	0.00000000	0.00000000
5.03316450	0.00000000	0.00000000	0.00000000	0.00000000	0.00000000	0.00000000	0.00000000	0.00000000
5.45259476	0.00000000	0.00000000	0.00000000	0.00000000	0.00000000	0.00000000	0.00000000	0.00000000
5.87202549	0.00000000	0.00000000	0.00000000	0.00000000	0.00000000	0.00000000	0.00000000	0.00000000
6.29145575	0.00000000	0.00000000	0.00000000	0.00000000	0.00000000	0.00000000	0.00000000	0.00000000
6.71088600	0.00000000	0.00000000	0.00000000	0.00000000	0.00000000	0.00000000	0.00000000	0.00000000
7.54974699	0.00000000	0.00000000	0.00000000	0.00000000	0.00000000	0.00000000	0.00000000	0.00000000
8.38860798	0.00000000	0.00000000	0.00000000	0.00000000	0.00000000	0.00000000	0.00000000	0.00000000
9.22746849	0.00000000	0.00000000	0.00000000	0.00000000	0.00000000	0.00000000	0.00000000	0.00000000
10.06632900	0.00000000	0.00000000	0.00000000	0.00000000	0.00000000	0.00000000	0.00000000	0.00000000
10.90518951	0.00000000	0.00000000	0.00000000	0.00000000	0.00000000	0.00000000	0.00000000	0.00000000
11.74405098	0.00000000	0.00000000	0.00000000	0.00000000	0.00000000	0.00000000	0.00000000	0.00000000
12.58291149	0.00000000	0.00000000	0.00000000	0.00000000	0.00000000	0.00000000	0.00000000	0.00000000
13.42177200	0.00000000	0.00000000	0.00000000	0.00000000	0.00000000	0.00000000	0.00000000	0.00000000
15.09949398	0.00000000	0.00000000	0.00000000	0.00000000	0.00000000	0.00000000	0.00000000	0.00000000
16.77721596	0.00000000	0.00000000	0.00000000	0.00000000	0.00000000	0.00000000	0.00000000	0.00000000
18.45493698	0.00000000	0.00000000	0.00000000	0.00000000	0.00000000	0.00000000	0.00000000	0.00000000
20.13265800	0.00000000	0.00000000	0.00000000	0.00000000	0.00000000	0.00000000	0.00000000	0.00000000
21.81037903	0.00000000	0.00000000	0.00000000	0.00000000	0.00000000	0.00000000	0.00000000	0.00000000
23.48810196	0.00000000	0.00000000	0.00000000	0.00000000	0.00000000	0.00000000	0.00000000	0.00000000
25.16582298	0.00000000	0.00000000	0.00000000	0.00000000	0.00000000	0.00000000	0.00000000	0.00000000
26.84354401	0.00000000	0.00000000	0.00000000	0.00000000	0.00000000	0.00000000	0.00000000	0.00000000
30.19898796	0.00000000	0.00000000	0.00000000	0.00000000	0.00000000	0.00000000	0.00000000	0.00000000
33.55443192	0.00000000	0.00000000	0.00000000	0.00000000	0.00000000	0.00000000	0.00000000	0.00000000
36.90987396	0.00000000	0.00000000	0.00000000	0.00000000	0.00000000	0.00000000	0.00000000	0.00000000
40.26531601	0.00000000	0.00000000	0.00000000	0.00000000	0.00000000	0.00000000	0.00000000	0.00000000
43.62075806	0.00000000	0.00000000	0.00000000	0.00000000	0.00000000	0.00000000	0.00000000	0.00000000
46.97620392	0.00000000	0.00000000	0.00000000	0.00000000	0.00000000	0.00000000	0.00000000	0.00000000
50.33164597	0.00000000	0.00000000	0.00000000	0.00000000	0.00000000	0.00000000	0.00000000	0.00000000
53.68708801	0.00000000	0.00000000	0.00000000	0.00000000	0.00000000	0.00000000	0.00000000	0.00000000
60.39797592	0.00000000	0.00000000	0.00000000	0.00000000	0.00000000	0.00000000	0.00000000	0.00000000
67.10886383	0.00000000	0.00000000	0.00000000	0.00000000	0.00000000	0.00000000	0.00000000	0.00000000
73.81974792	0.00000000	0.00000000	0.00000000	0.00000000	0.00000000	0.00000000	0.00000000	0.00000000
80.53063202	0.00000000	0.00000000	0.00000000	0.00000000	0.00000000	0.00000000	0.00000000	0.00000000
87.24151611	0.00000000	0.00000000	0.00000000	0.00000000	0.00000000	0.00000000	0.00000000	0.00000000
93.95240784	0.00000000	0.00000000	0.00000000	0.00000000	0.00000000	0.00000000	0.00000000	0.00000000
100.66329193	0.00000000	0.00000000	0.00000000	0.00000000	0.00000000	0.00000000	0.00000000	0.00000000
107.37417603	0.00000000	0.00000000	0.00000000	0.00000000	0.00000000	0.00000000	0.00000000	0.00000000
120.79595184	0.00000000	0.00000000	0.00000000	0.00000000	0.00000000	0.00000000	0.00000000	0.00000000
134.21772766	0.00000000	0.00000000	0.00000000	0.00000000	0.00000000	0.00000000	0.00000000	0.00000000
147.63949585	0.00000000	0.00000000	0.00000000	0.00000000	0.00000000	0.00000000	0.00000000	0.00000000
161.06126404	0.00000000	0.00000000	0.00000000	0.00000000	0.00000000	0.00000000	0.00000000	0.00000000
174.48303223	0.00000000	0.00000000	0.00000000	0.00000000	0.00000000	0.00000000	0.00000000	0.00000000
187.90481567	0.00000000	0.00000000	0.00000000	0.00000000	0.00000000	0.00000000	0.00000000	0.00000000
201.32658386	0.00000000	0.00000000	0.00000000	0.00000000	0.00000000	0.00000000	0.00000000	0.00000000
214.74835205	0.00000000	0.00000000	0.00000000	0.00000000	0.00000000	0.00000000	0.00000000	0.00000000
241.59190369	0.00000000	0.00000000	0.00000000	0.00000000	0.00000000	0.00000000	0.00000000	0.00000000
268.43545532	0.00000000	0.00000000	0.00000000	0.00000000	0.00000000	0.00000000	0.00000000	0.00000000
295.27899170	0.00000000	0.00000000	0.00000000	0.00000000	0.00000000	0.00000000	0.00000000	0.00000000
322.12252808	0.00000000	0.00000000	0.00000000	0.00000000	0.00000000	0.00000000	0.00000000	0.00000000
348.96606445	0.00000000	0.00000000	0.00000000	0.00000000	0.00000000	0.00000000	0.00000000	0.00000000
375.80963135	0.00000000	0.00000000	0.00000000	0.00000000	0.00000000	0.00000000	0.00000000	0.00000000
402.65316772	0.00000000	0.00000000	0.00000000	0.00000000	0.00000000	0.00000000	0.00000000	0.00000000
429.49670410	0.00000000	0.00000000	0.00000000	0.00000000	0.00000000	0.00000000	0.00000000	0.00000000
483.18380737	0.00000000	0.00000000	0.00000000	0.00000000	0.00000000	0.00000000	0.00000000	0.00000000
536.87091064	0.00000000	0.00000000	0.00000000	0.00000000	0.00000000	0.00000000	0.00000000	0.00000000
590.55798340	0.00000000	0.00000000	0.00000000	0.00000000	0.00000000	0.00000000	0.00000000	0.00000000
644.24505615	0.00000000	0.00000000	0.00000000	0.00000000	0.00000000	0.00000000	0.00000000	0.00000000
697.93212891	0.00000000	0.00000000	0.00000000	0.00000000	0.00000000	0.00000000	0.00000000	0.00000000
751.61926270	0.00000000	0.00000000	0.00000000	0.00000000	0.00000000	0.00000000	0.00000000	0.00000000
805.30633545	0.00000000	0.00000000	0.00000000	0.00000000	0.00000000	0.00000000	0.00000000	0.00000000
858.99340820	0.00000000	0.00000000	0.00000000	0.00000000	0.00000000	0.00000000	0.00000000	0.00000000
966.36761475	0.00000000	0.00000000	0.00000000	0.00000000	0.00000000	0.00000000	0.00000000	0.00000000
1073.74182129	0.00000000	0.00000000	0.00000000	0.00000000	0.00000000	0.00000000	0.00000000	0.00000000
1181.11596680	0.00000000	0.00000000	0.00000000	0.00000000	0.00000000	0.00000000	0.00000000	0.00000000
1288.49011230	0.00000000	0.00000000	0.00000000	0.00000000	0.00000000	0.00000000	0.00000000	0.00000000
1395.86425781	0.00000000	0.00000000	0.00000000	0.00000000	0.00000000	0.00000000	0.00000000	0.00000000
1503.23852539	0.00000000	0.00000000	0.00000000	0.00000000	0.00000000	0.00000000	0.00000000	0.00000000
1610.61267090	0.00000000	0.00000000	0.00000000	0.00000000	0.00000000	0.00000000	0.00000000	0.00000000
1717.98681641	0.00000000	0.00000000	0.00000000	0.00000000	0.00000000	0.00000000	0.00000000	0.00000000
1932.73522949	0.00000000	0.00000000	0.00000000	0.00000000	0.00000000	0.00000000	0.00000000	0.00000000
2147.48364258	0.00000000	0.00000000	0.00000000	0.00000000	0.00000000	0.00000000	0.00000000	0.00000000
2362.23193359	0.00000000	0.00000000	0.00000000	0.00000000	0.00000000	0.00000000	0.00000000	0.00000000
2576.98022461	0.00000000	0.00000000	0.00000000	0.00000000	0.00000000	0.00000000	0.00000000	0.00000000
2791.72851562	0.00000000	0.00000000	0.00000000	0.00000000	0.00000000	0.00000000	0.00000000	0.00000000
3006.47705078	0.00000000	0.00000000	0.00000000	0.00000000	0.00000000	0.00000000	0.00000000	0.00000000
3221.22534180	0.00000000	0.00000000	0.00000000	0.00000000	0.00000000	0.00000000	0.00000000	0.00000000
3435.97363281	0.00000000	0.00000000	0.00000000	0.00000000	0.00000000	0.00000000	0.00000000	0.00000000
0	0	0	0	0	0	0	0	0
