%2/6/2015 6:54:14 AM
%Duration	ID1		ID2		ID3		ID4		ID5		ID6		ID7		ID8
3000.000000	3.261566	3.805161	4.415512	5.512238	17.280579	25.548935	19.216537	18.539429
%Tau		Tau1		Tau2		Tau3		Tau4		Tau5		Tau6		Tau7		Tau8
%		0.000002	0.000004	0.000001	0.000005	0.000011	0.000029	0.000021	0.000016
%Delaytime	D1		D2		D3		D4		D5		D6		D7		D8
0.00000000	4.63020039	19.27351189	13.65739727	9.90830421	4.39654398	1.86129963	3.46263981	4.23672724
0.00000020	3.63801455	1.71320105	3.57693744	1.98166084	1.97844481	1.59169638	1.77674818	1.58382320
0.00000040	2.64582872	1.07075059	1.78846872	1.69856644	1.53879035	1.32209313	1.37294173	1.85109341
0.00000060	0.66145718	2.14150119	2.27623296	1.41547203	1.39995217	1.52429557	1.21141922	1.42544091
0.00000080	1.65364301	1.92735112	1.30070460	1.88729596	1.22640443	1.59169638	1.48398852	1.37594640
0.00000100	1.65364301	1.49905086	0.97552842	2.07602549	1.52722049	1.56058824	1.32246602	1.60362101
0.00000120	1.65364301	1.28490078	1.62588072	1.69856644	1.48094118	1.38430917	1.57484496	1.56402540
0.00000140	1.98437154	1.49905086	1.46329260	1.32110715	1.33053303	1.33246243	1.51427400	1.57392430
0.00000160	1.98437154	0.85660052	0.81294036	1.41547203	1.46937132	1.48800278	1.61522555	1.31655300
0.00000180	1.65364301	1.49905086	0.65035230	1.41547203	1.29582345	1.38430917	1.24170470	1.40564311
0.00000200	1.32291436	1.07075059	1.30070460	1.79293120	1.22640443	1.52948022	1.64551115	1.52442980
0.00000220	0.99218577	1.71320105	1.30070460	1.50983679	1.33053303	1.43097138	1.34265625	1.44523871
0.00000240	0.66145718	1.71320105	1.62588072	1.13237762	1.48094118	1.27024627	1.57484496	1.28685641
0.00000260	2.64582872	0.64245039	1.13811648	1.69856644	1.27268374	1.42060196	1.45370305	1.46503651
0.00000280	1.32291436	1.92735112	0.65035230	1.60420156	1.34210289	1.38949394	1.43351269	1.76200330
0.00000300	1.32291436	0.85660052	0.97552842	1.50983679	1.48094118	1.34283185	1.34265625	1.54422760
0.00000340	0.82682151	1.39197576	1.62588072	1.03801274	1.50408089	1.32209313	1.41837001	1.29675531
0.00000380	1.15755010	1.17782569	1.54458666	1.74574876	1.24954402	1.38171685	1.52941680	1.40069366
0.00000420	1.98437154	0.96367556	1.30070460	1.08519518	1.33631802	1.34542418	1.36789417	1.31160355
0.00000460	1.81900728	0.53537530	1.21941054	1.46265435	1.53879035	1.23136115	1.63036835	1.46008706
0.00000500	0.99218577	1.49905086	1.38199854	1.65138400	1.29003859	1.53207254	1.44865549	1.58382320
0.00000540	0.99218577	1.39197576	0.81294036	1.46265435	1.48094118	1.29616964	1.45370305	1.48978376
0.00000580	2.14973593	1.39197576	1.13811648	0.99083042	1.53879035	1.37653220	1.35275149	1.57887375
0.00000620	1.65364301	1.92735112	1.21941054	1.50983679	1.37681246	1.32987010	1.42846513	1.38089585
0.00000700	1.57096088	1.39197576	1.26005757	1.46265435	1.39995217	1.39338243	1.36284661	1.52442980
0.00000780	0.90950364	1.28490078	1.01617539	1.22674239	1.34499538	1.36616290	1.38303697	1.40069366
0.00000860	0.82682151	1.07075059	0.85358733	1.27392483	1.44912410	1.40504789	1.43351269	1.44523871
0.00000940	0.74413931	1.33843827	1.38199854	1.13237762	1.28425360	1.39079010	1.39565587	1.25468493
0.00001020	1.07486796	1.49905086	0.97552842	0.99083042	1.25822151	1.36875522	1.30227566	1.36357284
0.00001100	1.57096088	1.28490078	1.30070460	1.39188075	1.24375916	1.30135441	1.40070343	1.34624970
0.00001180	1.24023223	1.44551337	1.05682242	1.32110715	1.37102759	1.39597476	1.33760870	1.29180586
0.00001260	0.74413931	0.85660052	1.21941054	1.48624563	1.28136122	1.34931266	1.35022771	1.34130025
0.00001420	1.44693756	1.12428820	1.50393963	1.17955995	1.29293108	1.32533348	1.34518003	1.34006298
0.00001580	1.24023223	1.49905086	1.15843999	1.29751599	1.39561343	1.29552162	1.31868029	1.32645190
0.00001740	1.07486796	1.17782569	0.99585193	1.22674239	1.19458723	1.29681778	1.30227566	1.19900370
0.00001900	1.11620903	0.80306298	1.30070460	1.34469843	1.26979136	1.28904080	1.28587103	1.23241246
0.00002060	1.11620903	1.28490078	1.01617539	1.30931163	1.26834512	1.27737522	1.27072823	1.23612452
0.00002220	1.11620903	1.09751940	0.95520490	0.99083042	1.31317830	1.26376545	1.24549043	1.25097287
0.00002380	1.28157330	1.09751940	0.97552842	1.22674239	1.24520540	1.25598848	1.28839481	1.29304314
0.00002540	1.15755010	0.93690681	1.38199854	1.09699082	1.28136122	1.21062243	1.32372785	1.25592232
0.00002860	0.83158064	1.04684091	1.01526856	1.15897381	1.20215249	1.23112357	1.21362364	1.15950811
0.00003180	1.45526612	1.10052502	1.15740621	1.07661021	1.19781256	1.19086528	1.13714004	1.21221304
0.00003500	0.97710729	1.14078808	1.14725351	1.14132440	1.17032659	1.16976225	1.17822623	1.14586687
0.00003820	1.14342344	0.72473598	1.10664272	1.14720750	1.15658355	1.17463219	1.15987396	1.09688222
0.00004140	1.22658145	1.16763020	1.22847497	1.08837640	1.19202602	1.12950397	1.15544939	1.16322839
0.00004460	1.22658145	1.10052502	1.18786430	1.17662311	1.08497524	1.16619086	1.15544939	1.17376947
0.00004780	1.18500245	1.06026185	1.04572666	1.20015562	1.16815662	1.15547705	1.18073273	1.14338660
0.00005100	0.95631778	1.27499843	1.30969644	1.00601280	1.13633072	1.15937293	1.14154351	1.12354469
0.00005740	0.89309347	1.23996079	0.89651108	1.08408868	1.11741543	1.11583555	1.07911181	1.09735572
0.00006380	1.25656176	1.11931598	1.12443757	0.95741522	1.11777735	1.09360647	1.10124409	1.09859490
0.00007020	1.02809596	0.97856367	1.06872225	1.08408868	1.06746292	1.07429790	1.06108963	1.07040203
0.00007660	1.00732636	0.87802631	1.06872225	0.99276596	1.06565309	1.07835436	1.07089114	1.05800951
0.00008300	0.99694157	1.13272095	1.08391726	1.01044130	1.05768955	1.07721853	1.03136909	1.07690811
0.00008940	1.05925035	0.94505125	1.07877207	1.17835724	1.00375545	1.06488705	1.05192053	1.02668071
0.00009580	1.03848076	1.08580351	1.02306092	1.07519007	1.08049405	1.03665447	1.03549862	1.07193136
0.00010220	1.08002007	0.95845622	1.07877207	0.99860114	1.04936421	1.03908837	1.03866041	1.02546036
0.00011500	1.01348889	0.91356218	1.07061827	1.05174339	1.04079080	1.02156389	1.02293956	1.02728081
0.00012780	1.03947580	1.02064633	1.01746702	1.05180299	1.02181804	1.02432179	1.03763878	1.02185524
0.00014060	1.03947580	1.02733910	1.10605240	1.03412569	1.03247893	1.01685929	1.02546847	1.02309537
0.00015340	0.96671253	0.98383617	1.00481188	1.03854501	1.00431085	1.02933729	1.02578461	1.00402856
0.00016620	0.88875186	1.04407108	1.00228095	1.03707182	1.00232315	1.00548983	1.00049555	1.00494027
0.00017900	0.96671253	0.95706511	0.98203284	1.00908267	0.97738701	1.01439881	1.01029503	1.00246000
0.00019180	0.99269944	1.05745661	0.91116446	0.96341622	1.04336190	1.00208294	0.99101222	0.99331433
0.00020460	0.98230469	0.96375787	0.93900561	0.95163131	1.00342727	0.99144387	1.02673292	1.00108337
0.00023020	1.00582767	1.01993120	0.99155414	0.97783750	1.00240433	1.00899231	1.00817382	0.99635059
0.00025580	0.99037892	0.99146014	0.99028778	1.07075417	0.99461544	1.00239587	1.00406528	1.00474894
0.00028140	1.03704596	0.99983400	1.01561487	1.00364769	0.98793048	0.99778616	1.00888491	0.99846393
0.00030700	0.99815679	1.08859646	1.03334379	1.01028466	1.02379441	1.01189840	1.00116050	1.00048137
0.00033260	1.05260170	0.98476112	1.03334379	1.03756964	0.99344105	1.00854588	1.00280106	1.00608647
0.00035820	1.01371253	1.03332925	1.01561487	1.02650821	1.00642967	0.99285203	0.99806046	1.00579464
0.00038380	1.10704660	1.09529555	1.04727364	1.02650821	1.01663756	1.00213861	0.98567414	0.98476624
0.00040940	1.00074935	1.04505265	1.04220819	0.97488779	1.00642967	0.99236542	0.99043322	0.99109262
0.00046060	0.92069554	0.95983756	0.96576214	0.98650855	1.00195611	1.00474274	0.99920446	1.00381267
0.00051180	0.96990287	1.01669204	1.02980816	1.00901306	1.00744474	1.01031125	0.99111086	1.00546074
0.00056300	1.07738209	1.00164235	1.03678346	0.99978989	1.00374234	0.99610031	1.00937521	0.99160463
0.00061420	0.98673695	0.96234584	1.00000453	0.99499387	1.00934625	0.99484342	1.00481486	0.99327111
0.00066540	1.02428997	0.97237897	0.99683398	1.01417804	1.00713396	1.00199258	1.00769782	0.99800140
0.00071660	1.04500890	0.98492044	0.98732221	0.98245037	0.99024749	1.00108039	1.01223946	0.98308098
0.00076780	0.99968630	0.98734438	1.02481139	1.00685656	0.99693543	1.00047910	1.00655258	0.99036676
0.00081900	1.00486600	0.95139539	1.01791120	1.02124560	1.00569439	1.00607431	0.99851453	0.99738133
0.00092140	0.99307710	1.01232445	0.96461838	0.98970842	0.99709928	1.00626850	0.99084699	1.00846088
0.00102380	1.00614858	1.01441348	1.00080347	0.97689879	0.99919897	1.00369012	0.99439657	1.00417817
0.00112620	1.02624559	1.00438631	0.99096364	0.97505277	1.00116050	1.00377810	0.99770957	1.00516689
0.00122860	0.99772078	0.99979055	1.03921044	0.98908234	1.00031960	1.00214958	1.00161791	0.99865305
0.00133100	0.98345834	0.98266083	0.99406385	1.02225220	1.00039005	0.99887973	1.00913191	0.99987239
0.00143340	1.01846611	1.02811301	1.00270796	0.97352076	0.98990506	0.99935991	1.00102270	1.00130510
0.00153580	0.99836904	0.96043557	1.02048302	1.00545466	1.00817180	0.99627978	0.99526203	0.99936628
0.00163820	0.98540324	0.96335989	0.98969400	1.00840807	0.99153078	1.00668120	1.00072551	0.98670602
0.00184300	1.00084591	0.97743601	0.97259283	1.02034664	1.00353169	0.99793911	0.99441755	0.99946499
0.00204780	1.00311613	1.01123464	0.99811226	1.01695669	0.99945617	1.00212407	0.99910903	1.00929332
0.00225260	0.98625165	1.00274515	0.98257869	1.00470805	0.99883246	0.99988443	0.99798936	0.99594098
0.00245740	0.97305804	0.97346187	1.00506842	1.00332403	1.00104845	0.99805593	1.00684345	1.00450754
0.00266220	0.99035406	0.99052894	0.98572499	0.98773074	0.99228114	1.00129879	1.00223935	1.00299501
0.00286700	0.98851287	1.01545334	0.98620063	1.00308263	1.00713754	0.99910480	0.99872434	0.99741590
0.00307180	1.03522956	0.99077797	1.00348294	1.00824940	1.00486803	1.00259852	0.99250734	1.00280404
0.00327660	1.04528666	1.02569985	1.01529133	1.01589561	0.99785888	0.99824584	0.99685138	1.00212777
0.00368620	1.01274240	1.00710523	1.01661706	1.00372648	1.00617838	1.00204957	1.00034499	0.99945837
0.00409580	0.99957001	1.00501120	0.99900842	1.00437117	1.00021780	0.99890876	0.99983233	1.00259769
0.00450540	0.98677582	1.00858951	0.99822032	1.00089252	1.00166571	1.00050390	1.00272083	1.00420570
0.00491500	0.99622506	0.99299061	0.99592030	1.00579882	1.00091779	1.00108838	1.00226128	0.99973565
0.00532460	0.98526102	0.99148500	0.99345618	0.99361008	0.99892503	1.00319219	1.00139022	1.00613189
0.00573420	0.99152136	0.98920161	0.99258369	0.99379426	1.00475526	1.00298059	1.00448489	1.00219357
0.00614380	1.01452327	0.98729670	0.99456662	1.00798726	0.99490935	1.00283885	1.00134242	0.99986643
0.00655340	0.99475449	1.00672376	0.99860680	1.01108372	0.99732763	1.00082684	0.99748003	1.00048935
0.00737260	0.99550295	0.99782765	1.00733614	0.99632013	1.00209343	1.00124466	0.99833620	1.00066984
0.00819180	0.99210811	1.00484085	0.99622589	1.00089419	0.99781364	1.00004423	0.99868655	0.99699569
0.00901100	0.99337667	0.98881555	0.99903381	0.99482554	1.00120687	0.99829400	1.00135899	1.00145435
0.00983020	0.99028111	1.00720191	0.99713707	0.98871011	1.00389934	0.99868906	1.00005496	1.00164855
0.01064940	1.00116110	0.99558824	0.98832476	1.00064099	0.99944508	1.00258934	0.99939418	1.00119531
0.01146860	1.00272250	1.00529993	0.99759740	0.99981380	1.00317681	0.99859673	0.99884671	0.99939948
0.01228780	0.99636126	0.99566007	0.99901897	1.00752592	1.00289774	1.00103951	1.00198746	1.00122821
0.01310700	0.98859161	0.99599344	1.01020277	0.98547280	0.99922252	1.00128520	1.00217807	1.00142825
0.01474540	0.99729097	1.00545692	1.00173044	0.99738795	0.99670053	1.00055385	1.00424087	1.00164998
0.01638380	0.99201995	1.00597596	1.00061023	1.00468791	1.00093043	1.00122094	1.00096130	1.00081253
0.01802220	0.99214125	1.00550556	1.00162196	1.00229192	1.00239003	1.00071967	1.00005937	0.99866372
0.01966060	1.00741112	0.99298066	0.99004298	1.00296366	1.00086784	1.00077796	0.99931604	0.99920511
0.02129900	0.99909985	0.99363965	1.00084841	0.99792176	1.00004601	1.00209546	0.99988312	1.00230241
0.02293740	0.99880177	1.00360680	0.99925095	1.00849259	1.00211930	0.99844956	1.00124514	0.99937558
0.02457580	0.99068588	1.00726175	1.00033748	1.00713396	0.99891388	1.00026512	0.99881279	1.00226879
0.02621420	1.00546503	0.99594146	0.99192786	0.99767691	1.00214827	1.00115907	1.00344574	1.00045514
0.02949100	0.99790847	1.00382817	0.99762511	0.99821997	0.99931914	1.00067270	0.99994314	1.00129914
0.03276780	1.00665700	0.99967855	0.99431103	0.99690276	0.99977416	1.00117898	1.00200558	1.00026834
0.03604460	0.99940318	0.99362063	0.99680513	0.99680597	1.00124884	1.00095928	1.00170052	1.00004482
0.03932140	0.99282050	1.00134671	0.99705839	0.99798208	0.99942237	1.00125492	1.00062346	1.00038540
0.04259820	0.99921280	1.00215137	1.00218749	0.99952322	1.00023353	1.00093913	1.00171769	1.00165546
0.04587500	1.00609314	0.99787998	1.00009930	0.99841958	0.99963886	0.99961060	1.00290799	1.00068557
0.04915180	0.99955666	1.00331616	0.99806654	0.99958426	1.00235152	1.00066376	1.00206673	1.00055552
0.05242860	0.99972832	0.99381715	0.99809051	0.99581951	1.00163484	1.00102305	1.00134289	1.00131428
0.05898220	0.99856013	1.00082493	1.00465846	0.99614102	1.00019968	1.00113869	1.00166464	0.99968112
0.06553581	0.99899966	1.00065911	1.00054049	0.99940401	0.99939138	1.00172675	1.00090849	0.99927968
0.07208940	1.00006104	0.99922031	0.99992067	0.99704129	1.00042892	1.00094414	1.00043273	0.99970281
0.07864300	1.00005615	1.00723815	0.99880993	0.99946719	1.00052881	0.99981999	1.00005519	1.00089157
0.08519660	1.00051975	1.00027966	0.99994045	1.00182307	1.00004506	0.99949968	1.00109458	1.00074887
0.09175020	0.99275523	1.00010490	1.00042093	0.99869990	1.00000334	1.00048435	1.00127113	0.99994123
0.09830380	1.00299692	0.99804729	0.99860805	1.00209904	0.99888760	1.00045395	1.00208223	0.99974966
0.10485740	1.00297058	1.00586593	1.00079691	1.00070226	1.00122344	1.00123286	1.00188923	0.99931943
0.11796460	1.00326383	1.00133729	0.99878895	1.00065684	1.00085032	1.00021029	1.00145686	1.00017464
0.13107181	0.99761301	0.99890548	1.00056648	1.00066924	0.99921608	0.99978441	1.00036311	0.99982423
0.14417900	1.00197601	1.00361133	0.99830645	1.00296962	0.99985266	1.00057065	1.00134587	1.00053418
0.15728620	0.99626428	0.99973696	1.00139380	1.00017643	1.00007391	1.00117600	1.00102937	1.00090361
0.17039341	0.99861372	1.00091243	1.00070703	0.99896765	1.00040054	1.00018573	1.00107205	0.99905276
0.18350060	1.00175905	0.99946862	0.99972415	0.99892485	1.00054038	0.99973303	1.00077915	0.99974197
0.19660780	0.99275738	0.99958396	0.99832869	0.99845880	1.00108171	0.99994969	1.00104356	1.00117707
0.20971501	1.00042200	1.00042868	0.99872977	1.00004363	1.00095022	0.99999863	1.00189602	1.00097704
0.23592941	0.99694812	1.00113142	0.99902326	1.00031841	0.99913311	0.99977612	1.00024199	1.00001669
0.26214382	0.99753398	0.99861091	0.99840569	1.00036442	1.00020623	1.00034404	1.00107765	1.00067472
0.28835821	1.00212038	0.99940240	0.99936694	1.00147057	0.99997878	1.00032878	1.00020480	0.99995136
0.31457260	0.99782366	0.99908173	0.99862975	1.00062001	0.99940276	1.00032759	1.00076044	0.99942946
0.34078699	0.99956375	0.99812800	1.00280702	1.00040698	0.99959368	1.00041175	1.00025010	1.00026739
0.36700141	1.00311327	0.99983466	1.00002861	0.99998200	0.99974072	1.00010252	1.00045609	0.99971378
0.39321581	0.99940133	0.99867254	0.99936813	0.99945742	0.99911052	1.00013447	1.00039816	0.99964523
0.41943020	1.00226676	0.99757630	1.00110829	1.00009704	0.99983460	1.00030446	1.00038791	0.99980044
0.47185901	1.00019181	1.00067389	1.00011694	0.99899745	1.00012732	1.00007427	1.00006616	1.00044525
0.52428782	0.99853510	0.99990970	0.99957752	1.00146127	1.00015986	0.99980247	1.00022042	0.99985760
0.57671660	1.00132537	0.99914300	0.99893171	0.99936646	0.99961454	1.00036597	1.00020027	0.99986094
0.62914538	0.99803817	1.00017905	0.99971730	1.00094485	1.00038576	1.00016654	1.00018966	0.99970549
0.68157423	1.00071633	0.99972385	1.00042272	0.99948424	1.00031435	0.99987423	1.00008225	1.00022829
0.73400301	0.99793285	1.00269413	0.99955279	0.99991709	1.00058591	1.00046957	0.99978942	0.99958879
0.78643179	1.00106847	0.99871504	1.00077522	1.00042319	0.99993867	1.00063074	0.99977648	1.00013733
0.83886063	0.99967068	1.00052476	1.00070119	1.00006020	0.99940014	1.00009394	0.99972451	1.00026250
0.94371825	1.00124264	1.00065398	0.99981415	1.00049424	1.00006866	1.00033736	1.00005209	0.99982733
1.04857588	1.00059104	0.99947780	0.99967045	0.99958503	0.99992687	0.99984741	0.99954396	1.00002563
1.15343344	0.99907476	0.99978912	1.00049949	0.99998623	1.00015938	0.99968493	0.99904233	0.99978238
1.25829101	0.99814284	1.00054193	1.00047696	1.00038242	0.99996734	0.99961191	0.99907333	0.99984574
1.36314869	1.00016224	0.99939579	0.99968493	0.99992460	0.99995005	0.99954134	0.99897802	1.00020468
1.46800625	1.00068951	1.00074112	0.99964523	0.99949378	1.00004482	0.99950427	0.99956578	0.99991965
1.57286382	1.00080681	1.00003970	1.00030971	1.00000799	0.99971372	0.99954790	0.99950010	1.00047362
1.67772150	0.99952626	1.00115395	0.99940175	1.00009048	1.00017893	1.00008988	0.99977767	1.00019026
1.88743675	1.00010288	0.99925667	1.00006258	0.99971485	1.00004554	0.99937946	0.99950635	1.00016880
2.09715199	1.00051117	0.99916035	0.99990481	0.99982566	0.99973667	0.99964541	0.99949592	1.00015736
2.30686712	0.99912065	1.00012314	1.00026155	0.99965101	0.99978125	0.99970621	0.99996763	0.99999064
2.51658225	1.00090683	0.99933374	0.99952549	0.99990886	1.00018251	0.99995178	1.00043917	0.99991047
2.72629738	0.99894458	0.99930912	1.00010097	0.99980050	1.00011742	1.00021160	0.99998581	0.99953073
2.93601274	1.00107932	0.99990928	1.00024819	0.99989957	0.99995458	0.99997669	1.00004923	1.00009322
3.14572787	1.00028145	1.00073493	1.00031579	0.99985313	1.00025260	1.00009310	1.00055861	1.00056350
3.35544300	0.99886775	1.00034094	0.99993020	1.00010979	1.00009882	1.00062466	1.00050902	1.00029075
3.77487350	1.00033104	0.99990743	0.99942034	1.00028968	0.99986929	0.99998200	1.00006437	1.00000954
4.19430399	0.99989700	0.99989074	1.00044537	0.99989212	1.00011277	1.00012612	0.99930304	0.99990994
4.61373425	1.00008845	0.99993157	0.99973571	0.99984097	0.99991864	0.99993324	0.99971771	1.00010216
5.03316450	1.00000000	1.00000000	1.00000000	1.00000000	1.00000000	1.00000000	1.00000000	1.00000000
5.45259476	0.00000000	0.00000000	0.00000000	0.00000000	0.00000000	0.00000000	0.00000000	0.00000000
5.87202549	0.00000000	0.00000000	0.00000000	0.00000000	0.00000000	0.00000000	0.00000000	0.00000000
6.29145575	0.00000000	0.00000000	0.00000000	0.00000000	0.00000000	0.00000000	0.00000000	0.00000000
6.71088600	0.00000000	0.00000000	0.00000000	0.00000000	0.00000000	0.00000000	0.00000000	0.00000000
7.54974699	0.00000000	0.00000000	0.00000000	0.00000000	0.00000000	0.00000000	0.00000000	0.00000000
8.38860798	0.00000000	0.00000000	0.00000000	0.00000000	0.00000000	0.00000000	0.00000000	0.00000000
9.22746849	0.00000000	0.00000000	0.00000000	0.00000000	0.00000000	0.00000000	0.00000000	0.00000000
10.06632900	0.00000000	0.00000000	0.00000000	0.00000000	0.00000000	0.00000000	0.00000000	0.00000000
10.90518951	0.00000000	0.00000000	0.00000000	0.00000000	0.00000000	0.00000000	0.00000000	0.00000000
11.74405098	0.00000000	0.00000000	0.00000000	0.00000000	0.00000000	0.00000000	0.00000000	0.00000000
12.58291149	0.00000000	0.00000000	0.00000000	0.00000000	0.00000000	0.00000000	0.00000000	0.00000000
13.42177200	0.00000000	0.00000000	0.00000000	0.00000000	0.00000000	0.00000000	0.00000000	0.00000000
15.09949398	0.00000000	0.00000000	0.00000000	0.00000000	0.00000000	0.00000000	0.00000000	0.00000000
16.77721596	0.00000000	0.00000000	0.00000000	0.00000000	0.00000000	0.00000000	0.00000000	0.00000000
18.45493698	0.00000000	0.00000000	0.00000000	0.00000000	0.00000000	0.00000000	0.00000000	0.00000000
20.13265800	0.00000000	0.00000000	0.00000000	0.00000000	0.00000000	0.00000000	0.00000000	0.00000000
21.81037903	0.00000000	0.00000000	0.00000000	0.00000000	0.00000000	0.00000000	0.00000000	0.00000000
23.48810196	0.00000000	0.00000000	0.00000000	0.00000000	0.00000000	0.00000000	0.00000000	0.00000000
25.16582298	0.00000000	0.00000000	0.00000000	0.00000000	0.00000000	0.00000000	0.00000000	0.00000000
26.84354401	0.00000000	0.00000000	0.00000000	0.00000000	0.00000000	0.00000000	0.00000000	0.00000000
30.19898796	0.00000000	0.00000000	0.00000000	0.00000000	0.00000000	0.00000000	0.00000000	0.00000000
33.55443192	0.00000000	0.00000000	0.00000000	0.00000000	0.00000000	0.00000000	0.00000000	0.00000000
36.90987396	0.00000000	0.00000000	0.00000000	0.00000000	0.00000000	0.00000000	0.00000000	0.00000000
40.26531601	0.00000000	0.00000000	0.00000000	0.00000000	0.00000000	0.00000000	0.00000000	0.00000000
43.62075806	0.00000000	0.00000000	0.00000000	0.00000000	0.00000000	0.00000000	0.00000000	0.00000000
46.97620392	0.00000000	0.00000000	0.00000000	0.00000000	0.00000000	0.00000000	0.00000000	0.00000000
50.33164597	0.00000000	0.00000000	0.00000000	0.00000000	0.00000000	0.00000000	0.00000000	0.00000000
53.68708801	0.00000000	0.00000000	0.00000000	0.00000000	0.00000000	0.00000000	0.00000000	0.00000000
60.39797592	0.00000000	0.00000000	0.00000000	0.00000000	0.00000000	0.00000000	0.00000000	0.00000000
67.10886383	0.00000000	0.00000000	0.00000000	0.00000000	0.00000000	0.00000000	0.00000000	0.00000000
73.81974792	0.00000000	0.00000000	0.00000000	0.00000000	0.00000000	0.00000000	0.00000000	0.00000000
80.53063202	0.00000000	0.00000000	0.00000000	0.00000000	0.00000000	0.00000000	0.00000000	0.00000000
87.24151611	0.00000000	0.00000000	0.00000000	0.00000000	0.00000000	0.00000000	0.00000000	0.00000000
93.95240784	0.00000000	0.00000000	0.00000000	0.00000000	0.00000000	0.00000000	0.00000000	0.00000000
100.66329193	0.00000000	0.00000000	0.00000000	0.00000000	0.00000000	0.00000000	0.00000000	0.00000000
107.37417603	0.00000000	0.00000000	0.00000000	0.00000000	0.00000000	0.00000000	0.00000000	0.00000000
120.79595184	0.00000000	0.00000000	0.00000000	0.00000000	0.00000000	0.00000000	0.00000000	0.00000000
134.21772766	0.00000000	0.00000000	0.00000000	0.00000000	0.00000000	0.00000000	0.00000000	0.00000000
147.63949585	0.00000000	0.00000000	0.00000000	0.00000000	0.00000000	0.00000000	0.00000000	0.00000000
161.06126404	0.00000000	0.00000000	0.00000000	0.00000000	0.00000000	0.00000000	0.00000000	0.00000000
174.48303223	0.00000000	0.00000000	0.00000000	0.00000000	0.00000000	0.00000000	0.00000000	0.00000000
187.90481567	0.00000000	0.00000000	0.00000000	0.00000000	0.00000000	0.00000000	0.00000000	0.00000000
201.32658386	0.00000000	0.00000000	0.00000000	0.00000000	0.00000000	0.00000000	0.00000000	0.00000000
214.74835205	0.00000000	0.00000000	0.00000000	0.00000000	0.00000000	0.00000000	0.00000000	0.00000000
241.59190369	0.00000000	0.00000000	0.00000000	0.00000000	0.00000000	0.00000000	0.00000000	0.00000000
268.43545532	0.00000000	0.00000000	0.00000000	0.00000000	0.00000000	0.00000000	0.00000000	0.00000000
295.27899170	0.00000000	0.00000000	0.00000000	0.00000000	0.00000000	0.00000000	0.00000000	0.00000000
322.12252808	0.00000000	0.00000000	0.00000000	0.00000000	0.00000000	0.00000000	0.00000000	0.00000000
348.96606445	0.00000000	0.00000000	0.00000000	0.00000000	0.00000000	0.00000000	0.00000000	0.00000000
375.80963135	0.00000000	0.00000000	0.00000000	0.00000000	0.00000000	0.00000000	0.00000000	0.00000000
402.65316772	0.00000000	0.00000000	0.00000000	0.00000000	0.00000000	0.00000000	0.00000000	0.00000000
429.49670410	0.00000000	0.00000000	0.00000000	0.00000000	0.00000000	0.00000000	0.00000000	0.00000000
483.18380737	0.00000000	0.00000000	0.00000000	0.00000000	0.00000000	0.00000000	0.00000000	0.00000000
536.87091064	0.00000000	0.00000000	0.00000000	0.00000000	0.00000000	0.00000000	0.00000000	0.00000000
590.55798340	0.00000000	0.00000000	0.00000000	0.00000000	0.00000000	0.00000000	0.00000000	0.00000000
644.24505615	0.00000000	0.00000000	0.00000000	0.00000000	0.00000000	0.00000000	0.00000000	0.00000000
697.93212891	0.00000000	0.00000000	0.00000000	0.00000000	0.00000000	0.00000000	0.00000000	0.00000000
751.61926270	0.00000000	0.00000000	0.00000000	0.00000000	0.00000000	0.00000000	0.00000000	0.00000000
805.30633545	0.00000000	0.00000000	0.00000000	0.00000000	0.00000000	0.00000000	0.00000000	0.00000000
858.99340820	0.00000000	0.00000000	0.00000000	0.00000000	0.00000000	0.00000000	0.00000000	0.00000000
966.36761475	0.00000000	0.00000000	0.00000000	0.00000000	0.00000000	0.00000000	0.00000000	0.00000000
1073.74182129	0.00000000	0.00000000	0.00000000	0.00000000	0.00000000	0.00000000	0.00000000	0.00000000
1181.11596680	0.00000000	0.00000000	0.00000000	0.00000000	0.00000000	0.00000000	0.00000000	0.00000000
1288.49011230	0.00000000	0.00000000	0.00000000	0.00000000	0.00000000	0.00000000	0.00000000	0.00000000
1395.86425781	0.00000000	0.00000000	0.00000000	0.00000000	0.00000000	0.00000000	0.00000000	0.00000000
1503.23852539	0.00000000	0.00000000	0.00000000	0.00000000	0.00000000	0.00000000	0.00000000	0.00000000
1610.61267090	0.00000000	0.00000000	0.00000000	0.00000000	0.00000000	0.00000000	0.00000000	0.00000000
1717.98681641	0.00000000	0.00000000	0.00000000	0.00000000	0.00000000	0.00000000	0.00000000	0.00000000
1932.73522949	0.00000000	0.00000000	0.00000000	0.00000000	0.00000000	0.00000000	0.00000000	0.00000000
2147.48364258	0.00000000	0.00000000	0.00000000	0.00000000	0.00000000	0.00000000	0.00000000	0.00000000
2362.23193359	0.00000000	0.00000000	0.00000000	0.00000000	0.00000000	0.00000000	0.00000000	0.00000000
2576.98022461	0.00000000	0.00000000	0.00000000	0.00000000	0.00000000	0.00000000	0.00000000	0.00000000
2791.72851562	0.00000000	0.00000000	0.00000000	0.00000000	0.00000000	0.00000000	0.00000000	0.00000000
3006.47705078	0.00000000	0.00000000	0.00000000	0.00000000	0.00000000	0.00000000	0.00000000	0.00000000
3221.22534180	0.00000000	0.00000000	0.00000000	0.00000000	0.00000000	0.00000000	0.00000000	0.00000000
3435.97363281	0.00000000	0.00000000	0.00000000	0.00000000	0.00000000	0.00000000	0.00000000	0.00000000
0	0	0	0	0	0	0	0	0
