%1/30/2015 1:20:23 PM
%Duration	ID1		ID2		ID3		ID4		ID5		ID6		ID7		ID8
3000.000000	6.666183	9.441376	33.540726	16.136169	47.588348	44.307709	53.205490	42.505264
%Tau		Tau1		Tau2		Tau3		Tau4		Tau5		Tau6		Tau7		Tau8
%		0.000003	0.000006	0.000022	0.000014	0.000029	0.000025	0.000025	0.000029
%Delaytime	D1		D2		D3		D4		D5		D6		D7		D8
0.00000000	4.43138027	8.00580502	3.55541277	5.36123276	2.46598363	1.75258458	2.07281303	2.75065351
0.00000020	2.70806575	2.10481262	1.81032479	1.99606764	1.52221215	1.49253547	1.56511188	1.56499541
0.00000040	1.72331452	1.57860947	1.57873368	1.76575208	1.50618887	1.47971618	1.46429181	1.48802841
0.00000060	1.64125192	1.08999217	1.43521249	1.48425543	1.49657488	1.52549946	1.42948484	1.47153556
0.00000080	1.55918932	1.05240631	1.50697315	1.50984597	1.47254002	1.45041478	1.59151709	1.46970296
0.00000100	1.47712672	1.42826569	1.44825983	1.52264130	1.39883292	1.39730620	1.49069703	1.46054029
0.00000120	1.96950233	1.24033594	1.44499803	1.63779902	1.51900756	1.44125819	1.46909273	1.43121946
0.00000140	1.80537713	1.05240631	1.55263889	1.49705076	1.48215401	1.52366805	1.47029293	1.47153556
0.00000160	2.21569014	1.35309374	1.50371122	1.48425543	1.49337029	1.52549946	1.49669826	1.46603787
0.00000180	1.72331452	1.46585155	1.38954663	1.49705076	1.48535860	1.44675219	1.46429181	1.42938697
0.00000200	1.14887631	1.12757814	1.40259397	1.45866477	1.46132374	1.49070406	1.40427983	1.41472661
0.00000220	1.23093891	1.54102349	1.32104778	1.34350705	1.37479794	1.44492078	1.50630009	1.49169362
0.00000240	1.31300151	1.35309374	1.42216504	1.47146010	1.51420057	1.39730620	1.47389364	1.45687521
0.00000260	1.14887631	1.46585155	1.58525741	1.63779902	1.44209576	1.50901747	1.43068504	1.47703314
0.00000280	1.31300151	0.97723442	1.53959155	1.47146010	1.35556996	1.38814950	1.45468986	1.49719119
0.00000300	1.55918932	1.46585155	1.44825983	1.56102729	1.42286777	1.39181221	1.41028094	1.36341524
0.00000340	1.43609548	1.39067972	1.54122245	1.41388118	1.41165149	1.43576419	1.49129713	1.44771242
0.00000380	1.18990767	1.44705868	1.45641446	1.48425543	1.43568647	1.52458370	1.43308556	1.46237278
0.00000420	1.43609548	1.40947270	1.48903298	1.35630238	1.39803171	1.36983621	1.44748843	1.48894477
0.00000460	1.31300151	1.48464453	1.43358159	1.46506250	1.47975051	1.40646291	1.42108309	1.43488455
0.00000500	1.27197027	1.22154295	1.45152175	1.51624370	1.49417138	1.43759549	1.41028094	1.46695423
0.00000540	1.31300151	1.29671490	1.46130729	1.43307424	1.44049346	1.46048713	1.36527205	1.41564286
0.00000580	1.39506412	1.57860947	1.43358159	1.37549531	1.43087947	1.36434221	1.48229539	1.42114043
0.00000620	1.51815808	1.46585155	1.40422487	1.36909771	1.43808997	1.40829420	1.42528403	1.41564286
0.00000700	1.43609548	1.40947270	1.33898795	1.35630238	1.35757291	1.43347502	1.43218541	1.43763340
0.00000780	1.35403287	1.57860947	1.36345184	1.42667651	1.38481247	1.35198069	1.38717639	1.37441051
0.00000860	1.35403287	1.47524810	1.43765891	1.36589885	1.38881826	1.38219774	1.39737844	1.34646416
0.00000940	1.53867364	1.56921291	1.36589825	1.36909771	1.36157870	1.39364350	1.37757444	1.36433148
0.00001020	1.33351719	1.21214652	1.37649918	1.47785771	1.37680089	1.39639056	1.40668023	1.37120354
0.00001100	1.49764240	1.26852536	1.39362395	1.24434340	1.34715772	1.35198069	1.33556616	1.35654318
0.00001180	1.68228328	1.51283407	1.39851665	1.48105657	1.32913160	1.38036633	1.34816861	1.35745943
0.00001260	1.43609548	1.24033594	1.34632719	1.28912699	1.30830133	1.31398058	1.37247348	1.32768059
0.00001420	1.36429071	1.45645511	1.32023239	1.37549531	1.32652783	1.34763134	1.34231746	1.33569801
0.00001580	1.29248583	1.40947270	1.29780722	1.40108597	1.28506756	1.31695652	1.31606221	1.30820978
0.00001740	1.18990767	1.23093951	1.28557527	1.26353645	1.27325034	1.26476359	1.31621230	1.26972628
0.00001900	1.67202544	1.29201663	1.28027475	1.19156277	1.26063204	1.28788412	1.27960491	1.28621924
0.00002060	1.16939199	1.25912893	1.25417995	1.24594283	1.23479450	1.26499248	1.27540410	1.25002635
0.00002220	1.31300151	1.15106940	1.24357903	1.25234056	1.23399329	1.23752248	1.24029708	1.21589518
0.00002380	1.10784507	1.19805181	1.20484459	1.16757166	1.19754028	1.22241402	1.23579621	1.21681142
0.00002540	1.20016551	1.16046584	1.25866497	1.16917098	1.19173193	1.20478749	1.21839273	1.22253811
0.00002860	1.16741610	1.21076715	1.14845943	1.18523908	1.19711971	1.16302550	1.17131221	1.18173313
0.00003180	1.21861863	1.06556880	1.15417516	1.14597154	1.15040517	1.15341842	1.16524029	1.16720736
0.00003500	1.22373891	1.13582611	1.15458345	1.13956046	1.13877881	1.12871456	1.12943864	1.12488818
0.00003820	1.16223454	1.13816798	1.12314677	1.10189569	1.12915707	1.13571799	1.10489547	1.14055765
0.00004140	1.21855426	1.04917550	1.12578869	1.09227908	1.10129392	1.08756721	1.08342946	1.11722505
0.00004460	1.20319426	1.11240697	1.10415065	1.07144332	1.09177232	1.09923327	1.10804772	1.08760166
0.00004780	1.10079479	1.04214966	1.06618202	1.09067631	1.07914376	1.04617274	1.08252883	1.08588600
0.00005100	1.09567487	1.14753568	1.08292091	1.07625151	1.07272923	1.06768334	1.06204534	1.06678522
0.00005740	0.97765714	1.07522464	1.07476711	1.05354869	1.07248068	1.05731571	1.05236864	1.05004489
0.00006380	1.02372479	1.02597773	1.04998136	1.05875635	1.04828370	1.03055263	1.04377186	1.04997933
0.00007020	0.97509784	1.07170701	1.03111148	1.00267398	1.03971708	1.03564215	1.03975511	1.04162574
0.00007660	1.03652132	0.97790331	1.04080141	1.03872693	1.03194439	1.02654958	1.03258479	1.02446079
0.00008300	1.01860619	1.07170701	1.01244557	1.04633808	1.03109276	1.02379656	1.02834284	1.02194333
0.00008940	0.95974195	1.04356587	1.02733743	1.01348984	1.01496160	1.01974440	1.03232205	1.01015675
0.00009580	1.02884340	0.96735042	1.02886748	1.00147212	1.00595164	1.00636280	1.01238811	1.00941288
0.00010220	0.92651987	1.05060112	1.01591349	1.04874170	1.01822543	1.01288211	1.01392734	1.01199567
0.00011500	0.99748409	1.01505041	1.00425625	1.02801883	1.01363754	1.00615001	1.01076102	1.01856112
0.00012780	0.99364269	1.02326465	1.00495911	1.00276434	1.00913024	1.00912499	1.01054800	1.01688063
0.00014060	1.03077626	1.00976980	1.00954545	0.98209929	1.01414585	1.00499785	1.00788271	1.01338899
0.00015340	0.95266771	1.02792180	1.01106358	1.00574982	1.00241947	1.00164306	1.00930917	1.00559652
0.00016620	0.96675289	1.00621343	0.99205607	1.00252199	1.00900507	1.00203562	0.99757808	0.99251753
0.00017900	0.96931380	0.98861200	1.00204396	1.00552845	0.99305433	1.00303686	1.00130689	1.00474596
0.00019180	1.01535702	1.00445330	1.00000560	0.98187834	0.99896389	1.00463867	1.00110042	1.00994205
0.00020460	0.97950578	1.02029455	0.99098593	1.01895678	1.00504875	1.01207602	1.00491714	1.00876057
0.00023020	1.04990613	0.99382967	1.00476551	0.99214792	1.00496221	0.99805647	1.00308311	1.00323284
0.00025580	0.98089224	0.99001288	1.00340867	1.01014769	0.99743766	0.99376899	0.99666387	1.00203896
0.00028140	1.04740536	1.00557363	0.99621224	0.99713290	1.00485969	1.00658071	0.99763393	1.00248885
0.00030700	1.03078997	0.98267293	0.99333280	1.00173807	0.99735004	1.00118470	0.99775940	1.00145388
0.00033260	0.98989069	1.00179267	1.00254667	0.98251629	1.00200605	0.98844582	1.00071061	1.00803530
0.00035820	1.00139368	0.97272539	0.98911786	0.99513060	1.00095248	1.00086975	1.00332081	1.00527394
0.00038380	1.00586700	0.98740584	0.99421418	1.00223863	1.00074482	0.99791479	0.99767786	0.99813455
0.00040940	1.00650609	1.02495110	0.99592149	1.01325119	0.99709529	1.00000453	0.99459517	1.00893831
0.00046060	1.03076899	1.01613891	0.99809718	1.00725067	0.99452382	0.99984491	0.99884349	1.00396883
0.00051180	0.95282853	0.98239577	1.00338984	1.01045203	0.99934632	0.99845099	0.99762791	1.00436926
0.00056300	0.99911332	0.99476826	0.99559981	1.00013924	0.99947369	0.99820065	0.99701428	0.99839634
0.00061420	1.01401067	1.00615227	1.00096667	0.98175973	1.00764060	1.00332963	0.99915802	0.99939680
0.00066540	1.01778829	0.98206693	0.99966806	0.99341518	1.00869918	1.00091290	1.00003970	0.99915367
0.00071660	1.02385414	1.00541794	1.00727534	1.02085674	0.99653429	1.00074756	1.00187230	1.00143492
0.00076780	0.99320561	0.98515099	0.99880975	0.99869680	1.00295341	1.00018477	1.00042558	1.00201416
0.00081900	0.99416333	1.01187992	0.99717742	1.00509965	1.00345898	1.00486887	1.00124538	1.00133479
0.00092140	1.00272369	0.99789029	1.00283039	1.00298595	0.99696809	1.00198913	0.99858779	0.99836993
0.00102380	0.98850179	1.00442743	1.00008523	1.00630820	0.99559635	0.99820119	1.00177836	1.00423217
0.00112620	0.98589301	0.99499077	1.00058019	0.99490356	0.99688452	1.00088120	1.00131392	0.99977463
0.00122860	0.98024410	1.00413215	1.00293243	1.00010979	1.00283456	1.00027442	1.00032055	1.00000417
0.00133100	1.00586653	0.99675101	1.00188291	0.99330717	1.00131285	1.00208521	1.00135899	1.00606537
0.00143340	1.01332307	0.98958969	0.99635619	0.98585874	1.00313807	0.99841225	1.00263608	1.00352371
0.00153580	1.00757098	0.97982234	0.99947798	0.99478698	0.99605429	0.99651992	0.99751461	1.00455630
0.00163820	1.01220465	0.98566216	1.00199151	1.00329006	0.99963373	0.99792576	0.99864876	1.00205326
0.00184300	1.00082099	0.99425423	0.99832118	1.00326478	1.00117958	1.00213969	1.00134218	0.99712884
0.00204780	0.99951369	0.97490376	0.99885857	0.99741298	1.00079906	1.00088346	0.99850285	1.00005352
0.00225260	1.00137973	0.98944545	1.00326657	0.99459964	1.00010002	0.99862039	0.99726909	1.00233543
0.00245740	0.99943203	1.00236976	0.99906158	0.99083215	1.00193119	1.00045204	1.00186193	1.00025523
0.00266220	1.01223600	0.99961412	1.00128841	1.00585651	1.00063050	0.99948037	1.00246358	1.00245726
0.00286700	1.01458311	0.99902755	0.99605048	0.99757969	1.00053239	0.99894136	0.99924958	0.99906969
0.00307180	1.00330019	0.99693358	0.99900711	0.99753392	0.99751061	1.00109935	0.99915689	1.00149882
0.00327660	0.98913658	1.00082314	1.00015664	0.99784225	0.99764758	1.00127900	1.00038171	1.00342500
0.00368620	0.99348986	0.98907959	0.99884492	0.99781477	1.00194156	0.99851453	0.99988085	1.00132430
0.00409580	1.01561248	0.99493462	1.00063562	1.00156879	1.00087273	0.99811369	0.99979842	1.00142670
0.00450540	1.00464499	1.00428140	1.00068974	1.00112581	1.00222754	0.99941337	1.00051260	0.99952561
0.00491500	1.00816739	0.99165457	1.00105560	1.00019383	0.99810088	0.99645013	1.00035751	1.00040078
0.00532460	0.99509341	1.00239742	1.00362647	0.99811888	0.99975133	1.00113714	1.00157475	0.99899626
0.00573420	1.00844789	0.99428612	0.99793780	1.00369477	0.99964434	1.00076652	0.99805182	0.99930507
0.00614380	1.01082253	0.99164599	0.99974591	0.99648708	1.00140023	0.99870116	1.00194311	1.00015640
0.00655340	1.00787437	0.99580926	1.00128937	1.00105786	1.00170970	1.00105393	0.99949229	0.99980897
0.00737260	1.00061524	0.99903190	0.99845362	1.00039375	1.00105357	1.00089526	1.00029552	1.00032294
0.00819180	0.99826074	1.00538671	1.00197208	1.00124252	1.00161052	0.99930573	1.00082362	1.00016081
0.00901100	1.00420916	0.99062574	1.00077319	0.99841893	1.00038767	1.00106525	0.99947733	1.00150883
0.00983020	0.99511760	0.99667549	1.00158262	0.99829382	0.99879098	1.00069559	0.99959874	1.00136149
0.01064940	0.99621743	1.00293553	0.99996865	0.99955750	0.99953747	0.99962485	0.99986684	1.00002742
0.01146860	1.00076818	1.00210440	1.00179303	0.99839067	1.00065017	0.99962324	1.00077343	1.00190270
0.01228780	1.00285423	0.99549782	0.99888808	1.00325048	1.00152016	1.00005770	1.00127363	1.00329137
0.01310700	0.99637109	0.99970782	1.00216472	0.99907398	1.00131106	0.99961364	0.99990219	0.99986905
0.01474540	1.00116086	0.99871576	0.99974465	1.00296199	1.00102937	1.00004113	0.99918926	1.00129557
0.01638380	1.00423002	1.00304556	0.99986118	1.00470150	1.00121820	1.00118291	1.00029552	0.99995834
0.01802220	1.00395012	0.99853224	1.00095379	0.99966890	0.99939990	1.00053740	0.99970788	0.99973637
0.01966060	0.99470037	1.00003195	1.00113928	1.00314593	1.00020385	0.99973321	0.99924326	1.00005186
0.02129900	0.99617529	0.99646533	0.99997616	1.00145364	0.99879706	0.99973834	1.00123978	1.00082791
0.02293740	1.00066245	1.00064850	1.00067008	0.99863023	0.99982005	1.00085449	0.99965787	1.00110030
0.02457580	1.00640106	0.99729729	1.00076365	1.00154173	1.00017309	0.99922389	1.00015271	1.00085187
0.02621420	1.00175560	1.00595677	1.00092793	1.00109112	0.99927860	1.00024629	1.00050843	0.99994600
0.02949100	1.00243902	1.00144231	1.00095999	1.00079250	1.00019872	0.99930227	1.00091672	1.00025260
0.03276780	1.00334930	0.99845189	0.99935305	0.99980831	1.00045371	0.99970102	1.00138831	1.00066078
0.03604460	1.00198746	1.00018287	1.00132585	1.00096250	0.99990529	0.99942762	1.00032544	1.00035131
0.03932140	1.00151110	0.99929512	1.00078154	1.00049603	1.00122488	0.99975950	1.00051773	0.99958807
0.04259820	1.00037599	0.99802554	1.00040269	1.00172818	1.00025845	1.00022721	0.99974513	1.00019383
0.04587500	0.99734342	1.00044858	0.99975383	0.99916553	1.00060117	0.99997908	0.99919111	1.00055707
0.04915180	1.00192237	0.99844134	0.99985784	0.99990022	1.00054693	1.00055015	1.00058413	0.99984401
0.05242860	1.00290561	1.00061786	1.00039566	0.99908215	1.00015116	0.99993110	0.99984449	1.00028467
0.05898220	1.00250006	1.00039923	1.00020373	1.00090981	1.00023758	0.99992639	1.00041282	1.00102425
0.06553581	0.99925172	0.99856710	1.00006688	1.00094259	0.99952853	0.99997038	1.00012863	0.99952304
0.07208940	1.00070584	0.99885505	1.00031126	0.99913800	0.99976569	1.00069690	1.00001144	1.00038373
0.07864300	1.00044394	0.99921036	0.99952555	1.00244582	1.00007463	0.99996459	0.99995798	0.99940962
0.08519660	1.00091743	1.00044298	0.99999255	1.00006282	1.00041080	0.99966508	1.00003052	1.00031126
0.09175020	1.00123119	0.99933791	1.00021815	1.00015867	1.00051427	0.99950629	0.99941742	1.00045633
0.09830380	1.00140512	1.00102317	0.99984825	1.00110412	1.00019491	1.00031936	0.99994886	1.00013685
0.10485740	1.00219393	0.99896413	1.00012803	1.00004363	1.00037861	0.99969226	0.99969471	1.00047350
0.11796460	0.99772573	1.00078559	0.99964803	1.00034726	0.99978101	1.00015557	1.00019085	1.00042951
0.13107181	1.00168133	0.99878722	0.99963796	1.00058424	0.99998319	0.99999464	1.00028872	1.00038433
0.14417900	1.00233126	0.99948162	1.00032783	1.00100923	1.00046229	0.99995559	1.00014317	1.00111270
0.15728620	0.99692214	1.00050569	1.00014734	1.00089622	1.00027859	0.99999708	1.00000906	1.00079477
0.17039341	0.99899602	0.99910486	1.00010741	1.00039685	0.99948263	0.99991721	0.99998355	1.00025880
0.18350060	1.00209463	1.00028217	0.99999928	1.00075102	0.99990088	0.99999857	0.99999380	1.00053012
0.19660780	1.00186551	1.00011456	0.99980360	0.99964255	1.00027382	0.99960637	0.99987942	1.00033534
0.20971501	0.99855930	1.00012231	0.99993581	0.99975640	0.99981290	1.00003016	1.00022590	1.00039053
0.23592941	1.00065100	1.00040972	0.99974126	1.00045276	1.00028050	1.00052345	1.00040030	1.00049341
0.26214382	1.00023198	1.00082636	1.00024736	1.00069022	1.00004327	1.00016689	1.00018990	1.00037491
0.28835821	1.00141871	0.99956274	1.00013077	1.00117004	1.00014031	0.99994713	0.99996209	1.00046206
0.31457260	1.00032616	1.00079179	1.00040567	1.00107074	1.00021648	1.00046384	0.99987751	1.00018799
0.34078699	0.99974549	1.00057459	0.99997991	1.00130677	1.00025201	0.99987304	1.00032413	1.00028121
0.36700141	1.00030899	1.00010335	1.00041378	1.00060916	1.00018525	0.99989462	1.00006211	1.00007534
0.39321581	0.99961072	0.99999803	0.99977940	1.00020134	1.00012195	0.99997300	0.99972898	1.00108349
0.41943020	0.99974972	0.99973339	0.99988717	1.00020719	1.00014770	1.00000179	0.99986070	1.00054657
0.47185901	1.00044143	0.99996585	1.00041771	1.00007391	1.00024354	1.00024951	1.00015342	1.00025308
0.52428782	1.00003862	0.99962705	0.99988389	1.00038934	1.00000405	1.00004387	1.00013173	1.00060785
0.57671660	1.00056100	1.00047219	0.99952441	0.99972922	0.99991506	1.00005245	0.99991083	1.00045860
0.62914538	1.00042582	1.00015771	1.00006139	1.00051725	1.00002825	1.00018787	0.99981856	1.00022221
0.68157423	1.00134706	1.00005412	0.99941248	1.00054359	1.00025189	0.99990791	1.00000858	1.00044322
0.73400301	1.00078321	1.00048900	0.99971670	1.00009561	1.00011492	0.99999613	1.00016081	1.00024450
0.78643179	1.00088012	0.99975663	1.00033462	1.00023150	1.00008500	1.00029242	1.00016880	1.00038397
0.83886063	0.99920756	0.99980146	0.99998140	1.00046313	0.99997610	0.99999803	1.00003660	1.00045156
0.94371825	0.99962246	0.99994212	0.99966097	1.00050986	0.99999511	0.99998480	1.00012302	1.00030184
1.04857588	0.99940741	1.00020611	0.99994308	1.00042105	0.99999321	1.00009465	0.99994880	1.00029862
1.15343344	0.99958372	0.99986088	0.99992818	1.00023735	1.00026023	0.99999720	0.99993598	1.00020909
1.25829101	0.99912184	0.99979997	0.99988461	1.00045240	0.99991542	1.00019777	1.00000453	1.00023568
1.36314869	1.00042653	1.00012684	0.99985731	1.00039887	1.00023186	0.99995756	0.99997330	1.00034809
1.46800625	1.00128007	0.99999017	1.00028408	0.99981439	1.00006735	0.99995416	0.99990886	1.00009871
1.57286382	0.99988604	0.99998903	0.99998844	1.00025785	1.00011432	1.00003910	1.00013661	1.00014412
1.67772150	0.99921745	0.99998295	0.99985033	1.00011981	1.00008154	0.99991035	0.99981999	1.00021100
1.88743675	1.00042188	0.99991482	1.00021887	0.99952251	1.00014460	0.99993443	0.99989092	1.00007164
2.09715199	1.00053453	1.00002313	0.99995565	0.99963480	0.99994504	0.99991190	0.99999428	1.00011766
2.30686712	0.99925029	1.00004518	0.99998677	0.99982244	0.99995011	0.99990404	1.00005174	1.00005138
2.51658225	0.99980855	0.99985468	1.00017631	0.99995881	0.99987662	0.99995917	1.00004685	0.99985492
2.72629738	0.99945444	0.99966711	0.99984312	0.99988228	0.99987912	0.99991316	1.00010288	0.99994349
2.93601274	0.99916881	0.99991810	1.00002205	0.99996585	0.99981040	0.99982780	1.00021780	1.00003624
3.14572787	0.99915504	0.99991870	0.99955994	0.99958551	1.00008976	1.00001419	1.00002885	0.99992502
3.35544300	1.00011051	0.99987453	1.00021398	0.99980533	1.00012147	0.99994236	0.99985647	1.00009596
3.77487350	0.99987388	0.99992669	1.00020564	0.99990690	0.99986178	0.99996114	1.00015533	1.00003338
4.19430399	0.99970537	1.00001299	0.99986792	1.00008416	0.99991685	0.99996358	0.99987262	0.99999732
4.61373425	1.00030112	1.00000238	0.99960631	1.00000954	1.00019598	1.00004399	1.00009096	0.99999100
5.03316450	1.00000000	1.00000000	1.00000000	1.00000000	1.00000000	1.00000000	1.00000000	1.00000000
5.45259476	0.00000000	0.00000000	0.00000000	0.00000000	0.00000000	0.00000000	0.00000000	0.00000000
5.87202549	0.00000000	0.00000000	0.00000000	0.00000000	0.00000000	0.00000000	0.00000000	0.00000000
6.29145575	0.00000000	0.00000000	0.00000000	0.00000000	0.00000000	0.00000000	0.00000000	0.00000000
6.71088600	0.00000000	0.00000000	0.00000000	0.00000000	0.00000000	0.00000000	0.00000000	0.00000000
7.54974699	0.00000000	0.00000000	0.00000000	0.00000000	0.00000000	0.00000000	0.00000000	0.00000000
8.38860798	0.00000000	0.00000000	0.00000000	0.00000000	0.00000000	0.00000000	0.00000000	0.00000000
9.22746849	0.00000000	0.00000000	0.00000000	0.00000000	0.00000000	0.00000000	0.00000000	0.00000000
10.06632900	0.00000000	0.00000000	0.00000000	0.00000000	0.00000000	0.00000000	0.00000000	0.00000000
10.90518951	0.00000000	0.00000000	0.00000000	0.00000000	0.00000000	0.00000000	0.00000000	0.00000000
11.74405098	0.00000000	0.00000000	0.00000000	0.00000000	0.00000000	0.00000000	0.00000000	0.00000000
12.58291149	0.00000000	0.00000000	0.00000000	0.00000000	0.00000000	0.00000000	0.00000000	0.00000000
13.42177200	0.00000000	0.00000000	0.00000000	0.00000000	0.00000000	0.00000000	0.00000000	0.00000000
15.09949398	0.00000000	0.00000000	0.00000000	0.00000000	0.00000000	0.00000000	0.00000000	0.00000000
16.77721596	0.00000000	0.00000000	0.00000000	0.00000000	0.00000000	0.00000000	0.00000000	0.00000000
18.45493698	0.00000000	0.00000000	0.00000000	0.00000000	0.00000000	0.00000000	0.00000000	0.00000000
20.13265800	0.00000000	0.00000000	0.00000000	0.00000000	0.00000000	0.00000000	0.00000000	0.00000000
21.81037903	0.00000000	0.00000000	0.00000000	0.00000000	0.00000000	0.00000000	0.00000000	0.00000000
23.48810196	0.00000000	0.00000000	0.00000000	0.00000000	0.00000000	0.00000000	0.00000000	0.00000000
25.16582298	0.00000000	0.00000000	0.00000000	0.00000000	0.00000000	0.00000000	0.00000000	0.00000000
26.84354401	0.00000000	0.00000000	0.00000000	0.00000000	0.00000000	0.00000000	0.00000000	0.00000000
30.19898796	0.00000000	0.00000000	0.00000000	0.00000000	0.00000000	0.00000000	0.00000000	0.00000000
33.55443192	0.00000000	0.00000000	0.00000000	0.00000000	0.00000000	0.00000000	0.00000000	0.00000000
36.90987396	0.00000000	0.00000000	0.00000000	0.00000000	0.00000000	0.00000000	0.00000000	0.00000000
40.26531601	0.00000000	0.00000000	0.00000000	0.00000000	0.00000000	0.00000000	0.00000000	0.00000000
43.62075806	0.00000000	0.00000000	0.00000000	0.00000000	0.00000000	0.00000000	0.00000000	0.00000000
46.97620392	0.00000000	0.00000000	0.00000000	0.00000000	0.00000000	0.00000000	0.00000000	0.00000000
50.33164597	0.00000000	0.00000000	0.00000000	0.00000000	0.00000000	0.00000000	0.00000000	0.00000000
53.68708801	0.00000000	0.00000000	0.00000000	0.00000000	0.00000000	0.00000000	0.00000000	0.00000000
60.39797592	0.00000000	0.00000000	0.00000000	0.00000000	0.00000000	0.00000000	0.00000000	0.00000000
67.10886383	0.00000000	0.00000000	0.00000000	0.00000000	0.00000000	0.00000000	0.00000000	0.00000000
73.81974792	0.00000000	0.00000000	0.00000000	0.00000000	0.00000000	0.00000000	0.00000000	0.00000000
80.53063202	0.00000000	0.00000000	0.00000000	0.00000000	0.00000000	0.00000000	0.00000000	0.00000000
87.24151611	0.00000000	0.00000000	0.00000000	0.00000000	0.00000000	0.00000000	0.00000000	0.00000000
93.95240784	0.00000000	0.00000000	0.00000000	0.00000000	0.00000000	0.00000000	0.00000000	0.00000000
100.66329193	0.00000000	0.00000000	0.00000000	0.00000000	0.00000000	0.00000000	0.00000000	0.00000000
107.37417603	0.00000000	0.00000000	0.00000000	0.00000000	0.00000000	0.00000000	0.00000000	0.00000000
120.79595184	0.00000000	0.00000000	0.00000000	0.00000000	0.00000000	0.00000000	0.00000000	0.00000000
134.21772766	0.00000000	0.00000000	0.00000000	0.00000000	0.00000000	0.00000000	0.00000000	0.00000000
147.63949585	0.00000000	0.00000000	0.00000000	0.00000000	0.00000000	0.00000000	0.00000000	0.00000000
161.06126404	0.00000000	0.00000000	0.00000000	0.00000000	0.00000000	0.00000000	0.00000000	0.00000000
174.48303223	0.00000000	0.00000000	0.00000000	0.00000000	0.00000000	0.00000000	0.00000000	0.00000000
187.90481567	0.00000000	0.00000000	0.00000000	0.00000000	0.00000000	0.00000000	0.00000000	0.00000000
201.32658386	0.00000000	0.00000000	0.00000000	0.00000000	0.00000000	0.00000000	0.00000000	0.00000000
214.74835205	0.00000000	0.00000000	0.00000000	0.00000000	0.00000000	0.00000000	0.00000000	0.00000000
241.59190369	0.00000000	0.00000000	0.00000000	0.00000000	0.00000000	0.00000000	0.00000000	0.00000000
268.43545532	0.00000000	0.00000000	0.00000000	0.00000000	0.00000000	0.00000000	0.00000000	0.00000000
295.27899170	0.00000000	0.00000000	0.00000000	0.00000000	0.00000000	0.00000000	0.00000000	0.00000000
322.12252808	0.00000000	0.00000000	0.00000000	0.00000000	0.00000000	0.00000000	0.00000000	0.00000000
348.96606445	0.00000000	0.00000000	0.00000000	0.00000000	0.00000000	0.00000000	0.00000000	0.00000000
375.80963135	0.00000000	0.00000000	0.00000000	0.00000000	0.00000000	0.00000000	0.00000000	0.00000000
402.65316772	0.00000000	0.00000000	0.00000000	0.00000000	0.00000000	0.00000000	0.00000000	0.00000000
429.49670410	0.00000000	0.00000000	0.00000000	0.00000000	0.00000000	0.00000000	0.00000000	0.00000000
483.18380737	0.00000000	0.00000000	0.00000000	0.00000000	0.00000000	0.00000000	0.00000000	0.00000000
536.87091064	0.00000000	0.00000000	0.00000000	0.00000000	0.00000000	0.00000000	0.00000000	0.00000000
590.55798340	0.00000000	0.00000000	0.00000000	0.00000000	0.00000000	0.00000000	0.00000000	0.00000000
644.24505615	0.00000000	0.00000000	0.00000000	0.00000000	0.00000000	0.00000000	0.00000000	0.00000000
697.93212891	0.00000000	0.00000000	0.00000000	0.00000000	0.00000000	0.00000000	0.00000000	0.00000000
751.61926270	0.00000000	0.00000000	0.00000000	0.00000000	0.00000000	0.00000000	0.00000000	0.00000000
805.30633545	0.00000000	0.00000000	0.00000000	0.00000000	0.00000000	0.00000000	0.00000000	0.00000000
858.99340820	0.00000000	0.00000000	0.00000000	0.00000000	0.00000000	0.00000000	0.00000000	0.00000000
966.36761475	0.00000000	0.00000000	0.00000000	0.00000000	0.00000000	0.00000000	0.00000000	0.00000000
1073.74182129	0.00000000	0.00000000	0.00000000	0.00000000	0.00000000	0.00000000	0.00000000	0.00000000
1181.11596680	0.00000000	0.00000000	0.00000000	0.00000000	0.00000000	0.00000000	0.00000000	0.00000000
1288.49011230	0.00000000	0.00000000	0.00000000	0.00000000	0.00000000	0.00000000	0.00000000	0.00000000
1395.86425781	0.00000000	0.00000000	0.00000000	0.00000000	0.00000000	0.00000000	0.00000000	0.00000000
1503.23852539	0.00000000	0.00000000	0.00000000	0.00000000	0.00000000	0.00000000	0.00000000	0.00000000
1610.61267090	0.00000000	0.00000000	0.00000000	0.00000000	0.00000000	0.00000000	0.00000000	0.00000000
1717.98681641	0.00000000	0.00000000	0.00000000	0.00000000	0.00000000	0.00000000	0.00000000	0.00000000
1932.73522949	0.00000000	0.00000000	0.00000000	0.00000000	0.00000000	0.00000000	0.00000000	0.00000000
2147.48364258	0.00000000	0.00000000	0.00000000	0.00000000	0.00000000	0.00000000	0.00000000	0.00000000
2362.23193359	0.00000000	0.00000000	0.00000000	0.00000000	0.00000000	0.00000000	0.00000000	0.00000000
2576.98022461	0.00000000	0.00000000	0.00000000	0.00000000	0.00000000	0.00000000	0.00000000	0.00000000
2791.72851562	0.00000000	0.00000000	0.00000000	0.00000000	0.00000000	0.00000000	0.00000000	0.00000000
3006.47705078	0.00000000	0.00000000	0.00000000	0.00000000	0.00000000	0.00000000	0.00000000	0.00000000
3221.22534180	0.00000000	0.00000000	0.00000000	0.00000000	0.00000000	0.00000000	0.00000000	0.00000000
3435.97363281	0.00000000	0.00000000	0.00000000	0.00000000	0.00000000	0.00000000	0.00000000	0.00000000
0	0	0	0	0	0	0	0	0
