%1/26/2015 10:35:26 AM
%Duration	ID1		ID2		ID3		ID4		ID5		ID6		ID7		ID8
3000.000000	2.622604	3.471375	4.262924	6.389618	16.670227	28.190613	32.119751	26.082993
%Tau		Tau1		Tau2		Tau3		Tau4		Tau5		Tau6		Tau7		Tau8
%		0.000002	0.000001	0.000002	0.000002	0.000010	0.000014	0.000017	0.000017
%Delaytime	D1		D2		D3		D4		D5		D6		D7		D8
0.00000000	6.01712847	22.76215744	17.86569023	9.81506634	4.32122374	2.00304031	2.60077524	3.53471565
0.00000020	2.00570941	5.39103699	2.97761512	3.06158042	1.60789716	1.53021955	1.68079484	1.54401040
0.00000040	2.00570941	2.99502063	1.75153840	1.80092967	1.35108030	1.46574402	1.37519574	1.55372119
0.00000060	2.00570941	1.19800830	1.75153840	1.35069728	1.61906314	1.62478375	1.43249559	1.34008455
0.00000080	2.50713682	0.89850622	1.05092299	1.53079021	1.46273983	1.70645273	1.32744586	1.52458894
0.00000100	0.50142735	1.49751031	2.10184598	1.44074368	1.67489290	1.39267170	1.51526201	1.57314265
0.00000120	1.50428212	0.89850622	1.22607684	1.26065075	1.13892722	1.48293757	1.49297869	1.41291523
0.00000140	0.00000000	1.49751031	0.87576920	1.17060423	1.44040787	1.56030822	1.44522882	1.61684108
0.00000160	3.00856423	0.89850622	1.22607684	1.35069728	1.22825480	1.49583268	1.38792908	1.44690287
0.00000180	0.00000000	1.79701245	1.40123069	1.98102260	1.39574409	1.39697015	1.53754520	1.34979522
0.00000200	1.50428212	0.59900415	1.57638454	1.80092967	1.37341225	1.39697015	1.52799523	1.55372119
0.00000220	1.50428212	1.49751031	1.57638454	1.35069728	1.55206740	1.57750165	1.33699584	1.35465062
0.00000240	4.01141882	1.19800830	2.10184598	1.62083662	1.60789716	1.41846192	1.44204557	1.40320444
0.00000260	2.00570941	0.59900415	1.22607684	1.89097607	1.42924201	1.23363209	1.50571203	1.39834905
0.00000280	0.50142735	2.09651446	2.45215368	1.44074368	1.74188864	1.50442934	1.41976225	1.39834905
0.00000300	1.00285470	0.89850622	1.57638454	1.53079021	1.37341225	1.37977660	1.37837911	1.45175815
0.00000340	0.50142735	1.79701245	1.48880756	1.39572048	1.52973557	1.39267170	1.41180396	1.46632433
0.00000380	2.00570941	0.74875516	1.66396141	1.48576701	1.46832275	1.32604706	1.40066230	1.36921680
0.00000420	1.50428212	1.94676340	1.31365371	1.12558103	1.36224627	1.30455518	1.43727052	1.45904124
0.00000460	2.00570941	1.34775925	1.75153840	1.93599939	1.36224627	1.35613561	1.40862060	1.37892747
0.00000500	2.50713682	1.19800830	0.87576920	1.93599939	1.25058675	1.35183728	1.41339564	1.40320444
0.00000540	0.75214106	1.19800830	1.48880756	1.57581341	1.43482494	1.43565547	1.43886220	1.42505360
0.00000580	1.75499570	0.59900415	1.31365371	1.84595287	1.25616968	1.39482093	1.40384567	1.29638612
0.00000620	2.25642300	1.49751031	1.22607684	1.30567396	1.16684210	1.39911926	1.37678742	1.41777050
0.00000700	1.37892520	0.89850622	1.13849998	0.94548804	1.42924201	1.33894217	1.32107925	1.35829222
0.00000780	0.75214106	1.34775925	1.40123069	1.37320888	1.28966761	1.27124286	1.36962497	1.44204748
0.00000860	1.75499570	1.72213686	1.48880756	1.32818556	1.40691006	1.35398638	1.29481685	1.37285829
0.00000940	0.87749785	1.49751031	1.05092299	1.66585994	1.31199944	1.28843629	1.38872492	1.29395843
0.00001020	0.87749785	1.34775925	1.57638454	1.68837154	1.29525054	1.26479530	1.31869173	1.36800289
0.00001100	1.12821150	1.04825723	1.09471142	1.14809263	1.27291858	1.22718453	1.32585418	1.27575076
0.00001180	1.50428212	1.04825723	1.53259599	1.35069728	1.29804206	1.36150861	1.25582111	1.26846766
0.00001260	1.88035262	1.42263484	1.05092299	1.44074368	1.27012718	1.26049685	1.27969599	1.24419081
0.00001420	1.62963891	1.34775925	1.11660564	1.06930196	1.27012718	1.27446663	1.24030244	1.24843919
0.00001580	1.06553316	1.04825723	1.18228841	1.30567396	1.25477397	1.26425791	1.22717118	1.26664686
0.00001740	1.37892520	1.31032157	1.26986527	1.13683689	1.16405058	1.24867642	1.21682537	1.15922165
0.00001900	1.37892520	1.42263484	1.02902877	1.31692982	1.21569312	1.19602132	1.22677326	1.21748614
0.00002060	0.81481946	1.64726138	1.42312491	1.08055782	1.15986335	1.19709599	1.18141091	1.17925012
0.00002220	1.06553316	1.12313271	1.13849998	1.21562755	1.17800808	1.22127426	1.17544222	1.17196703
0.00002380	1.06553316	1.01081944	1.05092299	1.31692982	1.15567613	1.21858776	1.19653177	1.13737249
0.00002540	1.00285470	1.08569503	1.22607684	1.35069728	1.17940378	1.16378355	1.13803816	1.09792244
0.00002860	1.47873461	0.97535092	1.04776442	1.23151660	1.17967987	1.10755992	1.13800013	1.10241008
0.00003180	0.94387317	1.18167520	0.92770815	1.10723519	1.06939018	1.11077642	1.12964559	1.09274507
0.00003500	1.13264775	1.06913471	0.84039444	1.06204188	1.09521759	1.12605500	1.10577571	1.07854962
0.00003820	0.81802338	1.12540495	1.26604879	1.11288428	1.07776666	1.11533320	1.10239410	1.07522738
0.00004140	1.28996003	0.93783742	1.13507819	1.15242839	1.05682564	1.08316791	1.07515371	1.08338213
0.00004460	0.94387317	0.93783742	1.08059049	1.10723519	1.09800971	1.09067309	1.05844462	1.10694051
0.00004780	1.06972289	1.23794544	0.98235494	1.13548100	1.07916272	1.06842542	1.05764890	1.04653442
0.00005100	1.10118532	1.27545893	1.06967545	1.06204188	1.08055878	1.08960092	1.05406845	1.05438721
0.00005740	1.13353813	1.12494993	0.98720330	1.00094771	1.06786406	1.02931595	1.07291090	1.04699111
0.00006380	1.07056379	1.01245499	1.13991976	1.05451953	1.05042100	1.05575001	1.04892933	1.02386260
0.00007020	1.00758946	0.83433789	0.94356996	1.05733919	1.01972127	1.03454912	1.03351259	1.03791296
0.00007660	1.05482030	0.96558201	1.04174495	1.06015873	1.03786206	1.01925230	1.03072774	1.04395604
0.00008300	0.97610229	1.19057202	1.06901574	1.00658691	1.01276374	1.03119457	1.00069010	0.99802810
0.00008940	1.27523041	0.94683284	1.05265319	1.10245228	0.98136562	1.02074063	1.03639698	1.00165391
0.00009580	0.83441007	0.89995992	0.93266165	1.01786518	1.03648674	1.00840783	1.02306914	1.00558197
0.00010220	1.22799969	1.27494323	1.07446992	1.05733919	1.03264928	1.01122582	1.01122260	1.03443813
0.00011500	1.15836716	1.02033699	1.10872483	1.00028217	1.01620078	1.00270331	1.00053477	0.99815613
0.00012780	1.02440631	0.99212492	0.94247967	1.12144315	1.01637530	0.99505270	0.99004525	1.01311493
0.00014060	0.93772578	0.98272085	1.03228986	0.97492296	1.00538278	1.00364292	1.00187707	0.98864967
0.00015340	1.07956660	0.94980675	0.99143404	1.01155305	1.01550281	0.99652916	0.99796009	0.98064131
0.00016620	0.84316522	1.01563501	0.99688148	1.01718843	1.01624048	0.99687672	1.00576520	1.01078582
0.00017900	0.96924597	0.94040275	1.05952704	0.96646988	1.03281713	1.00821865	1.00477087	0.99046284
0.00019180	1.10320675	1.05795312	0.97509170	0.91434246	1.00803936	0.99895722	0.99333668	1.01826537
0.00020460	1.11108685	0.96391284	0.94785452	1.01296186	0.97680527	1.00546706	0.99700511	1.00103986
0.00023020	1.11896694	1.01328397	0.96917832	1.02215123	1.01051581	1.00198650	0.99726218	1.00761402
0.00025580	1.04030275	1.03209198	1.04551303	0.97069114	1.01415920	1.00785863	1.00559640	0.99874073
0.00028140	1.09941089	1.00623095	1.00870883	0.98901939	1.00273383	1.00819421	0.99682099	0.98917383
0.00030700	0.92996764	0.96391284	1.00189316	1.01933146	0.99181235	1.00574470	0.99449456	0.98769909
0.00033260	0.94178921	0.97331685	0.98826200	1.01510191	0.99432218	0.99365288	1.00543284	0.99386275
0.00035820	1.09152973	0.96626383	1.01688755	0.97492075	0.98751956	0.99161559	1.00102866	0.99700129
0.00038380	1.05212438	0.98517162	1.00189316	1.00593770	1.02796662	1.00413120	1.01415491	1.00374508
0.00040940	0.89450276	0.96401042	1.02779245	0.99959338	0.98994219	1.00323737	1.00530469	1.00684583
0.00046060	1.00076258	1.00934708	0.91618240	1.00352538	1.00205576	0.99779600	1.00724256	0.98948163
0.00051180	0.98891926	0.92916471	0.99736315	0.96188831	0.99530017	1.00199127	1.00040340	0.99500787
0.00056300	0.96918035	0.94221431	0.99334663	1.02792954	1.01003182	0.99633604	1.00303686	0.99724472
0.00061420	1.04024041	1.01994693	0.98515970	0.98482400	0.99460280	0.99675083	1.00756383	1.00874436
0.00066540	1.00865817	0.98696947	0.99198210	0.98835260	1.00436580	0.99449492	0.99462086	0.99713737
0.00071660	0.95338923	1.08825755	1.01313162	1.01164114	1.02092803	1.00731075	1.00235522	1.01128328
0.00076780	1.01260591	1.01994693	0.97833723	1.01940405	0.99937767	1.00304842	1.00311351	1.00128937
0.00081900	0.98497146	0.95281422	1.00358021	1.00034976	0.99972630	1.00085485	0.99785298	1.00206447
0.00092140	1.05590999	1.01328397	0.97650701	0.98454249	0.99811840	1.00262809	1.00247240	0.99983561
0.00102380	1.06971276	1.02337933	1.00896621	0.98736709	1.00288844	0.99537808	1.00164366	0.99504924
0.00112620	0.95929080	1.02279150	1.00179100	0.99601734	0.99539453	0.99839461	0.99611902	0.99474657
0.00122860	0.99563891	1.03983808	1.02544570	1.00648880	1.00837982	0.99961251	1.00135159	0.99653769
0.00133100	0.98183799	1.01995575	0.98615009	1.00613570	0.99632442	1.00068200	1.00026989	0.99958360
0.00143340	1.01364875	0.99232584	1.01921642	0.99554300	0.99488372	1.00010943	0.99892294	0.99959910
0.00153580	1.03435564	0.98291993	0.99598253	1.01967323	0.99477714	1.00713325	1.00420344	0.99996531
0.00163820	1.02758813	1.02583444	0.95293146	1.02179158	1.00577796	1.00359893	1.00120080	1.00064301
0.00184300	1.02162826	1.02602124	1.00644803	0.99582666	1.00297797	0.99878299	0.99652827	0.99935383
0.00204780	0.96544605	0.98836595	1.00602949	1.00572920	1.00210977	0.99797249	1.00120831	1.00056005
0.00225260	0.99008733	1.00420797	0.98659760	0.98965782	1.00413013	0.99955964	1.00139534	1.00168133
0.00245740	1.02077639	0.99511349	0.99208707	1.00560868	1.00128257	1.00062895	0.99659032	0.99783587
0.00266220	0.98627406	0.97252572	0.97845483	1.00851679	0.99873209	1.00131500	1.00289929	0.99969506
0.00286700	0.99672550	1.00920820	0.97845483	0.99042928	1.00025475	0.99802077	1.00108814	0.99857998
0.00307180	0.98736429	0.98983985	1.00691211	0.99739045	0.99852246	0.99778360	0.99598879	0.99911588
0.00327660	1.01150644	0.98749214	0.99396151	0.98590183	0.99963522	1.00105119	0.99883312	1.00364876
0.00368620	0.98227495	1.01472533	0.98648739	0.99904948	0.99536198	1.00074780	0.99843961	1.00024283
0.00409580	1.01601398	1.00435472	0.99655360	0.98360664	1.00212026	1.00203264	0.99896133	1.00116658
0.00450540	0.99077296	0.99492079	0.99622083	0.99803686	1.00410724	1.00082743	1.00307393	0.99921089
0.00491500	1.02364576	1.01927304	1.01344430	1.00582957	1.00268734	0.99835968	1.00156343	1.00269997
0.00532460	1.04544723	0.99374717	1.00006747	0.99488878	0.99610120	0.99910229	1.00217962	0.99733400
0.00573420	1.02205646	1.00860858	1.00246370	0.99819040	0.99903607	1.00181413	1.00317979	0.99932271
0.00614380	0.98130161	1.01217330	0.99459153	1.00351703	0.99970174	0.99871039	0.99749887	0.99879569
0.00655340	1.00664103	0.96303868	0.98483855	0.99289680	1.00283694	1.00122881	1.00191343	0.99716669
0.00737260	1.00031662	0.99938053	0.99202967	0.99701089	1.00037456	0.99935752	1.00124121	0.99962562
0.00819180	0.99046588	0.99512464	0.99380583	0.99676937	0.99931765	0.99910355	1.00122154	1.00024462
0.00901100	0.99488407	1.01285028	1.00467265	0.99621975	0.99534643	0.99841768	1.00297427	1.00120986
0.00983020	1.00730765	0.98863930	0.99815047	0.99892634	0.99786288	0.99841809	1.00202405	1.00000906
0.01064940	1.01345420	1.00354254	0.98823059	0.99936485	1.00526190	1.00052261	0.99911636	1.00175965
0.01146860	1.00743949	0.99571961	1.00031900	1.00016832	1.00138283	0.99813533	0.99981505	1.00370657
0.01228780	1.00412846	1.00481665	0.99424124	0.98943180	1.00356305	1.00018966	0.99951619	1.00272310
0.01310700	1.01556420	1.01855183	0.98923284	1.00195980	1.00066042	0.99893570	0.99913585	0.99885339
0.01474540	1.00427008	1.00281858	1.00231171	1.00253928	0.99851263	0.99956369	1.00064468	1.00047255
0.01638380	0.98751581	1.00153792	0.99083954	0.99383169	1.00043201	0.99919277	1.00098884	0.99986649
0.01802220	0.99109465	1.00422561	0.99961287	1.00472438	1.00112820	1.00258994	0.99989188	0.99844927
0.01966060	0.99985433	0.99815285	1.00645220	1.00010300	0.99842697	0.99976879	1.00067198	1.00064957
0.02129900	1.00302422	1.00037766	0.99966866	0.99973053	1.00040126	0.99829042	1.00070190	1.00102389
0.02293740	0.98681420	0.99282730	0.99590141	0.99270982	1.00038636	1.00140893	0.99975741	1.00001538
0.02457580	1.00667524	0.99168253	1.00174320	0.99950933	1.00109422	1.00043118	1.00089073	1.00072670
0.02621420	1.01196003	1.00826490	0.99101794	0.99955255	1.00172019	0.99850851	1.00104737	0.99990064
0.02949100	0.99607694	0.99160546	0.99913138	0.99624145	1.00042295	0.99977463	1.00091279	0.99940002
0.03276780	0.99565482	1.00645137	1.00443172	1.00364745	0.99928832	0.99997187	1.00099993	0.99901885
0.03604460	0.99926883	0.99085975	1.00217021	0.99939346	0.99939620	0.99979019	0.99981922	1.00034082
0.03932140	1.00539458	0.99487835	0.99844706	0.99916756	1.00012195	1.00025320	1.00092292	1.00101471
0.04259820	1.00691390	1.00253868	1.00411630	0.99984837	0.99945539	0.99913871	1.00033593	1.00015414
0.04587500	0.99584663	0.99551910	1.00052166	0.99636269	0.99889243	0.99877477	1.00118649	0.99929523
0.04915180	1.00417089	1.00219226	1.00323558	0.99924713	0.99921638	0.99999261	0.99956679	1.00138271
0.05242860	0.99925619	0.99755192	0.99950415	1.00183737	1.00084436	0.99996763	1.00040019	1.00027490
0.05898220	0.99919438	0.99780709	1.00365961	1.00012314	0.99929017	0.99997121	1.00022900	1.00010753
0.06553581	0.99945533	0.99662745	1.00027609	0.99941707	1.00059009	0.99977273	1.00036740	0.99951333
0.07208940	1.00262618	0.99519086	0.99846375	1.00180781	1.00151896	0.99976522	1.00084662	1.00024736
0.07864300	1.00672507	1.00067878	1.00359309	0.99815500	1.00009751	1.00069606	1.00035417	1.00050700
0.08519660	1.00056469	1.00111127	0.99625725	1.00042105	1.00137424	0.99972171	1.00137818	1.00010920
0.09175020	0.99669975	0.99868160	0.99960715	0.99833423	1.00004089	1.00013614	1.00087607	0.99951351
0.09830380	1.00777197	1.00006235	0.99854606	0.99956691	0.99939775	1.00014150	1.00077355	1.00047338
0.10485740	0.99850529	1.00375342	1.00115025	0.99616605	1.00140429	1.00023472	1.00058651	1.00037432
0.11796460	0.99795657	1.00087488	0.99985003	0.99833524	1.00006306	1.00092828	1.00040138	0.99997997
0.13107181	1.00131297	1.00080884	0.99825090	0.99877983	0.99997747	1.00065672	0.99994481	1.00072074
0.14417900	0.99982041	1.00322735	0.99905598	0.99961609	1.00039840	0.99934208	1.00065100	1.00035930
0.15728620	1.00047743	1.00374579	0.99966884	1.00004017	0.99980861	0.99999219	1.00025594	1.00048780
0.17039341	0.99826729	0.99843615	1.00083804	1.00101078	1.00022173	1.00032115	0.99972814	1.00022709
0.18350060	0.99802554	0.99849224	0.99931663	1.00063503	0.99891067	0.99979609	1.00048590	0.99996471
0.19660780	0.99782640	0.99652547	1.00093973	1.00067735	1.00072622	0.99992859	0.99986249	1.00037301
0.20971501	0.99604779	0.99978048	0.99760652	0.99907792	1.00030601	1.00021172	1.00008368	1.00039923
0.23592941	1.00049067	1.00254679	1.00092733	1.00049460	1.00024784	1.00004256	0.99996209	0.99986827
0.26214382	1.00072014	0.99983305	0.99977463	1.00072098	1.00017285	0.99960244	0.99998194	1.00036323
0.28835821	0.99815685	1.00023627	0.99928313	1.00073659	0.99919164	1.00001872	0.99970382	0.99976510
0.31457260	0.99859089	1.00037670	1.00027192	1.00119305	1.00000429	1.00049055	0.99983883	0.99997926
0.34078699	0.99847031	0.99745846	0.99936348	0.99987119	1.00058365	0.99961054	0.99978006	1.00010836
0.36700141	0.99842083	1.00089037	0.99798959	1.00101697	1.00007594	0.99997389	0.99957561	1.00000250
0.39321581	0.99845642	0.99923760	1.00177741	0.99936992	1.00030172	0.99973184	0.99986064	1.00013709
0.41943020	0.99689591	0.99894434	0.99984735	1.00079274	1.00025177	0.99997562	0.99987900	1.00042093
0.47185901	1.00051439	0.99878365	1.00116587	0.99941498	1.00005794	0.99970895	1.00031400	0.99999076
0.52428782	1.00110304	1.00075316	0.99972183	0.99944615	0.99994338	1.00009382	1.00029016	1.00020885
0.57671660	1.00015569	1.00044453	0.99998599	1.00042880	0.99995488	0.99982697	1.00001097	1.00009751
0.62914538	0.99984640	1.00137043	0.99979246	1.00109780	0.99985623	1.00045860	1.00011933	1.00009000
0.68157423	0.99940342	0.99967784	0.99926496	0.99949181	0.99948144	0.99960023	0.99994922	1.00001347
0.73400301	0.99912041	0.99972606	0.99950975	0.99952793	0.99984491	1.00040746	1.00007629	0.99994606
0.78643179	1.00118291	1.00003350	0.99963212	1.00000536	0.99986869	0.99964952	1.00017619	1.00003386
0.83886063	1.00018704	0.99984962	0.99931473	1.00052094	1.00009906	1.00003159	0.99985141	1.00016248
0.94371825	0.99964893	1.00030124	1.00047386	0.99962491	1.00039351	0.99995625	1.00004005	1.00000906
1.04857588	0.99984491	0.99966818	1.00009632	0.99986666	0.99985254	0.99998224	1.00012136	1.00014460
1.15343344	1.00121522	1.00137591	0.99969471	0.99977911	0.99982888	0.99997324	1.00007153	0.99983042
1.25829101	0.99763906	1.00059259	0.99987400	0.99969602	0.99980503	1.00002420	0.99990326	0.99984992
1.36314869	0.99976844	0.99818927	1.00045383	0.99970150	1.00021422	1.00001526	0.99975270	0.99985021
1.46800625	0.99964631	0.99900597	1.00029254	1.00003052	0.99961913	0.99984848	0.99992669	0.99998504
1.57286382	1.00029504	0.99950415	1.00058138	0.99949503	0.99966621	0.99983656	0.99989158	0.99999624
1.67772150	1.00157428	0.99871403	0.99986321	1.00000620	0.99972612	1.00009453	0.99990988	0.99996322
1.88743675	0.99916166	1.00109160	0.99968171	1.00022209	0.99990976	1.00010574	0.99954838	0.99986547
2.09715199	0.99747211	0.99985021	0.99989074	0.99993438	1.00002503	0.99993062	0.99982798	1.00001156
2.30686712	1.00042057	0.99984396	0.99961412	1.00010300	1.00024414	0.99997067	0.99994636	0.99992931
2.51658225	1.00108933	0.99997288	1.00022435	1.00030613	1.00004280	1.00003743	0.99983221	1.00008154
2.72629738	1.00096524	1.00059950	1.00001526	1.00022876	0.99997222	0.99989313	1.00048780	1.00012887
2.93601274	0.99888861	1.00127733	1.00019872	0.99985737	0.99962682	0.99968886	0.99990267	0.99996912
3.14572787	1.00021827	0.99845624	0.99955195	0.99965388	1.00020623	0.99991405	1.00016093	1.00013649
3.35544300	1.00203693	0.99847960	0.99944079	1.00028396	1.00002062	1.00019717	1.00031471	1.00007665
3.77487350	1.00090981	1.00052166	1.00001633	1.00000715	0.99996102	1.00007367	1.00013292	0.99978834
4.19430399	0.99932480	0.99877620	1.00026488	1.00010622	0.99994355	1.00001228	0.99999350	0.99993950
4.61373425	1.00050485	1.00127995	0.99979669	0.99998665	0.99999267	1.00000250	1.00014591	1.00038230
5.03316450	1.00000000	1.00000000	1.00000000	1.00000000	1.00000000	1.00000000	1.00000000	1.00000000
5.45259476	0.00000000	0.00000000	0.00000000	0.00000000	0.00000000	0.00000000	0.00000000	0.00000000
5.87202549	0.00000000	0.00000000	0.00000000	0.00000000	0.00000000	0.00000000	0.00000000	0.00000000
6.29145575	0.00000000	0.00000000	0.00000000	0.00000000	0.00000000	0.00000000	0.00000000	0.00000000
6.71088600	0.00000000	0.00000000	0.00000000	0.00000000	0.00000000	0.00000000	0.00000000	0.00000000
7.54974699	0.00000000	0.00000000	0.00000000	0.00000000	0.00000000	0.00000000	0.00000000	0.00000000
8.38860798	0.00000000	0.00000000	0.00000000	0.00000000	0.00000000	0.00000000	0.00000000	0.00000000
9.22746849	0.00000000	0.00000000	0.00000000	0.00000000	0.00000000	0.00000000	0.00000000	0.00000000
10.06632900	0.00000000	0.00000000	0.00000000	0.00000000	0.00000000	0.00000000	0.00000000	0.00000000
10.90518951	0.00000000	0.00000000	0.00000000	0.00000000	0.00000000	0.00000000	0.00000000	0.00000000
11.74405098	0.00000000	0.00000000	0.00000000	0.00000000	0.00000000	0.00000000	0.00000000	0.00000000
12.58291149	0.00000000	0.00000000	0.00000000	0.00000000	0.00000000	0.00000000	0.00000000	0.00000000
13.42177200	0.00000000	0.00000000	0.00000000	0.00000000	0.00000000	0.00000000	0.00000000	0.00000000
15.09949398	0.00000000	0.00000000	0.00000000	0.00000000	0.00000000	0.00000000	0.00000000	0.00000000
16.77721596	0.00000000	0.00000000	0.00000000	0.00000000	0.00000000	0.00000000	0.00000000	0.00000000
18.45493698	0.00000000	0.00000000	0.00000000	0.00000000	0.00000000	0.00000000	0.00000000	0.00000000
20.13265800	0.00000000	0.00000000	0.00000000	0.00000000	0.00000000	0.00000000	0.00000000	0.00000000
21.81037903	0.00000000	0.00000000	0.00000000	0.00000000	0.00000000	0.00000000	0.00000000	0.00000000
23.48810196	0.00000000	0.00000000	0.00000000	0.00000000	0.00000000	0.00000000	0.00000000	0.00000000
25.16582298	0.00000000	0.00000000	0.00000000	0.00000000	0.00000000	0.00000000	0.00000000	0.00000000
26.84354401	0.00000000	0.00000000	0.00000000	0.00000000	0.00000000	0.00000000	0.00000000	0.00000000
30.19898796	0.00000000	0.00000000	0.00000000	0.00000000	0.00000000	0.00000000	0.00000000	0.00000000
33.55443192	0.00000000	0.00000000	0.00000000	0.00000000	0.00000000	0.00000000	0.00000000	0.00000000
36.90987396	0.00000000	0.00000000	0.00000000	0.00000000	0.00000000	0.00000000	0.00000000	0.00000000
40.26531601	0.00000000	0.00000000	0.00000000	0.00000000	0.00000000	0.00000000	0.00000000	0.00000000
43.62075806	0.00000000	0.00000000	0.00000000	0.00000000	0.00000000	0.00000000	0.00000000	0.00000000
46.97620392	0.00000000	0.00000000	0.00000000	0.00000000	0.00000000	0.00000000	0.00000000	0.00000000
50.33164597	0.00000000	0.00000000	0.00000000	0.00000000	0.00000000	0.00000000	0.00000000	0.00000000
53.68708801	0.00000000	0.00000000	0.00000000	0.00000000	0.00000000	0.00000000	0.00000000	0.00000000
60.39797592	0.00000000	0.00000000	0.00000000	0.00000000	0.00000000	0.00000000	0.00000000	0.00000000
67.10886383	0.00000000	0.00000000	0.00000000	0.00000000	0.00000000	0.00000000	0.00000000	0.00000000
73.81974792	0.00000000	0.00000000	0.00000000	0.00000000	0.00000000	0.00000000	0.00000000	0.00000000
80.53063202	0.00000000	0.00000000	0.00000000	0.00000000	0.00000000	0.00000000	0.00000000	0.00000000
87.24151611	0.00000000	0.00000000	0.00000000	0.00000000	0.00000000	0.00000000	0.00000000	0.00000000
93.95240784	0.00000000	0.00000000	0.00000000	0.00000000	0.00000000	0.00000000	0.00000000	0.00000000
100.66329193	0.00000000	0.00000000	0.00000000	0.00000000	0.00000000	0.00000000	0.00000000	0.00000000
107.37417603	0.00000000	0.00000000	0.00000000	0.00000000	0.00000000	0.00000000	0.00000000	0.00000000
120.79595184	0.00000000	0.00000000	0.00000000	0.00000000	0.00000000	0.00000000	0.00000000	0.00000000
134.21772766	0.00000000	0.00000000	0.00000000	0.00000000	0.00000000	0.00000000	0.00000000	0.00000000
147.63949585	0.00000000	0.00000000	0.00000000	0.00000000	0.00000000	0.00000000	0.00000000	0.00000000
161.06126404	0.00000000	0.00000000	0.00000000	0.00000000	0.00000000	0.00000000	0.00000000	0.00000000
174.48303223	0.00000000	0.00000000	0.00000000	0.00000000	0.00000000	0.00000000	0.00000000	0.00000000
187.90481567	0.00000000	0.00000000	0.00000000	0.00000000	0.00000000	0.00000000	0.00000000	0.00000000
201.32658386	0.00000000	0.00000000	0.00000000	0.00000000	0.00000000	0.00000000	0.00000000	0.00000000
214.74835205	0.00000000	0.00000000	0.00000000	0.00000000	0.00000000	0.00000000	0.00000000	0.00000000
241.59190369	0.00000000	0.00000000	0.00000000	0.00000000	0.00000000	0.00000000	0.00000000	0.00000000
268.43545532	0.00000000	0.00000000	0.00000000	0.00000000	0.00000000	0.00000000	0.00000000	0.00000000
295.27899170	0.00000000	0.00000000	0.00000000	0.00000000	0.00000000	0.00000000	0.00000000	0.00000000
322.12252808	0.00000000	0.00000000	0.00000000	0.00000000	0.00000000	0.00000000	0.00000000	0.00000000
348.96606445	0.00000000	0.00000000	0.00000000	0.00000000	0.00000000	0.00000000	0.00000000	0.00000000
375.80963135	0.00000000	0.00000000	0.00000000	0.00000000	0.00000000	0.00000000	0.00000000	0.00000000
402.65316772	0.00000000	0.00000000	0.00000000	0.00000000	0.00000000	0.00000000	0.00000000	0.00000000
429.49670410	0.00000000	0.00000000	0.00000000	0.00000000	0.00000000	0.00000000	0.00000000	0.00000000
483.18380737	0.00000000	0.00000000	0.00000000	0.00000000	0.00000000	0.00000000	0.00000000	0.00000000
536.87091064	0.00000000	0.00000000	0.00000000	0.00000000	0.00000000	0.00000000	0.00000000	0.00000000
590.55798340	0.00000000	0.00000000	0.00000000	0.00000000	0.00000000	0.00000000	0.00000000	0.00000000
644.24505615	0.00000000	0.00000000	0.00000000	0.00000000	0.00000000	0.00000000	0.00000000	0.00000000
697.93212891	0.00000000	0.00000000	0.00000000	0.00000000	0.00000000	0.00000000	0.00000000	0.00000000
751.61926270	0.00000000	0.00000000	0.00000000	0.00000000	0.00000000	0.00000000	0.00000000	0.00000000
805.30633545	0.00000000	0.00000000	0.00000000	0.00000000	0.00000000	0.00000000	0.00000000	0.00000000
858.99340820	0.00000000	0.00000000	0.00000000	0.00000000	0.00000000	0.00000000	0.00000000	0.00000000
966.36761475	0.00000000	0.00000000	0.00000000	0.00000000	0.00000000	0.00000000	0.00000000	0.00000000
1073.74182129	0.00000000	0.00000000	0.00000000	0.00000000	0.00000000	0.00000000	0.00000000	0.00000000
1181.11596680	0.00000000	0.00000000	0.00000000	0.00000000	0.00000000	0.00000000	0.00000000	0.00000000
1288.49011230	0.00000000	0.00000000	0.00000000	0.00000000	0.00000000	0.00000000	0.00000000	0.00000000
1395.86425781	0.00000000	0.00000000	0.00000000	0.00000000	0.00000000	0.00000000	0.00000000	0.00000000
1503.23852539	0.00000000	0.00000000	0.00000000	0.00000000	0.00000000	0.00000000	0.00000000	0.00000000
1610.61267090	0.00000000	0.00000000	0.00000000	0.00000000	0.00000000	0.00000000	0.00000000	0.00000000
1717.98681641	0.00000000	0.00000000	0.00000000	0.00000000	0.00000000	0.00000000	0.00000000	0.00000000
1932.73522949	0.00000000	0.00000000	0.00000000	0.00000000	0.00000000	0.00000000	0.00000000	0.00000000
2147.48364258	0.00000000	0.00000000	0.00000000	0.00000000	0.00000000	0.00000000	0.00000000	0.00000000
2362.23193359	0.00000000	0.00000000	0.00000000	0.00000000	0.00000000	0.00000000	0.00000000	0.00000000
2576.98022461	0.00000000	0.00000000	0.00000000	0.00000000	0.00000000	0.00000000	0.00000000	0.00000000
2791.72851562	0.00000000	0.00000000	0.00000000	0.00000000	0.00000000	0.00000000	0.00000000	0.00000000
3006.47705078	0.00000000	0.00000000	0.00000000	0.00000000	0.00000000	0.00000000	0.00000000	0.00000000
3221.22534180	0.00000000	0.00000000	0.00000000	0.00000000	0.00000000	0.00000000	0.00000000	0.00000000
3435.97363281	0.00000000	0.00000000	0.00000000	0.00000000	0.00000000	0.00000000	0.00000000	0.00000000
0	0	0	0	0	0	0	0	0
