%1/26/2015 9:18:51 AM
%Duration	ID1		ID2		ID3		ID4		ID5		ID6		ID7		ID8
3000.000000	3.519058	3.929138	7.429123	10.423660	27.379990	47.712326	41.685104	33.359528
%Tau		Tau1		Tau2		Tau3		Tau4		Tau5		Tau6		Tau7		Tau8
%		0.000002	0.000002	0.000004	0.000004	0.000014	0.000021	0.000016	0.000017
%Delaytime	D1		D2		D3		D4		D5		D6		D7		D8
0.00000000	6.99704456	15.84464931	9.77983856	7.40577650	3.13030410	1.70278609	2.42703867	3.09110641
0.00000020	2.54437971	2.13635707	1.90676105	1.71129501	1.60388207	1.42879093	1.43486524	1.53291059
0.00000040	2.22633243	0.89014882	1.90676105	1.50475943	1.37150145	1.44743991	1.49117243	1.44125199
0.00000060	1.59023738	1.95832741	1.47620213	1.47525430	1.25758934	1.34558833	1.42321539	1.54871380
0.00000080	2.54437971	1.78029764	1.16865993	1.32772887	1.34871900	1.38862419	1.39991581	1.40964568
0.00000100	2.22633243	1.78029764	1.59921896	1.38673902	1.41250980	1.37858248	1.31642568	1.43493080
0.00000120	2.86242723	1.60226786	1.72223580	1.41624415	1.34416258	1.40153491	1.45428145	1.30850518
0.00000140	1.90828490	1.78029764	1.96826947	1.23921359	1.32138014	1.36710620	1.42127383	1.40332437
0.00000160	1.59023738	1.24620831	0.86111790	1.56376958	1.37150145	1.37571335	1.37273300	1.34959340
0.00000180	0.63609493	0.71211904	0.79960948	1.12119329	1.41706634	1.40870762	1.26594329	1.40332437
0.00000200	1.59023738	1.06817853	1.16865993	1.32772887	1.33504963	1.39579678	1.30865920	1.44125199
0.00000220	1.90828490	1.24620831	1.35318530	1.44574916	1.26214588	1.44600534	1.38438284	1.41596687
0.00000240	1.59023738	0.17802976	0.86111790	1.12119329	1.33960605	1.33841562	1.33972526	1.33379030
0.00000260	1.59023738	1.06817853	1.16865993	1.65228486	1.33960605	1.31115961	1.38826609	1.32430828
0.00000280	2.22633243	0.89014882	1.90676105	1.09168816	1.34416258	1.37571335	1.36884975	1.34327221
0.00000300	1.90828490	1.42423809	1.35318530	1.47525430	1.28948474	1.37427890	1.33972526	1.34643281
0.00000340	0.15902373	0.97916371	1.41469371	1.10644066	1.33732784	1.38073421	1.41447806	1.43493080
0.00000380	1.11316621	1.06817853	1.47620213	1.26871872	1.31226718	1.34774005	1.37273300	1.30218387
0.00000420	1.59023738	1.15719342	1.62997317	1.32772887	1.21658099	1.36280262	1.25623512	1.35907543
0.00000460	1.11316621	1.69128275	1.47620213	1.34248137	1.26442409	1.30326962	1.26011837	1.35907543
0.00000500	0.63609493	0.97916371	1.32243097	1.15069830	1.32821488	1.35347819	1.32127976	1.35117376
0.00000540	1.27218986	0.97916371	1.13790572	1.20970857	1.25075459	1.33626390	1.30963004	1.28638065
0.00000580	0.95414245	0.80113393	1.44544792	1.23921359	1.25758934	1.28246903	1.31351328	1.28796101
0.00000620	1.74926114	1.86931252	1.38393950	1.23921359	1.24391997	1.35491276	1.26303089	1.26109552
0.00000700	1.11316621	1.29071581	1.32243097	1.23183727	1.21658099	1.26525462	1.29700935	1.33695090
0.00000780	1.43121362	1.51325297	1.16865993	1.21708477	1.26898062	1.25844061	1.28681588	1.26504636
0.00000860	1.35170174	1.24620831	1.10715151	1.37936270	1.16532063	1.32586348	1.25817680	1.26741683
0.00000940	1.51072550	1.11268604	1.27629972	1.23921359	1.29973686	1.25879931	1.27662230	1.29902315
0.00001020	1.11316621	1.15719342	1.39931655	1.20970857	1.18354654	1.25557160	1.24749780	1.21052527
0.00001100	1.66974926	1.11268604	1.18403709	1.10644066	1.19038129	1.24050903	1.25720596	1.22079730
0.00001180	1.03365433	1.06817853	1.16865993	1.26134241	1.23822427	1.23764002	1.22371280	1.20973516
0.00001260	1.51072550	1.02367115	1.04564309	1.26134241	1.25872850	1.23046732	1.20332575	1.24924314
0.00001420	1.07341027	1.04592490	1.36087382	1.11381698	1.18696392	1.22114289	1.23439181	1.20104337
0.00001580	1.27218986	0.97916371	1.08408594	1.15069830	1.23309827	1.18205202	1.17031801	1.20143843
0.00001740	1.07341027	1.31296945	1.25323403	1.07693565	1.19436812	1.18886602	1.16522121	1.20380890
0.00001900	1.19267809	1.24620831	1.06102026	1.19126785	1.13627303	1.18868673	1.14143622	1.17536318
0.00002060	1.11316621	1.49099922	1.10715151	1.19126785	1.14823377	1.14869916	1.12663126	1.15481901
0.00002220	1.31194580	0.97916371	1.23785698	1.10275257	1.07874739	1.16304445	1.11473882	1.15718949
0.00002380	1.07341027	1.13493979	1.15328288	0.96260345	1.07476044	1.14224374	1.12153447	1.13783050
0.00002540	1.27218986	1.13493979	1.12252867	1.06955934	1.09982109	1.14547145	1.10964203	1.10464382
0.00002860	1.09237850	1.11095512	1.05392075	1.03289580	1.08190727	1.10673606	1.10714042	1.11060655
0.00003180	0.97320992	1.17761242	1.14271259	1.09387171	1.08046722	1.10196722	1.07299423	1.08823609
0.00003500	0.93348706	1.22205067	1.17359674	1.04398227	1.07561696	1.08649099	1.06011343	1.08051527
0.00003820	0.99307132	1.06651700	1.08866537	1.17702079	1.08019543	1.07245433	1.06983483	1.08724618
0.00004140	1.15196276	0.84432590	1.05006015	1.08463287	1.04110754	1.06939507	1.07104993	1.07140863
0.00004460	0.79445708	1.08873606	1.05392075	1.09941494	1.07220662	1.07551360	1.05829072	1.02904332
0.00004780	1.15196276	1.16650295	1.02689707	1.03843904	1.01599991	1.07929265	1.05367303	1.05538416
0.00005100	1.21154702	0.94431186	0.99601299	1.04767776	1.05451727	1.05247164	1.05232775	1.04667342
0.00005740	0.94420344	0.97840166	1.12222576	1.01346219	1.02960658	1.04213858	1.02770579	1.04618669
0.00006380	1.09328818	1.11737919	0.97375262	1.09106541	1.01163590	1.03161645	1.03160334	1.04490077
0.00007020	1.09328818	0.98396075	1.00267601	1.06803703	1.02646875	1.03845131	1.02315652	1.02144587
0.00007660	0.99389839	1.03399265	1.00267601	0.97660118	1.02176213	1.02276528	1.01677585	1.00699317
0.00008300	1.12310517	1.09514272	0.97568083	0.95350271	1.01677036	1.02114654	1.01191437	1.01480770
0.00008940	1.01377630	1.00611889	1.06630731	1.05698371	1.04044604	1.02074182	1.00297332	1.01924849
0.00009580	1.16286111	1.10061622	1.04702508	1.03573310	1.02304578	1.01592326	1.00898933	1.03111863
0.00010220	1.06347120	0.83380014	0.99881953	0.93317616	1.02347374	1.01907086	1.00873804	1.01361012
0.00011500	1.06699657	1.01222897	0.96843052	1.02738512	1.00360632	1.01635122	1.01524377	1.01834452
0.00012780	1.11166155	1.00388646	0.96939319	1.03431439	1.01029778	1.01326442	1.02666438	1.01780057
0.00014060	0.94292718	0.97329706	1.01271272	1.02137971	1.01115358	1.00613010	1.00308609	1.00415277
0.00015340	0.96774107	1.01222897	1.04062963	0.99920589	1.02670097	1.00853539	0.99780113	0.99935627
0.00016620	1.12158704	1.05394173	1.05506945	1.00243962	1.00316596	1.01217711	1.00118077	0.99451035
0.00017900	0.87841111	1.08722723	1.04934156	1.05002081	1.01828539	1.00565803	1.00282097	1.00014746
0.00019180	0.94292718	1.03161454	1.03586388	1.00659716	0.99938607	1.00722456	1.00692141	1.00537860
0.00020460	0.82382059	0.97322130	0.98676616	0.98445463	0.99176735	1.00153720	1.00649619	1.00236225
0.00023020	0.97837883	0.96115738	0.99225837	1.01098573	1.01049340	1.00259554	1.00572431	1.00339043
0.00025580	1.01562679	0.93194711	0.96102506	1.02345848	1.00610507	0.99922538	0.99482995	0.99891448
0.00028140	0.96099645	1.05582523	1.00186861	0.97772503	1.00963712	1.00011289	1.00004947	1.00883067
0.00030700	0.98096406	1.02939487	1.00955689	1.02322745	1.00617635	0.99982923	0.99832684	1.00131321
0.00033260	0.94619572	0.96123224	1.02012813	0.97960395	0.99504501	1.00186253	1.00202906	1.00996816
0.00035820	0.98593098	0.93480182	1.02786338	1.00501227	0.99710184	0.99533302	0.99924535	0.99597180
0.00038380	0.98344755	1.04469669	1.01344728	1.01124883	0.99806511	0.99812597	0.99403381	1.00245070
0.00040940	0.99586481	1.01548409	0.95914692	1.02141213	1.00564122	0.99905413	0.99711400	1.00417125
0.00046060	0.98004609	1.01001072	1.01191306	1.00816405	1.00097644	0.99762046	0.99673718	1.00803745
0.00051180	1.00733852	0.99895126	1.00610113	1.00461757	0.99941981	0.99989611	0.99443263	0.99441159
0.00056300	1.02346587	1.00807953	1.02868319	1.01419854	0.99770796	0.99748570	0.99973226	0.99469590
0.00061420	1.03214979	0.97535872	0.99120665	0.98187715	0.99630094	1.00045764	0.99904984	1.00115776
0.00066540	0.96123767	1.00390244	1.02147615	1.00181532	1.00034881	1.00035238	0.99908882	1.00013161
0.00071660	0.98098058	1.03166950	1.00225735	1.00784969	1.00059307	1.00012350	1.00479031	0.99881077
0.00076780	0.89540827	1.05046511	1.00778282	0.99284333	1.00892067	0.99904966	0.99850392	1.00049210
0.00081900	1.02686715	1.04002309	0.99644619	1.00611818	0.99451774	1.00173104	1.00153637	0.99825042
0.00092140	1.02866137	0.99202830	1.00731313	0.99760222	0.99731499	0.99911189	0.99444962	0.99901086
0.00102380	1.01752055	0.95755625	1.02159536	1.00507319	1.00414932	1.00359917	1.00242746	1.00479519
0.00112620	1.04722929	0.98715341	0.99699157	1.00720859	1.00458610	1.00268435	1.00294840	0.99602187
0.00122860	0.94077331	0.99775499	0.99855179	0.99156839	0.98912257	1.00363576	0.99894589	1.00165355
0.00133100	0.99596155	1.01830220	1.01811481	1.01138961	1.00101209	1.00163186	1.00371087	1.00224650
0.00143340	0.99585807	1.01846087	0.99579138	0.99742347	1.00523674	1.00203884	1.00198507	0.99987137
0.00153580	1.03743410	1.01253963	0.99639148	1.01101124	0.99644339	0.99689740	1.00043809	0.99662745
0.00163820	0.97924870	1.00418019	1.00572491	1.00293195	0.99920809	0.99935865	1.00005364	1.00275266
0.00184300	0.98441809	0.98951375	0.99579358	0.99967104	1.00151408	1.00386381	1.00078285	1.00050282
0.00204780	1.00450826	0.99125463	0.99897462	0.99995971	1.00161028	0.99955267	0.99955660	0.99947059
0.00225260	0.95793676	1.00135171	0.98150879	1.00137401	1.00299859	1.00030732	1.00288093	1.00387955
0.00245740	1.02470481	0.99142867	1.00218737	0.99051863	0.99783778	0.99850929	0.99985898	0.99672389
0.00266220	0.99626660	0.98697931	1.00961196	1.01704717	0.99832237	1.00189197	1.00334692	1.00088477
0.00286700	0.99008435	1.00943840	1.00096953	1.00590873	0.99671823	1.00111914	1.00304425	0.99999917
0.00307180	0.99142396	1.00768030	1.00733137	1.01522529	1.00080526	0.99832112	1.00029838	1.00111938
0.00327660	0.99018836	0.99235702	0.99232703	0.99478769	1.00268531	0.99965763	1.00272322	1.00268853
0.00368620	0.99333048	0.99274403	1.00231802	0.99950963	0.99921238	1.00010514	1.00165510	0.99841279
0.00409580	0.99879420	1.00787783	0.99559915	0.99819940	1.00257814	1.00313652	1.00099945	0.99917728
0.00450540	0.97559881	1.00572073	0.99958020	0.99792802	0.99681026	1.00155914	1.00171697	0.99888849
0.00491500	1.02260816	1.01171303	0.99872315	0.99897009	0.99991798	0.99677670	1.00038564	0.99928939
0.00532460	0.99967122	1.01761150	0.99613899	1.00719428	1.00190496	0.99986404	1.00043964	0.99906784
0.00573420	1.01384985	1.00483370	0.99472576	1.00796831	0.99975246	1.00091267	1.00159144	0.99942946
0.00614380	1.00090837	1.00258124	0.99855465	0.99894977	1.00020409	1.00127375	1.00138867	1.00214994
0.00655340	1.01910853	0.99979818	0.99960613	0.99930459	1.00084543	0.99967587	1.00249815	1.00013769
0.00737260	1.00463808	0.98731810	0.99672437	1.00013614	0.99928623	1.00133014	0.99961334	0.99790072
0.00819180	0.99934530	1.00502503	0.99747437	1.00283456	0.99907744	1.00123167	0.99892104	1.00078440
0.00901100	0.99379545	1.00558162	0.99927908	1.00157714	0.99936289	0.99831820	0.99674773	0.99939632
0.00983020	0.97467208	0.99427563	1.00274885	0.99886411	1.00006616	0.99962169	0.99937803	1.00033581
0.01064940	1.00682962	0.99815500	1.00271547	0.99932575	1.00046527	1.00116038	0.99919981	1.00109649
0.01146860	1.00963449	1.00383353	1.00388885	0.99872577	0.99895304	1.00016987	1.00006866	1.00017047
0.01228780	1.00176477	0.99944121	0.99871987	0.99808246	0.99972475	1.00107861	0.99924129	1.00057316
0.01310700	1.01381361	1.00209391	1.00022411	1.00162446	0.99839240	0.99857748	1.00090766	0.99841833
0.01474540	0.98540407	1.00416422	1.00298834	1.00190973	1.00089228	0.99996918	1.00029624	1.00072908
0.01638380	1.00266623	0.99831647	1.00255692	1.00090432	1.00236821	1.00079262	1.00003839	1.00182199
0.01802220	1.00607872	1.00188661	0.99936169	1.00288594	1.00062239	1.00101614	1.00083911	1.00040460
0.01966060	1.00650489	1.00300384	1.00251758	1.00236619	1.00062180	1.00015247	0.99996805	1.00100219
0.02129900	0.99639112	1.00365591	0.99591464	1.00183535	0.99964607	1.00091445	1.00109875	1.00008988
0.02293740	1.00269294	1.00205660	0.99944979	1.00431705	1.00149214	1.00036311	1.00047147	1.00016248
0.02457580	0.99925429	0.99545342	0.99772972	1.00715566	1.00055790	1.00052106	1.00058198	1.00055122
0.02621420	1.00636935	0.99611783	1.00036013	0.99827236	0.99906498	0.99997687	1.00095034	0.99877006
0.02949100	1.00233316	1.00092137	0.99473983	1.00104570	1.00081062	0.99999601	1.00056100	1.00019324
0.03276780	1.00452089	0.99842006	1.00090015	1.00000000	1.00056088	1.00022900	1.00069010	1.00126553
0.03604460	0.99868453	0.99984545	1.00074244	1.00070953	1.00038183	1.00105286	1.00052297	1.00166154
0.03932140	1.01180601	0.99972588	0.99987328	1.00286090	1.00131476	1.00057590	1.00053298	0.99880052
0.04259820	0.99733537	0.99930203	0.99953645	0.99785399	1.00008380	1.00014782	1.00017548	0.99825698
0.04587500	1.00073767	0.99646866	1.00033104	1.00378954	1.00111413	1.00035274	0.99990231	0.99968541
0.04915180	0.99668819	0.99609423	0.99990553	1.00052595	0.99955362	1.00099933	1.00014353	1.00175846
0.05242860	0.99842584	1.00289381	1.00047076	1.00073898	0.99998695	1.00025892	1.00052798	0.99993420
0.05898220	0.99362355	0.99976951	0.99809378	0.99920684	1.00013137	1.00020087	1.00018132	0.99992877
0.06553581	1.00060081	1.00297344	0.99917203	0.99997497	0.99980658	1.00052416	1.00036621	1.00014460
0.07208940	1.00322747	1.00426769	1.00106859	1.00155199	1.00070477	1.00087249	0.99951881	0.99954331
0.07864300	1.00098145	0.99951220	0.99988419	1.00049734	0.99971205	1.00027788	1.00125802	0.99957830
0.08519660	0.99303234	1.00198853	1.00000870	1.00137103	0.99983180	1.00021720	1.00082803	1.00081551
0.09175020	1.00373721	1.00024605	1.00250828	1.00255287	1.00001061	1.00047362	1.00008106	1.00066280
0.09830380	1.00031948	1.00151491	1.00076950	1.00260615	1.00010371	1.00015008	1.00048351	1.00054574
0.10485740	1.00188649	1.00151145	1.00138354	1.00005472	0.99987602	1.00057435	1.00035560	0.99999660
0.11796460	1.00136721	1.00083482	1.00122666	1.00199616	1.00045419	1.00067139	1.00017083	1.00068033
0.13107181	0.99766231	1.00108635	0.99921876	1.00173998	1.00063181	1.00032592	1.00036609	0.99976724
0.14417900	1.00054765	0.99734735	0.99928796	1.00071669	0.99980539	1.00013936	1.00068188	0.99997169
0.15728620	1.00057161	1.00120807	1.00242257	1.00117087	1.00081170	1.00044131	1.00019145	1.00027132
0.17039341	1.00311625	1.00311649	1.00023127	1.00090301	1.00067532	1.00005639	1.00036669	1.00041282
0.18350060	0.99740452	1.00209665	0.99882704	1.00200307	1.00066888	1.00036442	1.00039887	1.00096881
0.19660780	1.00115561	0.99787670	1.00067949	1.00115454	1.00020373	1.00021935	1.00055945	1.00050294
0.20971501	0.99720001	0.99909914	0.99953330	1.00026596	1.00030565	1.00038826	1.00021005	1.00033641
0.23592941	0.99805498	1.00050378	1.00091887	1.00089371	1.00044560	1.00019562	1.00030124	1.00014830
0.26214382	0.99877036	1.00052691	1.00111306	1.00093114	1.00031042	1.00035465	1.00015748	1.00012231
0.28835821	1.00161839	1.00020742	1.00081503	1.00102317	1.00053930	1.00019932	1.00031161	1.00056648
0.31457260	0.99861449	1.00027800	0.99988526	1.00149035	0.99995750	0.99998462	1.00051606	1.00029230
0.34078699	0.99883372	1.00078428	1.00133419	1.00061107	1.00032663	1.00021899	1.00020802	1.00023270
0.36700141	0.99949825	1.00102401	1.00051093	1.00032723	1.00036633	1.00029731	1.00024354	1.00011468
0.39321581	1.00005603	1.00166595	1.00132847	1.00151432	1.00042212	1.00023365	1.00031233	1.00011873
0.41943020	0.99946016	0.99927795	1.00008476	1.00052881	1.00024247	1.00037277	1.00041997	1.00013041
0.47185901	0.99953240	1.00037801	1.00000072	1.00085557	0.99983728	1.00027275	1.00017297	1.00022972
0.52428782	0.99643838	0.99904513	1.00025868	1.00023198	1.00016856	0.99990803	1.00010896	1.00023866
0.57671660	1.00151169	1.00017631	1.00005865	1.00070024	0.99989265	1.00011551	1.00015342	0.99998540
0.62914538	0.99983275	0.99792325	1.00028777	1.00110686	0.99985749	1.00013077	0.99988788	1.00029457
0.68157423	1.00089073	1.00069594	1.00072205	1.00134754	1.00026476	0.99984586	0.99997711	1.00035489
0.73400301	0.99888504	1.00108850	1.00011325	1.00056148	1.00002480	1.00007963	1.00004685	1.00024366
0.78643179	1.00067568	1.00017488	0.99926817	1.00013769	1.00017834	0.99995446	1.00002706	1.00005567
0.83886063	0.99756998	0.99909645	1.00067973	1.00020075	0.99973774	0.99998611	0.99977815	0.99990702
0.94371825	0.99937576	1.00030792	1.00015485	0.99982297	1.00000322	0.99963838	0.99997926	1.00006819
1.04857588	0.99996555	1.00009537	0.99930930	1.00057089	1.00016606	0.99947822	0.99985051	0.99989796
1.15343344	1.00016856	0.99965990	1.00053704	1.00020671	0.99987888	0.99987471	0.99986780	0.99996156
1.25829101	1.00059748	1.00079811	0.99924219	0.99934417	1.00009906	1.00011599	0.99974608	0.99990368
1.36314869	1.00101304	1.00126934	1.00031769	0.99932331	0.99996918	1.00009298	0.99976301	0.99993175
1.46800625	0.99951178	1.00002456	0.99966282	1.00001264	1.00011885	0.99994671	0.99972063	0.99972355
1.57286382	1.00102282	0.99907988	0.99934363	0.99935371	0.99968338	1.00007904	0.99955386	0.99977487
1.67772150	0.99990588	1.00087380	0.99933290	0.99911034	0.99982220	1.00001442	0.99967694	0.99988592
1.88743675	1.00014436	0.99923164	0.99928689	0.99883509	0.99965930	1.00000548	0.99961996	0.99985409
2.09715199	0.99977916	0.99944949	0.99962062	0.99923271	0.99956149	0.99998009	0.99976838	0.99980742
2.30686712	1.00073266	1.00128567	0.99990624	0.99822050	0.99954468	0.99958754	0.99977082	0.99996525
2.51658225	0.99973327	1.00070095	1.00008249	0.99933070	0.99973738	0.99972153	0.99978888	1.00008297
2.72629738	1.00046444	1.00105381	0.99996281	0.99871629	1.00008488	0.99970675	0.99998808	1.00011384
2.93601274	0.99923933	0.99911422	0.99980092	0.99905545	1.00022304	0.99996245	1.00029171	1.00027192
3.14572787	0.99875993	1.00036895	0.99986124	0.99977022	1.00023735	1.00003421	1.00033987	1.00033438
3.35544300	1.00074995	1.00008249	0.99989420	0.99899530	0.99997282	1.00030518	1.00030708	1.00036216
3.77487350	1.00019777	1.00014019	1.00016928	0.99979025	1.00007391	1.00003374	1.00042748	1.00032294
4.19430399	0.99983203	1.00008953	0.99957269	0.99994999	1.00048316	0.99973214	1.00049567	1.00023496
4.61373425	0.99951518	0.99997211	1.00029469	1.00046980	0.99996322	0.99997371	1.00003052	1.00021446
5.03316450	1.00000000	1.00000000	1.00000000	1.00000000	1.00000000	1.00000000	1.00000000	1.00000000
5.45259476	0.00000000	0.00000000	0.00000000	0.00000000	0.00000000	0.00000000	0.00000000	0.00000000
5.87202549	0.00000000	0.00000000	0.00000000	0.00000000	0.00000000	0.00000000	0.00000000	0.00000000
6.29145575	0.00000000	0.00000000	0.00000000	0.00000000	0.00000000	0.00000000	0.00000000	0.00000000
6.71088600	0.00000000	0.00000000	0.00000000	0.00000000	0.00000000	0.00000000	0.00000000	0.00000000
7.54974699	0.00000000	0.00000000	0.00000000	0.00000000	0.00000000	0.00000000	0.00000000	0.00000000
8.38860798	0.00000000	0.00000000	0.00000000	0.00000000	0.00000000	0.00000000	0.00000000	0.00000000
9.22746849	0.00000000	0.00000000	0.00000000	0.00000000	0.00000000	0.00000000	0.00000000	0.00000000
10.06632900	0.00000000	0.00000000	0.00000000	0.00000000	0.00000000	0.00000000	0.00000000	0.00000000
10.90518951	0.00000000	0.00000000	0.00000000	0.00000000	0.00000000	0.00000000	0.00000000	0.00000000
11.74405098	0.00000000	0.00000000	0.00000000	0.00000000	0.00000000	0.00000000	0.00000000	0.00000000
12.58291149	0.00000000	0.00000000	0.00000000	0.00000000	0.00000000	0.00000000	0.00000000	0.00000000
13.42177200	0.00000000	0.00000000	0.00000000	0.00000000	0.00000000	0.00000000	0.00000000	0.00000000
15.09949398	0.00000000	0.00000000	0.00000000	0.00000000	0.00000000	0.00000000	0.00000000	0.00000000
16.77721596	0.00000000	0.00000000	0.00000000	0.00000000	0.00000000	0.00000000	0.00000000	0.00000000
18.45493698	0.00000000	0.00000000	0.00000000	0.00000000	0.00000000	0.00000000	0.00000000	0.00000000
20.13265800	0.00000000	0.00000000	0.00000000	0.00000000	0.00000000	0.00000000	0.00000000	0.00000000
21.81037903	0.00000000	0.00000000	0.00000000	0.00000000	0.00000000	0.00000000	0.00000000	0.00000000
23.48810196	0.00000000	0.00000000	0.00000000	0.00000000	0.00000000	0.00000000	0.00000000	0.00000000
25.16582298	0.00000000	0.00000000	0.00000000	0.00000000	0.00000000	0.00000000	0.00000000	0.00000000
26.84354401	0.00000000	0.00000000	0.00000000	0.00000000	0.00000000	0.00000000	0.00000000	0.00000000
30.19898796	0.00000000	0.00000000	0.00000000	0.00000000	0.00000000	0.00000000	0.00000000	0.00000000
33.55443192	0.00000000	0.00000000	0.00000000	0.00000000	0.00000000	0.00000000	0.00000000	0.00000000
36.90987396	0.00000000	0.00000000	0.00000000	0.00000000	0.00000000	0.00000000	0.00000000	0.00000000
40.26531601	0.00000000	0.00000000	0.00000000	0.00000000	0.00000000	0.00000000	0.00000000	0.00000000
43.62075806	0.00000000	0.00000000	0.00000000	0.00000000	0.00000000	0.00000000	0.00000000	0.00000000
46.97620392	0.00000000	0.00000000	0.00000000	0.00000000	0.00000000	0.00000000	0.00000000	0.00000000
50.33164597	0.00000000	0.00000000	0.00000000	0.00000000	0.00000000	0.00000000	0.00000000	0.00000000
53.68708801	0.00000000	0.00000000	0.00000000	0.00000000	0.00000000	0.00000000	0.00000000	0.00000000
60.39797592	0.00000000	0.00000000	0.00000000	0.00000000	0.00000000	0.00000000	0.00000000	0.00000000
67.10886383	0.00000000	0.00000000	0.00000000	0.00000000	0.00000000	0.00000000	0.00000000	0.00000000
73.81974792	0.00000000	0.00000000	0.00000000	0.00000000	0.00000000	0.00000000	0.00000000	0.00000000
80.53063202	0.00000000	0.00000000	0.00000000	0.00000000	0.00000000	0.00000000	0.00000000	0.00000000
87.24151611	0.00000000	0.00000000	0.00000000	0.00000000	0.00000000	0.00000000	0.00000000	0.00000000
93.95240784	0.00000000	0.00000000	0.00000000	0.00000000	0.00000000	0.00000000	0.00000000	0.00000000
100.66329193	0.00000000	0.00000000	0.00000000	0.00000000	0.00000000	0.00000000	0.00000000	0.00000000
107.37417603	0.00000000	0.00000000	0.00000000	0.00000000	0.00000000	0.00000000	0.00000000	0.00000000
120.79595184	0.00000000	0.00000000	0.00000000	0.00000000	0.00000000	0.00000000	0.00000000	0.00000000
134.21772766	0.00000000	0.00000000	0.00000000	0.00000000	0.00000000	0.00000000	0.00000000	0.00000000
147.63949585	0.00000000	0.00000000	0.00000000	0.00000000	0.00000000	0.00000000	0.00000000	0.00000000
161.06126404	0.00000000	0.00000000	0.00000000	0.00000000	0.00000000	0.00000000	0.00000000	0.00000000
174.48303223	0.00000000	0.00000000	0.00000000	0.00000000	0.00000000	0.00000000	0.00000000	0.00000000
187.90481567	0.00000000	0.00000000	0.00000000	0.00000000	0.00000000	0.00000000	0.00000000	0.00000000
201.32658386	0.00000000	0.00000000	0.00000000	0.00000000	0.00000000	0.00000000	0.00000000	0.00000000
214.74835205	0.00000000	0.00000000	0.00000000	0.00000000	0.00000000	0.00000000	0.00000000	0.00000000
241.59190369	0.00000000	0.00000000	0.00000000	0.00000000	0.00000000	0.00000000	0.00000000	0.00000000
268.43545532	0.00000000	0.00000000	0.00000000	0.00000000	0.00000000	0.00000000	0.00000000	0.00000000
295.27899170	0.00000000	0.00000000	0.00000000	0.00000000	0.00000000	0.00000000	0.00000000	0.00000000
322.12252808	0.00000000	0.00000000	0.00000000	0.00000000	0.00000000	0.00000000	0.00000000	0.00000000
348.96606445	0.00000000	0.00000000	0.00000000	0.00000000	0.00000000	0.00000000	0.00000000	0.00000000
375.80963135	0.00000000	0.00000000	0.00000000	0.00000000	0.00000000	0.00000000	0.00000000	0.00000000
402.65316772	0.00000000	0.00000000	0.00000000	0.00000000	0.00000000	0.00000000	0.00000000	0.00000000
429.49670410	0.00000000	0.00000000	0.00000000	0.00000000	0.00000000	0.00000000	0.00000000	0.00000000
483.18380737	0.00000000	0.00000000	0.00000000	0.00000000	0.00000000	0.00000000	0.00000000	0.00000000
536.87091064	0.00000000	0.00000000	0.00000000	0.00000000	0.00000000	0.00000000	0.00000000	0.00000000
590.55798340	0.00000000	0.00000000	0.00000000	0.00000000	0.00000000	0.00000000	0.00000000	0.00000000
644.24505615	0.00000000	0.00000000	0.00000000	0.00000000	0.00000000	0.00000000	0.00000000	0.00000000
697.93212891	0.00000000	0.00000000	0.00000000	0.00000000	0.00000000	0.00000000	0.00000000	0.00000000
751.61926270	0.00000000	0.00000000	0.00000000	0.00000000	0.00000000	0.00000000	0.00000000	0.00000000
805.30633545	0.00000000	0.00000000	0.00000000	0.00000000	0.00000000	0.00000000	0.00000000	0.00000000
858.99340820	0.00000000	0.00000000	0.00000000	0.00000000	0.00000000	0.00000000	0.00000000	0.00000000
966.36761475	0.00000000	0.00000000	0.00000000	0.00000000	0.00000000	0.00000000	0.00000000	0.00000000
1073.74182129	0.00000000	0.00000000	0.00000000	0.00000000	0.00000000	0.00000000	0.00000000	0.00000000
1181.11596680	0.00000000	0.00000000	0.00000000	0.00000000	0.00000000	0.00000000	0.00000000	0.00000000
1288.49011230	0.00000000	0.00000000	0.00000000	0.00000000	0.00000000	0.00000000	0.00000000	0.00000000
1395.86425781	0.00000000	0.00000000	0.00000000	0.00000000	0.00000000	0.00000000	0.00000000	0.00000000
1503.23852539	0.00000000	0.00000000	0.00000000	0.00000000	0.00000000	0.00000000	0.00000000	0.00000000
1610.61267090	0.00000000	0.00000000	0.00000000	0.00000000	0.00000000	0.00000000	0.00000000	0.00000000
1717.98681641	0.00000000	0.00000000	0.00000000	0.00000000	0.00000000	0.00000000	0.00000000	0.00000000
1932.73522949	0.00000000	0.00000000	0.00000000	0.00000000	0.00000000	0.00000000	0.00000000	0.00000000
2147.48364258	0.00000000	0.00000000	0.00000000	0.00000000	0.00000000	0.00000000	0.00000000	0.00000000
2362.23193359	0.00000000	0.00000000	0.00000000	0.00000000	0.00000000	0.00000000	0.00000000	0.00000000
2576.98022461	0.00000000	0.00000000	0.00000000	0.00000000	0.00000000	0.00000000	0.00000000	0.00000000
2791.72851562	0.00000000	0.00000000	0.00000000	0.00000000	0.00000000	0.00000000	0.00000000	0.00000000
3006.47705078	0.00000000	0.00000000	0.00000000	0.00000000	0.00000000	0.00000000	0.00000000	0.00000000
3221.22534180	0.00000000	0.00000000	0.00000000	0.00000000	0.00000000	0.00000000	0.00000000	0.00000000
3435.97363281	0.00000000	0.00000000	0.00000000	0.00000000	0.00000000	0.00000000	0.00000000	0.00000000
0	0	0	0	0	0	0	0	0
