%1/26/2015 8:57:37 AM
%Duration	ID1		ID2		ID3		ID4		ID5		ID6		ID7		ID8
3000.000000	3.128052	3.910065	7.410049	7.009506	22.172928	40.826797	33.903122	26.197433
%Tau		Tau1		Tau2		Tau3		Tau4		Tau5		Tau6		Tau7		Tau8
%		0.000002	0.000004	0.000003	0.000003	0.000014	0.000021	0.000016	0.000014
%Delaytime	D1		D2		D3		D4		D5		D6		D7		D8
0.00000000	5.03516388	16.38298416	9.30531406	8.75117397	3.53279185	1.77488053	2.57979178	3.65118814
0.00000020	2.51758194	2.00236464	2.10920453	2.32944918	1.75656438	1.42910075	1.69116604	1.72518647
0.00000040	1.57348871	1.63829839	1.86106277	2.20353317	1.55993402	1.46036804	1.45790172	1.45134735
0.00000060	2.20288420	1.09219897	1.92309821	1.63691032	1.52716231	1.42174375	1.56064916	1.51524305
0.00000080	2.51758194	1.09219897	1.61292112	2.39240742	1.44195580	1.51002789	1.49122524	1.40114343
0.00000100	1.25879097	1.27423215	1.30274391	1.44803607	1.42884707	1.44197547	1.42180133	1.53349900
0.00000120	0.62939548	1.27423215	2.29531074	1.57395220	1.54027104	1.55600929	1.47456348	1.46960318
0.00000140	0.94409317	2.00236464	1.17867315	1.57395220	1.37641239	1.44933259	1.60230350	1.58370292
0.00000160	0.94409317	1.82033157	0.93053138	1.38507795	1.57304275	1.47692132	1.49677908	1.47416723
0.00000180	0.62939548	1.63829839	1.42681479	1.57395220	1.38952100	1.45485032	1.48844826	1.46503925
0.00000200	1.88818634	2.36643100	1.79902732	1.00732934	1.34364069	1.39967263	1.45512486	1.50611508
0.00000220	0.31469774	2.00236464	1.17867315	2.01465869	1.38952100	1.52658117	1.52177179	1.65672660
0.00000240	1.25879097	2.18439794	1.30274391	1.00732934	1.48128188	1.38128006	1.40791655	1.43765533
0.00000260	0.94409317	1.27423215	1.79902732	1.63691032	1.33053195	1.32242393	1.61063433	1.41027141
0.00000280	1.57348871	1.09219897	1.48885024	1.07028747	1.48128188	1.53577745	1.34960043	1.36006761
0.00000300	2.83227968	1.09219897	2.29531074	1.69986832	1.28465152	1.38679790	1.43568611	1.53806305
0.00000340	0.94409317	1.54728186	1.36477935	1.41655695	1.35347211	1.35553050	1.46762109	1.49014115
0.00000380	1.41613984	2.18439794	1.55088568	1.41655695	1.48455906	1.43094003	1.41485894	1.48329520
0.00000420	1.25879097	1.63829839	1.64393878	1.82578456	1.44851017	1.40151191	1.40097415	1.34181166
0.00000460	1.25879097	1.54728186	1.17867315	1.47951508	1.49439061	1.41806519	1.44679391	1.48329520
0.00000500	0.78674436	1.72931504	1.27172625	1.57395220	1.48455906	1.36932492	1.45512486	1.40114343
0.00000540	1.88818634	1.91134810	0.96154910	1.54247320	1.39279819	1.41438675	1.40236259	1.47188520
0.00000580	1.73083758	1.63829839	1.45783246	1.10176659	1.53371668	1.43094003	1.39819717	1.43537331
0.00000620	1.41613984	1.45626521	1.48885024	1.32211983	1.33053195	1.36656606	1.44124007	1.52665305
0.00000700	0.94409317	1.09219897	1.24070847	1.25916171	1.41246128	1.37668204	1.35654283	1.34979868
0.00000780	0.86541879	1.31974041	1.47334135	1.11750603	1.34691787	1.37024462	1.33779848	1.41141248
0.00000860	1.73083758	1.13770723	1.25621736	1.36933839	1.44195580	1.34495485	1.35793138	1.37490058
0.00000940	1.57348871	1.41075695	1.20969081	1.51099408	1.40590692	1.34633434	1.31280577	1.34067070
0.00001020	1.10144210	1.09219897	1.51986790	1.25916171	1.43212426	1.35828948	1.31072307	1.34979868
0.00001100	1.80951190	1.91134810	1.30274391	1.22768271	1.34527922	1.33253992	1.34960043	1.34979868
0.00001180	1.57348871	0.77364093	1.20969081	1.43229651	1.33544767	1.26218843	1.37112188	1.29845381
0.00001260	1.49481428	0.91016579	1.39579713	1.40081739	1.26334989	1.25529122	1.29475558	1.31328678
0.00001420	1.14077926	1.02393651	1.41906035	1.14111531	1.27236211	1.25253236	1.29649115	1.27106988
0.00001580	1.25879097	0.97842824	1.27948070	1.21981299	1.21910810	1.24264634	1.20728147	1.20603311
0.00001740	1.21945369	1.18321550	1.20969081	1.09389675	1.21337306	1.20839024	1.23400974	1.21116757
0.00001900	1.10144210	1.36524868	1.20193636	1.17259443	1.10850358	1.23505938	1.19825637	1.22714150
0.00002060	1.53415143	1.45626521	1.28723514	1.24342227	1.21337306	1.20011353	1.19235539	1.21858406
0.00002220	1.41613984	1.16046143	1.07011116	1.23555243	1.16421545	1.19459581	1.17430520	1.19177067
0.00002380	1.37680256	1.00118232	1.01583016	1.01519918	1.17404699	1.17436397	1.15556073	1.13928485
0.00002540	0.98343039	1.11495304	1.08561993	1.05454803	1.14209449	1.15896022	1.13751054	1.17693770
0.00002860	1.32629645	0.87936133	1.11958838	1.17424440	1.13875484	1.10502434	1.14524400	1.18150938
0.00003180	0.87100065	1.21757722	1.12733638	1.03679097	1.12362599	1.11248839	1.12438667	1.11126983
0.00003500	1.10854626	1.05974317	1.13508439	1.10748136	1.09623039	1.10732102	1.10196495	1.10870016
0.00003820	1.00956893	1.01464772	0.92588794	1.09569955	1.10113704	1.08217287	1.08962429	1.08157504
0.00004140	0.95028120	1.00337386	1.09634435	1.04464555	1.07455933	1.09101486	1.04928982	1.04417109
0.00004460	1.08886385	1.10483861	1.21256459	1.16638994	1.06229270	1.05771375	1.06405330	1.05216587
0.00004780	1.04926884	0.94700450	0.99562007	0.97395521	1.08805263	1.07046008	1.05831766	1.04702640
0.00005100	0.95028120	1.04846931	1.06535220	1.14282644	1.02794600	1.04944587	1.05067015	1.03503418
0.00005740	1.04915988	1.10466540	0.99728215	1.06084526	1.04017901	1.02988636	1.04767156	1.04978859
0.00006380	1.14813721	1.10466540	0.98953629	1.05104077	1.01603544	1.04649186	1.02166235	1.03865564
0.00007020	1.00956893	0.98067236	1.10185158	1.05104077	1.01584613	1.02270401	1.03697217	1.01824498
0.00007660	1.13823950	0.99758053	1.00502801	1.04515803	1.02297235	1.03350627	1.01496446	1.02796364
0.00008300	1.19762588	0.88485956	0.99147272	0.90005171	1.04914474	1.02546203	1.02392411	1.01797223
0.00008940	1.19762588	1.17793405	0.96242565	1.04319715	1.02234364	1.02166164	1.02940428	0.99955970
0.00009580	1.03926218	0.99758053	0.98759979	0.96476132	0.99923873	1.01516891	1.02088952	1.01213288
0.00010220	0.98977345	1.03703284	0.99340922	1.08045423	0.98390353	1.00584483	1.02592480	1.01170468
0.00011500	0.87585855	1.01794481	0.99705905	0.99555498	1.01244366	1.00909948	1.00446320	1.00896692
0.00012780	0.97977394	1.02076459	0.91679144	0.99162775	0.98703682	1.01605678	1.01110256	1.00311124
0.00014060	0.95503217	0.98700452	1.00479567	1.03973639	1.00838757	1.00841749	0.99874091	1.00853848
0.00015340	0.94513547	1.08570492	1.05024838	0.95039177	0.99846345	1.01195371	1.01497436	1.00418234
0.00016620	0.95008385	0.99264455	0.98351997	0.98966414	1.02767980	1.00470877	0.99889535	1.01075220
0.00017900	1.09853446	1.00956464	1.03670931	1.02991831	0.99825919	1.00507462	0.99372399	0.99461329
0.00019180	1.05894756	1.00956464	1.01055181	1.03973639	0.99316621	1.00274587	1.00463164	0.98375881
0.00020460	1.02925754	0.99546456	0.98734295	1.02206385	0.99469858	1.00806451	0.99003017	0.99539882
0.00023020	0.94564438	0.95776981	1.00207853	0.98303717	1.01244938	1.00886786	0.99989504	0.99908280
0.00025580	1.02712286	0.98033875	1.02142358	1.00274432	1.01183653	1.00274527	1.00374961	1.00478280
0.00028140	0.89873254	1.06074059	1.02819443	1.02579927	1.01270473	0.99578112	1.00650835	0.98681712
0.00030700	0.96292770	0.94232756	1.02432537	1.04339731	1.00284731	0.99891573	0.99913251	0.98328364
0.00033260	0.88885635	1.00721836	0.99820948	1.02663970	1.00298560	1.00546157	0.98642474	1.00192738
0.00035820	1.04193711	0.97900498	1.00739837	0.99076390	0.99394560	1.00547445	1.00317287	1.00625885
0.00038380	1.03453004	1.01850379	0.96048641	1.02270818	1.00630546	0.99925131	0.99928457	1.00363004
0.00040940	1.02959192	0.97759432	0.97402805	0.99223822	1.01573324	1.00261438	1.00141120	0.99458718
0.00046060	1.00335467	0.97216094	1.01388085	1.00530076	1.01501966	1.00230873	1.00195503	1.00527716
0.00051180	0.99224740	1.03852487	1.02161849	0.99302298	1.01339447	1.00036144	1.00200701	0.99633318
0.00056300	1.00829113	1.00746095	1.01799154	0.96478420	0.99875098	0.99590731	1.00000894	1.00535917
0.00061420	1.02690983	0.96015894	0.97402805	1.00603735	1.00700557	1.00404656	1.00715947	1.00198245
0.00066540	0.97023416	0.98416293	0.99579132	0.99375963	1.01170313	1.00001431	1.00304842	1.00059104
0.00071660	1.01837552	1.02793491	1.01876366	0.99405122	1.00387716	1.00226367	1.00024974	0.99745160
0.00076780	1.04553223	0.95098096	0.99574560	0.95549732	0.99551189	0.99916744	1.00698590	0.99783862
0.00081900	0.94307750	0.96784902	0.98723716	0.98791206	1.00218165	0.99875766	0.99808896	0.99865383
0.00092140	0.99841809	0.99709845	0.97927004	1.01412642	1.00148666	0.99812704	0.99420696	1.00007784
0.00102380	1.00818658	1.01938987	0.99683702	1.02178025	1.00375998	1.00112176	0.99621147	0.99189675
0.00112620	0.98535740	0.98640603	0.98782641	1.02484751	1.00387716	0.99734694	0.99554259	0.99727017
0.00122860	1.05250180	1.00409627	1.00684643	0.99110723	1.00102639	1.00285304	1.00466013	0.99637693
0.00133100	1.00314653	1.00763428	0.99397510	0.99846876	0.99982691	0.99523956	1.00270367	0.99976414
0.00143340	0.98340440	1.02241373	1.01069486	0.97372997	0.99744493	0.99759716	1.00336838	1.00626230
0.00153580	1.02905810	0.99305034	0.97672588	1.03655124	0.98893791	0.99826872	1.00117993	1.00137043
0.00163820	1.03399360	0.99446541	0.99730527	1.02030790	0.99089372	0.99840963	1.00134468	1.00733769
0.00184300	0.99584359	1.01252401	1.01007640	0.98938751	0.99608177	1.00177979	1.00021589	0.99899018
0.00204780	1.01156747	0.98939657	1.00089014	0.99515617	0.99460804	1.00343680	0.99997944	1.00255907
0.00225260	0.98813581	1.01534057	1.00598240	0.99270141	0.99821931	1.00118685	1.00168765	0.99654102
0.00245740	1.00242209	0.99106884	1.00373936	1.01000738	0.99756664	0.99643326	1.00098419	0.99875987
0.00266220	1.00684333	0.98539948	0.99276656	1.01304686	1.00174308	0.99611831	0.99605232	0.99983597
0.00286700	0.98464030	1.00276184	0.99356961	1.01617694	1.00049734	1.00402081	1.00390530	1.00103867
0.00307180	0.98700494	0.99726963	0.99053860	0.99998921	0.99986815	1.00222349	1.00040114	0.99837363
0.00327660	0.97970635	0.99673814	1.00290513	1.00514448	1.00077462	1.00040817	1.00228369	0.99577814
0.00368620	0.99378586	0.99412650	0.99935549	0.99639940	1.00313950	0.99825913	1.00028050	0.99824613
0.00409580	0.99650764	0.98401135	1.00012982	0.99494135	0.99728906	0.99777156	1.00012755	1.00044811
0.00450540	0.98177171	0.99725258	0.99340791	0.99610811	0.99969292	1.00030768	0.99861735	0.99839061
0.00491500	0.97283810	0.98810387	0.99864286	0.99216247	0.99828690	1.00313306	0.99723822	0.99958634
0.00532460	1.01889229	0.99980521	1.00401556	1.00456667	1.00228477	1.00173259	1.00084400	0.99980110
0.00573420	0.97591865	1.00583887	1.00129652	0.98990583	0.99892503	1.00214899	1.00038147	1.00225532
0.00614380	1.00949669	1.00876689	0.99832380	1.00134289	1.00080085	1.00183368	1.00076091	1.00123823
0.00655340	0.99024320	1.00273323	1.01025331	1.00343144	1.00312304	0.99906403	1.00229895	1.00186503
0.00737260	1.01269627	1.00055516	0.99849820	0.99154419	1.00283229	0.99928254	1.00171828	0.99881017
0.00819180	1.00363946	0.99490172	0.99913538	1.00609934	0.99888283	0.99830139	1.00109148	1.00171769
0.00901100	1.00040591	0.99820453	1.00083506	0.99855220	0.99815500	0.99912018	1.00065005	0.99948210
0.00983020	1.00872076	1.00668502	0.99719644	1.00256205	1.00147152	0.99994183	1.00077367	1.00003564
0.01064940	1.01161861	1.00411284	0.99607193	0.99334311	1.00078368	1.00185788	1.00028718	1.00042093
0.01146860	1.00500262	0.99523300	1.00365186	1.00270009	1.00030613	0.99991381	1.00044274	1.00084317
0.01228780	0.99096185	1.00849390	1.00242651	0.99477214	1.00105822	1.00012851	0.99956346	0.99950451
0.01310700	0.99940503	0.99617469	1.00758338	1.00320745	0.99948364	0.99840039	0.99756598	1.00115275
0.01474540	1.00177300	0.99851871	0.99801677	1.00280595	1.00048590	1.00093699	0.99995250	1.00003827
0.01638380	0.99645132	0.99936742	0.99912769	1.00065303	1.00069630	1.00004601	0.99961472	1.00016224
0.01802220	1.00699449	0.99853605	0.99903351	0.99919945	0.99999011	0.99898487	1.00101936	1.00100100
0.01966060	0.99746382	0.99974269	0.99894500	0.99645478	0.99845922	0.99953169	1.00048435	0.99927223
0.02129900	1.00410855	1.00173974	1.00460994	1.00046611	1.00033736	1.00009501	0.99950778	1.00019753
0.02293740	0.99092305	0.99584776	0.99903494	0.99732298	1.00071335	0.99871886	1.00086367	1.00197053
0.02457580	1.00559807	0.99404001	0.99939364	1.00242448	1.00142837	1.00122535	0.99870449	1.00049841
0.02621420	1.00121450	1.00968349	1.00198805	0.99872124	0.99880403	1.00219703	1.00247228	0.99972582
0.02949100	0.99086517	1.00042677	0.99958718	1.00084329	0.99982888	1.00093460	1.00031447	1.00085270
0.03276780	0.99924749	0.99437523	1.00325739	0.99673873	0.99973530	1.00094044	0.99976891	1.00032377
0.03604460	0.99735141	1.00487411	1.00028491	0.99958050	1.00114501	1.00049794	1.00079632	0.99955982
0.03932140	0.99691874	0.99903369	1.00196230	1.00016332	1.00048947	0.99934959	1.00104284	0.99950153
0.04259820	0.99466121	1.00850153	1.00173604	1.00203848	1.00312519	1.00101793	1.00072587	1.00041783
0.04587500	1.00175452	1.00227129	0.99874693	0.99965769	0.99942529	0.99993837	0.99977094	1.00070810
0.04915180	0.99881858	1.00309837	1.00410998	0.99696493	1.00048268	0.99920392	0.99932694	1.00115550
0.05242860	0.99153942	1.00103128	1.00121629	0.99943328	0.99984682	0.99964017	1.00069773	1.00039649
0.05898220	0.99393594	0.99772328	1.00011158	1.00126982	1.00035906	0.99987864	1.00028443	1.00016499
0.06553581	0.99661356	1.00336862	0.99870008	0.99969512	0.99987841	0.99967951	1.00053644	1.00006962
0.07208940	1.00069296	0.99779731	1.00043464	1.00349772	0.99926376	1.00085795	1.00042510	1.00046909
0.07864300	1.00275743	1.00103140	1.00134563	1.00292075	0.99930793	1.00027561	1.00056660	0.99968308
0.08519660	1.00242770	0.99935436	0.99891925	1.00067282	1.00056958	1.00033772	1.00074685	0.99997276
0.09175020	1.00313318	1.00453806	0.99992132	0.99903733	0.99984825	0.99960804	1.00052893	0.99974054
0.09830380	1.00307345	0.99776256	1.00374866	1.00027168	1.00064254	1.00008655	1.00053859	1.00109041
0.10485740	0.99943304	0.99870157	1.00071919	1.00017571	1.00118208	1.00057673	1.00079513	0.99976039
0.11796460	1.00081289	1.00162053	1.00006592	1.00075877	0.99978083	0.99978530	1.00036168	1.00051105
0.13107181	0.99947500	0.99883825	0.99931037	0.99800444	1.00027859	1.00058234	1.00040221	1.00021386
0.14417900	1.00102437	1.00092101	0.99928296	1.00053322	1.00077987	1.00036216	0.99966627	0.99986756
0.15728620	0.99782890	1.00010800	1.00066268	0.99993610	1.00100362	1.00043833	1.00047648	0.99990427
0.17039341	1.00206232	1.00114357	0.99852693	0.99929929	0.99980795	1.00014031	0.99998868	1.00025022
0.18350060	1.00113571	1.00173438	0.99957806	0.99988681	1.00074279	1.00001383	1.00100446	1.00011015
0.19660780	0.99915349	0.99933189	1.00173569	0.99943006	1.00033927	0.99987370	1.00020599	1.00016558
0.20971501	1.00048149	1.00276017	1.00072384	1.00061440	0.99982882	0.99985933	1.00005043	1.00022221
0.23592941	0.99903911	1.00223053	1.00007915	0.99945080	0.99999577	1.00021458	1.00002730	0.99972111
0.26214382	1.00008047	1.00076866	1.00046897	0.99864590	0.99965400	1.00004828	0.99978578	0.99977481
0.28835821	1.00095224	1.00149798	0.99943280	1.00094843	0.99986106	1.00022256	0.99998730	1.00009227
0.31457260	1.00018609	0.99742860	1.00114691	0.99926454	1.00020540	0.99995774	1.00003338	0.99983001
0.34078699	0.99904567	0.99900585	0.99861729	0.99932808	1.00040138	0.99969792	0.99985015	0.99997997
0.36700141	0.99933320	0.99922562	1.00088668	1.00102091	1.00010014	1.00024331	0.99975985	0.99998915
0.39321581	0.99811316	1.00091636	0.99946064	0.99988508	0.99986339	1.00037444	0.99999034	0.99999791
0.41943020	1.00250721	1.00231600	1.00073385	1.00127041	1.00008786	0.99997193	0.99978501	1.00008690
0.47185901	0.99752086	1.00156498	1.00013554	1.00054908	1.00023353	0.99993002	0.99976498	0.99988002
0.52428782	0.99993116	0.99940395	0.99972910	0.99964106	1.00007010	0.99989897	0.99994820	1.00018144
0.57671660	0.99904960	1.00054884	0.99996495	0.99961656	1.00015473	0.99990553	0.99983859	0.99998987
0.62914538	0.99891245	1.00212657	1.00045478	0.99973226	0.99994278	1.00001204	0.99979931	1.00027621
0.68157423	0.99879193	1.00086486	1.00049663	1.00046813	1.00023425	0.99993521	1.00023675	1.00040901
0.73400301	0.99918759	1.00091255	1.00122190	1.00083876	0.99964672	0.99992967	0.99998969	0.99991447
0.78643179	0.99999315	1.00086308	0.99950659	0.99955761	0.99999899	0.99997073	0.99993825	0.99992448
0.83886063	1.00099826	1.00043774	0.99988890	1.00034785	0.99956769	0.99990320	0.99973869	0.99988675
0.94371825	0.99963796	0.99946290	1.00021660	0.99936736	0.99971879	1.00000668	0.99977875	0.99989021
1.04857588	1.00007200	1.00037551	1.00077164	0.99973869	0.99989951	1.00005400	0.99970871	1.00007594
1.15343344	1.00120699	0.99990791	1.00049663	0.99980432	0.99982172	1.00009072	0.99983239	1.00002658
1.25829101	0.99965006	1.00019908	1.00041807	0.99912816	0.99980605	1.00013041	0.99987918	0.99993962
1.36314869	0.99986327	1.00047231	1.00011241	0.99987519	0.99945879	1.00020182	0.99978632	0.99973339
1.46800625	0.99996281	0.99986333	0.99982178	1.00030982	0.99992794	1.00014257	0.99973637	0.99987620
1.57286382	1.00003922	1.00110734	1.00009084	1.00053978	0.99967563	1.00008404	1.00001669	0.99994195
1.67772150	0.99898970	1.00023234	1.00031972	0.99953997	0.99988925	1.00009155	1.00031877	1.00041902
1.88743675	0.99949646	0.99990577	0.99966699	1.00015283	0.99989915	0.99980402	1.00015485	0.99958640
2.09715199	0.99961776	1.00069880	0.99983454	1.00023031	1.00007582	0.99990994	0.99995220	1.00000286
2.30686712	0.99982935	1.00046182	0.99995893	0.99962801	1.00004756	1.00004745	1.00023043	0.99990606
2.51658225	1.00060534	0.99997509	0.99972600	1.00054371	1.00029457	1.00017214	1.00011516	0.99996370
2.72629738	1.00069678	0.99983650	1.00035930	0.99982905	1.00021243	1.00023353	0.99984467	1.00035846
2.93601274	0.99974453	1.00028467	1.00038159	0.99993116	1.00018227	1.00005186	0.99991965	0.99973595
3.14572787	1.00032735	0.99952888	0.99935335	1.00012600	1.00014877	0.99988657	1.00000811	1.00002086
3.35544300	1.00050020	0.99889570	1.00011086	1.00037110	0.99962604	0.99983621	0.99978757	1.00030601
3.77487350	1.00014269	0.99973923	1.00044620	0.99993283	0.99991661	1.00012207	1.00005484	0.99992782
4.19430399	0.99972397	1.00080955	0.99964768	1.00003815	1.00009823	0.99997187	0.99999225	1.00013280
4.61373425	1.00009501	1.00009811	1.00000572	0.99999624	1.00000310	0.99997324	1.00008953	0.99989712
5.03316450	1.00000000	1.00000000	1.00000000	1.00000000	1.00000000	1.00000000	1.00000000	1.00000000
5.45259476	0.00000000	0.00000000	0.00000000	0.00000000	0.00000000	0.00000000	0.00000000	0.00000000
5.87202549	0.00000000	0.00000000	0.00000000	0.00000000	0.00000000	0.00000000	0.00000000	0.00000000
6.29145575	0.00000000	0.00000000	0.00000000	0.00000000	0.00000000	0.00000000	0.00000000	0.00000000
6.71088600	0.00000000	0.00000000	0.00000000	0.00000000	0.00000000	0.00000000	0.00000000	0.00000000
7.54974699	0.00000000	0.00000000	0.00000000	0.00000000	0.00000000	0.00000000	0.00000000	0.00000000
8.38860798	0.00000000	0.00000000	0.00000000	0.00000000	0.00000000	0.00000000	0.00000000	0.00000000
9.22746849	0.00000000	0.00000000	0.00000000	0.00000000	0.00000000	0.00000000	0.00000000	0.00000000
10.06632900	0.00000000	0.00000000	0.00000000	0.00000000	0.00000000	0.00000000	0.00000000	0.00000000
10.90518951	0.00000000	0.00000000	0.00000000	0.00000000	0.00000000	0.00000000	0.00000000	0.00000000
11.74405098	0.00000000	0.00000000	0.00000000	0.00000000	0.00000000	0.00000000	0.00000000	0.00000000
12.58291149	0.00000000	0.00000000	0.00000000	0.00000000	0.00000000	0.00000000	0.00000000	0.00000000
13.42177200	0.00000000	0.00000000	0.00000000	0.00000000	0.00000000	0.00000000	0.00000000	0.00000000
15.09949398	0.00000000	0.00000000	0.00000000	0.00000000	0.00000000	0.00000000	0.00000000	0.00000000
16.77721596	0.00000000	0.00000000	0.00000000	0.00000000	0.00000000	0.00000000	0.00000000	0.00000000
18.45493698	0.00000000	0.00000000	0.00000000	0.00000000	0.00000000	0.00000000	0.00000000	0.00000000
20.13265800	0.00000000	0.00000000	0.00000000	0.00000000	0.00000000	0.00000000	0.00000000	0.00000000
21.81037903	0.00000000	0.00000000	0.00000000	0.00000000	0.00000000	0.00000000	0.00000000	0.00000000
23.48810196	0.00000000	0.00000000	0.00000000	0.00000000	0.00000000	0.00000000	0.00000000	0.00000000
25.16582298	0.00000000	0.00000000	0.00000000	0.00000000	0.00000000	0.00000000	0.00000000	0.00000000
26.84354401	0.00000000	0.00000000	0.00000000	0.00000000	0.00000000	0.00000000	0.00000000	0.00000000
30.19898796	0.00000000	0.00000000	0.00000000	0.00000000	0.00000000	0.00000000	0.00000000	0.00000000
33.55443192	0.00000000	0.00000000	0.00000000	0.00000000	0.00000000	0.00000000	0.00000000	0.00000000
36.90987396	0.00000000	0.00000000	0.00000000	0.00000000	0.00000000	0.00000000	0.00000000	0.00000000
40.26531601	0.00000000	0.00000000	0.00000000	0.00000000	0.00000000	0.00000000	0.00000000	0.00000000
43.62075806	0.00000000	0.00000000	0.00000000	0.00000000	0.00000000	0.00000000	0.00000000	0.00000000
46.97620392	0.00000000	0.00000000	0.00000000	0.00000000	0.00000000	0.00000000	0.00000000	0.00000000
50.33164597	0.00000000	0.00000000	0.00000000	0.00000000	0.00000000	0.00000000	0.00000000	0.00000000
53.68708801	0.00000000	0.00000000	0.00000000	0.00000000	0.00000000	0.00000000	0.00000000	0.00000000
60.39797592	0.00000000	0.00000000	0.00000000	0.00000000	0.00000000	0.00000000	0.00000000	0.00000000
67.10886383	0.00000000	0.00000000	0.00000000	0.00000000	0.00000000	0.00000000	0.00000000	0.00000000
73.81974792	0.00000000	0.00000000	0.00000000	0.00000000	0.00000000	0.00000000	0.00000000	0.00000000
80.53063202	0.00000000	0.00000000	0.00000000	0.00000000	0.00000000	0.00000000	0.00000000	0.00000000
87.24151611	0.00000000	0.00000000	0.00000000	0.00000000	0.00000000	0.00000000	0.00000000	0.00000000
93.95240784	0.00000000	0.00000000	0.00000000	0.00000000	0.00000000	0.00000000	0.00000000	0.00000000
100.66329193	0.00000000	0.00000000	0.00000000	0.00000000	0.00000000	0.00000000	0.00000000	0.00000000
107.37417603	0.00000000	0.00000000	0.00000000	0.00000000	0.00000000	0.00000000	0.00000000	0.00000000
120.79595184	0.00000000	0.00000000	0.00000000	0.00000000	0.00000000	0.00000000	0.00000000	0.00000000
134.21772766	0.00000000	0.00000000	0.00000000	0.00000000	0.00000000	0.00000000	0.00000000	0.00000000
147.63949585	0.00000000	0.00000000	0.00000000	0.00000000	0.00000000	0.00000000	0.00000000	0.00000000
161.06126404	0.00000000	0.00000000	0.00000000	0.00000000	0.00000000	0.00000000	0.00000000	0.00000000
174.48303223	0.00000000	0.00000000	0.00000000	0.00000000	0.00000000	0.00000000	0.00000000	0.00000000
187.90481567	0.00000000	0.00000000	0.00000000	0.00000000	0.00000000	0.00000000	0.00000000	0.00000000
201.32658386	0.00000000	0.00000000	0.00000000	0.00000000	0.00000000	0.00000000	0.00000000	0.00000000
214.74835205	0.00000000	0.00000000	0.00000000	0.00000000	0.00000000	0.00000000	0.00000000	0.00000000
241.59190369	0.00000000	0.00000000	0.00000000	0.00000000	0.00000000	0.00000000	0.00000000	0.00000000
268.43545532	0.00000000	0.00000000	0.00000000	0.00000000	0.00000000	0.00000000	0.00000000	0.00000000
295.27899170	0.00000000	0.00000000	0.00000000	0.00000000	0.00000000	0.00000000	0.00000000	0.00000000
322.12252808	0.00000000	0.00000000	0.00000000	0.00000000	0.00000000	0.00000000	0.00000000	0.00000000
348.96606445	0.00000000	0.00000000	0.00000000	0.00000000	0.00000000	0.00000000	0.00000000	0.00000000
375.80963135	0.00000000	0.00000000	0.00000000	0.00000000	0.00000000	0.00000000	0.00000000	0.00000000
402.65316772	0.00000000	0.00000000	0.00000000	0.00000000	0.00000000	0.00000000	0.00000000	0.00000000
429.49670410	0.00000000	0.00000000	0.00000000	0.00000000	0.00000000	0.00000000	0.00000000	0.00000000
483.18380737	0.00000000	0.00000000	0.00000000	0.00000000	0.00000000	0.00000000	0.00000000	0.00000000
536.87091064	0.00000000	0.00000000	0.00000000	0.00000000	0.00000000	0.00000000	0.00000000	0.00000000
590.55798340	0.00000000	0.00000000	0.00000000	0.00000000	0.00000000	0.00000000	0.00000000	0.00000000
644.24505615	0.00000000	0.00000000	0.00000000	0.00000000	0.00000000	0.00000000	0.00000000	0.00000000
697.93212891	0.00000000	0.00000000	0.00000000	0.00000000	0.00000000	0.00000000	0.00000000	0.00000000
751.61926270	0.00000000	0.00000000	0.00000000	0.00000000	0.00000000	0.00000000	0.00000000	0.00000000
805.30633545	0.00000000	0.00000000	0.00000000	0.00000000	0.00000000	0.00000000	0.00000000	0.00000000
858.99340820	0.00000000	0.00000000	0.00000000	0.00000000	0.00000000	0.00000000	0.00000000	0.00000000
966.36761475	0.00000000	0.00000000	0.00000000	0.00000000	0.00000000	0.00000000	0.00000000	0.00000000
1073.74182129	0.00000000	0.00000000	0.00000000	0.00000000	0.00000000	0.00000000	0.00000000	0.00000000
1181.11596680	0.00000000	0.00000000	0.00000000	0.00000000	0.00000000	0.00000000	0.00000000	0.00000000
1288.49011230	0.00000000	0.00000000	0.00000000	0.00000000	0.00000000	0.00000000	0.00000000	0.00000000
1395.86425781	0.00000000	0.00000000	0.00000000	0.00000000	0.00000000	0.00000000	0.00000000	0.00000000
1503.23852539	0.00000000	0.00000000	0.00000000	0.00000000	0.00000000	0.00000000	0.00000000	0.00000000
1610.61267090	0.00000000	0.00000000	0.00000000	0.00000000	0.00000000	0.00000000	0.00000000	0.00000000
1717.98681641	0.00000000	0.00000000	0.00000000	0.00000000	0.00000000	0.00000000	0.00000000	0.00000000
1932.73522949	0.00000000	0.00000000	0.00000000	0.00000000	0.00000000	0.00000000	0.00000000	0.00000000
2147.48364258	0.00000000	0.00000000	0.00000000	0.00000000	0.00000000	0.00000000	0.00000000	0.00000000
2362.23193359	0.00000000	0.00000000	0.00000000	0.00000000	0.00000000	0.00000000	0.00000000	0.00000000
2576.98022461	0.00000000	0.00000000	0.00000000	0.00000000	0.00000000	0.00000000	0.00000000	0.00000000
2791.72851562	0.00000000	0.00000000	0.00000000	0.00000000	0.00000000	0.00000000	0.00000000	0.00000000
3006.47705078	0.00000000	0.00000000	0.00000000	0.00000000	0.00000000	0.00000000	0.00000000	0.00000000
3221.22534180	0.00000000	0.00000000	0.00000000	0.00000000	0.00000000	0.00000000	0.00000000	0.00000000
3435.97363281	0.00000000	0.00000000	0.00000000	0.00000000	0.00000000	0.00000000	0.00000000	0.00000000
0	0	0	0	0	0	0	0	0
