%1/26/2015 4:12:26 PM
%Duration	ID1		ID2		ID3		ID4		ID5		ID6		ID7		ID8
3000.000000	4.377365	6.637573	10.442734	8.850098	24.108887	43.745041	40.845871	30.612946
%Tau		Tau1		Tau2		Tau3		Tau4		Tau5		Tau6		Tau7		Tau8
%		0.000003	0.000002	0.000002	0.000002	0.000032	0.000032	0.000029	0.000025
%Delaytime	D1		D2		D3		D4		D5		D6		D7		D8
0.00000000	5.07475662	12.18955803	7.36088085	7.02440786	3.57258368	1.79078889	2.36088324	3.26135278
0.00000020	2.27489090	3.87482643	2.37724948	2.46257973	1.53950155	1.48063171	1.56975830	1.70205283
0.00000040	1.04994965	1.93741322	1.91898453	1.21110475	1.33971894	1.53601694	1.50730109	1.61786520
0.00000060	2.44988251	2.17958975	1.48936117	1.25147498	1.52187371	1.45478523	1.50105536	1.51537609
0.00000080	2.44988251	2.42176652	1.40343642	1.21110475	1.61588907	1.48801637	1.49064589	1.43850911
0.00000100	0.69996643	1.69523656	1.28887022	1.33221531	1.50424576	1.36063039	1.45525336	1.43484879
0.00000120	1.22494125	1.85668766	1.77577674	1.29184508	1.44548619	1.50647807	1.46149909	1.47145212
0.00000140	2.09989929	1.85668766	1.37479484	1.69554675	1.53362560	1.44001579	1.46982682	1.37994385
0.00000160	1.92490768	1.61451101	1.40343642	1.21110475	1.56300545	1.46955466	1.46358109	1.37262321
0.00000180	1.57492447	1.85668766	1.37479484	1.85702729	1.43961024	1.49170876	1.58641362	1.36530256
0.00000200	1.57492447	1.69523656	1.05973768	1.45332575	1.34559488	1.43078494	1.51146495	1.50805533
0.00000220	1.74991608	1.53378546	1.37479484	1.29184508	1.35734677	1.43447733	1.42610669	1.35066128
0.00000240	1.22494125	0.80725551	1.34615338	1.17073464	1.51599777	1.51201665	1.40112376	1.49341404
0.00000260	1.57492447	1.61451101	1.11702085	1.37258542	1.36909866	1.48432398	1.45108962	1.44216943
0.00000280	1.39993286	1.45305991	1.71849358	1.73591685	1.51012182	1.51755512	1.38238668	1.46413147
0.00000300	1.74991608	0.40362775	1.40343642	1.81665719	1.43961024	1.46032381	1.44068003	1.46413147
0.00000340	1.04994965	1.17052042	1.36047411	1.27165997	1.43373430	1.39755380	1.45629442	1.48426330
0.00000380	1.13744545	1.73559928	1.46071959	1.51388097	1.52481163	1.41601562	1.42818856	1.43118846
0.00000420	1.48742867	1.08979487	1.23158705	1.47351086	1.48955595	1.40955400	1.43963909	1.40556622
0.00000460	1.22494125	1.21088326	1.33183253	1.37258542	1.46017611	1.43632352	1.41465616	1.46962190
0.00000500	0.87495804	1.65487373	1.46071959	1.75610197	1.48955595	1.44001579	1.34491229	1.35249138
0.00000540	0.96245384	1.53378546	1.40343642	1.37258542	1.33971894	1.41047704	1.44172096	1.35981202
0.00000580	1.13744545	0.88798106	1.24590790	1.25147498	1.46899009	1.43447733	1.39904189	1.52452683
0.00000620	1.48742867	1.93741322	1.36047411	1.25147498	1.39554060	1.43263113	1.47503150	1.37811375
0.00000700	1.70616817	1.17052042	1.53232348	1.36249292	1.42638934	1.42616951	1.43235242	1.45589566
0.00000780	1.04994965	1.35215294	1.52516305	1.39277053	1.39847851	1.40447700	1.40164435	1.44033933
0.00000860	1.04994965	1.45305991	1.28887022	1.26156747	1.36909866	1.41786170	1.40216482	1.42752814
0.00000940	1.09369755	1.49342263	1.32467210	1.58452880	1.38672662	1.41232324	1.37197709	1.41654718
0.00001020	1.79366398	1.41269708	1.39627612	1.22119737	1.49102485	1.40032315	1.44484389	1.34974623
0.00001100	1.39993286	1.33197153	1.58244622	1.20101225	1.37350571	1.41924644	1.44848716	1.40465105
0.00001180	1.44368076	1.33197153	1.40343642	1.33221531	1.38672662	1.39893842	1.38967335	1.41929245
0.00001260	1.35618496	1.02925074	1.28170979	1.19091976	1.38966453	1.32970691	1.36677229	1.41014159
0.00001420	1.07182360	1.35215294	1.32467210	1.28679883	1.32429457	1.35301495	1.30821872	1.39229751
0.00001580	1.39993286	1.24115539	1.34615338	1.38772428	1.32356000	1.31055284	1.36755311	1.37445343
0.00001740	1.07182360	1.21088326	1.26022863	1.34735405	1.35808134	1.34263015	1.31446445	1.33876514
0.00001900	1.46555471	0.98888797	1.11344063	1.29689133	1.34632933	1.30616820	1.33684492	1.33739257
0.00002060	1.42180681	1.34206223	1.27812958	1.25652122	1.28316283	1.26578319	1.30223322	1.25137484
0.00002220	1.59679842	1.01916003	1.26022863	1.16568840	1.26259696	1.29855275	1.30795848	1.28111506
0.00002380	1.26868916	1.03934145	1.23516726	1.07990181	1.24350011	1.26878321	1.25799263	1.29987419
0.00002540	1.33431101	1.10997629	1.22084653	1.22119737	1.24643803	1.26186001	1.21765566	1.23444581
0.00002860	1.20158255	1.13797975	1.26726079	1.22254157	1.23529887	1.21000254	1.22316754	1.21002138
0.00003180	1.15788865	1.15308571	1.16688371	1.23514509	1.20265579	1.19198501	1.19204473	1.15730262
0.00003500	1.24527645	1.24372125	1.16329885	1.16456532	1.14653921	1.16151011	1.15831745	1.13721919
0.00003820	1.11419475	0.98188519	1.08622348	1.06121647	1.15680897	1.15620005	1.14451396	1.12672114
0.00004140	1.16881216	1.08259141	1.13999701	1.06121647	1.15974319	1.14765787	1.13513803	1.13470876
0.00004460	1.37635827	1.05741489	1.08622348	1.18977237	1.14213789	1.10910249	1.11990225	1.11827695
0.00004780	1.01588345	1.13797975	1.06650662	1.12675476	1.14763951	1.09917498	1.09437883	1.08906484
0.00005100	1.23435307	1.18329751	1.04320478	1.14439964	1.03980768	1.09374952	1.09723449	1.08838022
0.00005740	1.10787809	1.09094429	1.07428062	1.09508359	1.07822764	1.07141840	1.05486882	1.07651246
0.00006380	1.09150553	1.08086622	1.04379189	1.08374214	1.05292225	1.06276548	1.05337083	1.03347480
0.00007020	1.14608073	1.03551519	1.06531334	1.08500230	1.06704187	1.05075479	1.05401325	1.02708197
0.00007660	0.94960976	1.00780070	1.04827559	1.09382343	1.03660214	1.03891742	1.03114355	1.04021013
0.00008300	0.94960976	0.98764467	0.98371112	1.05475831	1.04173660	1.03145218	1.03575909	1.02422798
0.00008940	1.06967545	0.90954012	1.04648209	0.95394510	1.02706683	1.02521598	1.01387548	1.01637375
0.00009580	1.09696305	0.97756666	1.01958025	1.04089653	1.02138221	1.02302182	1.00495267	1.00826836
0.00010220	1.02601516	0.92969614	1.05903625	0.98548573	1.02138221	1.01332104	1.02559888	1.00176120
0.00011500	1.00793171	1.04636073	1.02355146	0.94403899	1.02725470	1.01171350	1.01232171	0.99766499
0.00012780	0.94800061	1.06022823	0.99844468	1.01142538	1.01533651	1.02150428	1.00720978	0.99401051
0.00014060	1.03789723	0.97954494	0.96706116	1.04354405	1.00717711	1.00942087	1.00590742	1.01120913
0.00015340	0.96434540	0.98710901	0.99889302	1.01331472	1.00323498	0.99891663	1.00069773	1.02645528
0.00016620	0.98886269	1.00223708	0.97737288	0.99127239	0.99975121	1.01041496	1.00747871	1.00344336
0.00017900	1.10327649	0.97198087	1.05941844	1.02842939	0.98902488	1.00666344	1.01259065	1.00275815
0.00019180	0.94800061	0.99971575	0.99440968	0.99442130	1.00946915	1.01947618	1.00077128	1.00310075
0.00020460	0.96979368	0.92407519	0.98992628	1.01457429	0.99113345	1.00816405	1.00738108	1.01572013
0.00023020	1.01416135	0.99745870	1.02147079	0.99412662	0.98863518	1.00237870	1.00203955	0.99177212
0.00025580	0.94736838	0.98989737	1.01247489	0.99727458	1.00533032	0.99869454	1.01028466	0.99827927
0.00028140	1.01007187	1.01819885	1.00014949	0.99066389	1.00261009	1.00394273	1.00984561	0.99933523
0.00030700	0.96372586	1.00375974	0.99992543	0.96988732	0.99106604	1.00034368	1.00897527	1.00076222
0.00033260	0.89822686	1.00375974	1.01154685	0.99983001	0.99730378	1.00294757	0.99625903	0.99819362
0.00035820	1.05633652	1.06298971	1.00056648	1.01871848	1.00753188	1.00730300	1.00098264	0.99964917
0.00038380	1.02089822	0.99619848	0.96359140	1.02532947	1.02364516	1.00306296	0.99825859	0.99845052
0.00040940	0.98545980	0.99178773	0.99899781	0.99479306	0.99777657	1.00196838	1.00129938	1.00746918
0.00046060	1.04688454	0.96328312	1.01041806	0.99849743	0.99669927	1.00098455	1.00008202	1.00281000
0.00051180	1.03460038	1.01785028	0.98911053	0.96672422	0.99702060	1.00396192	0.99972326	0.99898970
0.00056300	0.99706542	0.96486020	0.99885273	0.99472237	0.98968107	0.99851114	1.00561237	0.99533623
0.00061420	1.01480925	1.02352774	0.99459749	0.98434103	1.00603735	0.99409914	1.00094318	0.99748063
0.00066540	1.01003206	0.99640191	1.00557148	1.00180054	0.99125588	0.99825883	0.99892581	0.99539024
0.00071660	0.99160576	1.01816571	1.01139438	1.00714850	0.99384433	1.00247610	1.00188649	0.99893570
0.00076780	1.00047767	1.02068901	1.00837088	0.99818283	1.00128078	0.99605215	1.00547385	0.99561894
0.00081900	1.00661981	1.03172863	1.00881886	1.00667667	0.99558872	0.99724817	1.00088596	1.00397921
0.00092140	1.00173318	1.00012541	1.00840950	0.99499726	0.99779141	0.99484879	1.00013256	1.00298893
0.00102380	1.02767241	1.02664459	0.99783283	1.00333881	0.99175692	0.99919897	1.00432193	1.00551498
0.00112620	0.98569179	1.02627432	1.00040221	0.99467748	1.00019979	1.00139606	0.99832630	0.99989754
0.00122860	1.02058375	1.00081122	0.99925756	0.99770981	0.99823791	0.99920398	1.00169432	0.99911755
0.00133100	1.01026583	1.00255096	0.98971307	1.01962829	1.00673628	0.99751747	1.00232005	1.00582647
0.00143340	1.00438619	0.99337786	1.00406647	0.99287772	1.00051498	0.99964106	0.99821132	1.00664949
0.00153580	1.01598966	0.99685735	1.00132287	0.99630302	0.99867922	1.00542045	1.00471139	1.00258863
0.00163820	0.98390937	0.99110961	1.01237786	1.01628888	1.00152457	1.00248611	0.99974996	1.00705278
0.00184300	0.98701757	0.99844813	0.99864388	0.98832756	0.99924606	1.00172806	0.99888897	0.99744546
0.00204780	0.99827629	0.99923742	0.99840158	0.99159765	0.99927127	1.00080824	0.99966311	1.00160635
0.00225260	0.99111164	0.99965852	0.99904221	1.00558436	1.00099576	1.00162303	1.00116181	1.00546527
0.00245740	1.01166010	0.99205488	1.00169170	1.00156343	1.00143921	1.00020945	0.99934423	1.00562668
0.00266220	0.99526548	1.00000072	1.00165701	1.00526917	0.99827486	0.99974996	0.99667865	1.00183439
0.00286700	1.00635624	1.00115812	1.00263333	1.00246739	0.99623936	1.00197434	1.00009513	1.00323606
0.00307180	1.02000630	0.99668509	0.99451685	1.00006390	1.00002289	1.00033820	0.99986285	1.00443435
0.00327660	1.00191987	0.99702740	1.00483751	0.98918343	0.99850070	1.00162995	1.00274289	1.00260580
0.00368620	1.00759375	0.99872375	1.00860465	0.99684763	0.99723500	1.00145638	1.00164640	0.99621081
0.00409580	1.01183939	1.00720930	1.00156951	0.99960130	1.00430000	1.00018919	1.00301611	1.00099301
0.00450540	1.01798832	0.99429035	1.00064969	0.99402761	1.00116813	0.99996996	0.99581176	0.99977607
0.00491500	1.01594353	0.99826372	1.00272703	1.00154746	1.00342619	1.00089049	0.99869090	1.00171816
0.00532460	0.99566555	1.01585197	0.99991584	1.00105023	1.00001502	1.00219178	0.99952412	0.99954861
0.00573420	0.99966186	0.99844813	0.99886364	1.00041723	0.99939126	1.00078762	1.00107527	1.00045204
0.00614380	0.99362069	1.00090802	0.99829346	1.00063407	0.99989623	1.00085080	1.00151992	1.00348902
0.00655340	0.99253917	1.00890708	1.00237799	0.99651521	0.99412161	1.00048852	0.99961978	0.99741095
0.00737260	0.99202114	1.00432897	1.00122309	1.00064564	0.99892473	1.00012147	0.99957687	0.99963647
0.00819180	0.99858546	0.99145746	1.00066328	1.00205839	1.00123203	0.99772364	1.00012946	0.99789166
0.00901100	1.00603604	1.00576282	0.99921924	1.00086522	0.99963170	1.00037038	0.99907857	0.99976957
0.00983020	1.01062679	0.99980867	0.99846071	1.00376868	0.99944526	0.99924767	1.00156057	1.00004649
0.01064940	0.99867237	1.00755882	1.00926554	0.99827200	1.00100541	1.00046515	1.00270736	0.99922079
0.01146860	1.00605583	1.00132847	0.99798197	0.99934953	1.00072455	0.99973029	1.00157452	0.99831837
0.01228780	1.01582134	1.00186145	0.99551409	1.00496304	0.99984866	1.00109553	1.00097525	1.00046444
0.01310700	1.00249445	0.99880201	1.00089240	1.00443363	0.99952054	0.99832463	0.99934709	0.99856287
0.01474540	0.99645293	0.99489474	1.00118601	1.00539958	1.00186110	1.00019467	1.00052726	1.00017822
0.01638380	0.99282062	1.00409174	1.00002062	0.99783438	1.00006795	1.00021255	1.00148571	0.99981910
0.01802220	0.99993467	0.99977285	1.00009131	0.99930876	0.99851602	0.99995428	0.99993378	1.00146401
0.01966060	0.99994785	0.99990118	1.00274622	0.99757874	1.00061691	0.99821568	1.00052333	1.00067985
0.02129900	0.99478364	0.99973750	0.99773353	0.99698544	0.99809122	1.00077474	1.00063848	1.00143886
0.02293740	1.00790584	0.99760652	0.99681741	0.99810839	1.00070882	0.99914998	1.00133479	0.99963498
0.02457580	1.00467753	1.00392723	0.99653161	0.99994797	0.99867344	1.00020564	1.00071895	1.00066411
0.02621420	0.99823666	1.00501561	0.99866569	0.99985695	1.00057459	1.00037277	1.00075114	0.99973547
0.02949100	1.00012505	1.00015068	0.99714053	0.99875283	0.99832428	1.00039685	0.99933457	1.00003946
0.03276780	0.99764293	0.99886751	0.99961293	0.99957365	0.99941015	1.00009060	1.00116944	1.00140405
0.03604460	0.99914843	0.99785292	1.00147080	0.99918240	1.00003195	0.99915051	1.00012445	1.00044572
0.03932140	1.00104356	1.00192320	1.00031722	0.99935985	0.99974734	1.00039434	1.00238204	0.99884355
0.04259820	0.99791175	1.00043273	0.99975157	0.99690938	1.00005996	1.00009561	1.00023496	0.99941307
0.04587500	1.00353825	1.00040913	1.00168025	0.99769521	1.00089383	1.00010550	1.00096118	0.99936432
0.04915180	1.00384510	0.99819010	1.00083971	0.99846780	1.00023127	1.00022459	0.99978781	1.00181735
0.05242860	1.00111675	1.00071514	1.00044417	0.99585742	0.99928015	0.99938613	0.99956906	1.00043750
0.05898220	0.99918640	1.00196171	1.00030804	0.99819517	0.99999863	1.00042224	0.99981248	0.99964929
0.06553581	1.00150740	0.99927169	1.00100064	1.00237882	1.00055742	1.00029004	1.00067890	1.00052106
0.07208940	1.00069630	0.99777466	1.00099754	1.00120342	1.00060952	1.00038910	0.99990886	1.00022805
0.07864300	0.99690688	1.00485611	1.00185394	0.99927723	1.00067818	1.00103915	1.00071681	1.00010788
0.08519660	1.00401795	1.00099587	1.00285709	0.99954790	1.00014985	1.00116718	1.00005245	1.00037837
0.09175020	1.00434375	1.00093818	1.00228548	0.99976075	1.00021958	1.00072002	1.00037849	0.99961150
0.09830380	1.00626433	1.00047290	0.99976927	0.99993420	0.99929732	1.00016129	1.00022066	1.00035417
0.10485740	1.00440466	0.99982691	1.00089741	1.00109351	1.00049770	1.00022805	1.00026071	0.99953043
0.11796460	0.99863088	0.99942023	1.00033092	1.00057304	1.00059330	0.99993283	1.00004530	0.99999607
0.13107181	0.99994385	0.99855149	1.00081885	1.00009060	0.99976796	1.00070107	1.00006258	1.00020576
0.14417900	1.00003982	1.00175536	0.99944526	0.99994117	0.99976522	0.99970603	0.99996996	1.00082803
0.15728620	1.00161922	1.00169969	1.00276744	1.00015771	1.00027263	0.99999589	1.00031614	1.00036573
0.17039341	0.99762911	0.99855208	1.00057793	0.99941313	1.00019813	1.00121856	1.00009310	0.99975526
0.18350060	1.00227368	0.99799347	1.00001109	0.99929440	1.00034666	1.00033092	0.99985713	1.00015569
0.19660780	0.99686402	0.99983740	1.00115752	0.99971056	0.99989289	0.99988335	0.99984872	1.00049818
0.20971501	0.99709189	0.99826163	0.99913245	1.00105667	1.00001240	1.00056326	1.00036418	0.99985474
0.23592941	1.00127888	0.99988610	1.00045395	1.00112164	1.00070226	1.00002992	1.00058186	1.00021672
0.26214382	0.99829942	1.00011373	1.00039291	1.00066078	1.00002837	1.00002766	1.00051904	1.00048149
0.28835821	1.00350428	0.99926466	0.99939972	0.99919790	0.99996483	1.00005794	1.00031281	1.00092363
0.31457260	1.00153446	0.99717754	0.99977100	1.00123715	1.00013423	1.00005698	1.00053322	1.00020230
0.34078699	1.00274873	0.99958616	1.00007701	0.99988496	1.00049472	1.00016809	1.00015152	1.00038862
0.36700141	0.99951178	1.00094116	0.99956048	0.99847490	1.00021935	0.99993145	1.00021756	0.99982947
0.39321581	1.00362110	1.00097239	1.00055397	1.00071967	0.99977702	1.00006747	1.00033593	1.00005758
0.41943020	1.00118947	0.99860871	0.99955678	0.99949491	1.00052977	0.99985486	1.00020266	0.99993032
0.47185901	1.00136650	0.99907774	1.00007641	0.99981248	1.00028062	0.99994981	1.00067782	1.00021791
0.52428782	0.99966097	1.00012076	0.99990761	1.00016022	1.00026250	1.00010324	1.00043607	0.99999374
0.57671660	1.00051761	1.00005770	1.00015056	1.00030732	1.00030017	0.99996048	1.00033796	1.00002909
0.62914538	1.00127399	1.00000644	1.00061834	1.00063848	0.99994153	1.00013375	1.00019050	0.99975663
0.68157423	1.00021529	0.99909085	1.00011122	1.00006318	1.00009489	1.00003028	1.00024271	0.99990886
0.73400301	1.00015962	0.99934775	0.99970812	1.00015593	1.00023794	0.99999189	1.00004125	0.99994874
0.78643179	1.00062299	1.00131774	1.00025463	0.99992812	1.00029182	0.99986774	1.00048578	1.00008035
0.83886063	0.99872363	0.99949968	1.00020885	1.00067222	1.00006509	1.00031793	1.00018883	0.99992663
0.94371825	1.00037396	0.99963588	1.00003529	0.99993634	1.00009882	1.00012434	1.00033736	0.99988413
1.04857588	1.00046790	1.00004852	0.99971473	0.99972349	1.00025010	1.00007379	1.00017917	0.99993753
1.15343344	0.99995524	1.00110114	0.99974078	1.00014091	1.00018132	1.00013125	1.00026786	1.00024319
1.25829101	1.00005770	1.00027454	1.00013852	0.99965441	1.00034344	1.00013578	1.00002885	0.99997342
1.36314869	1.00009024	1.00017214	0.99983197	0.99966675	1.00015235	0.99992335	1.00021803	1.00014699
1.46800625	1.00010574	0.99989146	0.99970955	1.00041318	1.00009084	0.99992156	1.00014150	0.99986392
1.57286382	0.99968231	1.00021791	0.99962270	0.99977505	1.00001848	0.99998689	1.00014377	0.99976218
1.67772150	1.00093532	1.00052130	0.99958062	1.00005889	1.00013852	1.00004220	1.00015867	0.99996024
1.88743675	1.00030124	0.99939007	0.99994409	0.99965191	1.00002003	1.00016367	0.99988633	0.99976033
2.09715199	1.00062156	0.99966621	1.00004125	0.99968994	1.00005734	0.99988520	0.99983853	0.99975187
2.30686712	0.99979198	1.00015438	0.99942327	1.00030053	0.99997902	0.99980676	0.99995059	0.99986744
2.51658225	1.00054085	0.99967235	1.00028253	0.99961197	1.00021601	0.99975216	0.99987090	0.99992067
2.72629738	1.00071347	1.00063181	0.99943465	0.99979997	0.99996394	0.99996287	0.99971634	0.99985260
2.93601274	0.99991512	1.00058842	0.99960220	1.00007939	1.00007379	1.00019586	0.99985766	0.99955899
3.14572787	1.00051939	0.99926567	0.99977547	0.99986106	1.00004208	0.99992609	0.99991816	0.99980319
3.35544300	1.00045490	0.99959350	1.00024557	0.99954945	0.99983251	0.99980855	1.00000525	0.99986207
3.77487350	0.99967384	0.99960572	1.00029206	0.99982131	1.00000691	0.99998814	0.99999940	1.00038445
4.19430399	0.99969780	1.00117135	1.00022006	0.99991977	1.00000799	0.99997211	0.99997228	1.00027299
4.61373425	0.99992597	0.99871922	1.00008380	0.99994665	0.99999791	0.99996006	1.00004327	0.99994695
5.03316450	1.00000000	1.00000000	1.00000000	1.00000000	1.00000000	1.00000000	1.00000000	1.00000000
5.45259476	0.00000000	0.00000000	0.00000000	0.00000000	0.00000000	0.00000000	0.00000000	0.00000000
5.87202549	0.00000000	0.00000000	0.00000000	0.00000000	0.00000000	0.00000000	0.00000000	0.00000000
6.29145575	0.00000000	0.00000000	0.00000000	0.00000000	0.00000000	0.00000000	0.00000000	0.00000000
6.71088600	0.00000000	0.00000000	0.00000000	0.00000000	0.00000000	0.00000000	0.00000000	0.00000000
7.54974699	0.00000000	0.00000000	0.00000000	0.00000000	0.00000000	0.00000000	0.00000000	0.00000000
8.38860798	0.00000000	0.00000000	0.00000000	0.00000000	0.00000000	0.00000000	0.00000000	0.00000000
9.22746849	0.00000000	0.00000000	0.00000000	0.00000000	0.00000000	0.00000000	0.00000000	0.00000000
10.06632900	0.00000000	0.00000000	0.00000000	0.00000000	0.00000000	0.00000000	0.00000000	0.00000000
10.90518951	0.00000000	0.00000000	0.00000000	0.00000000	0.00000000	0.00000000	0.00000000	0.00000000
11.74405098	0.00000000	0.00000000	0.00000000	0.00000000	0.00000000	0.00000000	0.00000000	0.00000000
12.58291149	0.00000000	0.00000000	0.00000000	0.00000000	0.00000000	0.00000000	0.00000000	0.00000000
13.42177200	0.00000000	0.00000000	0.00000000	0.00000000	0.00000000	0.00000000	0.00000000	0.00000000
15.09949398	0.00000000	0.00000000	0.00000000	0.00000000	0.00000000	0.00000000	0.00000000	0.00000000
16.77721596	0.00000000	0.00000000	0.00000000	0.00000000	0.00000000	0.00000000	0.00000000	0.00000000
18.45493698	0.00000000	0.00000000	0.00000000	0.00000000	0.00000000	0.00000000	0.00000000	0.00000000
20.13265800	0.00000000	0.00000000	0.00000000	0.00000000	0.00000000	0.00000000	0.00000000	0.00000000
21.81037903	0.00000000	0.00000000	0.00000000	0.00000000	0.00000000	0.00000000	0.00000000	0.00000000
23.48810196	0.00000000	0.00000000	0.00000000	0.00000000	0.00000000	0.00000000	0.00000000	0.00000000
25.16582298	0.00000000	0.00000000	0.00000000	0.00000000	0.00000000	0.00000000	0.00000000	0.00000000
26.84354401	0.00000000	0.00000000	0.00000000	0.00000000	0.00000000	0.00000000	0.00000000	0.00000000
30.19898796	0.00000000	0.00000000	0.00000000	0.00000000	0.00000000	0.00000000	0.00000000	0.00000000
33.55443192	0.00000000	0.00000000	0.00000000	0.00000000	0.00000000	0.00000000	0.00000000	0.00000000
36.90987396	0.00000000	0.00000000	0.00000000	0.00000000	0.00000000	0.00000000	0.00000000	0.00000000
40.26531601	0.00000000	0.00000000	0.00000000	0.00000000	0.00000000	0.00000000	0.00000000	0.00000000
43.62075806	0.00000000	0.00000000	0.00000000	0.00000000	0.00000000	0.00000000	0.00000000	0.00000000
46.97620392	0.00000000	0.00000000	0.00000000	0.00000000	0.00000000	0.00000000	0.00000000	0.00000000
50.33164597	0.00000000	0.00000000	0.00000000	0.00000000	0.00000000	0.00000000	0.00000000	0.00000000
53.68708801	0.00000000	0.00000000	0.00000000	0.00000000	0.00000000	0.00000000	0.00000000	0.00000000
60.39797592	0.00000000	0.00000000	0.00000000	0.00000000	0.00000000	0.00000000	0.00000000	0.00000000
67.10886383	0.00000000	0.00000000	0.00000000	0.00000000	0.00000000	0.00000000	0.00000000	0.00000000
73.81974792	0.00000000	0.00000000	0.00000000	0.00000000	0.00000000	0.00000000	0.00000000	0.00000000
80.53063202	0.00000000	0.00000000	0.00000000	0.00000000	0.00000000	0.00000000	0.00000000	0.00000000
87.24151611	0.00000000	0.00000000	0.00000000	0.00000000	0.00000000	0.00000000	0.00000000	0.00000000
93.95240784	0.00000000	0.00000000	0.00000000	0.00000000	0.00000000	0.00000000	0.00000000	0.00000000
100.66329193	0.00000000	0.00000000	0.00000000	0.00000000	0.00000000	0.00000000	0.00000000	0.00000000
107.37417603	0.00000000	0.00000000	0.00000000	0.00000000	0.00000000	0.00000000	0.00000000	0.00000000
120.79595184	0.00000000	0.00000000	0.00000000	0.00000000	0.00000000	0.00000000	0.00000000	0.00000000
134.21772766	0.00000000	0.00000000	0.00000000	0.00000000	0.00000000	0.00000000	0.00000000	0.00000000
147.63949585	0.00000000	0.00000000	0.00000000	0.00000000	0.00000000	0.00000000	0.00000000	0.00000000
161.06126404	0.00000000	0.00000000	0.00000000	0.00000000	0.00000000	0.00000000	0.00000000	0.00000000
174.48303223	0.00000000	0.00000000	0.00000000	0.00000000	0.00000000	0.00000000	0.00000000	0.00000000
187.90481567	0.00000000	0.00000000	0.00000000	0.00000000	0.00000000	0.00000000	0.00000000	0.00000000
201.32658386	0.00000000	0.00000000	0.00000000	0.00000000	0.00000000	0.00000000	0.00000000	0.00000000
214.74835205	0.00000000	0.00000000	0.00000000	0.00000000	0.00000000	0.00000000	0.00000000	0.00000000
241.59190369	0.00000000	0.00000000	0.00000000	0.00000000	0.00000000	0.00000000	0.00000000	0.00000000
268.43545532	0.00000000	0.00000000	0.00000000	0.00000000	0.00000000	0.00000000	0.00000000	0.00000000
295.27899170	0.00000000	0.00000000	0.00000000	0.00000000	0.00000000	0.00000000	0.00000000	0.00000000
322.12252808	0.00000000	0.00000000	0.00000000	0.00000000	0.00000000	0.00000000	0.00000000	0.00000000
348.96606445	0.00000000	0.00000000	0.00000000	0.00000000	0.00000000	0.00000000	0.00000000	0.00000000
375.80963135	0.00000000	0.00000000	0.00000000	0.00000000	0.00000000	0.00000000	0.00000000	0.00000000
402.65316772	0.00000000	0.00000000	0.00000000	0.00000000	0.00000000	0.00000000	0.00000000	0.00000000
429.49670410	0.00000000	0.00000000	0.00000000	0.00000000	0.00000000	0.00000000	0.00000000	0.00000000
483.18380737	0.00000000	0.00000000	0.00000000	0.00000000	0.00000000	0.00000000	0.00000000	0.00000000
536.87091064	0.00000000	0.00000000	0.00000000	0.00000000	0.00000000	0.00000000	0.00000000	0.00000000
590.55798340	0.00000000	0.00000000	0.00000000	0.00000000	0.00000000	0.00000000	0.00000000	0.00000000
644.24505615	0.00000000	0.00000000	0.00000000	0.00000000	0.00000000	0.00000000	0.00000000	0.00000000
697.93212891	0.00000000	0.00000000	0.00000000	0.00000000	0.00000000	0.00000000	0.00000000	0.00000000
751.61926270	0.00000000	0.00000000	0.00000000	0.00000000	0.00000000	0.00000000	0.00000000	0.00000000
805.30633545	0.00000000	0.00000000	0.00000000	0.00000000	0.00000000	0.00000000	0.00000000	0.00000000
858.99340820	0.00000000	0.00000000	0.00000000	0.00000000	0.00000000	0.00000000	0.00000000	0.00000000
966.36761475	0.00000000	0.00000000	0.00000000	0.00000000	0.00000000	0.00000000	0.00000000	0.00000000
1073.74182129	0.00000000	0.00000000	0.00000000	0.00000000	0.00000000	0.00000000	0.00000000	0.00000000
1181.11596680	0.00000000	0.00000000	0.00000000	0.00000000	0.00000000	0.00000000	0.00000000	0.00000000
1288.49011230	0.00000000	0.00000000	0.00000000	0.00000000	0.00000000	0.00000000	0.00000000	0.00000000
1395.86425781	0.00000000	0.00000000	0.00000000	0.00000000	0.00000000	0.00000000	0.00000000	0.00000000
1503.23852539	0.00000000	0.00000000	0.00000000	0.00000000	0.00000000	0.00000000	0.00000000	0.00000000
1610.61267090	0.00000000	0.00000000	0.00000000	0.00000000	0.00000000	0.00000000	0.00000000	0.00000000
1717.98681641	0.00000000	0.00000000	0.00000000	0.00000000	0.00000000	0.00000000	0.00000000	0.00000000
1932.73522949	0.00000000	0.00000000	0.00000000	0.00000000	0.00000000	0.00000000	0.00000000	0.00000000
2147.48364258	0.00000000	0.00000000	0.00000000	0.00000000	0.00000000	0.00000000	0.00000000	0.00000000
2362.23193359	0.00000000	0.00000000	0.00000000	0.00000000	0.00000000	0.00000000	0.00000000	0.00000000
2576.98022461	0.00000000	0.00000000	0.00000000	0.00000000	0.00000000	0.00000000	0.00000000	0.00000000
2791.72851562	0.00000000	0.00000000	0.00000000	0.00000000	0.00000000	0.00000000	0.00000000	0.00000000
3006.47705078	0.00000000	0.00000000	0.00000000	0.00000000	0.00000000	0.00000000	0.00000000	0.00000000
3221.22534180	0.00000000	0.00000000	0.00000000	0.00000000	0.00000000	0.00000000	0.00000000	0.00000000
3435.97363281	0.00000000	0.00000000	0.00000000	0.00000000	0.00000000	0.00000000	0.00000000	0.00000000
0	0	0	0	0	0	0	0	0
