%1/26/2015 6:13:19 PM
%Duration	ID1		ID2		ID3		ID4		ID5		ID6		ID7		ID8
3000.000000	6.027222	7.953644	13.961792	19.378662	41.265488	59.642792	68.902969	48.961639
%Tau		Tau1		Tau2		Tau3		Tau4		Tau5		Tau6		Tau7		Tau8
%		0.000003	0.000002	0.000013	0.000017	0.000032	0.000038	0.000032	0.000035
%Delaytime	D1		D2		D3		D4		D5		D6		D7		D8
0.00000000	3.61613989	9.73680496	6.33323097	5.15805912	2.51440740	1.75173724	2.01137877	2.55710864
0.00000020	1.61774683	2.95869780	1.85929728	2.09424973	1.48377442	1.56639981	1.55927622	1.60370696
0.00000040	2.28387785	1.99039662	1.47194362	1.50281799	1.55332625	1.52853525	1.49878359	1.53540361
0.00000060	1.42742372	2.52834177	1.70435584	1.59977400	1.58704841	1.49963856	1.49480379	1.45144737
0.00000080	1.33226204	0.96830106	1.54941440	1.33799279	1.49220490	1.49166703	1.52664208	1.46425426
0.00000100	0.95161581	1.77521861	1.39447296	1.42525327	1.60180187	1.49664927	1.45978177	1.46710014
0.00000120	1.14193892	1.29106808	1.22016382	1.59007847	1.41422248	1.48768127	1.47968066	1.45713925
0.00000140	0.85645419	1.88280761	1.49131131	1.27981925	1.55964923	1.48469198	1.53698945	1.42725658
0.00000160	1.14193892	1.56004059	1.25889921	1.63855648	1.43951404	1.44882023	1.51311076	1.48275304
0.00000180	1.61774683	1.45245159	1.14269304	1.19255888	1.46902096	1.49465632	1.45102632	1.46567714
0.00000200	1.42742372	1.29106808	1.25889921	1.17316759	1.55964923	1.43586648	1.46137369	1.46852314
0.00000220	1.33226204	1.82901311	1.53004670	1.40586209	1.57651031	1.41494131	1.50276339	1.50409782
0.00000240	1.04677737	1.61383510	1.49131131	1.43494880	1.41843772	1.46177387	1.47331309	1.41587257
0.00000260	1.14193892	1.02209556	1.35573757	1.57068729	1.42054534	1.47273469	1.44147480	1.45998526
0.00000280	1.23710048	1.18347907	1.29763448	1.42525327	1.46269798	1.45978105	1.47570097	1.40875769
0.00000300	1.04677737	1.34486258	1.16206074	1.40586209	1.42476058	1.53152454	1.51390672	1.42014158
0.00000340	1.57016599	1.39865708	1.52036285	1.61431742	1.40368426	1.46027923	1.45938385	1.42939103
0.00000380	1.18951976	1.10278738	1.43320823	1.35253620	1.44162166	1.45330417	1.45421016	1.46496570
0.00000420	1.37984288	1.61383510	1.22984767	1.43979669	1.44478309	1.46526146	1.46177173	1.46425426
0.00000460	1.52258527	1.21037638	1.45257592	1.50281799	1.41211486	1.48817945	1.43789303	1.42867947
0.00000500	1.76048923	1.23727357	1.52036285	1.49797022	1.42476058	1.49266350	1.46654749	1.42512202
0.00000540	1.95081234	1.04899287	1.49131131	1.58523059	1.46480572	1.46376681	1.46415961	1.45785081
0.00000580	1.33226204	1.42555439	1.48162746	1.55129600	1.46375191	1.45131135	1.45978177	1.45856225
0.00000620	1.47500443	1.42555439	1.53004670	1.45918787	1.47323620	1.43287718	1.51589668	1.43223703
0.00000700	1.68911803	1.57348919	1.42836630	1.32102549	1.44794464	1.41743243	1.45759296	1.38456690
0.00000780	1.37984288	1.27761948	1.41384065	1.44949222	1.41527629	1.41817975	1.44167387	1.43543875
0.00000860	1.42742372	1.34486258	1.39931488	1.41070986	1.42528749	1.44533265	1.44386268	1.37211573
0.00000940	1.30847168	1.11623597	1.27826679	1.31860161	1.45110607	1.42664945	1.44824052	1.42441058
0.00001020	1.45121408	1.42555439	1.37510526	1.46161175	1.38260794	1.42689860	1.41739726	1.38812435
0.00001100	1.23710048	1.39865708	1.29763448	1.43252492	1.43108356	1.39800191	1.41282046	1.38492262
0.00001180	1.30847168	1.38520849	1.46225977	1.39616644	1.39261925	1.40896273	1.41003466	1.43543875
0.00001260	1.52258527	1.34486258	1.34121180	1.42040539	1.41211486	1.43113339	1.39073265	1.38456690
0.00001420	1.22520530	1.12968457	1.30005550	1.35859597	1.35336447	1.37495923	1.37123179	1.37282729
0.00001580	1.26089096	1.27089512	1.38963103	1.31860161	1.34098220	1.36287749	1.35192990	1.35432839
0.00001740	1.10625339	1.15658188	1.30731833	1.36707962	1.32016933	1.37122262	1.35133290	1.34401178
0.00001900	1.41552854	1.09606302	1.36542141	1.31860161	1.32859981	1.34182775	1.33571231	1.34436750
0.00002060	1.09435821	1.19692767	1.25163627	1.32829726	1.28671062	1.33933663	1.32785225	1.32266688
0.00002220	1.21331012	1.31796539	1.33152795	1.37192750	1.30567932	1.32140076	1.30954528	1.28211176
0.00002380	1.36794770	1.19692767	1.26616204	1.19740665	1.26036513	1.31355381	1.27720964	1.27624202
0.00002540	1.05867255	1.32468963	1.30489743	1.24346077	1.26721501	1.30060017	1.29153681	1.25685382
0.00002860	1.31711733	1.26530790	1.21424639	1.26959085	1.23154557	1.27689302	1.25235462	1.25584626
0.00003180	1.32307720	1.18454361	1.18270755	1.20040667	1.22996449	1.22886240	1.20843506	1.23331547
0.00003500	1.43631351	1.09704888	1.24335921	1.21193743	1.20110941	1.20948815	1.18916428	1.20436442
0.00003820	1.22772026	1.10041416	1.18028140	1.19251728	1.19280863	1.19846165	1.18035042	1.18245709
0.00004140	1.07872510	1.20136952	1.15359473	1.18220031	1.15881503	1.19073689	1.14419901	1.13418996
0.00004460	1.19792128	1.16435254	1.17906845	1.11726427	1.16369987	1.17235935	1.13892066	1.13624609
0.00004780	1.23963988	1.08358824	1.12205589	1.14093256	1.12206388	1.14557183	1.12428081	1.11994910
0.00005100	1.22772026	1.17444813	1.16569507	1.11908484	1.09729314	1.13448298	1.11810040	1.12288797
0.00005740	1.12057149	1.08255458	1.13513649	1.06942976	1.09511542	1.11578047	1.09023201	1.11232555
0.00006380	1.18017638	0.98494798	1.10299861	1.06912637	1.08140910	1.08525765	1.07423294	1.07967305
0.00007020	1.02222347	1.10448861	1.07934988	1.03816235	1.05735731	1.07547998	1.06224120	1.06180990
0.00007660	1.13845289	1.04892743	1.06664348	1.03300488	1.05663252	1.06714106	1.05599916	1.04599583
0.00008300	1.15931463	1.07586622	1.05451560	1.01812077	1.04806614	1.04777241	1.04438043	1.03713107
0.00008940	1.03414440	0.97652960	1.01868606	1.03632319	1.05281055	1.04182482	1.03233314	1.03530467
0.00009580	1.02520370	1.12637639	1.06355679	1.04089272	1.03112221	1.04857588	1.02805185	1.03026378
0.00010220	1.02222347	1.02030504	1.04779136	1.04422987	1.04720056	1.02583849	1.01824486	1.01453900
0.00011500	0.95560360	1.00636268	1.06237686	1.04504502	1.03472757	1.02524614	1.01819396	1.01950765
0.00012780	0.97945642	1.04920447	1.02783287	1.00591266	1.01463294	1.01793277	1.01316321	1.00889242
0.00014060	1.03163445	0.97280288	0.97601706	1.00227249	1.01885271	1.01023972	1.00532293	1.01737130
0.00015340	0.98392886	1.04168880	1.01116693	1.00515425	1.01021528	1.01762140	1.00705838	1.00646675
0.00016620	0.96454841	0.97196281	0.99783427	1.01378143	1.01216042	1.00274909	1.00513422	1.00944877
0.00017900	0.95560360	1.01219964	1.00356579	1.02743196	1.00072074	1.00472689	1.00845778	1.01356578
0.00019180	0.92578757	0.95003968	0.99508148	0.98390180	1.00385261	1.00407279	1.00448167	1.00887012
0.00020460	1.02418053	1.03151965	0.99356645	0.98587358	1.00754499	1.00290477	1.01294625	1.00496876
0.00023020	1.01161957	1.00754583	0.99636173	0.99338871	1.00908375	1.00421536	1.00678301	1.00172246
0.00025580	1.01608920	1.04529727	0.98909348	0.99337065	1.00195694	0.99705207	1.00724304	1.00020564
0.00028140	0.99523109	0.98111975	0.98821032	0.98289895	0.99688053	0.99883175	1.00086927	0.99792409
0.00030700	0.99076146	1.00288880	0.99744731	1.00786412	1.00309289	1.00577688	1.00462985	1.00143898
0.00033260	0.99746591	0.97306675	1.00671017	0.99314302	0.99660045	0.99888426	1.00257182	0.99400192
0.00035820	1.03471255	1.03346395	0.99580723	1.00460124	0.99618846	0.99953264	1.00726795	1.00029051
0.00038380	1.04371119	0.99823231	1.00441301	1.00649822	1.00003648	1.00171924	1.00761712	0.99053848
0.00040940	0.94388449	0.98099393	1.03439546	0.98648334	1.00502944	0.99918801	1.00882518	0.99440926
0.00046060	0.98697269	0.99371171	0.99427289	1.00320315	0.99941140	0.99829799	1.00280976	1.00171459
0.00051180	1.00631785	1.01507449	0.99184895	1.00470233	1.00188136	0.99869150	0.99610609	1.00372314
0.00056300	0.97921604	1.00416207	0.98808646	0.99895436	1.00418723	1.00380516	0.99769068	0.99995357
0.00061420	0.97841620	1.00311279	0.99990261	0.99796808	1.00184941	0.99972582	0.99825507	0.99482596
0.00066540	1.03161526	1.01058114	1.00626516	1.00107872	1.00176704	1.00210440	0.99996495	1.00571215
0.00071660	1.00929403	0.98309231	0.99725157	0.99853706	1.00708473	0.99957579	1.00601828	1.00120306
0.00076780	0.95349079	1.01729596	1.01262772	0.99800599	1.00157726	1.00508893	1.00136721	1.00412762
0.00081900	1.00185359	1.01771557	1.00530457	0.99618512	1.00747931	1.00256813	0.99998671	1.00483787
0.00092140	0.99899119	1.00754762	1.01217222	1.00448799	0.99643970	0.99789429	0.99895936	1.00376356
0.00102380	0.97549558	0.99536294	1.00759792	1.00306666	1.00253391	0.99677789	0.99926871	0.99850100
0.00112620	1.00749123	1.00508869	1.00277066	0.99897033	1.00267339	0.99907094	1.00070858	1.00152969
0.00122860	0.99093539	1.01769304	1.00042081	0.99693984	0.99968088	1.00407600	0.99962085	1.00439441
0.00133100	1.00972354	1.00813472	1.00404716	1.00109172	1.00105178	1.00105035	1.00329840	1.00130594
0.00143340	1.00637519	0.99616063	0.98695362	1.00272310	1.00025833	0.99889749	0.99980831	1.00111961
0.00153580	1.00860739	0.98796785	1.00875890	0.99911964	0.99870610	1.00254083	1.00220871	0.99481910
0.00163820	1.00749123	0.99672848	0.98667550	1.00723529	1.00277972	1.00163281	1.00007248	0.99475104
0.00184300	0.99993074	1.00073779	1.00211060	0.99896246	1.00166404	1.00113654	0.99870384	1.00461471
0.00204780	0.99628901	1.00004506	1.00129604	0.99498856	1.00180006	0.99966985	0.99860662	1.00111842
0.00225260	1.00812054	0.99988741	0.99908674	0.99976748	1.00141227	1.00238502	0.99768686	1.00107658
0.00245740	1.01091051	1.00217998	1.00824738	1.00615644	1.00409281	0.99794418	0.99745393	0.99871528
0.00266220	0.99165952	1.00775945	0.99874705	1.00271297	1.00162613	1.00278533	0.99963671	1.00264537
0.00286700	1.00307727	0.99467570	1.00067246	0.99735785	0.99792898	0.99754721	1.00059938	0.99962622
0.00307180	1.01548004	1.00514174	0.99856985	0.99520749	0.99951875	0.99771559	0.99904639	1.00434744
0.00327660	0.99260592	0.98603767	0.99352455	0.99849874	1.00142217	1.00278234	1.00269234	1.00104463
0.00368620	0.99648356	1.00434136	1.00006485	1.00220442	0.99948579	0.99754924	1.00041437	1.00031209
0.00409580	0.99448210	1.00540817	1.00312221	0.99771595	0.99903524	1.00208080	1.00202143	1.00109529
0.00450540	1.00777221	1.00125766	0.99676263	1.00445843	0.99771398	0.99897355	1.00125456	1.00067544
0.00491500	1.00274599	0.99503505	0.99760234	1.00527668	1.00046468	0.99953407	1.00180984	1.00155520
0.00532460	1.00269938	0.99406356	0.99909669	0.99943966	1.00173545	0.99868774	1.00018334	0.99996811
0.00573420	1.00501573	0.99633139	1.00212836	1.00483108	1.00023496	0.99769586	0.99904543	1.00105655
0.00614380	0.99957085	1.00076151	1.00121844	1.00000000	1.00361013	0.99779940	1.00114632	1.00108993
0.00655340	0.99955004	1.00119817	0.99623919	0.99632698	1.00220084	1.00182080	0.99892694	0.99943167
0.00737260	0.99245965	1.00206101	0.99984032	1.00258112	0.99979693	1.00126827	1.00154722	1.00007963
0.00819180	1.00219393	1.01061165	1.00472295	0.99622983	1.00243556	0.99949259	1.00045943	1.00010157
0.00901100	1.00833130	1.00323260	0.99612308	0.99674135	0.99833864	0.99761474	0.99892795	1.00247073
0.00983020	1.00126624	1.00179493	1.00315022	1.00042987	1.00154436	0.99988848	1.00101507	0.99916357
0.01064940	0.99347621	1.00657773	0.99861711	1.00493169	1.00106287	1.00095868	1.00159705	0.99975967
0.01146860	0.99782091	0.99674493	0.99985719	0.99984497	0.99930966	0.99874878	0.99925882	0.99916601
0.01228780	1.00667763	1.00379121	1.00081229	0.99847090	1.00104070	1.00038111	0.99975216	1.00045645
0.01310700	1.00051343	0.99954259	1.00311971	1.00324595	0.99963450	0.99852431	0.99981099	0.99971080
0.01474540	1.00163615	0.99613422	1.00124812	1.00288093	0.99988461	0.99984455	1.00140500	0.99992275
0.01638380	0.99939424	1.00010860	1.00031698	1.00241387	1.00084996	1.00030863	1.00031567	0.99969208
0.01802220	1.00269127	1.00021994	0.99785191	1.00039053	0.99882293	1.00072324	1.00011563	0.99893278
0.01966060	1.00585210	0.99661690	1.00152099	0.99781132	0.99968708	1.00144482	0.99991882	1.00063372
0.02129900	0.99305564	1.00110936	1.00039756	1.00186050	1.00143933	1.00075960	0.99993312	1.00027454
0.02293740	1.00453591	0.99908459	1.00080347	1.00282681	1.00026214	1.00033033	1.00000978	0.99997950
0.02457580	1.00493920	0.99961323	0.99663550	0.99719244	1.00030267	1.00061738	1.00046086	0.99890012
0.02621420	0.99934769	0.99946266	0.99978751	1.00182760	1.00020742	0.99916750	1.00021338	0.99951750
0.02949100	0.99954367	1.00183225	0.99858743	1.00137579	1.00058877	1.00018692	1.00002480	0.99849027
0.03276780	0.99930763	0.99831057	1.00023615	1.00046790	1.00067139	1.00048089	1.00104976	1.00021183
0.03604460	1.00382042	1.00160635	0.99771899	1.00046670	1.00020969	0.99971843	1.00055850	0.99987161
0.03932140	0.99965751	1.00003076	1.00051701	1.00121450	1.00041151	0.99989194	1.00010228	1.00080669
0.04259820	1.00113976	1.00016856	0.99730617	0.99974787	1.00068128	0.99926084	1.00038171	0.99992061
0.04587500	0.99725646	1.00152493	0.99867553	1.00245762	0.99989027	1.00036776	1.00104713	1.00084400
0.04915180	1.00131595	1.00104284	0.99890423	1.00011289	1.00083697	0.99988347	1.00057459	1.00034261
0.05242860	0.99845356	0.99853766	1.00278556	1.00130677	0.99968821	0.99992657	0.99935400	1.00127363
0.05898220	0.99997139	0.99810308	1.00069416	1.00065970	1.00099945	0.99971139	1.00012362	1.00122833
0.06553581	0.99788994	0.99978912	0.99816990	1.00091958	1.00069380	1.00042737	1.00063634	0.99981540
0.07208940	0.99783099	0.99673969	0.99995452	0.99992138	1.00033581	1.00016224	1.00037766	0.99956417
0.07864300	1.00241721	0.99749041	0.99947345	1.00144422	1.00042176	0.99995351	1.00088346	0.99982983
0.08519660	1.00215316	1.00125992	1.00074506	1.00043976	1.00033522	1.00035667	1.00074375	0.99964011
0.09175020	0.99880916	1.00002217	0.99997437	0.99896604	1.00076187	0.99996620	1.00015831	1.00069559
0.09830380	0.99909341	1.00188088	0.99943447	1.00049126	1.00111735	0.99933851	1.00028443	1.00085700
0.10485740	0.99681091	1.00049925	1.00098467	1.00083315	0.99984640	1.00030506	1.00040936	0.99997920
0.11796460	0.99838305	0.99918497	0.99947733	0.99998748	1.00032699	0.99982268	1.00057101	0.99985206
0.13107181	1.00199878	1.00052047	1.00053895	1.00005710	1.00080395	0.99998063	1.00035524	0.99997616
0.14417900	0.99801952	0.99912077	1.00036645	1.00091755	0.99999714	0.99981517	0.99983853	1.00031722
0.15728620	0.99932694	1.00005424	0.99984169	1.00065708	1.00060952	0.99959636	1.00076985	0.99931842
0.17039341	0.99673223	0.99931473	1.00047481	1.00056481	0.99988681	0.99994421	1.00019228	0.99988878
0.18350060	0.99998784	1.00023675	0.99969381	0.99993712	1.00044036	1.00005674	1.00028741	1.00043702
0.19660780	1.00063312	1.00033605	1.00009739	1.00040698	1.00058603	1.00044560	1.00002027	0.99998087
0.20971501	0.99940521	1.00056994	1.00100815	1.00059998	1.00068831	1.00042140	1.00005090	0.99972600
0.23592941	1.00040352	0.99969918	0.99972814	1.00114501	1.00021541	1.00009584	1.00053477	1.00026166
0.26214382	0.99885279	1.00044858	1.00033748	0.99981636	1.00028133	1.00007939	1.00045943	0.99972332
0.28835821	0.99958813	1.00038528	0.99923921	0.99982047	1.00028491	0.99999738	1.00039828	1.00072241
0.31457260	1.00113964	1.00131679	1.00064647	1.00027406	1.00016689	1.00002944	1.00030386	0.99966604
0.34078699	1.00082123	1.00049770	0.99974048	0.99976265	1.00000882	1.00014591	1.00026810	1.00030422
0.36700141	1.00044286	0.99930221	0.99986875	0.99998063	0.99960732	0.99983114	1.00000715	0.99962062
0.39321581	0.99979329	1.00099289	0.99979430	1.00025368	0.99992406	0.99973828	1.00037336	1.00013328
0.41943020	0.99972004	0.99948937	1.00036597	0.99930328	1.00006711	0.99997824	1.00048327	0.99996603
0.47185901	1.00035679	0.99939233	1.00045991	0.99984896	1.00013256	0.99990809	1.00069618	0.99988562
0.52428782	1.00076056	0.99970323	1.00000143	0.99986875	1.00034821	1.00001109	1.00041389	0.99992800
0.57671660	0.99958283	0.99953765	0.99997985	0.99942756	1.00000846	0.99989504	1.00049901	0.99999964
0.62914538	0.99881989	1.00016391	1.00015974	1.00025725	1.00027990	1.00014997	1.00024295	1.00016868
0.68157423	0.99932933	0.99990183	1.00063145	1.00045609	1.00011134	1.00015354	1.00024378	1.00015128
0.73400301	0.99846029	0.99914861	0.99962443	0.99971867	1.00044262	0.99980658	1.00006354	0.99990952
0.78643179	0.99994934	0.99919236	1.00046468	0.99976444	1.00050116	0.99988246	1.00021183	0.99986506
0.83886063	1.00280499	0.99981648	1.00049388	0.99952495	0.99994779	1.00038981	1.00008225	1.00009465
0.94371825	0.99807262	0.99990433	1.00041950	1.00010085	1.00034785	0.99975216	1.00020194	0.99994761
1.04857588	1.00087214	0.99838620	0.99999362	1.00015283	1.00011146	1.00011063	1.00032389	0.99980181
1.15343344	0.99913663	1.00033593	0.99969977	1.00011778	1.00031579	0.99990898	1.00002789	0.99993026
1.25829101	0.99978024	1.00014818	1.00045133	0.99968696	1.00006247	0.99994332	1.00001359	0.99998444
1.36314869	1.00025916	1.00008154	0.99989986	1.00016594	0.99997395	0.99991268	0.99995583	1.00011575
1.46800625	0.99968886	1.00052345	1.00041842	0.99984568	0.99971104	0.99997824	1.00013256	1.00002539
1.57286382	0.99997556	1.00046849	0.99964702	1.00020993	0.99977976	0.99984294	1.00029731	1.00015140
1.67772150	1.00083816	0.99972814	0.99990714	1.00010562	0.99987459	1.00009584	0.99997818	0.99994540
1.88743675	0.99972314	1.00071442	1.00032985	1.00014985	0.99990022	0.99989206	1.00006378	0.99985200
2.09715199	0.99954748	1.00025451	1.00001228	0.99961209	0.99970198	1.00002301	0.99994355	0.99997586
2.30686712	1.00035548	0.99929339	1.00005591	0.99949187	0.99975324	1.00012422	0.99975896	0.99990553
2.51658225	1.00000989	0.99921429	0.99961847	0.99993652	0.99969888	1.00018013	0.99986786	0.99984837
2.72629738	1.00044262	0.99973041	1.00057161	0.99940050	0.99959624	0.99989593	0.99979478	0.99987996
2.93601274	0.99957311	0.99992508	0.99962491	0.99934977	0.99982989	0.99997801	0.99992669	0.99995369
3.14572787	1.00164199	1.00042892	1.00022638	0.99951971	0.99980766	0.99998391	0.99977940	0.99995238
3.35544300	0.99898845	1.00042582	0.99997252	0.99969643	0.99953806	1.00007939	0.99998093	1.00005400
3.77487350	0.99934030	0.99984163	0.99987513	0.99961370	0.99998391	0.99984950	0.99986833	1.00009072
4.19430399	0.99990016	1.00020838	1.00009882	0.99990624	1.00000918	0.99995327	0.99971014	1.00006950
4.61373425	1.00008881	0.99987447	0.99973154	0.99973369	0.99999517	1.00002551	0.99994230	1.00000608
5.03316450	1.00000000	1.00000000	1.00000000	1.00000000	1.00000000	1.00000000	1.00000000	1.00000000
5.45259476	0.00000000	0.00000000	0.00000000	0.00000000	0.00000000	0.00000000	0.00000000	0.00000000
5.87202549	0.00000000	0.00000000	0.00000000	0.00000000	0.00000000	0.00000000	0.00000000	0.00000000
6.29145575	0.00000000	0.00000000	0.00000000	0.00000000	0.00000000	0.00000000	0.00000000	0.00000000
6.71088600	0.00000000	0.00000000	0.00000000	0.00000000	0.00000000	0.00000000	0.00000000	0.00000000
7.54974699	0.00000000	0.00000000	0.00000000	0.00000000	0.00000000	0.00000000	0.00000000	0.00000000
8.38860798	0.00000000	0.00000000	0.00000000	0.00000000	0.00000000	0.00000000	0.00000000	0.00000000
9.22746849	0.00000000	0.00000000	0.00000000	0.00000000	0.00000000	0.00000000	0.00000000	0.00000000
10.06632900	0.00000000	0.00000000	0.00000000	0.00000000	0.00000000	0.00000000	0.00000000	0.00000000
10.90518951	0.00000000	0.00000000	0.00000000	0.00000000	0.00000000	0.00000000	0.00000000	0.00000000
11.74405098	0.00000000	0.00000000	0.00000000	0.00000000	0.00000000	0.00000000	0.00000000	0.00000000
12.58291149	0.00000000	0.00000000	0.00000000	0.00000000	0.00000000	0.00000000	0.00000000	0.00000000
13.42177200	0.00000000	0.00000000	0.00000000	0.00000000	0.00000000	0.00000000	0.00000000	0.00000000
15.09949398	0.00000000	0.00000000	0.00000000	0.00000000	0.00000000	0.00000000	0.00000000	0.00000000
16.77721596	0.00000000	0.00000000	0.00000000	0.00000000	0.00000000	0.00000000	0.00000000	0.00000000
18.45493698	0.00000000	0.00000000	0.00000000	0.00000000	0.00000000	0.00000000	0.00000000	0.00000000
20.13265800	0.00000000	0.00000000	0.00000000	0.00000000	0.00000000	0.00000000	0.00000000	0.00000000
21.81037903	0.00000000	0.00000000	0.00000000	0.00000000	0.00000000	0.00000000	0.00000000	0.00000000
23.48810196	0.00000000	0.00000000	0.00000000	0.00000000	0.00000000	0.00000000	0.00000000	0.00000000
25.16582298	0.00000000	0.00000000	0.00000000	0.00000000	0.00000000	0.00000000	0.00000000	0.00000000
26.84354401	0.00000000	0.00000000	0.00000000	0.00000000	0.00000000	0.00000000	0.00000000	0.00000000
30.19898796	0.00000000	0.00000000	0.00000000	0.00000000	0.00000000	0.00000000	0.00000000	0.00000000
33.55443192	0.00000000	0.00000000	0.00000000	0.00000000	0.00000000	0.00000000	0.00000000	0.00000000
36.90987396	0.00000000	0.00000000	0.00000000	0.00000000	0.00000000	0.00000000	0.00000000	0.00000000
40.26531601	0.00000000	0.00000000	0.00000000	0.00000000	0.00000000	0.00000000	0.00000000	0.00000000
43.62075806	0.00000000	0.00000000	0.00000000	0.00000000	0.00000000	0.00000000	0.00000000	0.00000000
46.97620392	0.00000000	0.00000000	0.00000000	0.00000000	0.00000000	0.00000000	0.00000000	0.00000000
50.33164597	0.00000000	0.00000000	0.00000000	0.00000000	0.00000000	0.00000000	0.00000000	0.00000000
53.68708801	0.00000000	0.00000000	0.00000000	0.00000000	0.00000000	0.00000000	0.00000000	0.00000000
60.39797592	0.00000000	0.00000000	0.00000000	0.00000000	0.00000000	0.00000000	0.00000000	0.00000000
67.10886383	0.00000000	0.00000000	0.00000000	0.00000000	0.00000000	0.00000000	0.00000000	0.00000000
73.81974792	0.00000000	0.00000000	0.00000000	0.00000000	0.00000000	0.00000000	0.00000000	0.00000000
80.53063202	0.00000000	0.00000000	0.00000000	0.00000000	0.00000000	0.00000000	0.00000000	0.00000000
87.24151611	0.00000000	0.00000000	0.00000000	0.00000000	0.00000000	0.00000000	0.00000000	0.00000000
93.95240784	0.00000000	0.00000000	0.00000000	0.00000000	0.00000000	0.00000000	0.00000000	0.00000000
100.66329193	0.00000000	0.00000000	0.00000000	0.00000000	0.00000000	0.00000000	0.00000000	0.00000000
107.37417603	0.00000000	0.00000000	0.00000000	0.00000000	0.00000000	0.00000000	0.00000000	0.00000000
120.79595184	0.00000000	0.00000000	0.00000000	0.00000000	0.00000000	0.00000000	0.00000000	0.00000000
134.21772766	0.00000000	0.00000000	0.00000000	0.00000000	0.00000000	0.00000000	0.00000000	0.00000000
147.63949585	0.00000000	0.00000000	0.00000000	0.00000000	0.00000000	0.00000000	0.00000000	0.00000000
161.06126404	0.00000000	0.00000000	0.00000000	0.00000000	0.00000000	0.00000000	0.00000000	0.00000000
174.48303223	0.00000000	0.00000000	0.00000000	0.00000000	0.00000000	0.00000000	0.00000000	0.00000000
187.90481567	0.00000000	0.00000000	0.00000000	0.00000000	0.00000000	0.00000000	0.00000000	0.00000000
201.32658386	0.00000000	0.00000000	0.00000000	0.00000000	0.00000000	0.00000000	0.00000000	0.00000000
214.74835205	0.00000000	0.00000000	0.00000000	0.00000000	0.00000000	0.00000000	0.00000000	0.00000000
241.59190369	0.00000000	0.00000000	0.00000000	0.00000000	0.00000000	0.00000000	0.00000000	0.00000000
268.43545532	0.00000000	0.00000000	0.00000000	0.00000000	0.00000000	0.00000000	0.00000000	0.00000000
295.27899170	0.00000000	0.00000000	0.00000000	0.00000000	0.00000000	0.00000000	0.00000000	0.00000000
322.12252808	0.00000000	0.00000000	0.00000000	0.00000000	0.00000000	0.00000000	0.00000000	0.00000000
348.96606445	0.00000000	0.00000000	0.00000000	0.00000000	0.00000000	0.00000000	0.00000000	0.00000000
375.80963135	0.00000000	0.00000000	0.00000000	0.00000000	0.00000000	0.00000000	0.00000000	0.00000000
402.65316772	0.00000000	0.00000000	0.00000000	0.00000000	0.00000000	0.00000000	0.00000000	0.00000000
429.49670410	0.00000000	0.00000000	0.00000000	0.00000000	0.00000000	0.00000000	0.00000000	0.00000000
483.18380737	0.00000000	0.00000000	0.00000000	0.00000000	0.00000000	0.00000000	0.00000000	0.00000000
536.87091064	0.00000000	0.00000000	0.00000000	0.00000000	0.00000000	0.00000000	0.00000000	0.00000000
590.55798340	0.00000000	0.00000000	0.00000000	0.00000000	0.00000000	0.00000000	0.00000000	0.00000000
644.24505615	0.00000000	0.00000000	0.00000000	0.00000000	0.00000000	0.00000000	0.00000000	0.00000000
697.93212891	0.00000000	0.00000000	0.00000000	0.00000000	0.00000000	0.00000000	0.00000000	0.00000000
751.61926270	0.00000000	0.00000000	0.00000000	0.00000000	0.00000000	0.00000000	0.00000000	0.00000000
805.30633545	0.00000000	0.00000000	0.00000000	0.00000000	0.00000000	0.00000000	0.00000000	0.00000000
858.99340820	0.00000000	0.00000000	0.00000000	0.00000000	0.00000000	0.00000000	0.00000000	0.00000000
966.36761475	0.00000000	0.00000000	0.00000000	0.00000000	0.00000000	0.00000000	0.00000000	0.00000000
1073.74182129	0.00000000	0.00000000	0.00000000	0.00000000	0.00000000	0.00000000	0.00000000	0.00000000
1181.11596680	0.00000000	0.00000000	0.00000000	0.00000000	0.00000000	0.00000000	0.00000000	0.00000000
1288.49011230	0.00000000	0.00000000	0.00000000	0.00000000	0.00000000	0.00000000	0.00000000	0.00000000
1395.86425781	0.00000000	0.00000000	0.00000000	0.00000000	0.00000000	0.00000000	0.00000000	0.00000000
1503.23852539	0.00000000	0.00000000	0.00000000	0.00000000	0.00000000	0.00000000	0.00000000	0.00000000
1610.61267090	0.00000000	0.00000000	0.00000000	0.00000000	0.00000000	0.00000000	0.00000000	0.00000000
1717.98681641	0.00000000	0.00000000	0.00000000	0.00000000	0.00000000	0.00000000	0.00000000	0.00000000
1932.73522949	0.00000000	0.00000000	0.00000000	0.00000000	0.00000000	0.00000000	0.00000000	0.00000000
2147.48364258	0.00000000	0.00000000	0.00000000	0.00000000	0.00000000	0.00000000	0.00000000	0.00000000
2362.23193359	0.00000000	0.00000000	0.00000000	0.00000000	0.00000000	0.00000000	0.00000000	0.00000000
2576.98022461	0.00000000	0.00000000	0.00000000	0.00000000	0.00000000	0.00000000	0.00000000	0.00000000
2791.72851562	0.00000000	0.00000000	0.00000000	0.00000000	0.00000000	0.00000000	0.00000000	0.00000000
3006.47705078	0.00000000	0.00000000	0.00000000	0.00000000	0.00000000	0.00000000	0.00000000	0.00000000
3221.22534180	0.00000000	0.00000000	0.00000000	0.00000000	0.00000000	0.00000000	0.00000000	0.00000000
3435.97363281	0.00000000	0.00000000	0.00000000	0.00000000	0.00000000	0.00000000	0.00000000	0.00000000
0	0	0	0	0	0	0	0	0
