%1/26/2015 6:16:03 PM
%Duration	ID1		ID2		ID3		ID4		ID5		ID6		ID7		ID8
3000.000000	6.189346	7.343292	13.065338	21.305084	45.118332	63.972473	77.629089	55.637360
%Tau		Tau1		Tau2		Tau3		Tau4		Tau5		Tau6		Tau7		Tau8
%		0.000011	0.000006	0.000011	0.000032	0.000045	0.000048	0.000048	0.000041
%Delaytime	D1		D2		D3		D4		D5		D6		D7		D8
0.00000000	4.53340197	10.22876930	6.50427723	4.41614962	2.52483654	1.63502967	1.95161617	2.49442244
0.00000020	1.81336081	2.08042765	1.94726825	1.80694735	1.58883274	1.49441016	1.48431051	1.64743578
0.00000040	0.99734849	1.73368979	1.56584454	1.55952311	1.50574541	1.52585304	1.48431051	1.42870843
0.00000060	1.63202477	1.90705872	1.52569473	1.79195201	1.50065839	1.47606850	1.47201300	1.46361172
0.00000080	1.45068872	1.38695180	1.52569473	1.40207124	1.41417980	1.45860016	1.50398648	1.50084186
0.00000100	1.99469697	1.44474149	1.92719328	1.38707578	1.52609324	1.49441016	1.46955347	1.43219876
0.00000120	1.54135668	1.44474149	1.46546984	1.59701157	1.44300604	1.49004304	1.46586418	1.50782251
0.00000140	1.17868459	1.96484840	1.32494533	1.39457345	1.54813683	1.48742282	1.48738480	1.54621613
0.00000160	1.26935256	1.79147935	1.42532003	1.55952311	1.53796291	1.44549906	1.51136506	1.44383311
0.00000180	1.81336081	1.32916212	1.78666878	1.56702077	1.60918057	1.49615693	1.52243280	1.41125679
0.00000200	0.99734849	1.73368979	1.20449579	1.44705749	1.49218011	1.43414462	1.46401954	1.44266975
0.00000220	1.90402889	1.50253105	1.46546984	1.43955970	1.43791902	1.56952369	1.49045920	1.45314074
0.00000240	1.08801651	1.04021382	1.34502029	1.45455515	1.53965855	1.50751138	1.54272366	1.50316882
0.00000260	1.26935256	1.32916212	1.40524507	1.74696577	1.48370183	1.38436007	1.48123610	1.48106337
0.00000280	1.90402889	1.61811042	1.38517022	1.51453686	1.52609324	1.43938518	1.48799968	1.49735153
0.00000300	1.90402889	1.15579319	1.50561976	1.30460107	1.54135418	1.50576448	1.43880963	1.45197725
0.00000340	1.31468666	1.61811042	1.81678116	1.54077876	1.51083231	1.47737861	1.48185098	1.45139551
0.00000380	1.49602270	1.70479488	1.35505772	1.64949560	1.47522354	1.46515083	1.45664108	1.44848692
0.00000420	1.31468666	0.89573967	1.62606931	1.47704828	1.45911479	1.50227094	1.45510387	1.45081377
0.00000460	1.85869491	1.38695180	1.51565719	1.39457345	1.42181027	1.48611271	1.44219148	1.44616008
0.00000500	1.81336081	1.41584659	1.35505772	1.52578342	1.47437572	1.45860016	1.47355020	1.41998255
0.00000540	1.08801651	1.06910872	1.37513268	1.44705749	1.47098434	1.50794804	1.43757987	1.47291923
0.00000580	1.72269285	1.30026734	1.28479552	1.42831314	1.43791902	1.50620127	1.46617162	1.42579985
0.00000620	1.40535462	1.41584659	1.43535745	1.40582001	1.45572340	1.45860016	1.47785425	1.43045354
0.00000700	1.58669078	1.32916212	1.39520764	1.46205282	1.44724512	1.45881855	1.45264435	1.43452561
0.00000780	1.29201961	1.63255787	1.49558222	1.49391818	1.44088638	1.45838189	1.46125257	1.43161702
0.00000860	1.74535978	1.38695180	1.36007655	1.45455515	1.44809294	1.46515083	1.46355844	1.46652031
0.00000940	1.67735875	1.37250435	1.44037616	1.45268071	1.42986465	1.43960345	1.46063781	1.42172778
0.00001020	1.45068872	1.34360957	1.32996416	1.45455515	1.43367982	1.45292306	1.45202947	1.41445625
0.00001100	1.47335565	1.18468797	1.37513268	1.40956891	1.43495166	1.42715728	1.42635846	1.44674182
0.00001180	1.94936287	1.44474149	1.38015139	1.34583843	1.43198419	1.47628689	1.43911707	1.41969168
0.00001260	1.42802167	1.51697850	1.31490791	1.45455515	1.45699513	1.45641673	1.41605926	1.44557834
0.00001420	1.36002064	1.31471467	1.32243598	1.46111572	1.41672325	1.43610978	1.40960300	1.39802253
0.00001580	1.55269027	1.24970138	1.34251094	1.38613856	1.38323402	1.39276671	1.42097831	1.37257230
0.00001740	1.46202219	1.33638585	1.35254836	1.41894102	1.39764714	1.39713371	1.40376174	1.41474712
0.00001900	1.49602270	1.30749094	1.24966443	1.44518304	1.35843503	1.38436007	1.38977325	1.36166501
0.00002060	1.41668820	1.38695180	1.35254836	1.30928707	1.34889686	1.37289655	1.38908160	1.36355555
0.00002220	1.43935513	1.25692511	1.32745469	1.35521054	1.34720123	1.37562597	1.37002039	1.34988511
0.00002380	1.24668562	1.18468797	1.20951450	1.39551067	1.35949481	1.35324478	1.34150553	1.34566760
0.00002540	1.41668820	1.26414871	1.31239855	1.33927786	1.33575559	1.33337462	1.35480225	1.32705259
0.00002860	1.34062970	1.27221715	1.27992737	1.29744303	1.31005955	1.31289673	1.32085013	1.30755830
0.00003180	1.31222641	1.35871351	1.20079541	1.28808200	1.30634344	1.30293274	1.28735435	1.28240597
0.00003500	1.38039410	1.25059307	1.22717273	1.25672245	1.26631653	1.27113140	1.28581429	1.27502108
0.00003820	1.27246201	1.24698901	1.21461213	1.26280713	1.25792897	1.24824691	1.26024973	1.22405827
0.00004140	1.31790709	1.17490876	1.16559517	1.19166303	1.24317098	1.23067284	1.22710049	1.23349035
0.00004460	1.11340427	1.31186128	1.18945980	1.23893642	1.19666755	1.21550775	1.22094035	1.18523288
0.00004780	1.20429444	1.09557188	1.20955622	1.20055604	1.19145608	1.20428455	1.20403850	1.18559849
0.00005100	1.23269761	1.21449912	1.24346900	1.20242822	1.17457473	1.19152832	1.17589426	1.18055344
0.00005740	1.18480766	1.18619382	1.15028608	1.15169644	1.16436362	1.16545999	1.16445887	1.16245604
0.00006380	1.08820462	1.12490118	1.10505366	1.16972828	1.13379908	1.14500475	1.13919592	1.13291502
0.00007020	1.13366497	1.04918671	1.08369386	1.13343036	1.10732794	1.13143659	1.12351489	1.10589647
0.00007660	1.07683957	1.07262206	1.10191250	1.10415792	1.11097991	1.10785639	1.11385608	1.11141574
0.00008300	1.05126822	1.00411856	1.12201583	1.09268308	1.10238612	1.10052526	1.10004139	1.07676506
0.00008940	1.06831586	1.10687387	1.05542362	1.07394874	1.08031821	1.08033717	1.08920896	1.08290577
0.00009580	1.16491878	1.13571751	1.09500194	1.05053079	1.09103394	1.07399654	1.08130109	1.06346047
0.00010220	1.00296676	1.06180573	1.04662836	1.04350531	1.08106089	1.06392980	1.06654358	1.05951285
0.00011500	1.02643931	1.09372151	1.06641042	1.03778446	1.04921627	1.05626857	1.05720174	1.05742717
0.00012780	1.06624579	1.05863237	1.03907454	1.04539549	1.05322134	1.05083978	1.04415762	1.04553556
0.00014060	1.04918587	1.04241502	1.02776325	1.03497434	1.04635179	1.04740751	1.03480244	1.03537917
0.00015340	0.98947608	1.05953336	1.01739442	1.02480364	1.02362108	1.03535461	1.03362882	1.02292657
0.00016620	0.99374104	1.03340542	1.00514054	1.02293015	1.02868712	1.03120327	1.02786672	1.02682912
0.00017900	1.00227106	1.03160346	1.03373313	1.02448511	1.02091575	1.03085017	1.02734256	1.01943767
0.00019180	0.95535618	1.00187159	1.01519501	1.01747561	1.02062392	1.01988041	1.02338886	1.03133571
0.00020460	0.99374104	1.00187159	1.01299560	1.03703117	1.01937735	1.02464700	1.01503408	1.01422536
0.00023020	1.01163781	1.02988684	0.99592960	1.01229751	1.01007247	1.01586044	1.01472342	1.01127338
0.00025580	1.04926360	1.01232421	0.97882873	1.02288389	1.01089478	1.01198006	1.01125789	1.01302338
0.00028140	0.98253101	0.99521202	0.98018944	1.01315999	1.01099324	1.01108408	1.01339543	1.00789833
0.00030700	1.00749040	1.01907909	0.98066008	0.99800438	0.99820793	1.00680888	1.01183569	0.99999523
0.00033260	1.02879035	1.04339647	0.98335278	1.00575280	0.99627346	1.00610816	1.00640559	0.99748474
0.00035820	1.00678039	1.02849030	1.00751305	1.01424682	1.00295234	1.00464666	1.00215006	1.00486386
0.00038380	1.01388037	1.00507462	1.01036334	1.02293301	1.00441694	1.00806689	0.99874628	1.00662851
0.00040940	1.00181031	0.98665589	1.00866389	0.99857944	0.99896586	1.00405669	1.00097537	1.00402677
0.00046060	1.03156543	0.98801899	0.98917311	1.00737572	1.00343263	1.00494862	0.99784797	1.00334704
0.00051180	1.01057839	0.98689187	1.01458645	0.99155152	1.00500989	1.00769854	0.99995977	1.00455403
0.00056300	1.03014255	0.99572742	0.99731290	1.00907075	1.00310791	1.00304317	0.99889535	1.00227976
0.00061420	1.01484692	0.98238343	0.99723440	1.01246655	0.99603504	1.00032604	1.00087202	0.99896044
0.00066540	1.00702131	1.01461864	1.02115512	1.00063980	1.00325274	0.99764031	0.99857515	0.99825644
0.00071660	1.02267265	0.96480066	1.00406528	1.00544071	1.01038992	1.00375259	1.00207448	0.99687505
0.00076780	0.98390001	0.97877669	0.99969459	1.00726891	1.00345814	1.00377989	1.00380480	1.00226462
0.00081900	1.01057839	0.99928999	0.99898791	0.99880892	0.99929643	0.99619639	1.00551248	0.99889284
0.00092140	1.00272167	1.02009690	1.00580335	0.99040377	0.99789798	0.99862856	1.00115192	0.99973607
0.00102380	1.02579749	0.99157614	1.01588857	1.00238454	0.99969679	1.00060880	0.99775708	0.99780798
0.00112620	0.99554843	1.00548649	0.99512964	1.00275612	1.00058365	0.99860108	0.99829739	0.99748909
0.00122860	1.02811062	1.04014242	0.98590785	0.99577838	1.00164247	0.99881721	1.00246572	1.00189114
0.00133100	0.99412495	1.00846231	1.01019847	0.99835455	0.99842042	0.99838060	0.99855131	1.00349069
0.00143340	1.00272167	0.99166405	1.00450838	0.99423820	0.99970901	1.00270689	0.99391693	1.00265467
0.00153580	0.99251145	0.99195826	0.99358600	0.99866205	1.00108993	1.00126338	0.99844229	1.00048161
0.00163820	1.00064206	0.98722339	1.01286685	1.00052190	1.00063324	0.99674624	0.99767160	0.99895877
0.00184300	1.00109327	0.99687779	0.99858838	0.99988341	1.00460291	0.99805677	1.00067270	1.00087321
0.00204780	0.98696715	0.99272937	1.01178229	1.00178647	1.00231326	0.99795818	1.00066769	1.00456619
0.00225260	1.00589085	0.99452847	1.00421023	0.99719113	0.99664342	0.99511987	0.99898404	0.99962384
0.00245740	1.00109327	1.01666915	0.99667752	1.00111127	0.99933726	0.99822211	0.99963504	0.99820626
0.00266220	0.99917197	1.00814605	0.99145508	0.99759895	1.00100362	1.00013590	1.00353634	1.00001907
0.00286700	1.00070477	0.99517125	1.00460958	1.00254595	0.99754149	0.99850279	1.00010169	1.00105786
0.00307180	1.00369275	1.01867044	1.00161862	1.00746202	1.00050318	0.99695361	0.99585462	0.99615288
0.00327660	0.99354160	0.99802637	0.99970752	0.99716920	0.99823201	0.99703670	0.99928588	1.00355840
0.00368620	1.00477362	1.00088501	1.00132716	0.99976939	0.99900460	0.99838549	0.99961692	0.99885035
0.00409580	1.00304282	1.00386417	1.00128460	1.00490272	1.00069153	1.00021398	0.99584264	1.00030565
0.00450540	1.00166690	0.99389899	1.00031292	0.99590093	1.00311196	0.99986380	0.99983823	1.00036824
0.00491500	0.99640751	1.00202107	0.99863452	1.00415277	1.00053883	0.99950182	1.00219786	1.00251329
0.00532460	0.99957025	0.99856836	0.99586010	0.99707180	0.99926823	1.00333261	0.99947363	1.00180995
0.00573420	0.99665159	1.00001800	1.00125861	0.99642456	0.99947637	1.00170648	1.00202632	0.99802476
0.00614380	1.00406516	1.01045227	1.00011992	0.99628156	0.99945325	0.99959123	1.00350523	1.00147259
0.00655340	1.00130141	1.00022662	0.99700493	0.99709660	0.99836087	1.00294375	0.99916208	1.00156701
0.00737260	0.99546456	1.00869608	0.99928302	1.00204861	0.99873835	0.99976414	1.00050104	0.99967045
0.00819180	0.99305719	1.00698352	0.99887770	0.99643940	1.00043118	1.00037217	0.99838668	1.00223362
0.00901100	1.00094545	1.00291717	0.99826491	1.00302410	0.99944818	0.99882364	1.00177014	1.00027430
0.00983020	1.00073493	0.99531519	0.99795890	1.00017583	0.99952608	1.00004041	1.00080574	0.99889189
0.01064940	0.99808288	0.99745005	0.99807960	1.00144684	1.00006461	1.00133598	1.00157022	1.00030041
0.01146860	0.99870473	1.00429916	0.99626827	1.00471377	1.00157118	0.99938881	1.00004244	0.99975955
0.01228780	1.00652575	0.99884236	0.99717557	0.99906600	0.99857926	0.99951756	1.00074434	0.99944162
0.01310700	0.99961382	0.98500639	1.00334680	1.00126064	1.00006425	0.99824947	0.99860907	0.99951392
0.01474540	1.00119495	1.00255334	0.99924862	0.99863237	0.99856496	0.99969727	1.00025570	1.00020325
0.01638380	0.99954462	0.99777991	0.99858332	0.99748451	1.00053489	0.99851018	1.00101447	1.00103796
0.01802220	1.00715792	0.99329013	1.00345910	1.00036108	0.99831402	1.00061405	0.99935746	0.99892807
0.01966060	1.00253785	0.99334997	0.99995804	0.99750656	1.00020218	0.99868035	1.00063360	1.00009573
0.02129900	0.99916834	0.99637079	1.00131023	0.99915659	1.00155401	1.00013483	0.99877113	0.99918169
0.02293740	0.99442458	1.00034070	1.00156987	1.00126362	0.99985993	1.00009036	1.00189006	1.00184023
0.02457580	1.00251532	0.99784917	1.00075173	1.00223255	1.00064337	0.99977481	1.00045896	1.00058293
0.02621420	0.99655253	0.99653488	0.99631542	0.99552518	1.00012636	0.99820119	1.00003445	1.00074971
0.02949100	1.00366819	1.00351274	1.00009894	1.00141466	1.00104594	1.00071943	1.00100064	1.00090218
0.03276780	1.00158536	0.99996036	1.00056612	1.00072253	0.99969733	0.99980372	1.00090325	1.00043869
0.03604460	1.00103629	0.99863517	1.00058722	0.99996215	1.00042117	0.99999678	0.99969190	1.00035143
0.03932140	0.99947375	0.99895918	0.99925077	1.00100017	0.99979395	1.00065279	1.00041664	1.00058365
0.04259820	1.00527239	0.99825960	0.99813497	0.99909139	1.00034714	0.99936861	1.00016594	1.00079978
0.04587500	0.99632525	1.00129747	1.00034297	0.99812335	1.00177741	0.99938238	1.00072455	0.99982548
0.04915180	0.99324286	1.00068033	1.00151002	0.99972349	1.00000370	1.00006902	0.99987173	1.00042093
0.05242860	0.99663591	1.00079894	1.00173938	0.99976492	1.00046623	1.00007784	1.00030518	0.99994987
0.05898220	1.00054264	1.00135827	1.00010431	0.99901825	0.99998492	0.99975908	0.99986547	1.00078070
0.06553581	0.99798584	1.00274825	1.00108123	1.00009334	1.00039065	0.99957907	1.00042868	0.99995607
0.07208940	1.00213051	0.99979663	0.99922013	0.99975044	0.99966532	0.99963158	0.99937344	0.99974871
0.07864300	1.00120151	0.99893612	1.00035179	1.00035822	0.99937588	1.00004876	0.99958146	1.00112450
0.08519660	0.99604058	1.00123465	1.00174987	1.00004244	1.00005698	1.00003183	1.00056458	1.00083208
0.09175020	1.00160444	0.99818826	0.99956828	0.99838829	0.99983066	0.99962050	1.00000453	1.00149751
0.09830380	1.00222981	1.00209355	0.99997926	1.00133288	1.00013232	0.99990779	1.00041699	1.00050223
0.10485740	0.99886584	1.00052869	0.99946529	0.99973196	1.00049210	0.99958390	1.00038505	1.00004661
0.11796460	1.00034857	1.00001228	1.00006759	0.99991524	1.00007308	0.99970472	0.99955314	1.00089622
0.13107181	1.00055087	0.99807554	1.00214088	0.99979895	0.99973935	0.99983227	1.00034058	1.00061810
0.14417900	0.99767512	1.00076079	1.00004613	1.00051260	1.00031030	1.00058973	1.00019610	1.00025678
0.15728620	0.99959618	1.00069296	1.00014281	0.99896109	1.00031757	0.99977314	0.99991477	1.00003994
0.17039341	0.99977183	0.99937469	1.00102866	0.99942666	0.99981165	0.99988240	0.99999809	1.00032175
0.18350060	1.00016284	0.99978113	1.00042367	0.99953169	1.00020611	1.00063682	1.00026143	1.00044167
0.19660780	1.00128520	0.99776793	0.99939781	0.99956340	0.99975914	1.00049877	0.99990857	0.99990314
0.20971501	1.00063288	1.00326514	1.00159311	1.00057495	1.00014734	0.99983168	1.00004375	1.00050998
0.23592941	1.00001001	0.99948603	1.00021815	1.00001478	1.00014722	1.00019872	1.00042999	1.00017822
0.26214382	0.99935591	1.00055802	1.00099146	0.99975908	1.00006783	1.00007582	1.00011969	1.00032938
0.28835821	1.00057781	1.00036800	0.99988365	1.00044656	0.99981141	0.99970299	0.99963695	1.00039256
0.31457260	0.99880826	0.99979693	1.00038612	1.00002813	0.99954611	1.00003862	1.00000203	1.00046694
0.34078699	0.99960595	1.00042653	1.00055158	0.99945492	0.99966013	0.99995363	1.00003207	1.00014079
0.36700141	0.99859220	0.99965316	1.00072098	1.00005364	0.99994302	1.00034964	0.99999207	1.00031042
0.39321581	1.00059271	1.00024414	1.00038946	1.00067866	1.00008845	1.00034285	0.99989921	1.00043333
0.41943020	1.00015461	0.99835014	1.00012970	0.99997878	0.99988139	1.00014865	0.99995118	0.99989820
0.47185901	1.00174725	1.00074959	1.00010073	0.99994653	0.99991626	1.00003505	0.99974757	1.00020659
0.52428782	1.00012791	0.99991691	1.00043869	1.00017977	0.99978876	0.99990302	0.99996984	1.00014818
0.57671660	1.00009334	1.00033057	1.00011075	1.00003719	1.00011134	0.99983269	0.99986601	1.00032949
0.62914538	0.99904972	1.00033629	0.99970752	0.99979335	0.99997681	1.00005960	0.99995166	1.00029695
0.68157423	0.99976337	0.99991131	1.00006664	0.99998766	0.99993223	1.00009012	1.00026166	1.00016093
0.73400301	0.99957895	0.99981970	1.00011384	1.00018060	1.00017416	0.99988413	0.99993742	1.00020254
0.78643179	1.00001240	0.99948335	1.00052774	1.00020754	1.00029540	0.99982262	1.00025654	1.00027680
0.83886063	1.00066793	1.00058198	0.99925107	0.99982691	1.00024247	1.00021029	0.99969113	0.99967217
0.94371825	0.99968886	1.00018728	0.99927545	0.99995279	0.99998277	0.99991149	1.00006771	0.99995559
1.04857588	0.99928355	1.00093699	0.99961382	1.00006664	0.99993616	0.99992478	1.00014842	0.99988323
1.15343344	0.99986047	1.00025737	1.00009656	0.99994975	0.99993086	0.99980056	0.99986362	1.00005329
1.25829101	1.00059986	0.99995643	0.99961448	0.99995667	0.99985379	0.99988842	0.99993843	0.99993932
1.36314869	1.00019228	0.99921072	0.99912411	0.99976665	1.00001752	1.00005364	0.99980706	1.00006437
1.46800625	0.99859661	0.99952418	0.99967587	0.99991179	1.00016999	1.00004101	0.99994814	1.00022721
1.57286382	1.00004101	0.99911183	0.99982047	1.00004613	1.00005257	0.99998021	0.99983346	0.99996740
1.67772150	1.00017583	0.99994230	0.99922180	0.99982274	1.00012016	1.00003397	0.99992043	0.99991143
1.88743675	0.99929243	1.00005949	1.00002491	0.99976975	0.99991441	1.00005615	1.00014710	0.99998087
2.09715199	1.00048542	1.00034130	0.99973619	1.00000858	0.99990475	0.99998456	0.99990183	0.99989289
2.30686712	1.00020230	0.99969900	1.00036347	1.00007844	1.00002670	1.00001776	0.99999738	0.99962580
2.51658225	1.00018382	0.99934089	1.00020039	0.99995649	1.00008428	0.99993902	0.99991918	0.99982339
2.72629738	0.99941719	0.99973696	1.00051153	0.99994642	1.00000238	0.99994707	1.00001800	0.99998969
2.93601274	1.00017273	0.99991769	1.00050056	0.99991542	0.99993569	0.99993813	1.00036752	0.99989927
3.14572787	0.99891877	1.00020003	1.00021648	1.00023913	0.99994385	0.99998200	0.99983770	1.00013793
3.35544300	1.00002205	0.99979293	1.00006187	1.00003111	1.00001585	0.99999714	0.99987185	1.00014853
3.77487350	1.00012398	0.99991775	0.99983197	1.00004542	0.99997145	1.00001001	0.99999559	1.00003791
4.19430399	1.00010276	1.00071335	0.99994147	1.00011289	0.99995619	1.00000072	1.00011694	1.00018406
4.61373425	1.00051165	0.99961311	0.99997938	1.00007808	1.00006843	0.99991077	0.99991602	1.00002551
5.03316450	1.00000000	1.00000000	1.00000000	1.00000000	1.00000000	1.00000000	1.00000000	1.00000000
5.45259476	0.00000000	0.00000000	0.00000000	0.00000000	0.00000000	0.00000000	0.00000000	0.00000000
5.87202549	0.00000000	0.00000000	0.00000000	0.00000000	0.00000000	0.00000000	0.00000000	0.00000000
6.29145575	0.00000000	0.00000000	0.00000000	0.00000000	0.00000000	0.00000000	0.00000000	0.00000000
6.71088600	0.00000000	0.00000000	0.00000000	0.00000000	0.00000000	0.00000000	0.00000000	0.00000000
7.54974699	0.00000000	0.00000000	0.00000000	0.00000000	0.00000000	0.00000000	0.00000000	0.00000000
8.38860798	0.00000000	0.00000000	0.00000000	0.00000000	0.00000000	0.00000000	0.00000000	0.00000000
9.22746849	0.00000000	0.00000000	0.00000000	0.00000000	0.00000000	0.00000000	0.00000000	0.00000000
10.06632900	0.00000000	0.00000000	0.00000000	0.00000000	0.00000000	0.00000000	0.00000000	0.00000000
10.90518951	0.00000000	0.00000000	0.00000000	0.00000000	0.00000000	0.00000000	0.00000000	0.00000000
11.74405098	0.00000000	0.00000000	0.00000000	0.00000000	0.00000000	0.00000000	0.00000000	0.00000000
12.58291149	0.00000000	0.00000000	0.00000000	0.00000000	0.00000000	0.00000000	0.00000000	0.00000000
13.42177200	0.00000000	0.00000000	0.00000000	0.00000000	0.00000000	0.00000000	0.00000000	0.00000000
15.09949398	0.00000000	0.00000000	0.00000000	0.00000000	0.00000000	0.00000000	0.00000000	0.00000000
16.77721596	0.00000000	0.00000000	0.00000000	0.00000000	0.00000000	0.00000000	0.00000000	0.00000000
18.45493698	0.00000000	0.00000000	0.00000000	0.00000000	0.00000000	0.00000000	0.00000000	0.00000000
20.13265800	0.00000000	0.00000000	0.00000000	0.00000000	0.00000000	0.00000000	0.00000000	0.00000000
21.81037903	0.00000000	0.00000000	0.00000000	0.00000000	0.00000000	0.00000000	0.00000000	0.00000000
23.48810196	0.00000000	0.00000000	0.00000000	0.00000000	0.00000000	0.00000000	0.00000000	0.00000000
25.16582298	0.00000000	0.00000000	0.00000000	0.00000000	0.00000000	0.00000000	0.00000000	0.00000000
26.84354401	0.00000000	0.00000000	0.00000000	0.00000000	0.00000000	0.00000000	0.00000000	0.00000000
30.19898796	0.00000000	0.00000000	0.00000000	0.00000000	0.00000000	0.00000000	0.00000000	0.00000000
33.55443192	0.00000000	0.00000000	0.00000000	0.00000000	0.00000000	0.00000000	0.00000000	0.00000000
36.90987396	0.00000000	0.00000000	0.00000000	0.00000000	0.00000000	0.00000000	0.00000000	0.00000000
40.26531601	0.00000000	0.00000000	0.00000000	0.00000000	0.00000000	0.00000000	0.00000000	0.00000000
43.62075806	0.00000000	0.00000000	0.00000000	0.00000000	0.00000000	0.00000000	0.00000000	0.00000000
46.97620392	0.00000000	0.00000000	0.00000000	0.00000000	0.00000000	0.00000000	0.00000000	0.00000000
50.33164597	0.00000000	0.00000000	0.00000000	0.00000000	0.00000000	0.00000000	0.00000000	0.00000000
53.68708801	0.00000000	0.00000000	0.00000000	0.00000000	0.00000000	0.00000000	0.00000000	0.00000000
60.39797592	0.00000000	0.00000000	0.00000000	0.00000000	0.00000000	0.00000000	0.00000000	0.00000000
67.10886383	0.00000000	0.00000000	0.00000000	0.00000000	0.00000000	0.00000000	0.00000000	0.00000000
73.81974792	0.00000000	0.00000000	0.00000000	0.00000000	0.00000000	0.00000000	0.00000000	0.00000000
80.53063202	0.00000000	0.00000000	0.00000000	0.00000000	0.00000000	0.00000000	0.00000000	0.00000000
87.24151611	0.00000000	0.00000000	0.00000000	0.00000000	0.00000000	0.00000000	0.00000000	0.00000000
93.95240784	0.00000000	0.00000000	0.00000000	0.00000000	0.00000000	0.00000000	0.00000000	0.00000000
100.66329193	0.00000000	0.00000000	0.00000000	0.00000000	0.00000000	0.00000000	0.00000000	0.00000000
107.37417603	0.00000000	0.00000000	0.00000000	0.00000000	0.00000000	0.00000000	0.00000000	0.00000000
120.79595184	0.00000000	0.00000000	0.00000000	0.00000000	0.00000000	0.00000000	0.00000000	0.00000000
134.21772766	0.00000000	0.00000000	0.00000000	0.00000000	0.00000000	0.00000000	0.00000000	0.00000000
147.63949585	0.00000000	0.00000000	0.00000000	0.00000000	0.00000000	0.00000000	0.00000000	0.00000000
161.06126404	0.00000000	0.00000000	0.00000000	0.00000000	0.00000000	0.00000000	0.00000000	0.00000000
174.48303223	0.00000000	0.00000000	0.00000000	0.00000000	0.00000000	0.00000000	0.00000000	0.00000000
187.90481567	0.00000000	0.00000000	0.00000000	0.00000000	0.00000000	0.00000000	0.00000000	0.00000000
201.32658386	0.00000000	0.00000000	0.00000000	0.00000000	0.00000000	0.00000000	0.00000000	0.00000000
214.74835205	0.00000000	0.00000000	0.00000000	0.00000000	0.00000000	0.00000000	0.00000000	0.00000000
241.59190369	0.00000000	0.00000000	0.00000000	0.00000000	0.00000000	0.00000000	0.00000000	0.00000000
268.43545532	0.00000000	0.00000000	0.00000000	0.00000000	0.00000000	0.00000000	0.00000000	0.00000000
295.27899170	0.00000000	0.00000000	0.00000000	0.00000000	0.00000000	0.00000000	0.00000000	0.00000000
322.12252808	0.00000000	0.00000000	0.00000000	0.00000000	0.00000000	0.00000000	0.00000000	0.00000000
348.96606445	0.00000000	0.00000000	0.00000000	0.00000000	0.00000000	0.00000000	0.00000000	0.00000000
375.80963135	0.00000000	0.00000000	0.00000000	0.00000000	0.00000000	0.00000000	0.00000000	0.00000000
402.65316772	0.00000000	0.00000000	0.00000000	0.00000000	0.00000000	0.00000000	0.00000000	0.00000000
429.49670410	0.00000000	0.00000000	0.00000000	0.00000000	0.00000000	0.00000000	0.00000000	0.00000000
483.18380737	0.00000000	0.00000000	0.00000000	0.00000000	0.00000000	0.00000000	0.00000000	0.00000000
536.87091064	0.00000000	0.00000000	0.00000000	0.00000000	0.00000000	0.00000000	0.00000000	0.00000000
590.55798340	0.00000000	0.00000000	0.00000000	0.00000000	0.00000000	0.00000000	0.00000000	0.00000000
644.24505615	0.00000000	0.00000000	0.00000000	0.00000000	0.00000000	0.00000000	0.00000000	0.00000000
697.93212891	0.00000000	0.00000000	0.00000000	0.00000000	0.00000000	0.00000000	0.00000000	0.00000000
751.61926270	0.00000000	0.00000000	0.00000000	0.00000000	0.00000000	0.00000000	0.00000000	0.00000000
805.30633545	0.00000000	0.00000000	0.00000000	0.00000000	0.00000000	0.00000000	0.00000000	0.00000000
858.99340820	0.00000000	0.00000000	0.00000000	0.00000000	0.00000000	0.00000000	0.00000000	0.00000000
966.36761475	0.00000000	0.00000000	0.00000000	0.00000000	0.00000000	0.00000000	0.00000000	0.00000000
1073.74182129	0.00000000	0.00000000	0.00000000	0.00000000	0.00000000	0.00000000	0.00000000	0.00000000
1181.11596680	0.00000000	0.00000000	0.00000000	0.00000000	0.00000000	0.00000000	0.00000000	0.00000000
1288.49011230	0.00000000	0.00000000	0.00000000	0.00000000	0.00000000	0.00000000	0.00000000	0.00000000
1395.86425781	0.00000000	0.00000000	0.00000000	0.00000000	0.00000000	0.00000000	0.00000000	0.00000000
1503.23852539	0.00000000	0.00000000	0.00000000	0.00000000	0.00000000	0.00000000	0.00000000	0.00000000
1610.61267090	0.00000000	0.00000000	0.00000000	0.00000000	0.00000000	0.00000000	0.00000000	0.00000000
1717.98681641	0.00000000	0.00000000	0.00000000	0.00000000	0.00000000	0.00000000	0.00000000	0.00000000
1932.73522949	0.00000000	0.00000000	0.00000000	0.00000000	0.00000000	0.00000000	0.00000000	0.00000000
2147.48364258	0.00000000	0.00000000	0.00000000	0.00000000	0.00000000	0.00000000	0.00000000	0.00000000
2362.23193359	0.00000000	0.00000000	0.00000000	0.00000000	0.00000000	0.00000000	0.00000000	0.00000000
2576.98022461	0.00000000	0.00000000	0.00000000	0.00000000	0.00000000	0.00000000	0.00000000	0.00000000
2791.72851562	0.00000000	0.00000000	0.00000000	0.00000000	0.00000000	0.00000000	0.00000000	0.00000000
3006.47705078	0.00000000	0.00000000	0.00000000	0.00000000	0.00000000	0.00000000	0.00000000	0.00000000
3221.22534180	0.00000000	0.00000000	0.00000000	0.00000000	0.00000000	0.00000000	0.00000000	0.00000000
3435.97363281	0.00000000	0.00000000	0.00000000	0.00000000	0.00000000	0.00000000	0.00000000	0.00000000
0	0	0	0	0	0	0	0	0
