%3/24/2015 6:26:27 PM
%Duration	ID1		ID2		ID3		ID4		ID5		ID6		ID7		ID8
3000.000000	3.204346	2.365112	3.290176	8.096695	9.384155	22.306442	21.619797	22.430420
%Tau		Tau1		Tau2		Tau3		Tau4		Tau5		Tau6		Tau7		Tau8
%		0.000001	0.000002	0.000001	0.000003	0.000005	0.000032	0.000021	0.000024
%Delaytime	D1		D2		D3		D4		D5		D6		D7		D8
0.00000000	5.57730770	26.77480507	26.45222664	9.15838909	6.25510216	2.18598914	3.22462463	4.11035919
0.00000020	3.93692303	4.46246767	3.34838295	2.80138969	2.09668231	1.49269819	1.63512802	1.78857994
0.00000040	1.64038455	2.97497845	3.01354480	1.88555074	1.88701403	1.57759094	1.73399627	1.41736531
0.00000060	1.31230772	4.46246767	0.33483830	1.23907626	1.22306466	1.53514457	1.55147028	1.69408894
0.00000080	2.29653835	5.20621204	1.00451493	1.77780497	1.60745645	1.42195415	1.61991751	1.68733966
0.00000100	2.29653835	3.71872306	0.66967660	1.61618638	1.71229053	1.39365661	1.32331288	1.29587686
0.00000120	1.96846151	2.97497845	1.33935320	1.45456779	1.67734575	1.40780532	1.33091819	1.41061592
0.00000140	1.31230772	0.74374461	2.00902987	1.40069485	1.43273282	1.39365661	1.35373390	1.34312236
0.00000160	3.60884595	2.23123384	0.66967660	1.50844061	1.15317523	1.35121012	1.69596994	1.55235243
0.00000180	0.98423076	0.00000000	0.66967660	1.56231356	1.39778817	1.50684690	1.42218113	1.47136021
0.00000200	1.31230772	1.48748922	0.66967660	0.91583896	1.18811989	1.49269819	1.36133909	1.39036787
0.00000220	1.64038455	0.74374461	0.66967660	1.61618638	1.39778817	1.37950778	1.46020734	1.43761337
0.00000240	0.32807693	2.23123384	1.33935320	1.77780497	1.36284351	1.39365661	1.57428598	1.41736531
0.00000260	2.29653835	2.23123384	1.67419147	1.67005920	1.74723518	1.43610299	1.39936543	1.40386653
0.00000280	0.65615386	0.74374461	1.00451493	1.07745755	1.67734575	1.37950778	1.63512802	1.46461082
0.00000300	1.64038455	0.00000000	0.33483830	1.18520331	1.29295409	1.23801982	1.45260215	1.41736531
0.00000340	1.64038455	0.74374461	0.50225747	1.77780497	1.52009463	1.30168939	1.38415492	1.38361847
0.00000380	0.65615386	1.11561692	1.84161067	1.31988549	1.52009463	1.33352423	1.39176011	1.31275022
0.00000420	1.47634614	0.74374461	1.17193401	1.29294908	1.85206938	1.47854936	1.39936543	1.39711726
0.00000460	0.82019228	2.60310602	1.17193401	0.88890249	1.27548170	1.50330973	1.36514175	1.53210437
0.00000500	0.82019228	1.85936153	1.67419147	1.53537703	1.45020521	1.47147501	1.36514175	1.33974767
0.00000540	1.64038455	1.48748922	1.17193401	1.48150420	1.65987349	1.43256581	1.57428598	1.38361847
0.00000580	1.31230772	1.48748922	1.00451493	1.26601267	1.22306466	1.29815221	1.33472073	1.48485887
0.00000620	0.98423076	2.23123384	1.17193401	1.34682202	1.32789874	1.30522656	1.36133909	1.37349451
0.00000700	1.47634614	1.30155301	1.00451493	1.49497235	1.38905203	1.46616912	1.35753655	1.43930066
0.00000780	1.47634614	0.55780846	1.50677240	1.57578170	1.28421783	1.45909476	1.35563517	1.42242730
0.00000860	1.80442297	0.74374461	0.83709574	1.40069485	1.29295409	1.37597060	1.37084568	1.45111203
0.00000940	1.47634614	0.18593615	1.50677240	1.36029017	1.64240110	1.40780532	1.32331288	1.32793629
0.00001020	1.23028839	1.30155301	1.75790107	1.61618638	1.23180079	1.40780532	1.34802997	1.43423867
0.00001100	1.06624997	1.30155301	2.17644906	1.31988549	1.34537113	1.33175552	1.31000376	1.32793629
0.00001180	1.55836535	1.48748922	1.75790107	1.30641735	1.26674557	1.46793771	1.40697062	1.31949961
0.00001260	1.64038455	2.04529762	0.83709574	1.30641735	1.35410726	1.40249956	1.34042466	1.37349451
0.00001420	0.94322115	1.02264881	1.17193401	1.27274680	1.27984977	1.34855723	1.31095433	1.33890402
0.00001580	1.31230772	1.48748922	1.25564361	1.34008789	1.32789874	1.33794570	1.30620110	1.32709265
0.00001740	1.43533647	0.74374461	0.75338620	1.13806462	1.33226681	1.27250743	1.33377016	1.33384192
0.00001900	1.35331726	1.11561692	1.13007927	1.27948093	1.31042635	1.31053233	1.31190503	1.35071540
0.00002060	1.35331726	0.83671266	1.25564361	1.38722670	1.39778817	1.24686277	1.22064209	1.31781220
0.00002220	0.90221149	1.02264881	1.33935320	1.17846918	1.28421783	1.28046620	1.27863204	1.30768824
0.00002380	1.23028839	1.39452112	1.00451493	1.21213984	1.04834116	1.23625124	1.23585260	1.26719201
0.00002540	1.27129805	1.11561692	1.25564361	1.20540571	1.13133478	1.22740817	1.20448089	1.21488452
0.00002860	1.50639009	0.79821229	1.10655057	1.09739316	1.18978560	1.20314515	1.22905827	1.19857156
0.00003180	1.30003524	0.98602694	1.19006383	1.05687404	1.14853394	1.21600115	1.18149400	1.11428380
0.00003500	0.99050301	1.69033194	0.96040243	1.13115907	1.20281243	1.18058789	1.13392985	1.14673460
0.00003820	1.09368050	1.12688792	1.23182046	1.00622511	1.27663124	1.11950004	1.17816460	1.14041293
0.00004140	1.44448364	0.89211965	1.04391563	1.21895063	1.20281243	1.18945968	1.15010166	1.16106343
0.00004460	0.92859662	1.22079527	1.02303731	1.05349743	1.16156077	1.11597610	1.14915037	1.11049080
0.00004780	1.09368050	1.22079527	1.00215900	1.19531441	1.15504730	1.11199212	1.14106452	1.10290492
0.00005100	1.09368050	1.12688792	1.12742889	1.13791227	1.12899363	1.06152749	1.09873235	1.11006939
0.00005740	1.15509689	0.74945927	0.96163291	1.01896095	1.07092524	1.11684823	1.08963072	1.09745920
0.00006380	0.89726275	1.00708592	0.99299049	1.03416932	1.08178663	1.08231342	1.09843528	1.09895182
0.00007020	1.03133643	1.24129188	1.17068350	1.00713217	1.05463326	1.07655764	1.04013455	1.06247473
0.00007660	1.25823057	1.31155372	0.87791896	1.04937768	1.09156179	1.04622889	1.06226504	1.04876947
0.00008300	1.07258999	1.14760947	0.98243308	1.11190093	1.07418370	1.02586222	1.05774367	1.05108881
0.00008940	1.10353005	0.77287990	1.12875295	1.08317399	0.99598223	1.06836665	1.02633262	1.04286563
0.00009580	1.05196321	1.17103016	1.04514158	1.00206268	1.03834128	1.04645026	1.03370953	1.06542659
0.00010220	1.03133643	0.84314167	0.95107883	1.06458604	1.02639389	1.01678574	1.04679739	1.03864861
0.00011500	0.93197566	1.03889453	0.92524654	0.97773379	1.03041935	1.04093814	1.03225458	1.03345692
0.00012780	0.89078337	1.02722156	0.97229296	0.99968636	1.01576114	1.01534402	1.02487457	1.01932311
0.00014060	0.82899493	1.02722156	1.08206797	0.99630904	1.02824771	1.01623034	1.02177966	1.01478767
0.00015340	1.02465832	0.88714582	1.04024899	0.98026675	1.01630402	0.99441880	0.99844921	0.99527454
0.00016620	1.13278806	0.85212696	1.04024899	1.06216669	0.99675971	1.00472307	1.02725518	0.98472691
0.00017900	0.97316796	1.10893226	1.11343229	1.03345954	1.00110281	0.99054080	1.00736046	0.99822783
0.00019180	0.98861510	0.91049176	0.98285264	1.01319563	1.02770483	1.02591753	1.01200271	0.99611831
0.00020460	0.87018722	0.87547290	0.88874972	1.01657295	1.03476250	0.99400645	1.01271689	1.01510406
0.00023020	0.95120621	1.07374215	1.02173746	1.00217927	1.03122127	0.99985468	1.00711191	0.99737549
0.00025580	1.10329604	1.11459100	0.92218357	1.00011587	0.99160069	0.99918985	1.01335573	1.02294648
0.00028140	0.96667296	0.97453767	0.95886135	1.00685632	0.98915833	1.00772190	1.00610101	1.00865841
0.00030700	1.03111780	1.15543985	0.95886135	0.98794109	1.00079298	1.01254189	1.00379801	1.01071465
0.00033260	0.93573946	0.93952435	1.04793584	0.97315401	0.98451108	1.00617063	1.00562525	1.00871110
0.00035820	0.95636177	1.00955105	1.09771287	1.01144707	0.99292344	1.01569986	1.00336552	1.00818384
0.00038380	1.00018430	1.08541322	1.00874603	0.99375409	1.00567758	0.99869120	1.00693345	1.00002682
0.00040940	0.94862843	1.07374215	0.90918154	0.99923044	0.99268621	1.00301266	1.00012219	1.00772464
0.00046060	1.02207124	0.94983149	0.97480261	0.98604709	1.00513744	0.99549115	0.99851424	1.01868165
0.00051180	1.06578255	0.99062175	1.06888545	1.00632548	1.00523853	0.99793243	1.00423610	1.00707495
0.00056300	1.06578255	0.86242366	0.93037462	1.01538956	1.01297319	1.00402009	1.00789297	1.00185168
0.00061420	1.01296461	0.98479456	0.99570990	1.01286006	0.99221170	0.99751633	0.99381900	0.99353790
0.00066540	0.96668708	1.06928885	0.99309647	0.99178076	0.98610538	1.00637805	1.00529552	0.99709445
0.00071660	1.00268078	0.84494209	0.96042883	1.00105572	1.00764644	1.00594985	1.00207090	0.99630409
0.00076780	1.01425016	1.01393056	0.97349590	1.00189888	1.03179955	0.99865371	1.00184917	1.00016558
0.00081900	0.98339844	0.90904117	0.93690813	0.99093759	0.99231327	1.01124859	0.98780143	0.98841566
0.00092140	0.98680508	0.96678054	0.98494083	1.02146018	0.98390114	1.00589716	1.00065792	0.99817133
0.00102380	0.99462986	0.94053310	1.02097273	1.00424707	0.99648190	0.99775434	0.99919009	0.99277222
0.00112620	1.01328719	1.07468665	0.97796506	0.99428302	0.99553239	1.00334859	0.99594992	1.00245976
0.00122860	0.98433614	0.96371049	1.02630794	1.00867105	1.00394213	0.99754494	1.00768423	0.99901652
0.00133100	1.01264381	1.00161743	0.95575339	1.01625514	1.01245439	0.99651992	1.00639343	1.00244260
0.00143340	1.00492358	1.01457727	0.97404534	0.99655777	0.99373543	1.00271308	0.99941289	1.00613904
0.00153580	1.00492358	1.03919291	0.95826423	0.99217629	1.00095797	1.00475788	0.99813676	0.99666637
0.00163820	0.95409840	1.01295805	0.99549741	0.97616494	1.00455248	0.99997765	0.99841779	0.99352252
0.00184300	1.02217948	1.01668334	1.02456391	1.01321518	1.00131869	0.99894017	1.00400972	1.00270879
0.00204780	0.97802794	0.97729957	1.00399423	1.00272095	1.00155640	1.00376010	1.00767410	0.99893767
0.00225260	0.97910655	0.99407411	0.99006033	0.99864447	0.99048585	1.00266290	0.99788290	0.99851209
0.00245740	1.00771475	0.98823953	0.99158716	1.00468791	1.00291526	1.00370133	1.00153208	0.99938703
0.00266220	1.02089381	0.98094624	0.98854315	0.99394989	1.00529253	1.00815940	1.00153077	0.99738240
0.00286700	1.00578606	0.99099880	0.99213433	0.99232829	1.00243986	0.99933308	1.00587881	1.00150180
0.00307180	1.02057230	1.01141667	1.01792526	0.99551630	1.00356174	1.00056887	1.00034940	0.99802142
0.00327660	0.98147023	1.00469363	1.02423739	1.00351584	0.99598801	1.00150335	0.99211323	0.99958664
0.00368620	0.99656981	0.98792446	1.00140226	1.00953054	1.00246871	1.00026560	0.99627799	1.00316799
0.00409580	0.99742860	1.00505817	0.96006632	1.00332630	0.99431980	1.00100124	0.99883687	0.99888545
0.00450540	0.97818863	1.00104821	1.02359056	1.00564981	0.99435401	1.00001621	0.99874169	1.00252581
0.00491500	0.99603230	1.04499173	1.00429523	1.00071764	1.00818408	1.00464654	0.99801123	1.00195956
0.00532460	0.97266525	1.03150558	1.00058460	0.98618662	1.00282288	0.99344164	0.99908412	0.99826151
0.00573420	1.01398337	0.95459831	0.99508119	0.98892879	1.00011885	0.99456012	0.99696189	0.99987459
0.00614380	0.99913752	0.99016035	1.00690699	1.00040174	1.00600410	0.99907821	1.00175655	0.99877816
0.00655340	1.00487149	1.01332235	1.00657976	1.01063418	0.99612141	1.00221455	0.99599022	1.00396299
0.00737260	1.01015365	1.00942063	0.99691999	1.00862265	1.00563622	1.00274944	1.00252128	0.99892622
0.00819180	1.01213443	0.99121648	1.00392258	0.99050349	0.99116600	1.00149274	1.00185370	0.99769169
0.00901100	0.99561590	0.99460489	1.00443828	0.99489480	1.00394917	1.00534284	0.99857360	1.00354135
0.00983020	0.99269962	1.00355124	1.00544465	0.98964536	1.00160873	0.99606705	1.00041413	1.00075948
0.01064940	1.01564074	0.97732890	0.99108422	1.00635922	0.99529368	1.00109470	0.99994814	1.00165236
0.01146860	1.00458539	1.00978470	0.99969184	1.00792718	1.00004351	0.99925840	0.99649692	1.00053859
0.01228780	0.98407406	0.99724692	1.00737607	0.99529898	1.00611591	1.00008249	1.00054777	1.00072885
0.01310700	0.99093282	1.00705409	1.00811183	0.99337173	1.00385833	0.99993533	1.00277531	0.99856347
0.01474540	0.99589634	1.00009012	0.99531841	0.99398279	1.00136924	0.99886429	0.99769098	0.99901551
0.01638380	1.00911248	1.01764882	0.99894023	0.99808520	1.00111365	1.00084174	0.99994498	0.99775505
0.01802220	0.99954116	1.00995409	0.99982595	0.99816418	1.00458598	0.99788785	0.99927419	0.99916297
0.01966060	1.00413907	0.98831874	1.00331414	1.00175083	1.00127983	1.00041711	1.00376797	1.00032961
0.02129900	0.99262249	1.00016022	0.99260408	1.00217450	0.99950224	1.00060976	1.00263810	0.99921626
0.02293740	0.99116886	0.99509031	0.99694568	0.99990159	0.99806231	0.99843162	1.00207567	1.00070572
0.02457580	1.00452435	0.98343486	1.01676178	0.99818391	0.99663723	1.00156891	0.99873722	0.99881458
0.02621420	0.99021530	0.98895502	0.99489295	0.99372965	1.00161731	0.99909002	0.99867970	1.00063145
0.02949100	1.00007164	1.01127934	0.99939197	0.99914747	1.00057852	1.00104439	0.99887806	0.99940765
0.03276780	1.00332320	0.99924994	1.00253260	0.99807209	1.00224257	0.99916101	1.00095499	0.99943000
0.03604460	1.00679922	0.99865824	1.00201559	1.00287652	1.00017571	1.00096881	0.99926126	1.00071430
0.03932140	1.00058424	1.00015998	1.00323164	1.00061083	0.99904472	0.99974453	0.99987453	0.99930799
0.04259820	0.99677545	1.00266135	0.99566597	0.99981183	0.99989074	1.00049198	1.00084734	1.00009036
0.04587500	0.99395704	1.00857484	1.01058137	1.00014019	0.99874651	0.99895400	0.99950212	0.99977165
0.04915180	0.99997705	0.99856740	1.00009799	0.99945289	0.99931812	1.00008404	0.99996150	0.99918848
0.05242860	1.00679290	1.00413883	0.99596786	0.99720412	0.99876189	0.99947047	0.99932849	1.00110745
0.05898220	0.99363458	0.99763596	1.00280905	0.99907988	0.99916857	1.00163925	0.99997306	1.00059152
0.06553581	0.99585700	0.99754524	0.99816114	1.00199831	1.00278318	0.99949741	1.00049818	1.00172627
0.07208940	0.99952185	1.00841177	1.00338650	1.00121534	0.99736977	1.00009859	1.00118577	1.00024438
0.07864300	0.99610209	1.00211382	1.00295150	1.00276458	0.99759406	0.99996984	1.00038838	0.99876726
0.08519660	1.00303066	1.00163531	1.00420344	0.99713618	0.99887913	1.00016701	1.00045633	1.00073731
0.09175020	1.00293958	0.99151766	0.99977946	0.99973023	0.99870157	1.00126243	0.99938357	1.00191593
0.09830380	1.00004709	1.00889266	1.00698042	1.00242198	1.00003648	0.99980557	0.99908054	1.00072825
0.10485740	0.99880600	1.00156772	0.99867785	0.99867296	0.99797523	1.00039029	1.00030529	1.00099730
0.11796460	0.99987555	1.00238454	0.99931151	0.99993211	1.00019491	0.99956560	0.99968457	1.00006628
0.13107181	1.00411665	1.00864112	0.99871010	0.99882597	1.00152278	1.00000727	1.00002658	1.00031042
0.14417900	0.99922895	1.00210083	1.00408924	1.00060725	1.00006461	1.00137258	0.99991715	1.00026011
0.15728620	0.99725115	0.99531829	1.00179267	1.00069106	1.00089490	1.00037920	0.99983460	1.00047898
0.17039341	0.99984562	1.00053918	1.00169241	0.99977481	0.99988192	0.99933326	0.99912924	0.99914354
0.18350060	0.99456263	1.00502634	0.99801648	0.99907511	1.00108969	1.00089240	0.99985194	1.00156426
0.19660780	1.00288570	0.99586475	1.00274670	0.99996382	1.00014818	1.00004494	0.99963790	1.00058508
0.20971501	1.00114048	0.99606520	1.00073910	1.00004768	0.99857312	1.00078344	1.00105321	0.99985486
0.23592941	1.00031245	1.00365186	0.99917978	1.00109196	1.00111532	0.99997962	0.99971330	1.00000238
0.26214382	0.99877095	0.99826020	1.00209749	0.99930906	0.99946856	1.00046039	0.99995553	1.00040936
0.28835821	0.99920756	1.00246048	1.00032020	1.00068820	1.00027382	1.00038421	1.00052428	1.00017738
0.31457260	0.99965763	1.00037849	0.99772257	1.00008595	0.99958843	1.00023460	0.99938786	0.99996418
0.34078699	0.99865204	1.00150597	0.99928379	0.99984735	0.99965340	0.99973428	0.99957693	1.00039923
0.36700141	1.00049829	1.00237691	1.00181007	1.00077796	1.00002050	0.99987209	0.99997616	1.00012290
0.39321581	0.99788368	0.99920481	0.99955845	1.00003803	0.99997401	0.99930906	0.99948394	1.00020027
0.41943020	1.00069392	1.00272453	1.00163054	1.00088382	1.00164235	1.00040495	1.00010347	0.99982262
0.47185901	0.99935526	0.99996352	1.00050056	1.00015235	0.99947482	1.00048745	0.99967563	1.00015497
0.52428782	0.99949759	1.00002456	1.00012898	1.00035179	1.00006938	1.00006223	0.99994373	0.99945956
0.57671660	0.99856436	1.00284171	1.00168622	0.99987680	1.00046623	1.00012767	0.99998158	1.00001574
0.62914538	1.00144279	1.00207782	1.00028539	0.99931574	1.00043321	1.00047421	0.99986845	0.99968398
0.68157423	1.00066328	1.00288904	1.00177646	0.99937129	1.00009656	0.99992150	1.00029111	0.99981350
0.73400301	1.00193071	1.00109029	0.99834281	1.00101769	0.99975282	1.00030589	1.00014198	0.99966019
0.78643179	0.99790663	0.99913645	1.00096822	0.99929249	0.99995679	1.00035393	1.00024021	1.00001991
0.83886063	1.00056672	1.00114834	1.00053787	1.00002027	1.00083017	0.99966294	1.00021970	1.00002718
0.94371825	0.99992818	1.00044405	1.00135720	0.99996668	1.00010848	0.99997032	0.99993992	0.99997175
1.04857588	0.99968445	0.99989194	1.00054085	0.99955958	0.99966949	1.00023198	0.99993694	1.00000072
1.15343344	0.99979258	0.99935395	1.00013554	1.00036335	1.00032055	1.00008476	0.99995238	1.00008154
1.25829101	1.00089085	1.00276220	0.99975163	1.00005484	1.00012314	1.00012994	0.99972856	0.99999368
1.36314869	1.00035691	1.00322747	1.00095367	0.99969560	0.99999154	1.00030196	0.99999809	1.00010955
1.46800625	0.99921262	1.00155139	1.00191402	1.00023234	1.00007761	1.00010061	0.99982071	1.00009656
1.57286382	0.99910164	0.99873310	1.00142968	0.99974668	0.99946535	1.00003922	1.00003874	1.00000846
1.67772150	1.00025761	1.00061107	0.99965322	0.99956667	0.99989915	1.00001967	1.00028908	0.99998814
1.88743675	1.00037670	1.00029242	0.99955076	0.99983597	0.99981749	0.99984837	0.99982953	1.00011277
2.09715199	0.99978977	1.00026274	1.00095403	1.00003839	0.99991351	0.99963903	0.99983788	0.99994469
2.30686712	1.00055265	0.99998486	1.00186026	0.99946743	0.99987966	0.99965477	1.00004709	0.99991465
2.51658225	0.99895298	0.99862248	1.00082469	0.99977058	1.00001955	0.99985230	1.00019002	0.99982983
2.72629738	1.00102079	1.00153816	0.99943900	0.99994081	1.00035441	0.99976963	1.00000787	0.99997497
2.93601274	1.00008976	0.99866188	0.99946111	1.00017953	0.99996275	1.00011861	0.99995685	1.00016832
3.14572787	0.99957889	1.00234818	1.00071371	1.00004876	0.99991423	0.99993402	1.00008976	1.00004971
3.35544300	1.00000572	1.00009990	1.00154722	1.00064635	0.99993050	0.99997318	1.00010419	0.99994713
3.77487350	0.99988389	0.99913830	1.00146127	0.99963206	1.00010717	0.99975538	0.99999845	0.99977273
4.19430399	1.00005186	0.99958915	1.00101507	0.99953991	0.99995023	1.00028348	1.00005007	1.00023592
4.61373425	1.00000656	0.99997187	0.99982244	1.00029230	0.99996567	1.00018072	1.00000858	0.99997139
5.03316450	1.00000000	1.00000000	1.00000000	1.00000000	1.00000000	1.00000000	1.00000000	1.00000000
5.45259476	0.00000000	0.00000000	0.00000000	0.00000000	0.00000000	0.00000000	0.00000000	0.00000000
5.87202549	0.00000000	0.00000000	0.00000000	0.00000000	0.00000000	0.00000000	0.00000000	0.00000000
6.29145575	0.00000000	0.00000000	0.00000000	0.00000000	0.00000000	0.00000000	0.00000000	0.00000000
6.71088600	0.00000000	0.00000000	0.00000000	0.00000000	0.00000000	0.00000000	0.00000000	0.00000000
7.54974699	0.00000000	0.00000000	0.00000000	0.00000000	0.00000000	0.00000000	0.00000000	0.00000000
8.38860798	0.00000000	0.00000000	0.00000000	0.00000000	0.00000000	0.00000000	0.00000000	0.00000000
9.22746849	0.00000000	0.00000000	0.00000000	0.00000000	0.00000000	0.00000000	0.00000000	0.00000000
10.06632900	0.00000000	0.00000000	0.00000000	0.00000000	0.00000000	0.00000000	0.00000000	0.00000000
10.90518951	0.00000000	0.00000000	0.00000000	0.00000000	0.00000000	0.00000000	0.00000000	0.00000000
11.74405098	0.00000000	0.00000000	0.00000000	0.00000000	0.00000000	0.00000000	0.00000000	0.00000000
12.58291149	0.00000000	0.00000000	0.00000000	0.00000000	0.00000000	0.00000000	0.00000000	0.00000000
13.42177200	0.00000000	0.00000000	0.00000000	0.00000000	0.00000000	0.00000000	0.00000000	0.00000000
15.09949398	0.00000000	0.00000000	0.00000000	0.00000000	0.00000000	0.00000000	0.00000000	0.00000000
16.77721596	0.00000000	0.00000000	0.00000000	0.00000000	0.00000000	0.00000000	0.00000000	0.00000000
18.45493698	0.00000000	0.00000000	0.00000000	0.00000000	0.00000000	0.00000000	0.00000000	0.00000000
20.13265800	0.00000000	0.00000000	0.00000000	0.00000000	0.00000000	0.00000000	0.00000000	0.00000000
21.81037903	0.00000000	0.00000000	0.00000000	0.00000000	0.00000000	0.00000000	0.00000000	0.00000000
23.48810196	0.00000000	0.00000000	0.00000000	0.00000000	0.00000000	0.00000000	0.00000000	0.00000000
25.16582298	0.00000000	0.00000000	0.00000000	0.00000000	0.00000000	0.00000000	0.00000000	0.00000000
26.84354401	0.00000000	0.00000000	0.00000000	0.00000000	0.00000000	0.00000000	0.00000000	0.00000000
30.19898796	0.00000000	0.00000000	0.00000000	0.00000000	0.00000000	0.00000000	0.00000000	0.00000000
33.55443192	0.00000000	0.00000000	0.00000000	0.00000000	0.00000000	0.00000000	0.00000000	0.00000000
36.90987396	0.00000000	0.00000000	0.00000000	0.00000000	0.00000000	0.00000000	0.00000000	0.00000000
40.26531601	0.00000000	0.00000000	0.00000000	0.00000000	0.00000000	0.00000000	0.00000000	0.00000000
43.62075806	0.00000000	0.00000000	0.00000000	0.00000000	0.00000000	0.00000000	0.00000000	0.00000000
46.97620392	0.00000000	0.00000000	0.00000000	0.00000000	0.00000000	0.00000000	0.00000000	0.00000000
50.33164597	0.00000000	0.00000000	0.00000000	0.00000000	0.00000000	0.00000000	0.00000000	0.00000000
53.68708801	0.00000000	0.00000000	0.00000000	0.00000000	0.00000000	0.00000000	0.00000000	0.00000000
60.39797592	0.00000000	0.00000000	0.00000000	0.00000000	0.00000000	0.00000000	0.00000000	0.00000000
67.10886383	0.00000000	0.00000000	0.00000000	0.00000000	0.00000000	0.00000000	0.00000000	0.00000000
73.81974792	0.00000000	0.00000000	0.00000000	0.00000000	0.00000000	0.00000000	0.00000000	0.00000000
80.53063202	0.00000000	0.00000000	0.00000000	0.00000000	0.00000000	0.00000000	0.00000000	0.00000000
87.24151611	0.00000000	0.00000000	0.00000000	0.00000000	0.00000000	0.00000000	0.00000000	0.00000000
93.95240784	0.00000000	0.00000000	0.00000000	0.00000000	0.00000000	0.00000000	0.00000000	0.00000000
100.66329193	0.00000000	0.00000000	0.00000000	0.00000000	0.00000000	0.00000000	0.00000000	0.00000000
107.37417603	0.00000000	0.00000000	0.00000000	0.00000000	0.00000000	0.00000000	0.00000000	0.00000000
120.79595184	0.00000000	0.00000000	0.00000000	0.00000000	0.00000000	0.00000000	0.00000000	0.00000000
134.21772766	0.00000000	0.00000000	0.00000000	0.00000000	0.00000000	0.00000000	0.00000000	0.00000000
147.63949585	0.00000000	0.00000000	0.00000000	0.00000000	0.00000000	0.00000000	0.00000000	0.00000000
161.06126404	0.00000000	0.00000000	0.00000000	0.00000000	0.00000000	0.00000000	0.00000000	0.00000000
174.48303223	0.00000000	0.00000000	0.00000000	0.00000000	0.00000000	0.00000000	0.00000000	0.00000000
187.90481567	0.00000000	0.00000000	0.00000000	0.00000000	0.00000000	0.00000000	0.00000000	0.00000000
201.32658386	0.00000000	0.00000000	0.00000000	0.00000000	0.00000000	0.00000000	0.00000000	0.00000000
214.74835205	0.00000000	0.00000000	0.00000000	0.00000000	0.00000000	0.00000000	0.00000000	0.00000000
241.59190369	0.00000000	0.00000000	0.00000000	0.00000000	0.00000000	0.00000000	0.00000000	0.00000000
268.43545532	0.00000000	0.00000000	0.00000000	0.00000000	0.00000000	0.00000000	0.00000000	0.00000000
295.27899170	0.00000000	0.00000000	0.00000000	0.00000000	0.00000000	0.00000000	0.00000000	0.00000000
322.12252808	0.00000000	0.00000000	0.00000000	0.00000000	0.00000000	0.00000000	0.00000000	0.00000000
348.96606445	0.00000000	0.00000000	0.00000000	0.00000000	0.00000000	0.00000000	0.00000000	0.00000000
375.80963135	0.00000000	0.00000000	0.00000000	0.00000000	0.00000000	0.00000000	0.00000000	0.00000000
402.65316772	0.00000000	0.00000000	0.00000000	0.00000000	0.00000000	0.00000000	0.00000000	0.00000000
429.49670410	0.00000000	0.00000000	0.00000000	0.00000000	0.00000000	0.00000000	0.00000000	0.00000000
483.18380737	0.00000000	0.00000000	0.00000000	0.00000000	0.00000000	0.00000000	0.00000000	0.00000000
536.87091064	0.00000000	0.00000000	0.00000000	0.00000000	0.00000000	0.00000000	0.00000000	0.00000000
590.55798340	0.00000000	0.00000000	0.00000000	0.00000000	0.00000000	0.00000000	0.00000000	0.00000000
644.24505615	0.00000000	0.00000000	0.00000000	0.00000000	0.00000000	0.00000000	0.00000000	0.00000000
697.93212891	0.00000000	0.00000000	0.00000000	0.00000000	0.00000000	0.00000000	0.00000000	0.00000000
751.61926270	0.00000000	0.00000000	0.00000000	0.00000000	0.00000000	0.00000000	0.00000000	0.00000000
805.30633545	0.00000000	0.00000000	0.00000000	0.00000000	0.00000000	0.00000000	0.00000000	0.00000000
858.99340820	0.00000000	0.00000000	0.00000000	0.00000000	0.00000000	0.00000000	0.00000000	0.00000000
966.36761475	0.00000000	0.00000000	0.00000000	0.00000000	0.00000000	0.00000000	0.00000000	0.00000000
1073.74182129	0.00000000	0.00000000	0.00000000	0.00000000	0.00000000	0.00000000	0.00000000	0.00000000
1181.11596680	0.00000000	0.00000000	0.00000000	0.00000000	0.00000000	0.00000000	0.00000000	0.00000000
1288.49011230	0.00000000	0.00000000	0.00000000	0.00000000	0.00000000	0.00000000	0.00000000	0.00000000
1395.86425781	0.00000000	0.00000000	0.00000000	0.00000000	0.00000000	0.00000000	0.00000000	0.00000000
1503.23852539	0.00000000	0.00000000	0.00000000	0.00000000	0.00000000	0.00000000	0.00000000	0.00000000
1610.61267090	0.00000000	0.00000000	0.00000000	0.00000000	0.00000000	0.00000000	0.00000000	0.00000000
1717.98681641	0.00000000	0.00000000	0.00000000	0.00000000	0.00000000	0.00000000	0.00000000	0.00000000
1932.73522949	0.00000000	0.00000000	0.00000000	0.00000000	0.00000000	0.00000000	0.00000000	0.00000000
2147.48364258	0.00000000	0.00000000	0.00000000	0.00000000	0.00000000	0.00000000	0.00000000	0.00000000
2362.23193359	0.00000000	0.00000000	0.00000000	0.00000000	0.00000000	0.00000000	0.00000000	0.00000000
2576.98022461	0.00000000	0.00000000	0.00000000	0.00000000	0.00000000	0.00000000	0.00000000	0.00000000
2791.72851562	0.00000000	0.00000000	0.00000000	0.00000000	0.00000000	0.00000000	0.00000000	0.00000000
3006.47705078	0.00000000	0.00000000	0.00000000	0.00000000	0.00000000	0.00000000	0.00000000	0.00000000
3221.22534180	0.00000000	0.00000000	0.00000000	0.00000000	0.00000000	0.00000000	0.00000000	0.00000000
3435.97363281	0.00000000	0.00000000	0.00000000	0.00000000	0.00000000	0.00000000	0.00000000	0.00000000
0	0	0	0	0	0	0	0	0
