%3/24/2015 8:11:02 PM
%Duration	ID1		ID2		ID3		ID4		ID5		ID6		ID7		ID8
3000.000000	4.777908	4.777908	6.885529	16.002655	15.792847	35.161972	41.522980	42.085648
%Tau		Tau1		Tau2		Tau3		Tau4		Tau5		Tau6		Tau7		Tau8
%		0.000002	0.000002	0.000002	0.000014	0.000017	0.000029	0.000024	0.000024
%Delaytime	D1		D2		D3		D4		D5		D6		D7		D8
0.00000000	5.13142109	14.90352917	11.95233631	5.29843950	4.24310684	1.67239559	2.49258041	2.93560481
0.00000020	2.23677325	2.66134453	2.71969318	1.68914819	1.95182908	1.53493845	1.63508594	1.70460784
0.00000040	2.89464760	1.86294115	1.28827572	1.71802258	1.41840994	1.45093679	1.45579171	1.50890076
0.00000060	1.44732380	0.79840338	1.64613020	1.55921376	1.72148907	1.51202893	1.47333133	1.47758770
0.00000080	2.63149786	1.72987390	1.35984659	1.57365096	1.61238062	1.40257227	1.42461002	1.47758770
0.00000100	1.57889879	1.33067226	1.43141747	1.34265625	1.38204050	1.52984738	1.54348993	1.45997405
0.00000120	1.05259919	0.93147057	1.64613020	1.64583671	1.30930150	1.60621250	1.48892212	1.51672912
0.00000140	1.57889879	0.66533613	1.78927195	1.58808804	1.56388795	1.45093679	1.56687617	1.47367358
0.00000160	0.39472470	1.72987390	1.14513397	1.12609887	1.36991727	1.49675584	1.45774055	1.59109771
0.00000180	2.23677325	1.33067226	1.86084282	1.47259080	1.61238062	1.34911668	1.44214976	1.39343369
0.00000200	1.71047366	0.66533613	1.14513397	1.32821918	1.44265628	1.45348227	1.51035953	1.49128723
0.00000220	1.31574893	1.72987390	1.14513397	1.73245978	1.18806994	1.44075477	1.44994509	1.52064323
0.00000240	1.18417406	1.59680676	1.35984659	1.44371641	1.38204050	1.38984478	1.46553588	1.51281500
0.00000260	1.71047366	0.66533613	2.07555532	1.44371641	1.33354783	1.40002680	1.43435431	1.49128723
0.00000280	2.10519838	1.59680676	1.35984659	1.80464554	1.64875007	1.45857334	1.43045664	1.43061805
0.00000300	1.97362339	1.19760501	1.00199223	1.45815361	1.44265628	1.49166489	1.54738772	1.44823170
0.00000340	1.18417406	0.99800420	1.39563203	1.32100058	1.48508739	1.45984602	1.42655885	1.43844628
0.00000380	2.03941083	0.73186976	1.61034477	1.45815361	1.40022528	1.48275566	1.46651042	1.45116723
0.00000420	0.92102426	1.33067226	1.10934854	1.47259080	1.64268851	1.51966536	1.41681468	1.47465205
0.00000460	1.11838663	1.33067226	1.25249028	1.39318633	1.27293205	1.48784661	1.48210120	1.46095264
0.00000500	1.24996150	1.53027308	1.28827572	1.33543766	1.44265628	1.36566246	1.44507301	1.37288451
0.00000540	1.97362339	0.86493695	1.46720290	1.53033948	1.52145684	1.43948209	1.38660741	1.45703852
0.00000580	1.05259919	1.26413870	1.68191564	1.41484213	1.48508739	1.33257091	1.38758194	1.44138193
0.00000620	1.57889879	0.99800420	1.46720290	1.58808804	1.47902584	1.49421036	1.34275830	1.41887558
0.00000700	1.51311135	1.46373951	1.37773931	1.38596773	1.35476339	1.38793564	1.39830053	1.40909028
0.00000780	1.24996150	1.26413870	0.80517238	1.38957703	1.46387184	1.38411736	1.42704618	1.40028346
0.00000860	1.28285527	1.23087180	1.35984659	1.26686120	1.40628684	1.42611814	1.40804482	1.38609469
0.00000940	1.38153636	1.09780467	1.34195387	1.40762353	1.41840994	1.34975302	1.42266119	1.41300440
0.00001020	1.87494230	1.26413870	1.55666661	1.42927933	1.44265628	1.34911668	1.35883629	1.33178604
0.00001100	1.18417406	0.93147057	1.25249028	1.29212618	1.45781028	1.37775362	1.36906779	1.35820639
0.00001180	1.08549285	1.46373951	1.30616844	1.34987485	1.37294817	1.33257091	1.38027370	1.35820639
0.00001260	0.95391798	1.16433823	1.23459756	1.31017268	1.30323994	1.32175255	1.36029804	1.38511610
0.00001420	1.29930210	1.04790437	1.31511486	1.28671229	1.40325606	1.30647945	1.32083380	1.32004356
0.00001580	1.21706784	1.38057244	1.21670485	1.27407980	1.37143266	1.30552495	1.31157672	1.31979895
0.00001740	1.34864271	0.89820379	1.17197311	1.33363307	1.29414761	1.27816081	1.26480424	1.27967906
0.00001900	1.29930210	1.13107145	1.15408039	1.38957703	1.31990933	1.28070629	1.26724029	1.27649879
0.00002060	1.06904602	1.39720583	1.04672408	1.19467533	1.31536305	1.23806906	1.26188099	1.24787664
0.00002220	1.15128028	1.06453776	1.10934854	1.15316856	1.30020916	1.26511502	1.23386621	1.25325859
0.00002380	1.10193980	1.29740548	1.13618767	1.23257291	1.31384766	1.24316013	1.22631443	1.22121155
0.00002540	1.24996150	1.01463759	1.17197311	1.13512206	1.25323188	1.22820532	1.20926201	1.21044767
0.00002860	1.06022680	1.14078236	1.23821473	1.22427571	1.17865956	1.19454432	1.20022893	1.18433297
0.00003180	0.99498212	0.94238544	1.01918042	1.18361712	1.21031165	1.17027915	1.15087783	1.17957020
0.00003500	1.08469367	1.11598277	1.12646258	1.18632770	1.17941320	1.17345107	1.17081285	1.15697777
0.00003820	1.19887185	1.09118319	1.11752236	1.13482678	1.13118160	1.14791715	1.14868987	1.15306985
0.00004140	1.26411664	1.07465005	1.18904376	1.12127388	1.15303659	1.11825967	1.11745036	1.11106920
0.00004460	1.06022680	1.00025117	0.98788977	1.07429063	1.11912370	1.12349331	1.11684263	1.09568179
0.00004780	0.97867095	1.04158390	1.02812052	1.11856329	1.18167412	1.09589767	1.11659944	1.09678984
0.00005100	1.07653809	1.02505088	1.12199247	1.14657259	1.06486320	1.08733356	1.07697272	1.07285368
0.00005740	1.02318561	1.10838568	1.15144575	1.08078313	1.04498982	1.08756757	1.05666792	1.07196224
0.00006380	1.01503277	0.88091844	1.04412663	1.02520776	1.04687607	1.07551086	1.04190421	1.06640899
0.00007020	1.06802642	1.00912726	1.08660710	1.07987952	1.05968118	1.07543159	1.04919493	1.03742218
0.00007660	0.99057412	0.96363384	1.09778619	1.05276954	1.03478301	1.04211676	1.02671528	1.03003812
0.00008300	1.10063791	0.92641193	0.98599535	1.03017795	1.02723813	1.02775967	1.02447557	1.02406609
0.00008940	1.09656143	0.92227614	0.98823118	0.97505438	1.05741763	1.04711401	1.03030825	1.02003002
0.00009580	1.05579710	1.07943535	0.94575065	1.05276954	1.03365123	1.01459253	1.02119482	1.01856542
0.00010220	1.04356778	1.01739883	0.84737468	1.03379261	1.00724411	1.01562369	1.00509429	1.00128722
0.00011500	1.00313771	1.00019753	1.03203332	1.02940369	1.00136209	1.01816082	1.01457369	1.01736283
0.00012780	0.98478764	1.01055157	1.00072575	0.99169576	1.02682042	1.01078689	1.02104676	1.00631189
0.00014060	1.06430459	1.06232154	1.03874218	0.98537350	1.02700901	1.00206506	1.00469685	1.01116574
0.00015340	1.00109875	1.07681727	1.02867901	1.00998521	1.01605070	0.99548399	1.00676346	0.99911547
0.00016620	1.06634355	1.02918875	1.00072575	1.01314640	1.00285041	1.00262010	1.00711405	1.00877047
0.00017900	1.05411017	1.01055157	0.96159118	1.00569510	1.03000546	0.99738693	1.00644314	1.00657248
0.00019180	0.98478764	0.93600267	1.01749766	1.00007248	1.01341069	1.02017331	1.00758970	1.00007820
0.00020460	0.96643752	0.96913552	1.08793986	1.02764297	0.98851854	1.00265038	0.99607217	0.99763590
0.00023020	1.00446069	1.00231791	0.97583783	0.98063797	1.00024676	1.00096500	1.00898516	0.99336851
0.00025580	0.96869653	0.98475146	1.01602840	0.98775798	0.99819100	0.99978548	1.00472128	1.00561178
0.00028140	1.03818107	0.97131836	1.01099861	1.00584054	0.99951214	0.99947870	1.00237250	1.00309289
0.00030700	0.98402399	0.98468536	1.01267517	1.00272059	1.00404167	0.99226969	1.00338268	1.00107777
0.00033260	0.98089302	1.02188230	0.98691839	1.01831746	1.00904298	1.00453639	1.00420344	0.99869633
0.00035820	1.02687240	1.02911508	1.02994931	0.99209660	0.99781352	1.00173974	0.99614722	1.00106251
0.00038380	0.95943600	0.99811763	1.00647795	0.99514818	0.99639809	1.00487351	1.00287414	1.01605237
0.00040940	1.02585065	1.01671612	0.99306566	1.00769353	1.00104225	1.00804698	1.00725126	1.00371766
0.00046060	0.99044096	1.00245440	0.97793877	0.99983644	0.99649906	1.00124776	1.00240815	0.99678415
0.00051180	0.98787904	1.02670312	1.01371360	1.00519514	1.01216745	1.01026320	0.99995780	0.99629593
0.00056300	1.00171340	1.00761366	0.98772097	1.01020241	0.99614173	0.99772692	1.00164497	0.99859422
0.00061420	0.99146575	0.95963210	1.01622903	1.00568140	1.00262773	1.00230896	0.99490732	1.00159383
0.00066540	1.01196110	0.97827125	1.01119816	1.00748980	1.00109065	1.00524592	0.99728650	1.00268519
0.00071660	0.99959707	0.96640402	1.00616741	1.00166905	1.00472474	0.99759001	0.99870801	1.00622678
0.00076780	1.03033817	0.99529809	0.98436707	1.00183868	0.99693727	0.99335378	1.00102627	1.00547850
0.00081900	0.99447358	1.01748466	1.00537848	0.99550933	1.00189292	1.00168657	1.00375557	0.99573612
0.00092140	0.99076337	0.98654664	0.99927849	0.99442410	1.00877929	1.00114715	1.00921810	0.99399728
0.00102380	1.00184739	1.00319445	0.99159813	1.00185192	0.99610031	0.99838585	1.00093758	0.99589771
0.00112620	0.99979752	0.99712306	0.99578744	1.01180995	1.01515281	1.00125813	1.00647414	0.99907792
0.00122860	1.01927078	0.99479991	0.98507738	0.99825901	0.99102885	1.00419497	1.00513065	1.00048590
0.00133100	0.98365521	1.01390088	0.98568457	1.00241673	1.00192380	1.00749063	1.00396883	0.99849719
0.00143340	0.98717642	1.02441514	0.99657607	0.99076504	0.99877584	1.00377834	1.00437498	0.99871808
0.00153580	1.01612818	0.99447513	0.99540991	0.99292105	0.99554688	1.00126684	1.00229812	1.00428450
0.00163820	0.98531711	1.01176810	1.00071573	0.99876738	1.00064170	1.00075901	0.99837649	0.99798393
0.00184300	0.99460727	1.01580477	0.98921061	1.00261700	0.99666947	1.00499082	0.99612397	0.99632037
0.00204780	1.00282085	1.00250351	0.99145138	1.00093138	1.00439966	0.99963027	0.99751282	0.99627596
0.00225260	1.01027119	1.00559700	1.00953233	0.99761266	1.00389135	0.99543858	1.00076997	1.00516367
0.00245740	1.00744736	1.00637174	0.99517202	0.99454570	1.00230420	0.99848771	0.99900007	1.00037885
0.00266220	1.01707387	1.00205421	1.00260079	0.99833423	0.99604303	0.99824703	1.00427938	1.00198162
0.00286700	0.97856778	0.99462169	0.99612868	0.99940705	1.00031328	1.00041986	0.99895507	1.00171292
0.00307180	0.99615222	0.99152279	0.99908125	1.01083553	1.00033319	0.99970657	0.99925798	1.00299561
0.00327660	0.99602389	1.01231134	0.99623978	1.00024199	1.00534737	0.99934244	1.00007427	1.00209999
0.00368620	0.99886096	1.00999916	1.01160681	1.00051260	1.00192201	1.00086904	0.99998122	0.99835420
0.00409580	0.97863722	0.99584198	0.99823737	0.99971145	1.00599372	1.00230372	0.99993497	0.99885613
0.00450540	1.01284897	0.99584198	1.00633585	1.00084651	0.99572450	1.00205886	0.99991858	1.00102973
0.00491500	1.00970709	1.00205326	0.99850225	1.00218022	1.00597596	1.00040817	0.99872112	0.99995691
0.00532460	1.01080179	0.99487400	0.99281943	0.99596024	1.00369978	0.99769050	0.99920833	1.00183141
0.00573420	0.98647070	0.99720013	0.98538530	0.99687552	1.00206840	0.99899256	1.00058460	0.99978030
0.00614380	1.00707829	1.00502563	0.99910176	0.99991423	1.00279343	0.99936342	0.99959117	0.99965698
0.00655340	1.01130843	1.00631905	0.98377383	0.99658269	0.99858350	1.00158989	0.99953973	0.99920583
0.00737260	0.99868757	1.00133145	1.00718832	1.00344813	0.99752617	1.00089657	1.00249374	1.00003135
0.00819180	1.00746298	1.00420880	0.99761397	0.99721861	0.99914736	1.00116718	1.00092459	1.00041533
0.00901100	1.00457799	1.00042117	0.99761397	0.99769193	1.00134850	0.99932140	1.00030184	0.99878734
0.00983020	1.00627005	1.00491726	1.00169611	0.99759179	1.00067604	0.99877673	1.00040805	1.00004351
0.01064940	1.00204217	1.00308812	1.00057316	1.00235105	1.00039887	1.00240135	1.00027966	1.00071061
0.01146860	1.00743771	1.00049841	1.00275779	1.00004685	0.99824917	1.00184476	0.99980229	0.99911070
0.01228780	1.00904179	1.00551641	0.99692518	1.00068319	1.00353217	0.99985278	1.00039196	1.00192893
0.01310700	1.00086927	0.99490422	1.00790143	1.00220776	0.99852574	0.99967277	1.00068593	0.99910796
0.01474540	0.99672490	0.99770641	0.99913621	1.00117934	1.00037444	1.00147855	0.99990958	1.00033903
0.01638380	0.99808592	0.99573696	1.00085557	1.00156581	1.00140142	0.99979275	0.99791467	0.99932420
0.01802220	1.00487125	0.99321681	1.00243771	1.00047827	1.00386119	1.00135887	1.00028336	1.00126421
0.01966060	0.99990374	0.99994385	0.99896735	1.00026309	0.99989694	1.00084007	1.00221014	1.00056148
0.02129900	1.00255716	1.00173473	0.99674982	1.00315821	1.00163674	1.00176167	0.99984419	1.00057673
0.02293740	1.00449526	1.00938928	0.99897605	0.99938661	1.00398803	1.00006282	1.00012362	0.99930686
0.02457580	1.00190187	1.00180113	0.99860954	0.99754822	1.00248134	0.99956399	0.99921215	1.00121891
0.02621420	1.00246179	0.99962509	1.00442219	1.00151563	1.00009322	0.99963874	0.99970466	1.00137341
0.02949100	1.00471628	1.00100660	1.00062370	1.00034666	1.00046039	1.00092232	1.00025082	0.99959338
0.03276780	0.99860781	1.00236523	1.00022352	1.00206125	1.00017297	1.00111032	1.00101125	1.00037849
0.03604460	1.00294936	1.00708973	1.00111914	1.00144625	1.00247276	0.99962944	1.00104153	1.00053799
0.03932140	0.99837053	0.99489760	0.99965316	0.99819696	1.00134170	1.00035274	0.99990654	1.00067472
0.04259820	0.99787259	0.99711454	1.00393713	0.99975985	1.00143230	1.00079298	1.00076127	0.99904686
0.04587500	1.00588226	0.99593580	0.99945813	0.99898767	1.00120282	1.00163937	0.99955302	0.99965793
0.04915180	0.99947357	1.00181091	1.00196946	1.00076509	1.00007105	1.00135314	0.99957234	1.00046253
0.05242860	1.00068045	0.99769896	1.00279903	1.00073743	0.99921256	1.00025129	0.99884826	1.00000191
0.05898220	1.00085974	1.00037992	1.00044000	1.00035012	1.00297403	1.00068140	0.99908614	1.00053358
0.06553581	1.00196302	1.00059295	0.99966401	0.99944657	1.00087678	1.00060964	0.99997109	1.00006759
0.07208940	1.00328696	1.00054550	1.00251746	1.00083160	1.00164032	1.00094271	1.00014484	0.99985206
0.07864300	1.00166428	1.00422454	1.00088382	1.00021219	1.00179446	1.00041211	1.00046337	1.00024438
0.08519660	0.99921334	1.00147450	1.00098979	1.00138044	1.00082493	1.00055516	1.00076473	1.00003755
0.09175020	0.99959177	1.00238979	1.00055289	0.99999470	1.00000715	0.99981999	0.99956113	0.99986267
0.09830380	1.00206375	1.00089347	0.99861884	1.00080502	1.00151861	1.00129247	1.00039196	1.00030577
0.10485740	1.00267863	0.99956268	0.99975765	0.99998188	1.00137055	0.99990726	0.99960071	0.99953514
0.11796460	1.00124478	0.99946100	1.00049949	1.00043428	1.00116694	1.00047636	1.00077116	1.00055492
0.13107181	1.00197983	0.99948406	1.00170338	0.99868143	1.00079644	1.00058460	1.00080717	0.99995887
0.14417900	1.00306797	1.00131297	0.99954760	1.00032282	1.00102937	1.00025487	0.99979103	1.00034237
0.15728620	0.99919754	1.00329566	1.00066972	1.00045645	1.00060236	1.00095320	1.00034750	0.99968147
0.17039341	1.00089884	1.00274694	0.99922168	0.99928445	1.00089538	1.00025010	1.00021875	1.00011241
0.18350060	1.00245297	1.00329399	0.99818796	1.00094593	1.00037682	1.00027895	0.99987400	0.99983835
0.19660780	0.99915755	0.99875128	0.99890965	1.00048745	1.00012410	0.99980044	1.00004780	1.00020957
0.20971501	1.00059283	0.99991488	0.99986178	1.00006473	1.00065458	0.99986494	0.99974555	1.00010657
0.23592941	1.00093985	1.00168598	0.99864322	1.00050914	1.00075543	1.00038540	0.99976629	0.99973243
0.26214382	1.00114298	1.00028610	1.00006092	0.99951726	0.99979734	1.00017869	1.00025201	0.99989378
0.28835821	1.00182533	0.99951524	0.99948049	1.00024569	1.00021124	1.00003505	1.00001240	1.00017381
0.31457260	1.00207925	1.00055468	1.00037193	1.00010335	0.99975753	1.00004709	1.00008571	1.00008070
0.34078699	0.99900329	1.00032520	1.00023615	0.99964315	1.00021100	0.99998075	0.99997544	0.99997020
0.36700141	1.00088632	0.99933809	1.00010419	0.99952608	1.00094712	0.99959683	0.99998856	0.99958467
0.39321581	1.00138140	1.00035238	1.00046420	0.99947178	1.00096309	0.99980038	1.00013387	1.00000083
0.41943020	1.00138438	1.00184286	1.00031400	0.99987864	1.00092208	0.99954921	1.00037837	1.00013006
0.47185901	1.00180864	1.00084984	0.99996191	0.99984878	1.00018489	0.99975330	1.00006878	0.99983931
0.52428782	0.99983782	0.99895978	0.99939084	0.99961972	1.00006616	1.00012839	1.00012982	0.99986690
0.57671660	1.00236595	1.00159454	0.99856418	1.00011098	1.00005519	1.00034595	1.00014389	1.00009000
0.62914538	1.00147331	1.00054491	0.99940258	1.00012660	1.00004709	1.00000536	1.00024521	1.00026178
0.68157423	1.00054681	0.99955857	0.99987954	1.00001991	0.99979275	1.00006509	1.00029624	1.00000000
0.73400301	1.00188124	1.00117147	1.00005770	0.99983436	1.00031769	1.00042725	1.00016713	1.00001872
0.78643179	1.00027955	0.99918479	1.00119066	1.00046241	1.00067985	1.00056517	1.00004649	0.99981111
0.83886063	1.00036597	0.99982232	0.99992782	1.00081992	1.00051498	1.00069797	1.00003839	0.99998754
0.94371825	1.00073278	0.99983644	0.99959129	1.00021291	1.00080621	1.00017655	1.00021756	0.99995857
1.04857588	1.00139093	0.99963570	1.00031674	1.00005710	1.00040555	1.00011277	1.00003052	1.00005007
1.15343344	1.00190473	0.99986440	1.00086141	0.99989384	1.00013041	0.99993813	1.00011539	1.00008178
1.25829101	1.00093484	0.99946827	0.99878216	0.99966687	1.00052774	0.99981695	1.00020349	1.00008965
1.36314869	1.00099766	0.99949700	0.99931353	0.99972969	1.00032377	0.99990958	1.00011921	1.00007105
1.46800625	1.00124669	1.00030506	1.00053370	1.00021112	0.99985051	0.99997228	0.99990672	0.99995899
1.57286382	1.00075924	0.99995792	1.00034773	1.00003386	0.99975646	1.00014079	1.00007856	1.00011897
1.67772150	1.00097418	1.00041735	0.99953604	1.00024068	1.00020540	1.00016797	1.00014246	1.00020206
1.88743675	0.99992144	1.00069499	1.00040078	0.99973077	0.99999344	1.00013649	0.99998665	0.99994373
2.09715199	1.00008023	1.00073636	0.99974239	1.00006258	0.99958491	1.00006115	1.00002837	0.99999559
2.30686712	1.00108230	1.00051498	0.99974078	1.00038147	0.99991286	1.00004661	0.99983698	0.99987423
2.51658225	0.99906856	1.00086677	1.00005364	1.00004613	1.00059557	1.00000501	1.00019360	0.99999332
2.72629738	1.00032234	1.00036287	1.00012040	0.99933749	1.00047421	1.00029159	1.00002658	1.00004709
2.93601274	1.00062227	0.99993527	0.99966043	0.99985307	1.00058591	1.00006843	0.99993676	0.99981701
3.14572787	0.99975866	1.00023568	1.00022042	1.00056231	0.99967867	0.99996591	1.00000536	1.00008512
3.35544300	1.00107217	0.99873507	1.00018716	0.99983841	0.99928027	1.00028527	1.00009727	1.00008321
3.77487350	0.99976772	1.00022531	0.99977833	0.99974185	1.00023448	0.99994522	0.99993885	0.99998599
4.19430399	1.00057960	1.00033820	1.00025129	1.00014961	0.99992561	0.99999970	1.00005710	1.00001419
4.61373425	0.99957770	1.00011206	0.99981892	0.99986786	0.99989235	0.99998266	0.99996579	0.99999118
5.03316450	1.00000000	1.00000000	1.00000000	1.00000000	1.00000000	1.00000000	1.00000000	1.00000000
5.45259476	0.00000000	0.00000000	0.00000000	0.00000000	0.00000000	0.00000000	0.00000000	0.00000000
5.87202549	0.00000000	0.00000000	0.00000000	0.00000000	0.00000000	0.00000000	0.00000000	0.00000000
6.29145575	0.00000000	0.00000000	0.00000000	0.00000000	0.00000000	0.00000000	0.00000000	0.00000000
6.71088600	0.00000000	0.00000000	0.00000000	0.00000000	0.00000000	0.00000000	0.00000000	0.00000000
7.54974699	0.00000000	0.00000000	0.00000000	0.00000000	0.00000000	0.00000000	0.00000000	0.00000000
8.38860798	0.00000000	0.00000000	0.00000000	0.00000000	0.00000000	0.00000000	0.00000000	0.00000000
9.22746849	0.00000000	0.00000000	0.00000000	0.00000000	0.00000000	0.00000000	0.00000000	0.00000000
10.06632900	0.00000000	0.00000000	0.00000000	0.00000000	0.00000000	0.00000000	0.00000000	0.00000000
10.90518951	0.00000000	0.00000000	0.00000000	0.00000000	0.00000000	0.00000000	0.00000000	0.00000000
11.74405098	0.00000000	0.00000000	0.00000000	0.00000000	0.00000000	0.00000000	0.00000000	0.00000000
12.58291149	0.00000000	0.00000000	0.00000000	0.00000000	0.00000000	0.00000000	0.00000000	0.00000000
13.42177200	0.00000000	0.00000000	0.00000000	0.00000000	0.00000000	0.00000000	0.00000000	0.00000000
15.09949398	0.00000000	0.00000000	0.00000000	0.00000000	0.00000000	0.00000000	0.00000000	0.00000000
16.77721596	0.00000000	0.00000000	0.00000000	0.00000000	0.00000000	0.00000000	0.00000000	0.00000000
18.45493698	0.00000000	0.00000000	0.00000000	0.00000000	0.00000000	0.00000000	0.00000000	0.00000000
20.13265800	0.00000000	0.00000000	0.00000000	0.00000000	0.00000000	0.00000000	0.00000000	0.00000000
21.81037903	0.00000000	0.00000000	0.00000000	0.00000000	0.00000000	0.00000000	0.00000000	0.00000000
23.48810196	0.00000000	0.00000000	0.00000000	0.00000000	0.00000000	0.00000000	0.00000000	0.00000000
25.16582298	0.00000000	0.00000000	0.00000000	0.00000000	0.00000000	0.00000000	0.00000000	0.00000000
26.84354401	0.00000000	0.00000000	0.00000000	0.00000000	0.00000000	0.00000000	0.00000000	0.00000000
30.19898796	0.00000000	0.00000000	0.00000000	0.00000000	0.00000000	0.00000000	0.00000000	0.00000000
33.55443192	0.00000000	0.00000000	0.00000000	0.00000000	0.00000000	0.00000000	0.00000000	0.00000000
36.90987396	0.00000000	0.00000000	0.00000000	0.00000000	0.00000000	0.00000000	0.00000000	0.00000000
40.26531601	0.00000000	0.00000000	0.00000000	0.00000000	0.00000000	0.00000000	0.00000000	0.00000000
43.62075806	0.00000000	0.00000000	0.00000000	0.00000000	0.00000000	0.00000000	0.00000000	0.00000000
46.97620392	0.00000000	0.00000000	0.00000000	0.00000000	0.00000000	0.00000000	0.00000000	0.00000000
50.33164597	0.00000000	0.00000000	0.00000000	0.00000000	0.00000000	0.00000000	0.00000000	0.00000000
53.68708801	0.00000000	0.00000000	0.00000000	0.00000000	0.00000000	0.00000000	0.00000000	0.00000000
60.39797592	0.00000000	0.00000000	0.00000000	0.00000000	0.00000000	0.00000000	0.00000000	0.00000000
67.10886383	0.00000000	0.00000000	0.00000000	0.00000000	0.00000000	0.00000000	0.00000000	0.00000000
73.81974792	0.00000000	0.00000000	0.00000000	0.00000000	0.00000000	0.00000000	0.00000000	0.00000000
80.53063202	0.00000000	0.00000000	0.00000000	0.00000000	0.00000000	0.00000000	0.00000000	0.00000000
87.24151611	0.00000000	0.00000000	0.00000000	0.00000000	0.00000000	0.00000000	0.00000000	0.00000000
93.95240784	0.00000000	0.00000000	0.00000000	0.00000000	0.00000000	0.00000000	0.00000000	0.00000000
100.66329193	0.00000000	0.00000000	0.00000000	0.00000000	0.00000000	0.00000000	0.00000000	0.00000000
107.37417603	0.00000000	0.00000000	0.00000000	0.00000000	0.00000000	0.00000000	0.00000000	0.00000000
120.79595184	0.00000000	0.00000000	0.00000000	0.00000000	0.00000000	0.00000000	0.00000000	0.00000000
134.21772766	0.00000000	0.00000000	0.00000000	0.00000000	0.00000000	0.00000000	0.00000000	0.00000000
147.63949585	0.00000000	0.00000000	0.00000000	0.00000000	0.00000000	0.00000000	0.00000000	0.00000000
161.06126404	0.00000000	0.00000000	0.00000000	0.00000000	0.00000000	0.00000000	0.00000000	0.00000000
174.48303223	0.00000000	0.00000000	0.00000000	0.00000000	0.00000000	0.00000000	0.00000000	0.00000000
187.90481567	0.00000000	0.00000000	0.00000000	0.00000000	0.00000000	0.00000000	0.00000000	0.00000000
201.32658386	0.00000000	0.00000000	0.00000000	0.00000000	0.00000000	0.00000000	0.00000000	0.00000000
214.74835205	0.00000000	0.00000000	0.00000000	0.00000000	0.00000000	0.00000000	0.00000000	0.00000000
241.59190369	0.00000000	0.00000000	0.00000000	0.00000000	0.00000000	0.00000000	0.00000000	0.00000000
268.43545532	0.00000000	0.00000000	0.00000000	0.00000000	0.00000000	0.00000000	0.00000000	0.00000000
295.27899170	0.00000000	0.00000000	0.00000000	0.00000000	0.00000000	0.00000000	0.00000000	0.00000000
322.12252808	0.00000000	0.00000000	0.00000000	0.00000000	0.00000000	0.00000000	0.00000000	0.00000000
348.96606445	0.00000000	0.00000000	0.00000000	0.00000000	0.00000000	0.00000000	0.00000000	0.00000000
375.80963135	0.00000000	0.00000000	0.00000000	0.00000000	0.00000000	0.00000000	0.00000000	0.00000000
402.65316772	0.00000000	0.00000000	0.00000000	0.00000000	0.00000000	0.00000000	0.00000000	0.00000000
429.49670410	0.00000000	0.00000000	0.00000000	0.00000000	0.00000000	0.00000000	0.00000000	0.00000000
483.18380737	0.00000000	0.00000000	0.00000000	0.00000000	0.00000000	0.00000000	0.00000000	0.00000000
536.87091064	0.00000000	0.00000000	0.00000000	0.00000000	0.00000000	0.00000000	0.00000000	0.00000000
590.55798340	0.00000000	0.00000000	0.00000000	0.00000000	0.00000000	0.00000000	0.00000000	0.00000000
644.24505615	0.00000000	0.00000000	0.00000000	0.00000000	0.00000000	0.00000000	0.00000000	0.00000000
697.93212891	0.00000000	0.00000000	0.00000000	0.00000000	0.00000000	0.00000000	0.00000000	0.00000000
751.61926270	0.00000000	0.00000000	0.00000000	0.00000000	0.00000000	0.00000000	0.00000000	0.00000000
805.30633545	0.00000000	0.00000000	0.00000000	0.00000000	0.00000000	0.00000000	0.00000000	0.00000000
858.99340820	0.00000000	0.00000000	0.00000000	0.00000000	0.00000000	0.00000000	0.00000000	0.00000000
966.36761475	0.00000000	0.00000000	0.00000000	0.00000000	0.00000000	0.00000000	0.00000000	0.00000000
1073.74182129	0.00000000	0.00000000	0.00000000	0.00000000	0.00000000	0.00000000	0.00000000	0.00000000
1181.11596680	0.00000000	0.00000000	0.00000000	0.00000000	0.00000000	0.00000000	0.00000000	0.00000000
1288.49011230	0.00000000	0.00000000	0.00000000	0.00000000	0.00000000	0.00000000	0.00000000	0.00000000
1395.86425781	0.00000000	0.00000000	0.00000000	0.00000000	0.00000000	0.00000000	0.00000000	0.00000000
1503.23852539	0.00000000	0.00000000	0.00000000	0.00000000	0.00000000	0.00000000	0.00000000	0.00000000
1610.61267090	0.00000000	0.00000000	0.00000000	0.00000000	0.00000000	0.00000000	0.00000000	0.00000000
1717.98681641	0.00000000	0.00000000	0.00000000	0.00000000	0.00000000	0.00000000	0.00000000	0.00000000
1932.73522949	0.00000000	0.00000000	0.00000000	0.00000000	0.00000000	0.00000000	0.00000000	0.00000000
2147.48364258	0.00000000	0.00000000	0.00000000	0.00000000	0.00000000	0.00000000	0.00000000	0.00000000
2362.23193359	0.00000000	0.00000000	0.00000000	0.00000000	0.00000000	0.00000000	0.00000000	0.00000000
2576.98022461	0.00000000	0.00000000	0.00000000	0.00000000	0.00000000	0.00000000	0.00000000	0.00000000
2791.72851562	0.00000000	0.00000000	0.00000000	0.00000000	0.00000000	0.00000000	0.00000000	0.00000000
3006.47705078	0.00000000	0.00000000	0.00000000	0.00000000	0.00000000	0.00000000	0.00000000	0.00000000
3221.22534180	0.00000000	0.00000000	0.00000000	0.00000000	0.00000000	0.00000000	0.00000000	0.00000000
3435.97363281	0.00000000	0.00000000	0.00000000	0.00000000	0.00000000	0.00000000	0.00000000	0.00000000
0	0	0	0	0	0	0	0	0
