%3/24/2015 8:10:57 AM
%Duration	ID1		ID2		ID3		ID4		ID5		ID6		ID7		ID8
3000.000000	2.918243	2.460480	3.986359	6.837845	10.538101	31.089783	25.310516	23.803711
%Tau		Tau1		Tau2		Tau3		Tau4		Tau5		Tau6		Tau7		Tau8
%		0.000001	0.000001	0.000002	0.000005	0.000011	0.000048	0.000048	0.000041
%Delaytime	D1		D2		D3		D4		D5		D6		D7		D8
0.00000000	7.10415173	28.56297302	24.00231743	11.61542416	5.87957573	2.10923457	3.05264878	3.96343398
0.00000020	3.55207586	5.92816401	4.08550072	2.37588239	1.85520601	1.44773626	1.60250914	1.66322672
0.00000040	1.57870042	2.15569615	2.29809427	1.45192802	1.74103940	1.41371644	1.53945971	1.45679784
0.00000060	1.97337556	2.15569615	2.04275036	1.84790850	1.76958108	1.38725650	1.60776329	1.49218571
0.00000080	2.76272583	1.07784808	2.29809427	1.25393784	1.59833133	1.29275668	1.47115600	1.41551208
0.00000100	0.78935021	1.07784808	0.76603144	1.25393784	1.34145665	1.54979610	1.62877989	1.41551208
0.00000120	5.13077641	1.61677206	1.27671909	1.84790850	1.54124808	1.47041631	1.50793493	1.59834909
0.00000140	1.57870042	2.15569615	2.04275036	1.38593137	1.11312354	1.42127633	1.50268078	1.40371621
0.00000160	0.78935021	1.07784808	1.53206289	0.98995095	1.22729015	1.45907629	1.42912292	1.50987959
0.00000180	1.57870042	1.07784808	1.27671909	0.98995095	1.62687290	1.37969649	1.35556519	1.48038971
0.00000200	2.36805058	0.53892404	1.27671909	1.78191173	1.94083083	1.37969649	1.42912292	1.55116534
0.00000220	1.18402529	0.00000000	0.76603144	1.25393784	1.85520601	1.40237641	1.45539355	1.40961421
0.00000240	1.57870042	1.61677206	1.27671909	1.45192802	1.22729015	1.36835647	1.42386878	1.58655322
0.00000260	1.18402529	1.61677206	2.55343819	1.18794119	1.48416483	1.51199615	1.50268078	1.57475722
0.00000280	1.18402529	2.15569615	2.04275036	1.51792479	1.85520601	1.45529628	1.42386878	1.36243045
0.00000300	2.36805058	1.07784808	2.55343819	1.31993461	1.76958108	1.42127633	1.47115600	1.39781821
0.00000340	0.98668778	1.34731007	2.04275036	1.15494275	1.38426912	1.37591648	1.48429132	1.48628771
0.00000380	0.39467511	2.69462013	1.78740668	1.64991820	1.46989393	1.45151627	1.51581609	1.53642046
0.00000420	1.38136292	1.88623405	1.27671909	1.45192802	1.19874847	1.38536644	1.52369726	1.40076721
0.00000460	0.98668778	2.15569615	1.40439093	1.45192802	1.58406043	1.41749644	1.46064770	1.50693059
0.00000500	0.59201264	1.34731007	1.53206289	1.31993461	1.49843562	1.43450630	1.37395465	1.52167559
0.00000540	1.97337556	0.53892404	0.51068759	1.51792479	1.56978965	1.44962633	1.42386878	1.38897133
0.00000580	0.98668778	1.07784808	0.89370334	1.41892970	1.44135237	1.33055663	1.54734087	1.41256309
0.00000620	0.59201264	0.80838603	1.91507852	1.38593137	1.61260211	1.42505634	1.34242988	1.36243045
0.00000700	1.57870042	0.80838603	1.59589875	1.48492646	1.33432126	1.40993643	1.36081934	1.50545609
0.00000780	0.78935021	1.21257901	1.40439093	1.17144191	1.61260211	1.40804636	1.40547943	1.42730808
0.00000860	1.38136292	1.75150299	2.04275036	1.43542886	1.54838347	1.46569121	1.48823190	1.39044571
0.00000940	0.69068146	2.02096510	1.78740668	1.45192802	1.19874847	1.44868135	1.37658167	1.43762946
0.00001020	1.28269410	1.07784808	1.40439093	1.68291664	1.53411257	1.40237641	1.44225824	1.42878258
0.00001100	1.57870042	0.80838603	1.40439093	1.35293293	1.49130023	1.39387143	1.38840342	1.39929271
0.00001180	1.48003161	1.48204100	1.46822691	1.36943221	1.25583172	1.35607159	1.48297775	1.40519071
0.00001260	2.07204437	1.75150299	1.78740668	1.61691988	1.43421698	1.38347650	1.38840342	1.42878258
0.00001420	1.67736924	1.41467547	1.08521116	1.23743868	1.33075356	1.37497151	1.41861475	1.39560652
0.00001580	1.18402529	0.87575150	1.59589875	1.51792479	1.31291497	1.41560638	1.41073346	1.40003002
0.00001740	0.98668778	0.60628951	1.11712921	1.35293293	1.39497221	1.36882901	1.38052225	1.40666521
0.00001900	1.33202851	0.94311702	1.27671909	1.43542886	1.26296711	1.35181904	1.35425162	1.34105027
0.00002060	1.08535659	1.07784808	1.50014484	1.20444036	1.22015464	1.35229158	1.33389187	1.34547377
0.00002220	1.18402529	1.48204100	1.34055495	1.35293293	1.26653481	1.39103651	1.33783245	1.33441508
0.00002380	0.88801897	1.27994454	1.40439093	1.38593137	1.45919085	1.38631141	1.36870050	1.34842277
0.00002540	1.28269410	1.48204100	1.37247300	1.20444036	1.33075356	1.33339155	1.31681597	1.34399927
0.00002860	1.46944964	1.07755601	1.26642263	1.28766870	1.32917738	1.31723034	1.32406247	1.31043601
0.00003180	1.10208726	1.24592412	1.17023873	1.20512593	1.30429971	1.29776859	1.30079305	1.26657045
0.00003500	1.15106893	1.24592412	1.29848397	1.30417728	1.26698327	1.24792743	1.23885047	1.27246833
0.00003820	1.17555976	1.04388237	1.15420806	1.16798162	1.28297603	1.28590167	1.26539731	1.24703372
0.00004140	0.97963309	1.14490330	1.34657598	1.21750724	1.26165235	1.21256399	1.25261545	1.21534991
0.00004460	1.29801393	1.14490330	1.31451464	1.12258303	1.22611284	1.22965240	1.27096879	1.22972620
0.00004780	1.29801393	1.04388237	1.04199338	1.21338010	1.26157379	1.19998503	1.20542121	1.22751439
0.00005100	1.34699559	1.27959776	0.97787070	1.22576153	1.19049931	1.17720044	1.25032139	1.16816616
0.00005740	1.28576851	1.07697237	1.09769022	1.09813261	1.15930915	1.17737091	1.15395474	1.14643919
0.00006380	1.16331434	0.79090160	1.10570264	1.11671007	1.14775169	1.14865446	1.15182507	1.16468346
0.00007020	1.16331434	1.00966156	1.04160392	1.19721222	1.11219001	1.14792943	1.14985919	1.14643919
0.00007660	0.79595190	0.97600621	1.17781365	1.06304193	1.13263798	1.11992538	1.13970232	1.11326778
0.00008300	1.11433268	0.84138465	1.12973964	1.01556623	1.14686263	1.07293558	1.14510834	1.09207499
0.00008940	0.95514226	1.04331696	1.02557921	1.06717026	1.13619411	1.07993650	1.11448872	1.09336495
0.00009580	1.05310559	0.92552316	0.96148050	1.07955515	1.04551196	1.08812416	1.09548533	1.09576070
0.00010220	1.10208726	1.19476628	0.92943114	1.09606838	1.09529829	1.07519007	1.09073436	1.07438362
0.00011500	1.13049281	1.00369298	1.00898874	1.08186972	1.05680633	1.06855726	1.06176651	1.06579006
0.00012780	1.12434876	0.89404583	1.08906722	0.99093896	1.07769358	1.05047309	1.05258584	1.03333974
0.00014060	1.09977281	1.10490572	1.00498474	1.01987147	1.07769358	1.04238021	1.05225790	1.04394150
0.00015340	1.19193256	0.91091460	1.04902792	1.02503800	1.01725388	1.01979852	1.03217506	1.02412093
0.00016620	1.06290901	0.93621778	1.03301227	0.97957259	1.07680476	1.02519763	1.01380014	1.03158820
0.00017900	1.05062103	1.15551209	1.04102015	0.98060590	1.06658340	1.02703702	1.03880084	1.02319908
0.00019180	1.11193216	0.99525857	1.07705545	0.97337276	1.06080604	1.03202081	1.00929177	1.02006459
0.00020460	1.01363981	0.90248024	0.91289455	1.01883817	1.05591750	1.02248001	1.00912786	1.01185989
0.00023020	0.98508811	0.99879849	0.92925745	0.98422247	1.01721966	1.00998139	1.00220525	0.99960661
0.00025580	1.03126419	0.93979776	0.93526560	1.00333858	1.01235855	1.00550616	1.01364565	0.99398983
0.00028140	1.02818573	0.97351247	0.98933876	1.03588772	1.02214420	1.00402439	1.00917602	1.00324368
0.00030700	1.02818573	0.97351247	1.07144988	0.99352223	1.00549555	1.00651383	1.00752234	0.99673808
0.00033260	0.98520225	1.13365734	0.99734962	1.01470494	1.00991225	1.00239432	1.00301194	1.01211500
0.00035820	0.97596598	0.95665509	0.99734962	1.05603707	1.03548801	1.00751483	1.00018263	1.00622201
0.00038380	0.91439086	0.99458414	0.94527918	1.00643849	0.99567872	1.00315797	0.99825537	1.00069737
0.00040940	0.94517845	1.02829885	1.02739024	1.05707037	1.02433622	1.00336552	0.99723023	0.99950039
0.00046060	0.99135977	1.03799033	1.00113988	1.01189315	1.00282288	1.00014853	1.00259626	1.00120294
0.00051180	0.97288722	0.95798302	1.02114272	0.96434760	1.00379264	0.99596763	1.00261045	1.00446904
0.00056300	1.03908050	0.98114306	0.99213868	0.99143255	0.98655295	0.99920046	0.99757099	1.00488377
0.00061420	1.02522612	0.97061574	0.98213726	0.99939507	0.99745291	0.99490458	0.98554963	0.99752563
0.00066540	1.02522612	1.00640857	0.98713797	0.98776823	1.00371265	1.00133359	1.00213861	1.00128973
0.00071660	1.09911633	1.00219762	0.98613781	1.01696455	0.99400496	1.00158191	0.99692786	1.01269937
0.00076780	1.01906860	1.11799777	0.98513770	0.96683985	1.00268042	1.00233746	1.00032616	1.00727093
0.00081900	1.09295881	1.01483035	1.02614343	0.99655294	0.99367130	0.99174935	1.00642610	1.00272357
0.00092140	0.98460352	1.01144159	1.00914109	0.99337870	0.99819380	0.99573123	0.99860352	1.00305223
0.00102380	0.94142592	0.94506568	0.98022854	0.99936366	0.99304706	1.00028682	0.99470717	0.99149144
0.00112620	1.00542128	0.99036986	1.00973535	0.99660563	0.98075843	1.00114191	0.99313408	1.00793052
0.00122860	0.98768765	0.92386878	1.01023555	1.00060701	1.00300038	1.00700438	0.99674618	1.00979638
0.00133100	0.96621090	0.98707527	0.97122639	0.99161869	0.99165696	1.00420725	1.00741494	0.99960208
0.00143340	0.98229045	0.99866313	0.99482483	0.99148959	0.99755108	1.00521517	0.99363691	1.00137579
0.00153580	1.01313162	0.95968580	0.98432136	0.99213499	1.00419927	0.99987549	1.00214458	0.99599797
0.00163820	1.03264678	1.04712152	1.01533151	1.00994849	0.98579353	0.99846166	0.99315703	1.00385320
0.00184300	1.00329745	1.02857780	0.99776202	0.99136204	0.99627978	0.99792439	1.00085342	0.99182290
0.00204780	1.00907683	1.01645827	0.98500550	0.98828709	1.00386894	1.00155091	0.99074686	1.00031614
0.00225260	0.99482107	0.97430342	0.96856624	0.99445462	0.99422801	1.00154769	0.99854267	1.00221050
0.00245740	0.98518878	0.99538082	1.01623690	1.00661492	1.00315619	0.99763745	0.99695557	1.00178647
0.00266220	1.00664842	1.00117707	0.98047858	0.99875426	1.00268340	0.99926960	1.00076544	1.00218737
0.00286700	1.00433695	0.97311759	0.99632531	0.99759448	0.98557794	1.00649905	0.99951059	0.99912095
0.00307180	1.01100326	0.99840707	1.01333082	0.99406809	1.00270438	0.99881822	1.00827551	0.99698508
0.00327660	0.97902411	0.98734289	0.98907292	0.98213089	1.00785673	1.00540793	1.00215614	0.99921370
0.00368620	0.97154593	0.99955821	0.98441643	0.98367602	0.99886155	0.99986291	1.00247204	0.99825472
0.00409580	0.96710789	0.99442434	0.99997646	1.01008236	1.00716174	0.99599409	1.00435293	0.99866927
0.00450540	1.01488638	1.01231349	1.00141716	1.00869644	0.99849665	0.99971890	1.00150716	1.00049365
0.00491500	0.97088677	0.98968899	1.00780201	0.99695659	1.00275636	1.00209963	1.00262487	1.00123084
0.00532460	1.00106859	1.00468421	0.99966443	1.00552309	0.99609476	1.00045669	1.00109661	1.00249875
0.00573420	1.00647140	1.02718484	1.01518834	1.00605583	1.00110805	1.00113440	0.99948859	1.00236773
0.00614380	0.99269360	0.99969369	1.01255929	0.98866200	1.00789165	0.99816930	1.00019968	1.00228810
0.00655340	0.99720937	1.01245070	1.00079119	0.98632610	0.99616110	0.99750882	1.00104201	0.99817801
0.00737260	0.99798042	1.01447225	0.99341530	1.00112426	1.00229597	1.00126958	1.00211632	1.00150096
0.00819180	1.00281584	0.98571819	1.01273954	1.00071764	1.00264370	1.00182998	0.99842775	0.99990928
0.00901100	1.02044296	0.99991328	0.99679101	1.00202370	0.99710840	1.00047314	0.99978745	0.99811709
0.00983020	1.00064170	0.99347895	0.99106890	0.99635160	1.00216377	1.00340819	0.99952799	1.00029314
0.01064940	1.00750661	1.00057423	1.00745535	0.98733389	1.00026774	0.99990338	0.99548918	0.99743974
0.01146860	1.00719702	1.00241375	0.99650747	1.00126672	1.00370479	0.99950874	0.99773270	1.00081444
0.01228780	0.99667007	0.99584407	0.99613208	0.99704051	1.00592780	0.99809730	1.00090396	0.99851370
0.01310700	1.00328445	0.99492091	1.00776958	0.99970287	1.00269270	1.00123656	1.00028276	1.00098896
0.01474540	0.99836582	0.99760675	1.01360989	1.00137413	0.99774855	1.00080860	1.00106573	0.99932826
0.01638380	1.01005340	0.99531162	1.00167215	1.00200915	0.99940461	1.00021255	1.00103617	1.00041354
0.01802220	1.00695205	0.99537396	1.00392187	0.99341255	1.00273812	0.99985838	0.99990171	0.99923825
0.01966060	0.99805659	1.00817466	1.01057923	0.99527603	1.00185788	0.99993384	1.00041425	0.99985683
0.02129900	0.98638093	0.98756611	0.99735749	0.99901265	1.00140882	0.99874657	1.00022447	1.00103140
0.02293740	1.00526476	1.00583482	0.99873340	0.99983418	0.99886626	1.00124550	0.99883759	0.99836695
0.02457580	1.01254475	1.00084114	0.99338466	1.00272083	0.99891132	1.00031459	1.00093305	0.99766964
0.02621420	0.98750728	1.01922572	0.99485427	1.00117540	0.99864423	0.99965155	1.00141466	0.99955636
0.02949100	1.01075280	0.99689519	1.00218976	0.99958158	1.00011718	0.99940813	1.00027037	1.00097370
0.03276780	0.99632841	1.00245953	1.00464141	1.00222623	0.99578905	0.99955183	1.00021529	1.00095737
0.03604460	1.00297523	0.99684364	0.99873710	1.00165725	1.00190246	0.99984163	1.00207722	0.99978006
0.03932140	0.99955374	1.00198352	1.00183058	0.99837995	0.99919951	0.99952847	0.99955434	0.99822515
0.04259820	0.99337977	1.00617361	1.00169027	1.00240672	0.99641508	0.99929470	1.00024354	1.00165212
0.04587500	1.00651836	0.99166489	0.99870944	1.00028050	1.00080907	1.00029922	0.99897623	0.99963641
0.04915180	1.00306833	0.98991919	1.00601304	1.00010514	0.99565792	0.99891937	0.99964064	1.00115311
0.05242860	0.99733037	1.00624907	1.00155008	0.99947298	0.99753201	1.00197232	1.00241923	1.00018144
0.05898220	1.00064421	1.00033355	0.99783826	0.99836981	1.00119674	0.99892730	1.00133693	0.99901712
0.06553581	0.99355841	0.99468929	0.99946916	0.99816000	0.99861640	1.00106680	1.00029981	0.99986929
0.07208940	0.99899268	0.99294662	1.00313413	0.99939471	1.00228930	1.00087118	1.00017524	1.00128055
0.07864300	0.99996680	0.99490958	0.99522078	1.00001526	0.99854749	1.00002658	0.99926311	1.00041354
0.08519660	0.99966741	0.99947369	0.99716747	1.00163317	1.00094235	1.00042057	0.99999940	0.99913400
0.09175020	0.99788851	0.99280930	1.00118446	1.00217438	0.99881864	1.00047636	0.99966174	1.00016582
0.09830380	0.99188095	0.99621075	0.99604148	0.99907637	1.00045109	0.99958795	1.00169039	1.00054276
0.10485740	1.00367928	0.99939340	0.99738926	1.00307858	0.99922305	1.00089192	0.99922282	1.00050104
0.11796460	0.99969202	1.00383306	0.99967480	1.00002503	1.00034654	0.99939120	1.00061965	0.99973911
0.13107181	0.99783683	0.99959558	1.00285172	0.99866599	1.00087285	1.00019133	0.99966097	0.99908704
0.14417900	0.99721378	1.00541162	1.00057423	1.00009656	1.00083959	1.00083649	1.00022292	0.99909031
0.15728620	1.00016522	0.99327058	1.00015724	0.99955755	0.99962348	1.00001192	1.00001955	1.00059521
0.17039341	0.99913198	0.99897015	1.00452435	0.99948847	0.99930042	0.99961138	1.00091755	1.00097513
0.18350060	0.99746114	0.99750340	0.99725807	1.00009608	1.00089335	0.99976617	0.99987435	0.99943417
0.19660780	1.00085950	0.99903405	0.99723703	1.00062537	0.99995428	1.00028038	1.00043964	0.99998838
0.20971501	1.00171101	0.99877137	0.99734408	0.99924320	0.99984699	0.99987870	1.00117195	0.99980104
0.23592941	0.99903888	0.99949616	0.99773967	0.99961841	0.99975866	0.99955130	1.00013888	1.00031877
0.26214382	1.00020707	1.00121498	1.00061643	1.00109363	1.00018811	0.99984527	1.00021839	0.99949032
0.28835821	1.00350118	0.99902850	1.00240815	0.99956149	0.99969387	0.99972540	1.00001621	1.00032604
0.31457260	0.99780291	1.00193000	1.00062668	1.00063217	1.00013471	1.00003278	1.00068605	0.99940640
0.34078699	1.00188541	1.00141597	0.99882233	1.00061095	0.99859172	0.99964905	1.00063634	1.00032282
0.36700141	1.00219893	0.99821401	0.99941260	0.99968940	0.99986368	0.99995905	1.00046897	0.99969137
0.39321581	1.00101614	0.99799073	0.99892086	1.00176084	1.00152004	1.00091445	1.00085151	0.99977714
0.41943020	0.99878228	0.99889761	1.00158763	0.99990296	0.99956560	0.99951321	0.99997151	1.00049961
0.47185901	0.99957108	1.00158906	0.99875927	0.99988270	1.00016034	0.99985433	1.00024343	1.00060046
0.52428782	0.99998724	0.99878389	1.00107944	1.00011086	0.99980521	1.00045800	0.99991423	1.00048339
0.57671660	1.00032794	1.00015688	1.00090635	0.99997956	1.00037324	0.99982828	1.00007892	0.99969023
0.62914538	0.99978882	0.99772209	1.00062954	1.00017047	0.99920487	1.00024152	1.00049639	0.99991328
0.68157423	1.00045085	0.99749476	0.99780971	0.99945623	0.99895722	0.99999189	1.00060701	1.00015175
0.73400301	0.99963915	1.00111771	0.99934995	0.99931675	1.00029624	0.99973518	1.00016022	0.99998355
0.78643179	1.00383222	0.99890411	0.99953300	1.00004935	0.99886340	0.99986911	0.99988812	1.00004113
0.83886063	0.99910271	1.00302625	0.99853456	0.99968255	0.99950624	0.99975210	1.00059903	1.00038767
0.94371825	0.99805999	0.99974483	0.99940020	0.99966377	0.99983257	0.99974370	1.00022089	1.00000286
1.04857588	0.99994570	0.99950022	1.00016606	0.99993205	1.00013793	1.00011396	1.00020552	1.00005472
1.15343344	0.99932569	0.99894851	1.00192606	0.99966961	1.00015032	0.99993277	0.99986672	0.99989450
1.25829101	0.99905550	1.00083220	0.99927711	0.99994695	0.99976587	1.00012910	0.99994057	0.99990082
1.36314869	0.99949163	1.00129139	0.99916732	0.99981481	1.00006378	0.99994630	1.00010073	0.99990451
1.46800625	1.00054085	0.99813086	1.00108182	1.00014877	1.00036681	1.00013423	0.99990475	0.99981034
1.57286382	0.99967301	1.00163651	0.99977833	1.00007367	1.00010550	1.00004578	1.00002122	1.00002146
1.67772150	0.99845135	1.00048244	1.00076210	0.99978620	1.00016081	0.99998641	1.00005853	0.99967533
1.88743675	0.99947435	0.99918544	1.00042927	0.99946702	0.99959320	0.99971831	0.99994248	0.99990857
2.09715199	0.99981821	1.00038934	0.99971128	0.99986559	0.99993396	0.99973321	0.99984926	0.99984103
2.30686712	1.00017440	0.99968922	0.99953002	0.99986839	1.00001276	0.99970061	0.99983162	0.99983692
2.51658225	1.00016975	1.00019312	0.99960351	1.00054789	1.00008678	0.99976653	0.99983734	0.99994773
2.72629738	1.00018895	1.00000978	0.99913383	1.00002217	1.00006557	1.00010109	0.99996400	0.99997866
2.93601274	1.00169241	1.00002491	0.99967062	1.00051200	1.00000322	1.00020957	0.99999011	1.00018013
3.14572787	0.99959028	0.99949098	0.99885911	0.99984604	0.99951530	1.00019622	0.99976063	0.99978083
3.35544300	1.00043547	1.00023329	1.00046694	0.99991751	1.00046873	0.99988788	1.00011551	1.00035775
3.77487350	0.99969029	1.00112748	0.99952662	0.99991465	0.99992168	1.00008202	0.99982148	1.00001383
4.19430399	0.99903089	0.99953276	1.00007653	1.00004840	1.00001216	1.00024915	0.99994302	0.99990380
4.61373425	1.00017738	1.00034416	0.99961823	0.99999529	0.99996108	0.99982488	1.00002539	0.99996322
5.03316450	1.00000000	1.00000000	1.00000000	1.00000000	1.00000000	1.00000000	1.00000000	1.00000000
5.45259476	0.00000000	0.00000000	0.00000000	0.00000000	0.00000000	0.00000000	0.00000000	0.00000000
5.87202549	0.00000000	0.00000000	0.00000000	0.00000000	0.00000000	0.00000000	0.00000000	0.00000000
6.29145575	0.00000000	0.00000000	0.00000000	0.00000000	0.00000000	0.00000000	0.00000000	0.00000000
6.71088600	0.00000000	0.00000000	0.00000000	0.00000000	0.00000000	0.00000000	0.00000000	0.00000000
7.54974699	0.00000000	0.00000000	0.00000000	0.00000000	0.00000000	0.00000000	0.00000000	0.00000000
8.38860798	0.00000000	0.00000000	0.00000000	0.00000000	0.00000000	0.00000000	0.00000000	0.00000000
9.22746849	0.00000000	0.00000000	0.00000000	0.00000000	0.00000000	0.00000000	0.00000000	0.00000000
10.06632900	0.00000000	0.00000000	0.00000000	0.00000000	0.00000000	0.00000000	0.00000000	0.00000000
10.90518951	0.00000000	0.00000000	0.00000000	0.00000000	0.00000000	0.00000000	0.00000000	0.00000000
11.74405098	0.00000000	0.00000000	0.00000000	0.00000000	0.00000000	0.00000000	0.00000000	0.00000000
12.58291149	0.00000000	0.00000000	0.00000000	0.00000000	0.00000000	0.00000000	0.00000000	0.00000000
13.42177200	0.00000000	0.00000000	0.00000000	0.00000000	0.00000000	0.00000000	0.00000000	0.00000000
15.09949398	0.00000000	0.00000000	0.00000000	0.00000000	0.00000000	0.00000000	0.00000000	0.00000000
16.77721596	0.00000000	0.00000000	0.00000000	0.00000000	0.00000000	0.00000000	0.00000000	0.00000000
18.45493698	0.00000000	0.00000000	0.00000000	0.00000000	0.00000000	0.00000000	0.00000000	0.00000000
20.13265800	0.00000000	0.00000000	0.00000000	0.00000000	0.00000000	0.00000000	0.00000000	0.00000000
21.81037903	0.00000000	0.00000000	0.00000000	0.00000000	0.00000000	0.00000000	0.00000000	0.00000000
23.48810196	0.00000000	0.00000000	0.00000000	0.00000000	0.00000000	0.00000000	0.00000000	0.00000000
25.16582298	0.00000000	0.00000000	0.00000000	0.00000000	0.00000000	0.00000000	0.00000000	0.00000000
26.84354401	0.00000000	0.00000000	0.00000000	0.00000000	0.00000000	0.00000000	0.00000000	0.00000000
30.19898796	0.00000000	0.00000000	0.00000000	0.00000000	0.00000000	0.00000000	0.00000000	0.00000000
33.55443192	0.00000000	0.00000000	0.00000000	0.00000000	0.00000000	0.00000000	0.00000000	0.00000000
36.90987396	0.00000000	0.00000000	0.00000000	0.00000000	0.00000000	0.00000000	0.00000000	0.00000000
40.26531601	0.00000000	0.00000000	0.00000000	0.00000000	0.00000000	0.00000000	0.00000000	0.00000000
43.62075806	0.00000000	0.00000000	0.00000000	0.00000000	0.00000000	0.00000000	0.00000000	0.00000000
46.97620392	0.00000000	0.00000000	0.00000000	0.00000000	0.00000000	0.00000000	0.00000000	0.00000000
50.33164597	0.00000000	0.00000000	0.00000000	0.00000000	0.00000000	0.00000000	0.00000000	0.00000000
53.68708801	0.00000000	0.00000000	0.00000000	0.00000000	0.00000000	0.00000000	0.00000000	0.00000000
60.39797592	0.00000000	0.00000000	0.00000000	0.00000000	0.00000000	0.00000000	0.00000000	0.00000000
67.10886383	0.00000000	0.00000000	0.00000000	0.00000000	0.00000000	0.00000000	0.00000000	0.00000000
73.81974792	0.00000000	0.00000000	0.00000000	0.00000000	0.00000000	0.00000000	0.00000000	0.00000000
80.53063202	0.00000000	0.00000000	0.00000000	0.00000000	0.00000000	0.00000000	0.00000000	0.00000000
87.24151611	0.00000000	0.00000000	0.00000000	0.00000000	0.00000000	0.00000000	0.00000000	0.00000000
93.95240784	0.00000000	0.00000000	0.00000000	0.00000000	0.00000000	0.00000000	0.00000000	0.00000000
100.66329193	0.00000000	0.00000000	0.00000000	0.00000000	0.00000000	0.00000000	0.00000000	0.00000000
107.37417603	0.00000000	0.00000000	0.00000000	0.00000000	0.00000000	0.00000000	0.00000000	0.00000000
120.79595184	0.00000000	0.00000000	0.00000000	0.00000000	0.00000000	0.00000000	0.00000000	0.00000000
134.21772766	0.00000000	0.00000000	0.00000000	0.00000000	0.00000000	0.00000000	0.00000000	0.00000000
147.63949585	0.00000000	0.00000000	0.00000000	0.00000000	0.00000000	0.00000000	0.00000000	0.00000000
161.06126404	0.00000000	0.00000000	0.00000000	0.00000000	0.00000000	0.00000000	0.00000000	0.00000000
174.48303223	0.00000000	0.00000000	0.00000000	0.00000000	0.00000000	0.00000000	0.00000000	0.00000000
187.90481567	0.00000000	0.00000000	0.00000000	0.00000000	0.00000000	0.00000000	0.00000000	0.00000000
201.32658386	0.00000000	0.00000000	0.00000000	0.00000000	0.00000000	0.00000000	0.00000000	0.00000000
214.74835205	0.00000000	0.00000000	0.00000000	0.00000000	0.00000000	0.00000000	0.00000000	0.00000000
241.59190369	0.00000000	0.00000000	0.00000000	0.00000000	0.00000000	0.00000000	0.00000000	0.00000000
268.43545532	0.00000000	0.00000000	0.00000000	0.00000000	0.00000000	0.00000000	0.00000000	0.00000000
295.27899170	0.00000000	0.00000000	0.00000000	0.00000000	0.00000000	0.00000000	0.00000000	0.00000000
322.12252808	0.00000000	0.00000000	0.00000000	0.00000000	0.00000000	0.00000000	0.00000000	0.00000000
348.96606445	0.00000000	0.00000000	0.00000000	0.00000000	0.00000000	0.00000000	0.00000000	0.00000000
375.80963135	0.00000000	0.00000000	0.00000000	0.00000000	0.00000000	0.00000000	0.00000000	0.00000000
402.65316772	0.00000000	0.00000000	0.00000000	0.00000000	0.00000000	0.00000000	0.00000000	0.00000000
429.49670410	0.00000000	0.00000000	0.00000000	0.00000000	0.00000000	0.00000000	0.00000000	0.00000000
483.18380737	0.00000000	0.00000000	0.00000000	0.00000000	0.00000000	0.00000000	0.00000000	0.00000000
536.87091064	0.00000000	0.00000000	0.00000000	0.00000000	0.00000000	0.00000000	0.00000000	0.00000000
590.55798340	0.00000000	0.00000000	0.00000000	0.00000000	0.00000000	0.00000000	0.00000000	0.00000000
644.24505615	0.00000000	0.00000000	0.00000000	0.00000000	0.00000000	0.00000000	0.00000000	0.00000000
697.93212891	0.00000000	0.00000000	0.00000000	0.00000000	0.00000000	0.00000000	0.00000000	0.00000000
751.61926270	0.00000000	0.00000000	0.00000000	0.00000000	0.00000000	0.00000000	0.00000000	0.00000000
805.30633545	0.00000000	0.00000000	0.00000000	0.00000000	0.00000000	0.00000000	0.00000000	0.00000000
858.99340820	0.00000000	0.00000000	0.00000000	0.00000000	0.00000000	0.00000000	0.00000000	0.00000000
966.36761475	0.00000000	0.00000000	0.00000000	0.00000000	0.00000000	0.00000000	0.00000000	0.00000000
1073.74182129	0.00000000	0.00000000	0.00000000	0.00000000	0.00000000	0.00000000	0.00000000	0.00000000
1181.11596680	0.00000000	0.00000000	0.00000000	0.00000000	0.00000000	0.00000000	0.00000000	0.00000000
1288.49011230	0.00000000	0.00000000	0.00000000	0.00000000	0.00000000	0.00000000	0.00000000	0.00000000
1395.86425781	0.00000000	0.00000000	0.00000000	0.00000000	0.00000000	0.00000000	0.00000000	0.00000000
1503.23852539	0.00000000	0.00000000	0.00000000	0.00000000	0.00000000	0.00000000	0.00000000	0.00000000
1610.61267090	0.00000000	0.00000000	0.00000000	0.00000000	0.00000000	0.00000000	0.00000000	0.00000000
1717.98681641	0.00000000	0.00000000	0.00000000	0.00000000	0.00000000	0.00000000	0.00000000	0.00000000
1932.73522949	0.00000000	0.00000000	0.00000000	0.00000000	0.00000000	0.00000000	0.00000000	0.00000000
2147.48364258	0.00000000	0.00000000	0.00000000	0.00000000	0.00000000	0.00000000	0.00000000	0.00000000
2362.23193359	0.00000000	0.00000000	0.00000000	0.00000000	0.00000000	0.00000000	0.00000000	0.00000000
2576.98022461	0.00000000	0.00000000	0.00000000	0.00000000	0.00000000	0.00000000	0.00000000	0.00000000
2791.72851562	0.00000000	0.00000000	0.00000000	0.00000000	0.00000000	0.00000000	0.00000000	0.00000000
3006.47705078	0.00000000	0.00000000	0.00000000	0.00000000	0.00000000	0.00000000	0.00000000	0.00000000
3221.22534180	0.00000000	0.00000000	0.00000000	0.00000000	0.00000000	0.00000000	0.00000000	0.00000000
3435.97363281	0.00000000	0.00000000	0.00000000	0.00000000	0.00000000	0.00000000	0.00000000	0.00000000
0	0	0	0	0	0	0	0	0
