%3/24/2015 6:55:06 AM
%Duration	ID1		ID2		ID3		ID4		ID5		ID6		ID7		ID8
3000.000000	2.288818	1.850128	2.536774	6.208420	10.147095	25.272369	23.021698	22.993088
%Tau		Tau1		Tau2		Tau3		Tau4		Tau5		Tau6		Tau7		Tau8
%		0.000002	0.000001	0.000001	0.000003	0.000014	0.000045	0.000041	0.000024
%Delaytime	D1		D2		D3		D4		D5		D6		D7		D8
0.00000000	7.23564529	36.96035767	26.84987831	10.91040230	5.45369768	1.87326574	3.44819021	3.79645848
0.00000020	4.22079277	6.63391018	3.83569670	2.89079022	1.72585368	1.48106682	1.59925842	1.81569743
0.00000040	1.20594084	0.94770145	2.13094258	1.49202073	1.31164885	1.45526433	1.39007282	1.52683651
0.00000060	2.41188169	1.89540291	0.42618853	1.77177465	1.48423421	1.54299295	1.49803960	1.35489547
0.00000080	3.01485205	3.79080582	2.98331976	1.30551815	1.55326831	1.57395601	1.36308110	1.29987431
0.00000100	0.00000000	1.89540291	2.13094258	1.49202073	0.93196100	1.48106682	1.38332486	1.32050729
0.00000120	3.61782265	1.89540291	1.27856565	1.11901557	1.72585368	1.52235091	1.35633314	1.36865079
0.00000140	1.20594084	0.94770145	0.85237706	1.58527207	1.65681958	1.48106682	1.47104788	1.37552845
0.00000160	1.80891132	0.00000000	0.85237706	1.77177465	1.13906348	1.40365911	1.43730819	1.43742716
0.00000180	1.80891132	0.94770145	2.13094258	1.58527207	1.51875126	1.42946172	1.51153541	1.67126703
0.00000200	1.20594084	0.94770145	1.70475411	1.86502600	1.62230253	1.41914070	1.33608937	1.38928366
0.00000220	2.41188169	1.89540291	0.00000000	1.11901557	1.69133663	1.56363499	1.46429992	1.36865079
0.00000240	0.60297042	1.89540291	1.27856565	1.21226692	1.41520011	1.44494331	1.53852713	1.50620365
0.00000260	3.61782265	0.00000000	1.27856565	1.21226692	1.51875126	1.40365911	1.56551886	1.43742716
0.00000280	4.82376337	0.00000000	1.27856565	1.02576423	1.13906348	1.52751148	1.28210592	1.44430482
0.00000300	2.41188169	2.84310436	1.27856565	1.77177465	1.76037085	1.50686944	1.22137463	1.36865079
0.00000340	2.11039639	1.89540291	1.70475411	1.58527207	1.38068295	1.39333808	1.50478756	1.37208962
0.00000380	1.50742602	1.42155218	1.49165988	1.53864646	1.24261475	1.35463428	1.40019464	1.39960015
0.00000420	1.50742602	3.79080582	1.06547129	1.21226692	1.20809758	1.52493119	1.39344668	1.35833430
0.00000460	0.90445566	1.42155218	1.70475411	1.35214388	1.51875126	1.42430115	1.33608937	1.47869301
0.00000500	2.71336699	0.47385073	1.06547129	1.63189769	1.27713180	1.47848654	1.42381239	1.42711067
0.00000540	0.60297042	1.42155218	2.77022552	1.21226692	1.36342442	1.50686944	1.29560184	1.43054950
0.00000580	0.60297042	1.42155218	1.27856565	1.72514904	1.15632200	1.36495531	1.47442186	1.40303898
0.00000620	1.50742602	0.47385073	0.85237706	0.97913861	1.46697569	1.41656041	1.36645508	1.39616132
0.00000700	1.65816867	0.23692536	0.85237706	1.28220534	1.34616590	1.36366522	1.43899524	1.42883015
0.00000780	1.05519819	1.65847754	1.27856565	1.39876950	1.26850247	1.39462829	1.41537750	1.40647781
0.00000860	0.75371301	0.94770145	1.38511276	1.39876950	1.45834637	1.36753559	1.46092594	1.30331314
0.00000940	1.20594084	1.89540291	1.49165988	1.79508746	1.32890737	1.36882567	1.46261299	1.36177313
0.00001020	1.65816867	1.65847754	0.74582994	1.18895400	1.41520011	1.39075792	1.39344668	1.38756430
0.00001100	1.95965385	2.36925364	1.81130123	1.53864646	1.33753669	1.33528233	1.43562126	1.36521196
0.00001180	1.95965385	1.89540291	1.38511276	1.63189769	1.30301952	1.34947383	1.34958518	1.43054950
0.00001260	0.75371301	1.18462682	1.59820700	1.49202073	1.38068295	1.36624551	1.32259345	1.32222664
0.00001420	1.58279741	1.42155218	1.54493344	1.48036432	1.19946837	1.31851077	1.32006299	1.31964755
0.00001580	1.73353994	1.30308950	1.17201841	1.23557973	1.39794147	1.35334420	1.35042870	1.30589223
0.00001740	0.90445566	1.06616414	1.33183920	1.39876950	1.35910976	1.35140896	1.32428050	1.32652521
0.00001900	1.13056958	1.06616414	1.33183920	1.35214388	1.37636840	1.30818975	1.36645508	1.36263287
0.00002060	2.11039639	1.18462682	1.11874485	1.18895400	1.40657079	1.30238414	1.28885388	1.22765911
0.00002220	1.20594084	1.77694023	1.22529209	1.53864646	1.34616590	1.31076992	1.33355892	1.34629846
0.00002380	1.88428259	1.18462682	1.33183920	1.41042590	1.29870498	1.29206312	1.33524585	1.28439963
0.00002540	1.05519819	1.54001486	1.38511276	1.13067198	1.34185123	1.27916181	1.28041899	1.26118755
0.00002860	1.28573048	1.29423845	0.95800060	1.11337471	1.19458020	1.27523804	1.30003488	1.23824155
0.00003180	1.21009922	0.82360625	0.95800060	1.23643184	1.26789379	1.27231705	1.27335668	1.25413299
0.00003500	1.70170212	1.58838356	1.09105623	1.25401151	1.27431893	1.27554381	1.22169399	1.21075368
0.00003820	1.17228365	1.29423845	1.11766732	1.08407533	1.17944586	1.23359573	1.21322477	1.23609400
0.00004140	0.90757447	1.23540938	1.14427853	1.31261015	1.26785028	1.24263072	1.21957672	1.16563857
0.00004460	1.36136162	1.64721251	0.95800060	1.12509441	1.21394515	1.20907223	1.19925046	1.20729923
0.00004780	1.05883682	1.52955449	0.98461175	1.20713258	1.20100784	1.15679848	1.19753838	1.19785047
0.00005100	0.83194327	1.29423845	1.27733409	1.04891610	1.24628830	1.15550780	1.17509520	1.13988662
0.00005740	1.00182581	0.88338405	1.02206528	1.16505980	1.12434685	1.18309629	1.15004945	1.14210391
0.00006380	1.11524010	1.14839923	1.14152753	1.05967760	1.15021873	1.13443351	1.12593138	1.12340248
0.00007020	0.98292345	1.20729160	1.06188607	1.08016860	1.12973690	1.08881760	1.11470163	1.11330879
0.00007660	0.94511867	1.00116861	1.22116899	1.08602309	1.01654756	1.10638690	1.10920119	1.10536277
0.00008300	0.85060680	1.35452223	1.26098967	1.16213262	1.02193749	1.08688331	1.07598650	1.08002126
0.00008940	0.96402109	1.38396835	1.19462180	1.12993240	1.13297081	1.08043587	1.09227645	1.07831967
0.00009580	1.03963053	0.82449180	0.95569742	1.06553209	0.99714369	1.08881760	1.07175529	1.07855093
0.00010220	0.79389971	1.32507610	0.98224461	1.04504108	1.10925496	1.08912551	1.06688941	1.05342340
0.00011500	1.27902925	1.03264868	1.04508984	1.04373205	1.04033875	1.06081522	1.04698086	1.06403506
0.00012780	0.99480051	0.82611895	0.97894490	1.03929412	1.02848613	1.03500855	1.02107596	1.04661107
0.00014060	0.98532623	1.01789653	1.11784923	1.05529118	1.04953361	1.02920198	1.03800929	1.02178895
0.00015340	0.98532623	0.94413596	1.09139132	0.96041709	0.99834996	1.01902711	1.02944458	1.05090928
0.00016620	0.99480051	0.70810199	1.03186083	0.96479589	1.01077640	1.01305938	1.03365839	1.03061604
0.00017900	1.02322340	0.72285408	1.23691010	1.02901828	1.01943207	1.02031744	1.01547205	0.99580008
0.00019180	0.86216044	1.01789653	1.05831885	0.97501308	0.99141389	1.00541151	1.02337110	1.01750636
0.00020460	0.90953189	1.13591361	0.95910144	1.04361427	0.97902119	1.01347601	1.04271984	1.00955451
0.00023020	0.91413772	0.87146890	1.02071440	0.97764361	1.00884163	1.00930941	1.01355958	1.00945830
0.00025580	0.93782002	1.17426741	1.00745833	1.01634049	1.02445757	1.01568031	1.01683438	1.01063955
0.00028140	1.04202223	1.09302878	1.05716848	1.00757897	1.01099551	1.00225306	1.03071034	0.99080288
0.00030700	0.98518467	0.96747822	0.95112026	0.97618335	1.02634227	1.00058651	1.00504029	0.99848145
0.00033260	1.05623162	1.24812067	1.03397048	0.95135891	1.00184143	1.00707829	1.00296509	1.00326037
0.00035820	1.17937970	0.84931290	1.08394110	1.02352631	0.97357118	1.00420213	0.99076414	1.01077795
0.00038380	1.00886703	0.98963416	0.93477488	1.03520703	1.01691878	0.98839623	0.98879486	1.00494039
0.00040940	1.00413048	0.98224884	1.01752269	1.05637836	1.01288021	1.02339506	0.99360120	1.01551867
0.00046060	1.01567972	0.92118168	0.99563789	0.99177176	1.01559532	0.99932933	0.99889421	0.99803394
0.00051180	1.08907390	0.99856091	0.95415300	0.98739469	1.02192676	0.99130565	1.00496817	1.00569904
0.00056300	1.04882550	1.06120121	1.01721013	1.01438665	1.03405082	0.98703539	1.00417590	0.99333674
0.00061420	0.95899636	0.99856091	0.95569742	0.95456666	0.99942982	0.99313164	1.00451922	1.00395429
0.00066540	0.91637427	0.89186370	0.92583191	1.00240624	1.00508773	1.00079930	0.99870199	0.99710971
0.00071660	1.03698778	1.00242531	1.01708770	1.03164649	0.99579263	1.00948107	1.00206721	0.99710608
0.00076780	0.95649099	1.05402076	1.05027163	1.03164649	0.99717391	0.99878490	0.99773610	0.99352103
0.00081900	0.99422896	1.00979614	1.03699803	1.00355721	0.97966069	1.00024164	1.01244164	0.99820656
0.00092140	1.02958918	1.01236451	1.02019000	0.97577751	1.00976062	0.99884480	1.00492454	1.01046467
0.00102380	0.97884208	1.02914524	0.99030644	0.98088443	1.00982606	1.00137603	1.00401032	1.01074862
0.00112620	0.98357648	0.98488086	0.93136954	0.98976558	1.00127506	1.00168514	1.00095940	1.00384748
0.00122860	1.05222559	0.97750348	1.00192785	0.97796619	0.99110812	0.99368793	0.99791431	0.99204028
0.00133100	1.01553380	1.01992345	1.00275791	0.99310440	1.00100577	0.99871010	0.99489158	1.00138474
0.00143340	0.96450019	0.96828175	1.05339384	1.01572061	1.00901806	0.99855524	0.99139506	0.99993098
0.00153580	1.01420450	1.05293286	1.03264141	1.00799155	0.99131012	1.00016367	0.99870872	1.00165713
0.00163820	1.00237012	1.01605260	1.00939870	1.02532041	0.98383641	0.99383819	0.98845559	0.99949390
0.00184300	0.98923337	0.95205671	1.01603556	0.99658608	0.99374241	0.99686056	0.99934334	1.00376642
0.00204780	0.99632889	1.03339756	0.98414201	1.00622261	1.00044680	1.00082350	0.99728382	1.00091827
0.00225260	0.95848614	1.03598440	1.01893497	0.99601638	1.00088489	0.99532771	1.00405455	0.99932897
0.00245740	0.96617299	0.97314149	1.02183437	1.00470281	1.00014365	1.00547397	1.00290847	0.99726105
0.00266220	0.99528927	0.96205157	0.99189264	1.01174343	0.99745041	0.99732077	1.00146747	0.99770761
0.00286700	1.02012718	0.96205157	0.97633433	1.00287414	1.00230181	1.00599265	0.99774283	1.00372243
0.00307180	1.00475132	1.02027369	0.97923273	0.99517250	1.00519955	0.99952149	1.00163519	1.00198042
0.00327660	1.02012718	1.02378654	1.03140330	0.98886412	0.99950522	1.00051999	0.99770784	1.00033903
0.00368620	1.00076365	1.02147651	0.99348873	0.99433923	1.00209260	1.00520611	0.99605471	1.00369370
0.00409580	1.01761544	0.97377843	1.00450206	1.00814378	1.00504160	1.00066876	0.99982482	1.00286591
0.00450540	0.97859013	1.00381899	0.99981016	1.00439548	1.00784135	1.00315785	0.99967301	0.99916750
0.00491500	0.99662459	0.98607975	1.02365828	0.99896961	1.00091338	1.00176060	1.00052953	1.00036085
0.00532460	1.02411819	0.99162471	0.99601424	1.00832665	0.99506497	0.99904120	1.00313616	0.99963307
0.00573420	1.01420903	0.99958318	1.01397514	0.98928565	0.99668425	1.00183737	1.00330186	0.99662054
0.00614380	1.00622308	0.98075449	1.00138509	0.99429351	0.99627876	1.00111067	1.00397038	1.00040889
0.00655340	1.01716673	1.03247035	1.00147235	0.99603051	1.00286734	0.99898714	1.00106871	1.00135267
0.00737260	0.99269581	0.99126875	0.98428345	1.00799799	0.99781567	0.99999768	1.00113583	0.99530250
0.00819180	0.98709410	0.99722165	0.97389418	0.99685442	1.00805020	0.99981683	1.00035572	1.00158250
0.00901100	0.99830770	1.00428116	1.02125013	0.99911517	1.00581157	1.00301254	0.99960059	0.99850512
0.00983020	1.03062069	1.00589871	1.00546873	1.00918603	1.00161564	0.99895990	1.00133908	1.00335538
0.01064940	0.98620880	1.00959599	0.97830510	0.99833876	0.99794209	1.00153744	0.99919868	1.00329471
0.01146860	0.99918044	0.98018277	1.00869501	0.99791402	1.00009668	1.00029385	0.99935395	1.00038421
0.01228780	0.98794454	1.00817859	0.99202758	1.00639820	1.00035059	0.99732256	0.99803358	1.00088799
0.01310700	0.98898393	1.01934946	0.98129499	1.00838590	0.99986249	0.99926096	1.00251138	1.00057447
0.01474540	1.00877225	1.00308859	1.01363647	0.99982893	0.99639505	0.99987948	1.00078118	0.99863136
0.01638380	1.00125086	0.99666709	1.00687397	0.99716753	1.00331903	0.99699092	0.99900883	1.00142348
0.01802220	0.99675399	0.99638355	1.01077414	0.99301183	0.99881977	1.00196028	1.00292277	0.99951994
0.01966060	0.99312836	0.97782713	0.99997723	1.01223445	0.99870509	0.99893010	1.00149512	0.99878824
0.02129900	1.01209879	1.00356448	1.00318217	0.99876416	0.99774456	1.00027919	0.99825567	1.00039268
0.02293740	1.00737584	1.00668681	1.00144744	1.00775945	0.99468178	0.99931544	1.00102019	0.99762458
0.02457580	1.00307369	0.99036348	1.00247085	1.00121510	1.00362015	0.99949759	1.00229692	0.99853539
0.02621420	1.00351691	1.00326860	0.99098343	0.99635053	0.99754453	1.00168836	0.99841917	1.00129175
0.02949100	0.99671191	0.99000740	1.00435114	0.99398530	0.99816257	0.99976641	0.99953461	1.00074875
0.03276780	0.99611765	1.01220405	1.00115192	1.00344861	0.99814242	1.00150490	1.00048983	0.99888247
0.03604460	0.99561089	0.99773562	0.99414510	1.00050724	0.99942082	1.00130701	1.00006795	0.99978793
0.03932140	0.99309230	0.99809384	1.00443149	0.99910915	0.99931753	1.00117552	0.99988985	0.99843675
0.04259820	1.00688803	0.99917912	0.99534488	0.99507886	0.99884486	0.99864095	1.00018501	0.99973100
0.04587500	0.98870087	1.00418854	0.99703181	0.99985343	1.00005579	1.00007081	1.00062847	0.99929935
0.04915180	1.00295246	1.00374746	1.00253224	0.99768674	0.99975771	0.99995244	0.99863768	0.99977624
0.05242860	0.99519575	1.00007010	1.00171316	0.99991739	1.00154996	0.99936813	1.00018883	1.00046432
0.05898220	0.99776459	0.98195922	0.99537736	0.99878693	0.99896091	0.99974060	0.99971235	0.99906021
0.06553581	1.00292313	1.01042438	1.00939667	1.00108600	1.00085461	0.99966681	0.99943280	0.99970824
0.07208940	0.99858218	0.99676061	1.00135064	1.00126100	0.99980038	1.00021255	1.00040019	1.00053322
0.07864300	1.00959039	1.00068760	1.00917244	1.00397635	0.99936259	0.99969977	1.00001585	1.00057304
0.08519660	1.00541115	1.00155723	0.99918616	0.99819738	0.99994493	1.00044894	1.00066030	1.00038600
0.09175020	0.99843186	1.00951004	1.00535178	1.00370908	1.00279939	0.99892795	0.99979168	1.00075829
0.09830380	0.99895734	1.00209296	0.99516952	0.99844289	1.00004804	1.00041938	0.99940777	0.99968183
0.10485740	1.00443292	0.99910539	1.00264394	0.99995238	1.00134468	1.00072777	0.99968708	1.00129783
0.11796460	1.00206196	1.00548851	0.99887234	0.99981481	0.99861711	0.99994922	0.99947244	1.00056016
0.13107181	0.99820399	0.99656469	1.00043690	1.00201428	1.00032878	1.00043821	0.99961609	1.00036740
0.14417900	1.00329006	0.99581355	0.99908102	0.99906349	0.99935353	1.00047994	0.99941945	1.00071335
0.15728620	1.00213027	1.00202322	1.00420058	0.99962556	0.99980986	0.99970675	1.00014198	1.00092936
0.17039341	1.00096691	1.00251985	0.99908352	1.00169969	0.99895161	0.99955779	1.00058651	1.00091684
0.18350060	1.00027192	1.00129426	1.00105107	0.99910396	1.00175917	1.00009549	1.00053608	1.00052834
0.19660780	0.99745595	1.00476873	1.00136244	0.99935979	1.00025308	1.00030470	1.00008166	1.00069773
0.20971501	1.00162721	0.99479669	1.00027609	1.00127864	0.99885476	1.00005758	0.99972689	1.00000584
0.23592941	1.00125003	1.00213480	1.00333750	1.00007248	1.00033021	0.99978197	1.00037360	1.00040197
0.26214382	0.99996608	0.99902207	0.99528384	1.00046909	0.99974841	0.99987972	1.00035751	1.00069976
0.28835821	1.00004518	1.00080180	1.00257480	0.99974424	0.99981207	0.99956131	1.00002623	0.99988323
0.31457260	1.00226808	1.00376213	1.00019979	0.99981219	1.00000668	1.00060987	1.00022495	1.00039554
0.34078699	0.99964595	1.00217080	1.00001216	1.00115597	1.00092852	1.00035059	1.00003815	1.00076962
0.36700141	0.99659890	1.00083888	1.00207400	1.00024807	0.99938720	1.00036550	0.99998099	1.00030553
0.39321581	1.00114644	1.00370181	1.00153756	0.99934310	0.99878770	1.00004995	1.00005817	1.00053036
0.41943020	1.00365341	0.99875617	1.00144446	1.00026858	1.00107551	0.99976498	0.99977177	1.00053561
0.47185901	0.99627554	1.00081062	1.00003076	1.00084054	0.99986368	0.99997258	0.99992222	1.00005841
0.52428782	0.99942023	1.00200105	0.99995804	1.00089741	0.99996597	0.99991626	0.99985194	1.00023580
0.57671660	0.99857694	1.00037920	0.99923617	0.99996054	1.00010455	0.99993634	0.99975634	1.00082195
0.62914538	1.00263798	0.99801868	0.99892896	0.99963081	1.00039911	0.99984789	1.00018823	0.99994642
0.68157423	0.99913377	1.00274694	0.99812424	1.00088561	1.00003994	1.00024319	0.99972200	1.00007343
0.73400301	0.99986953	1.00031841	0.99960750	0.99968839	1.00067115	0.99976611	1.00010681	1.00020099
0.78643179	0.99748611	0.99914730	1.00185919	1.00084865	0.99996549	0.99980730	1.00003994	0.99962556
0.83886063	0.99866730	1.00321376	1.00088239	0.99975079	0.99961221	0.99973279	0.99938738	1.00033796
0.94371825	1.00145733	1.00070000	1.00099409	0.99947703	0.99967313	0.99971789	1.00034082	0.99996328
1.04857588	1.00104535	1.00104153	0.99854803	0.99984646	0.99983901	0.99983108	0.99983966	0.99969155
1.15343344	0.99988872	1.00001693	1.00105715	0.99977654	1.00040352	1.00027966	1.00003946	1.00017846
1.25829101	1.00127351	0.99907750	1.00016057	0.99999338	0.99998385	0.99999857	1.00032163	0.99944973
1.36314869	0.99982870	0.99978358	1.00082994	1.00019729	1.00018251	1.00003195	1.00002766	0.99971586
1.46800625	0.99991184	1.00166667	0.99897242	1.00011909	1.00007856	1.00024998	1.00005627	0.99965215
1.57286382	1.00099647	1.00012541	0.99934769	1.00018799	1.00009453	0.99990904	1.00008929	0.99954575
1.67772150	1.00127649	1.00004542	0.99976301	1.00000274	0.99957252	0.99978888	0.99997222	1.00002408
1.88743675	0.99962920	1.00042629	1.00012839	0.99965996	1.00007796	1.00014472	0.99994600	0.99945706
2.09715199	0.99973214	1.00109386	0.99949014	0.99990338	1.00001216	0.99965578	0.99994594	0.99984378
2.30686712	0.99978292	0.99978989	0.99818337	0.99981940	1.00024831	0.99989021	1.00014699	0.99973339
2.51658225	1.00041091	1.00083852	0.99873900	0.99926049	0.99971473	0.99995911	0.99976987	0.99975908
2.72629738	1.00011528	0.99990976	0.99865377	1.00019777	1.00027859	0.99982297	1.00009680	1.00009644
2.93601274	0.99975502	1.00143743	0.99968576	0.99985814	1.00026417	1.00028002	0.99987876	0.99998784
3.14572787	1.00070596	1.00040185	0.99958742	1.00022924	0.99995321	0.99989706	1.00025475	1.00023997
3.35544300	0.99911457	0.99877167	0.99905068	1.00073934	0.99981940	1.00001872	1.00019610	1.00032043
3.77487350	1.00095749	0.99948531	0.99893624	1.00005102	0.99977279	1.00000489	0.99997783	1.00023866
4.19430399	0.99876291	1.00033045	0.99985331	0.99996394	1.00003040	0.99999374	1.00001502	1.00003362
4.61373425	1.00096405	1.00013232	1.00027323	0.99993211	1.00000238	1.00000942	0.99981719	0.99996942
5.03316450	1.00000000	1.00000000	1.00000000	1.00000000	1.00000000	1.00000000	1.00000000	1.00000000
5.45259476	0.00000000	0.00000000	0.00000000	0.00000000	0.00000000	0.00000000	0.00000000	0.00000000
5.87202549	0.00000000	0.00000000	0.00000000	0.00000000	0.00000000	0.00000000	0.00000000	0.00000000
6.29145575	0.00000000	0.00000000	0.00000000	0.00000000	0.00000000	0.00000000	0.00000000	0.00000000
6.71088600	0.00000000	0.00000000	0.00000000	0.00000000	0.00000000	0.00000000	0.00000000	0.00000000
7.54974699	0.00000000	0.00000000	0.00000000	0.00000000	0.00000000	0.00000000	0.00000000	0.00000000
8.38860798	0.00000000	0.00000000	0.00000000	0.00000000	0.00000000	0.00000000	0.00000000	0.00000000
9.22746849	0.00000000	0.00000000	0.00000000	0.00000000	0.00000000	0.00000000	0.00000000	0.00000000
10.06632900	0.00000000	0.00000000	0.00000000	0.00000000	0.00000000	0.00000000	0.00000000	0.00000000
10.90518951	0.00000000	0.00000000	0.00000000	0.00000000	0.00000000	0.00000000	0.00000000	0.00000000
11.74405098	0.00000000	0.00000000	0.00000000	0.00000000	0.00000000	0.00000000	0.00000000	0.00000000
12.58291149	0.00000000	0.00000000	0.00000000	0.00000000	0.00000000	0.00000000	0.00000000	0.00000000
13.42177200	0.00000000	0.00000000	0.00000000	0.00000000	0.00000000	0.00000000	0.00000000	0.00000000
15.09949398	0.00000000	0.00000000	0.00000000	0.00000000	0.00000000	0.00000000	0.00000000	0.00000000
16.77721596	0.00000000	0.00000000	0.00000000	0.00000000	0.00000000	0.00000000	0.00000000	0.00000000
18.45493698	0.00000000	0.00000000	0.00000000	0.00000000	0.00000000	0.00000000	0.00000000	0.00000000
20.13265800	0.00000000	0.00000000	0.00000000	0.00000000	0.00000000	0.00000000	0.00000000	0.00000000
21.81037903	0.00000000	0.00000000	0.00000000	0.00000000	0.00000000	0.00000000	0.00000000	0.00000000
23.48810196	0.00000000	0.00000000	0.00000000	0.00000000	0.00000000	0.00000000	0.00000000	0.00000000
25.16582298	0.00000000	0.00000000	0.00000000	0.00000000	0.00000000	0.00000000	0.00000000	0.00000000
26.84354401	0.00000000	0.00000000	0.00000000	0.00000000	0.00000000	0.00000000	0.00000000	0.00000000
30.19898796	0.00000000	0.00000000	0.00000000	0.00000000	0.00000000	0.00000000	0.00000000	0.00000000
33.55443192	0.00000000	0.00000000	0.00000000	0.00000000	0.00000000	0.00000000	0.00000000	0.00000000
36.90987396	0.00000000	0.00000000	0.00000000	0.00000000	0.00000000	0.00000000	0.00000000	0.00000000
40.26531601	0.00000000	0.00000000	0.00000000	0.00000000	0.00000000	0.00000000	0.00000000	0.00000000
43.62075806	0.00000000	0.00000000	0.00000000	0.00000000	0.00000000	0.00000000	0.00000000	0.00000000
46.97620392	0.00000000	0.00000000	0.00000000	0.00000000	0.00000000	0.00000000	0.00000000	0.00000000
50.33164597	0.00000000	0.00000000	0.00000000	0.00000000	0.00000000	0.00000000	0.00000000	0.00000000
53.68708801	0.00000000	0.00000000	0.00000000	0.00000000	0.00000000	0.00000000	0.00000000	0.00000000
60.39797592	0.00000000	0.00000000	0.00000000	0.00000000	0.00000000	0.00000000	0.00000000	0.00000000
67.10886383	0.00000000	0.00000000	0.00000000	0.00000000	0.00000000	0.00000000	0.00000000	0.00000000
73.81974792	0.00000000	0.00000000	0.00000000	0.00000000	0.00000000	0.00000000	0.00000000	0.00000000
80.53063202	0.00000000	0.00000000	0.00000000	0.00000000	0.00000000	0.00000000	0.00000000	0.00000000
87.24151611	0.00000000	0.00000000	0.00000000	0.00000000	0.00000000	0.00000000	0.00000000	0.00000000
93.95240784	0.00000000	0.00000000	0.00000000	0.00000000	0.00000000	0.00000000	0.00000000	0.00000000
100.66329193	0.00000000	0.00000000	0.00000000	0.00000000	0.00000000	0.00000000	0.00000000	0.00000000
107.37417603	0.00000000	0.00000000	0.00000000	0.00000000	0.00000000	0.00000000	0.00000000	0.00000000
120.79595184	0.00000000	0.00000000	0.00000000	0.00000000	0.00000000	0.00000000	0.00000000	0.00000000
134.21772766	0.00000000	0.00000000	0.00000000	0.00000000	0.00000000	0.00000000	0.00000000	0.00000000
147.63949585	0.00000000	0.00000000	0.00000000	0.00000000	0.00000000	0.00000000	0.00000000	0.00000000
161.06126404	0.00000000	0.00000000	0.00000000	0.00000000	0.00000000	0.00000000	0.00000000	0.00000000
174.48303223	0.00000000	0.00000000	0.00000000	0.00000000	0.00000000	0.00000000	0.00000000	0.00000000
187.90481567	0.00000000	0.00000000	0.00000000	0.00000000	0.00000000	0.00000000	0.00000000	0.00000000
201.32658386	0.00000000	0.00000000	0.00000000	0.00000000	0.00000000	0.00000000	0.00000000	0.00000000
214.74835205	0.00000000	0.00000000	0.00000000	0.00000000	0.00000000	0.00000000	0.00000000	0.00000000
241.59190369	0.00000000	0.00000000	0.00000000	0.00000000	0.00000000	0.00000000	0.00000000	0.00000000
268.43545532	0.00000000	0.00000000	0.00000000	0.00000000	0.00000000	0.00000000	0.00000000	0.00000000
295.27899170	0.00000000	0.00000000	0.00000000	0.00000000	0.00000000	0.00000000	0.00000000	0.00000000
322.12252808	0.00000000	0.00000000	0.00000000	0.00000000	0.00000000	0.00000000	0.00000000	0.00000000
348.96606445	0.00000000	0.00000000	0.00000000	0.00000000	0.00000000	0.00000000	0.00000000	0.00000000
375.80963135	0.00000000	0.00000000	0.00000000	0.00000000	0.00000000	0.00000000	0.00000000	0.00000000
402.65316772	0.00000000	0.00000000	0.00000000	0.00000000	0.00000000	0.00000000	0.00000000	0.00000000
429.49670410	0.00000000	0.00000000	0.00000000	0.00000000	0.00000000	0.00000000	0.00000000	0.00000000
483.18380737	0.00000000	0.00000000	0.00000000	0.00000000	0.00000000	0.00000000	0.00000000	0.00000000
536.87091064	0.00000000	0.00000000	0.00000000	0.00000000	0.00000000	0.00000000	0.00000000	0.00000000
590.55798340	0.00000000	0.00000000	0.00000000	0.00000000	0.00000000	0.00000000	0.00000000	0.00000000
644.24505615	0.00000000	0.00000000	0.00000000	0.00000000	0.00000000	0.00000000	0.00000000	0.00000000
697.93212891	0.00000000	0.00000000	0.00000000	0.00000000	0.00000000	0.00000000	0.00000000	0.00000000
751.61926270	0.00000000	0.00000000	0.00000000	0.00000000	0.00000000	0.00000000	0.00000000	0.00000000
805.30633545	0.00000000	0.00000000	0.00000000	0.00000000	0.00000000	0.00000000	0.00000000	0.00000000
858.99340820	0.00000000	0.00000000	0.00000000	0.00000000	0.00000000	0.00000000	0.00000000	0.00000000
966.36761475	0.00000000	0.00000000	0.00000000	0.00000000	0.00000000	0.00000000	0.00000000	0.00000000
1073.74182129	0.00000000	0.00000000	0.00000000	0.00000000	0.00000000	0.00000000	0.00000000	0.00000000
1181.11596680	0.00000000	0.00000000	0.00000000	0.00000000	0.00000000	0.00000000	0.00000000	0.00000000
1288.49011230	0.00000000	0.00000000	0.00000000	0.00000000	0.00000000	0.00000000	0.00000000	0.00000000
1395.86425781	0.00000000	0.00000000	0.00000000	0.00000000	0.00000000	0.00000000	0.00000000	0.00000000
1503.23852539	0.00000000	0.00000000	0.00000000	0.00000000	0.00000000	0.00000000	0.00000000	0.00000000
1610.61267090	0.00000000	0.00000000	0.00000000	0.00000000	0.00000000	0.00000000	0.00000000	0.00000000
1717.98681641	0.00000000	0.00000000	0.00000000	0.00000000	0.00000000	0.00000000	0.00000000	0.00000000
1932.73522949	0.00000000	0.00000000	0.00000000	0.00000000	0.00000000	0.00000000	0.00000000	0.00000000
2147.48364258	0.00000000	0.00000000	0.00000000	0.00000000	0.00000000	0.00000000	0.00000000	0.00000000
2362.23193359	0.00000000	0.00000000	0.00000000	0.00000000	0.00000000	0.00000000	0.00000000	0.00000000
2576.98022461	0.00000000	0.00000000	0.00000000	0.00000000	0.00000000	0.00000000	0.00000000	0.00000000
2791.72851562	0.00000000	0.00000000	0.00000000	0.00000000	0.00000000	0.00000000	0.00000000	0.00000000
3006.47705078	0.00000000	0.00000000	0.00000000	0.00000000	0.00000000	0.00000000	0.00000000	0.00000000
3221.22534180	0.00000000	0.00000000	0.00000000	0.00000000	0.00000000	0.00000000	0.00000000	0.00000000
3435.97363281	0.00000000	0.00000000	0.00000000	0.00000000	0.00000000	0.00000000	0.00000000	0.00000000
0	0	0	0	0	0	0	0	0
