%3/24/2015 6:26:17 PM
%Duration	ID1		ID2		ID3		ID4		ID5		ID6		ID7		ID8
3000.000000	3.480911	2.384186	3.347397	8.382797	10.356903	22.373199	22.459030	24.003983
%Tau		Tau1		Tau2		Tau3		Tau4		Tau5		Tau6		Tau7		Tau8
%		0.000002	0.000001	0.000002	0.000004	0.000009	0.000029	0.000029	0.000029
%Delaytime	D1		D2		D3		D4		D5		D6		D7		D8
0.00000000	10.90800762	36.69185638	20.94166946	9.08894157	5.34393978	2.08244205	2.90583587	3.62123060
0.00000020	1.24662936	5.33699751	1.84779441	2.14738727	1.27525830	1.59858048	1.68268168	1.68716431
0.00000040	2.80491614	2.00137401	3.69558883	1.89769113	1.30562162	1.54958189	1.35830927	1.52844155
0.00000060	1.55828679	2.00137401	1.23186290	1.19854176	1.24489510	1.42096043	1.29073167	1.35796154
0.00000080	1.24662936	0.66712469	2.77169156	1.04872406	1.18416846	1.42708528	1.39209807	1.43438351
0.00000100	1.24662936	2.00137401	1.53982866	1.34835947	1.48780143	1.43933499	1.41912913	1.42262626
0.00000120	1.86994410	2.66849875	0.92389721	1.39829874	1.27525830	1.30458868	1.35155153	1.28153944
0.00000140	2.49325871	2.00137401	0.61593145	1.04872406	1.91288757	1.57408118	1.52725327	1.50492704
0.00000160	3.73988819	1.33424938	2.77169156	1.99756956	1.45743811	1.54958189	1.35155153	1.42262626
0.00000180	1.55828679	2.00137401	0.92389721	1.79781258	1.51816475	1.45158458	1.42588687	1.51668429
0.00000200	0.93497205	2.66849875	1.23186290	1.49817717	1.33598495	1.52508259	1.52725327	1.38147593
0.00000220	1.24662936	1.33424938	1.84779441	1.29842019	1.54852796	1.40258598	1.29073167	1.34620428
0.00000240	1.86994410	2.66849875	0.92389721	1.64799488	1.60925460	1.39646113	1.44616008	1.28741801
0.00000260	0.62331468	3.33562350	2.46372581	1.44823790	1.79143441	1.35971212	1.50022221	1.41674769
0.00000280	1.55828679	0.00000000	1.23186290	1.04872406	1.36634827	1.31683838	1.51373768	1.38147593
0.00000300	1.86994410	1.33424938	1.84779441	2.19732642	1.12344193	1.51283288	1.60158861	1.40499043
0.00000340	1.09080076	1.66781175	1.23186290	1.69793415	1.26007676	1.39646113	1.38871920	1.39323318
0.00000380	1.09080076	1.66781175	0.92389721	1.37332904	1.41189313	1.37502420	1.39885581	1.42556560
0.00000420	1.71411538	2.66849875	1.07788002	1.24848092	1.35116661	1.39646113	1.54076874	1.43732285
0.00000460	1.71411538	0.66712469	1.53982866	1.67296445	1.41189313	1.37502420	1.33465707	1.48141253
0.00000500	0.93497205	1.66781175	0.76991433	1.42326832	1.42707479	1.56489396	1.38196146	1.52550220
0.00000540	0.93497205	1.00068700	0.92389721	1.74787331	1.76107109	1.37502420	1.54414761	1.58428836
0.00000580	1.24662936	0.66712469	2.00177741	1.52314675	1.26007676	1.50058329	1.52049541	1.32268977
0.00000620	0.93497205	1.00068700	1.38584578	1.29842019	1.53334641	1.39646113	1.46305454	1.49904835
0.00000700	1.09080076	1.00068700	1.53982866	1.49817717	1.51057386	1.39799237	1.42926574	1.39617252
0.00000780	1.94785845	1.00068700	0.92389721	1.44823790	1.45743811	1.43933499	1.45967567	1.39176357
0.00000860	1.48037243	1.50103056	1.00088871	1.59805560	1.36634827	1.39492989	1.39209807	1.42115664
0.00000940	1.09080076	0.83390588	1.92478585	1.37332904	1.42707479	1.38268030	1.41743970	1.42262626
0.00001020	1.55828679	0.66712469	1.46283722	1.58557081	1.44984734	1.45924067	1.39209807	1.38000631
0.00001100	1.71411538	1.16746819	1.15487146	1.31090498	1.39671159	1.36277461	1.33465707	1.36677945
0.00001180	1.86994410	0.83390588	1.23186290	1.29842019	1.33598495	1.36583698	1.29242110	1.41821730
0.00001260	1.79202974	1.33424938	0.69292289	1.38581383	1.33598495	1.41024196	1.40392411	1.42115664
0.00001420	1.01288640	1.25085878	1.34735012	1.16108727	1.35875738	1.42249167	1.38787448	1.39249837
0.00001580	1.44141519	1.50103056	1.30885434	1.34211707	1.30562162	1.37425864	1.29495525	1.28668320
0.00001740	1.16871500	0.75051528	1.07788002	1.24223852	1.27905381	1.34210324	1.31691802	1.29035735
0.00001900	0.97392923	1.25085878	1.53982866	1.36708665	1.34737122	1.33368158	1.30424726	1.31313694
0.00002060	1.75307262	1.91798341	1.11637580	1.17981458	1.37393904	1.31071353	1.27890563	1.27492595
0.00002220	1.20767224	0.41695294	1.27035868	1.25472343	1.29043996	1.26324606	1.31016028	1.30799317
0.00002380	1.24662936	1.16746819	1.38584578	1.38581383	1.25248587	1.25176203	1.25102985	1.26316869
0.00002540	1.40245807	1.00068700	1.30885434	1.18605697	1.26007676	1.21884108	1.25271928	1.26169908
0.00002860	1.38155568	0.79676795	0.92446524	1.29455149	1.20333934	1.28276527	1.22724140	1.22592688
0.00003180	1.32318008	1.46773052	1.29039931	1.26335740	1.21469164	1.19783151	1.17362618	1.21128416
0.00003500	0.99238509	1.55160081	1.34817839	1.12610376	1.19009507	1.20164025	1.19980061	1.21275020
0.00003820	1.12859476	1.25805473	1.17484117	1.20720816	1.17685080	1.18564379	1.22977448	1.20908523
0.00004140	1.28426301	1.09031403	1.05928302	1.17601418	1.13333380	1.19745064	1.16222763	1.16363919
0.00004460	1.03130209	1.00644374	1.02076364	1.11986494	1.20712352	1.13613081	1.12465465	1.15374362
0.00004780	1.05076063	1.34192502	1.25187993	0.99196953	1.12198150	1.13230586	1.16011679	1.12992108
0.00005100	0.93400949	1.17418432	1.13632178	1.15105903	1.12765765	1.14868295	1.12338817	1.15411007
0.00005740	1.19571447	0.96596831	1.03853333	1.14004707	1.05498338	1.12499654	1.11714661	1.10731661
0.00006380	1.02073181	0.92396969	1.25970244	1.18059599	1.11743081	1.08651876	1.10533166	1.10145009
0.00007020	1.04989564	1.17596138	1.05776536	1.01996005	1.02659822	1.07585168	1.06188560	1.04681754
0.00007660	0.97212553	1.38595450	1.05776536	1.04335368	1.11364615	1.07108963	1.07792044	1.04315090
0.00008300	1.17627192	1.28095794	1.01930118	1.03711534	1.11743081	1.07470882	1.05409515	1.03985095
0.00008940	0.87491298	1.07096481	1.03853333	1.15876198	1.04457545	1.08366156	1.02202499	1.04040098
0.00009580	1.24432075	1.09196413	1.02891719	1.04335368	1.02186728	1.03985035	1.01801622	1.03875101
0.00010220	1.01101053	0.86097175	1.05776536	1.02775788	0.97928953	1.02499259	1.06232369	0.99566829
0.00011500	1.08514833	1.13207805	0.97993392	1.05241001	1.00666392	1.03090274	1.04768169	1.01621366
0.00012780	1.15327418	1.00629163	1.05679142	1.03287756	1.01139450	1.03346038	1.02520871	1.02538276
0.00014060	0.90996742	1.05870271	1.10482740	1.04537833	1.01754415	1.00725949	1.03259420	0.99767786
0.00015340	1.01702237	0.92243397	0.95591593	0.99224997	1.05396950	1.01068938	1.02003884	1.01601589
0.00016620	1.07054996	1.06918490	1.15286338	1.02037680	1.01274860	1.01327646	0.99554622	1.01170647
0.00017900	0.96836108	1.12159586	1.09522021	1.03053367	1.04727948	1.02356637	0.99966091	0.99758619
0.00019180	0.98782557	0.88050514	0.95111233	1.05944169	1.03967762	0.99504977	0.98700029	0.99319911
0.00020460	1.04135311	1.04822040	0.95111233	0.98834348	1.01129699	1.00457728	0.98023313	1.03024232
0.00023020	0.94295645	1.09196413	0.95880818	0.98034054	1.03564954	1.00260293	1.01557362	1.00490379
0.00025580	0.99412465	1.03405964	1.06454146	1.02522075	1.00938570	1.00604975	1.00812650	1.00159955
0.00028140	0.96488565	0.96582222	0.96361428	0.99829268	1.01435447	1.00519168	0.99821758	1.00055814
0.00030700	1.00143433	1.02356160	0.98293912	0.96316898	1.04700696	1.01014948	1.00392520	0.98839653
0.00033260	0.94295645	0.92907894	1.00697184	0.97799897	1.00252390	0.98359156	0.99449044	0.99305981
0.00035820	1.01849043	0.97107124	0.98053581	0.97995031	0.99400592	1.00286591	0.99823272	0.99982041
0.00038380	1.00387096	0.83984536	1.06465042	0.99595106	0.99826491	1.00645602	0.98953593	0.98931050
0.00040940	1.03554654	1.07080293	1.06465042	1.02092791	0.99660861	1.00775766	0.99656117	0.98501027
0.00046060	1.00277746	1.03065538	1.03260028	1.01374912	1.01260626	1.00341713	0.99896669	1.00378036
0.00051180	1.02341068	1.02803290	1.01581001	1.00844789	0.99721706	1.00618410	0.99419677	0.99767560
0.00056300	0.95510197	1.00690031	1.05658638	1.01853514	1.01094890	1.01278615	1.00495994	1.00477600
0.00061420	0.95866251	0.97281259	1.02180660	0.98736942	0.99934787	1.00234807	1.00934982	1.00144827
0.00066540	0.96841985	0.88352638	0.97263509	1.01210725	1.01761079	0.99937600	1.00943315	1.00398147
0.00071660	1.02940345	1.02510035	1.04099536	1.00451064	1.02270126	0.99219656	0.99844354	0.99487936
0.00076780	1.03672159	1.01199162	0.99901980	1.02855408	1.00139248	1.00252450	0.99578178	1.00411379
0.00081900	0.99525267	0.97266549	1.05178916	1.00693107	1.00245798	0.98728299	1.00382388	1.00553656
0.00092140	0.99057186	0.93507433	0.96731782	1.02202284	0.99590844	1.00215960	1.00118995	1.00430965
0.00102380	1.01128495	1.01769662	1.02860129	1.01470816	0.99534816	1.00143683	0.99386191	1.00101292
0.00112620	1.01737702	0.99015588	1.02259314	1.00501430	1.00713551	0.99966586	0.99384683	0.99680871
0.00122860	1.01565409	0.96523803	0.98173743	1.00438881	1.01320982	1.00135767	0.99872208	0.99215013
0.00133100	0.97066808	1.01113927	0.99976200	1.00030005	0.99671531	0.99971551	0.99599248	0.99801743
0.00143340	0.98285478	1.08589280	0.99685997	0.99991059	0.98628968	0.99399561	1.00301683	1.00894749
0.00153580	1.03099215	1.01113927	0.99385554	0.97975856	0.98773885	0.99068117	0.99800807	0.99951428
0.00163820	1.00611317	1.01507366	1.00877428	1.00249779	1.00660241	1.00238061	0.99529171	1.00631428
0.00184300	0.99858183	1.01462555	0.98244560	1.00514412	1.00672936	1.00249064	1.00210106	0.99647266
0.00204780	0.98021972	0.99828166	0.97973669	1.00758815	1.00714612	0.99645984	0.99469846	1.00421703
0.00225260	0.97656786	1.00612676	0.98997051	1.01851821	0.99416083	0.99664980	0.99237722	1.00349867
0.00245740	0.99452281	1.00039399	0.99057245	1.00473475	1.00433612	0.99351418	0.99930876	1.00086069
0.00266220	1.02424085	1.00889409	0.97752959	1.00853550	0.99456787	0.99739152	0.99228692	0.99565971
0.00286700	0.97494578	0.98092657	1.00612116	1.00902998	0.99832410	1.00098729	1.00258875	0.99930596
0.00307180	0.98011875	0.97242522	0.97442013	1.00243711	0.99604666	1.00283229	1.00068700	1.00121129
0.00327660	1.00993919	1.00446880	0.99528641	1.00060773	0.99962544	0.99994493	0.99544162	0.99630702
0.00368620	1.01822841	0.99217963	0.99199855	1.01759350	1.00901401	0.99656719	1.00110328	0.99797881
0.00409580	1.02061379	0.99707687	0.99762511	0.99762499	1.00000226	0.99453998	0.99877948	0.99847364
0.00450540	1.00440085	0.98565000	0.99717289	0.99612921	1.00245702	0.99971825	1.00092328	1.00014043
0.00491500	1.01661360	1.00883019	0.99445951	1.01029909	1.00378931	0.99713814	0.99824715	0.99994016
0.00532460	1.02949190	1.00408459	1.02154744	1.00020111	0.99614859	1.00202477	1.00117922	1.00351822
0.00573420	0.99000466	0.97796202	1.00853479	1.00570714	1.01252031	1.00017035	1.00066996	1.00149977
0.00614380	1.00738680	1.02498257	1.01482069	1.01451206	1.00493324	0.99753827	1.00551152	1.00096452
0.00655340	0.98812854	0.94418675	1.00657475	1.00790060	1.01137209	0.99887919	1.00007308	1.00311494
0.00737260	1.00556087	0.99655187	0.99684495	1.00408423	0.99415416	0.99966508	1.00566399	0.99974257
0.00819180	0.99962479	0.98432726	0.99629653	0.99596536	1.00288725	0.99956799	1.00104320	0.99961716
0.00901100	0.99992919	0.98154140	1.00236607	0.99816990	0.99818146	1.00195336	1.00209224	0.99988663
0.00983020	1.00565815	1.00142980	1.00597882	1.00396252	1.00193739	1.00252473	0.99836063	0.99891979
0.01064940	1.00398421	0.98235649	0.98613489	1.00036693	1.00268209	1.00190461	0.99743509	1.00043643
0.01146860	1.01229751	0.99149901	1.00069606	1.00111187	1.00262594	1.00116765	1.00277948	0.99912995
0.01228780	0.99317712	1.00142980	1.00945938	1.00286567	1.00458455	1.00066650	0.99883586	1.00333130
0.01310700	1.00491846	0.98100722	1.00557101	1.00549746	1.00537193	0.99561977	0.99932629	0.99953073
0.01474540	0.99784762	1.00290871	0.99963582	1.00209701	1.00021482	1.00070035	0.99904507	0.99797779
0.01638380	1.00179374	0.99535525	0.99994123	0.99859935	0.99914443	1.00323558	0.99900466	1.00083899
0.01802220	0.99433851	1.01707959	1.00343740	0.99887836	1.00365448	0.99886864	1.00260079	1.00055516
0.01966060	0.99916363	1.01184201	0.99028969	0.99973029	1.00304377	1.00017524	1.00158405	0.99948931
0.02129900	0.99117523	1.00547099	0.99641478	0.99651510	1.00223219	0.99969608	0.99753642	0.99946815
0.02293740	0.99188381	0.98875386	0.99380594	1.00666976	1.00044692	1.00015187	1.00066566	1.00057089
0.02457580	0.99302220	1.00123048	1.00354469	0.99580681	1.00074327	1.00025523	1.00048900	0.99985152
0.02621420	1.00733531	1.01303422	1.01284015	0.99631858	1.00048280	1.00016594	1.00120294	1.00007308
0.02949100	0.99352938	0.99820668	0.99712163	0.99689680	0.99992537	1.00039613	1.00098205	0.99969268
0.03276780	1.00529230	1.00693166	1.00678849	0.99681181	0.99837583	1.00069988	0.99956405	0.99958050
0.03604460	1.00519276	0.99768031	1.00213718	0.99833024	0.99930888	0.99900031	1.00105667	1.00052392
0.03932140	1.00786185	0.99381006	1.00162554	1.00281477	0.99957973	1.00032485	0.99987453	1.00031543
0.04259820	1.00528574	0.99614942	1.00964773	0.99670964	0.99764735	1.00009143	1.00280905	1.00060117
0.04587500	0.99667972	0.99357992	0.99361777	0.99918127	1.00026357	1.00106835	0.99941248	0.99944073
0.04915180	1.00062025	0.99220729	0.99768090	1.00058556	1.00149131	0.99882668	1.00115716	1.00106418
0.05242860	1.00068617	1.00409710	1.00511611	0.99806058	1.00058401	0.99942523	0.99901372	0.99908048
0.05898220	0.99830961	0.99692482	0.99968696	1.00099039	1.00184166	1.00035274	1.00121284	0.99916798
0.06553581	1.00023997	0.99995172	0.99247539	0.99765402	1.00083482	0.99931228	0.99965060	1.00081909
0.07208940	0.99958062	0.99583113	1.00339997	1.00035203	0.99994427	1.00035501	1.00031030	0.99995965
0.07864300	1.00017679	1.00021780	1.00279415	0.99877155	1.00375998	1.00078535	1.00063801	0.99949038
0.08519660	0.99785799	0.99662751	1.00628817	1.00130939	1.00133836	0.99992228	1.00069118	1.00016260
0.09175020	0.99605203	0.99950683	0.99736243	0.99909216	0.99981898	1.00034928	0.99925900	1.00072658
0.09830380	0.99495828	0.99599707	0.99430668	1.00035655	1.00109446	0.99967092	1.00028849	1.00075710
0.10485740	1.00045216	1.00255263	1.00235486	0.99813265	0.99995220	1.00036538	1.00004351	1.00116539
0.11796460	0.99526691	0.99922234	1.00238585	0.99951953	0.99934226	0.99915045	0.99965239	0.99999350
0.13107181	1.00585866	1.00120282	0.99945271	1.00091958	0.99800646	0.99987543	0.99962813	0.99995339
0.14417900	0.99903208	0.99951667	0.99933606	1.00202358	1.00003171	1.00007844	1.00082517	1.00031435
0.15728620	0.99504650	1.00050485	0.99776304	1.00124109	1.00060201	1.00036323	1.00052655	1.00017512
0.17039341	1.00217521	0.99916011	1.00039995	1.00128078	1.00110972	0.99947625	1.00005317	0.99986172
0.18350060	1.00160587	0.99892795	0.99658906	0.99982423	1.00042439	1.00017834	1.00029325	0.99945045
0.19660780	0.99580544	0.99401534	0.99691689	0.99822283	1.00146401	0.99974972	1.00097883	0.99978828
0.20971501	1.00043786	0.99823511	1.00341618	1.00129473	1.00075781	0.99997610	1.00005674	1.00047040
0.23592941	0.99900091	1.00089109	0.99770433	0.99926937	1.00109863	0.99984872	1.00006819	0.99954414
0.26214382	0.99841738	1.00365365	0.99739265	1.00015616	1.00082314	1.00050175	0.99991381	1.00071764
0.28835821	1.00110841	1.00051367	1.00166357	0.99891305	0.99936211	1.00022364	0.99942291	0.99968499
0.31457260	1.00197744	0.99850851	0.99973524	1.00071418	0.99929434	1.00028729	0.99949354	1.00030565
0.34078699	1.00120735	0.99994999	1.00015819	1.00055027	0.99979621	1.00083208	0.99970788	0.99999380
0.36700141	0.99827480	0.99773508	0.99989766	1.00029814	0.99891776	1.00010979	0.99928045	1.00085413
0.39321581	1.00176525	0.99972123	1.00407660	1.00143743	0.99925834	0.99992174	0.99990696	0.99957079
0.41943020	1.00014889	1.00276947	1.00034499	0.99972653	1.00182700	0.99932021	0.99968922	1.00105286
0.47185901	1.00115728	0.99877489	0.99859619	1.00023818	1.00085425	1.00010288	1.00016832	0.99985021
0.52428782	1.00062633	1.00000584	0.99872327	1.00046647	0.99972296	1.00002360	1.00006044	1.00037777
0.57671660	0.99680710	1.00380778	1.00126529	1.00036621	0.99906641	1.00019717	1.00021100	0.99997950
0.62914538	0.99824399	0.99872500	0.99988097	0.99994528	0.99941438	1.00041246	1.00032246	1.00018036
0.68157423	0.99999028	0.99957508	1.00028682	1.00071847	1.00077212	1.00003529	1.00035965	1.00010502
0.73400301	0.99707967	1.00077116	0.99974072	1.00034952	1.00008214	1.00000942	1.00038648	0.99981987
0.78643179	1.00153768	0.99924612	1.00036013	1.00028825	0.99843067	0.99980313	1.00009954	0.99998611
0.83886063	1.00049400	1.00128460	0.99973685	1.00003350	0.99913019	1.00035369	0.99991065	1.00001335
0.94371825	1.00078833	1.00018919	0.99903184	1.00026989	1.00030553	1.00048840	0.99996638	0.99991971
1.04857588	0.99773484	0.99948448	0.99978971	1.00010085	0.99921012	0.99975652	0.99971890	1.00004590
1.15343344	1.00081635	0.99988061	1.00020540	0.99972630	0.99979383	0.99995762	0.99978667	1.00008023
1.25829101	1.00012231	0.99982375	1.00027287	1.00073695	0.99917054	1.00020075	0.99972570	0.99996704
1.36314869	1.00058329	0.99996012	1.00034714	0.99930650	0.99982536	0.99990529	1.00008118	1.00000548
1.46800625	0.99884200	1.00058699	0.99876529	1.00070059	1.00018120	0.99991894	0.99968708	0.99980319
1.57286382	0.99917769	1.00046718	0.99922991	0.99995381	0.99941397	1.00025773	1.00004995	0.99990523
1.67772150	1.00140393	0.99994624	1.00005305	1.00061262	0.99994355	1.00032413	0.99984705	0.99990672
1.88743675	0.99918520	0.99974769	1.00104058	0.99960399	1.00006557	1.00005054	0.99988568	0.99981213
2.09715199	1.00140822	1.00053847	0.99966460	1.00018179	1.00023913	0.99990368	0.99998444	0.99974018
2.30686712	0.99869406	1.00054121	0.99910945	0.99971420	0.99979752	1.00016606	0.99992245	0.99982661
2.51658225	1.00010204	0.99954557	1.00077701	0.99996275	1.00045693	1.00008273	0.99992400	0.99992329
2.72629738	0.99776942	1.00053310	0.99916273	0.99993223	1.00074375	0.99981213	0.99984074	0.99989974
2.93601274	1.00085795	1.00092506	0.99969894	1.00021505	1.00121725	1.00002980	0.99986494	0.99999064
3.14572787	0.99890071	1.00022376	1.00054824	1.00019360	1.00005281	0.99994993	1.00011182	0.99998504
3.35544300	1.00172782	0.99969411	1.00006378	0.99981409	0.99932897	1.00006545	0.99972641	1.00008893
3.77487350	1.00029409	0.99959916	0.99942791	0.99998903	0.99966490	0.99992877	1.00022221	1.00004089
4.19430399	0.99981254	0.99948156	1.00062907	0.99988997	1.00009811	1.00004625	0.99975699	0.99990195
4.61373425	0.99983639	1.00118470	0.99951404	1.00014973	1.00029850	0.99998802	1.00022483	1.00009477
5.03316450	1.00000000	1.00000000	1.00000000	1.00000000	1.00000000	1.00000000	1.00000000	1.00000000
5.45259476	0.00000000	0.00000000	0.00000000	0.00000000	0.00000000	0.00000000	0.00000000	0.00000000
5.87202549	0.00000000	0.00000000	0.00000000	0.00000000	0.00000000	0.00000000	0.00000000	0.00000000
6.29145575	0.00000000	0.00000000	0.00000000	0.00000000	0.00000000	0.00000000	0.00000000	0.00000000
6.71088600	0.00000000	0.00000000	0.00000000	0.00000000	0.00000000	0.00000000	0.00000000	0.00000000
7.54974699	0.00000000	0.00000000	0.00000000	0.00000000	0.00000000	0.00000000	0.00000000	0.00000000
8.38860798	0.00000000	0.00000000	0.00000000	0.00000000	0.00000000	0.00000000	0.00000000	0.00000000
9.22746849	0.00000000	0.00000000	0.00000000	0.00000000	0.00000000	0.00000000	0.00000000	0.00000000
10.06632900	0.00000000	0.00000000	0.00000000	0.00000000	0.00000000	0.00000000	0.00000000	0.00000000
10.90518951	0.00000000	0.00000000	0.00000000	0.00000000	0.00000000	0.00000000	0.00000000	0.00000000
11.74405098	0.00000000	0.00000000	0.00000000	0.00000000	0.00000000	0.00000000	0.00000000	0.00000000
12.58291149	0.00000000	0.00000000	0.00000000	0.00000000	0.00000000	0.00000000	0.00000000	0.00000000
13.42177200	0.00000000	0.00000000	0.00000000	0.00000000	0.00000000	0.00000000	0.00000000	0.00000000
15.09949398	0.00000000	0.00000000	0.00000000	0.00000000	0.00000000	0.00000000	0.00000000	0.00000000
16.77721596	0.00000000	0.00000000	0.00000000	0.00000000	0.00000000	0.00000000	0.00000000	0.00000000
18.45493698	0.00000000	0.00000000	0.00000000	0.00000000	0.00000000	0.00000000	0.00000000	0.00000000
20.13265800	0.00000000	0.00000000	0.00000000	0.00000000	0.00000000	0.00000000	0.00000000	0.00000000
21.81037903	0.00000000	0.00000000	0.00000000	0.00000000	0.00000000	0.00000000	0.00000000	0.00000000
23.48810196	0.00000000	0.00000000	0.00000000	0.00000000	0.00000000	0.00000000	0.00000000	0.00000000
25.16582298	0.00000000	0.00000000	0.00000000	0.00000000	0.00000000	0.00000000	0.00000000	0.00000000
26.84354401	0.00000000	0.00000000	0.00000000	0.00000000	0.00000000	0.00000000	0.00000000	0.00000000
30.19898796	0.00000000	0.00000000	0.00000000	0.00000000	0.00000000	0.00000000	0.00000000	0.00000000
33.55443192	0.00000000	0.00000000	0.00000000	0.00000000	0.00000000	0.00000000	0.00000000	0.00000000
36.90987396	0.00000000	0.00000000	0.00000000	0.00000000	0.00000000	0.00000000	0.00000000	0.00000000
40.26531601	0.00000000	0.00000000	0.00000000	0.00000000	0.00000000	0.00000000	0.00000000	0.00000000
43.62075806	0.00000000	0.00000000	0.00000000	0.00000000	0.00000000	0.00000000	0.00000000	0.00000000
46.97620392	0.00000000	0.00000000	0.00000000	0.00000000	0.00000000	0.00000000	0.00000000	0.00000000
50.33164597	0.00000000	0.00000000	0.00000000	0.00000000	0.00000000	0.00000000	0.00000000	0.00000000
53.68708801	0.00000000	0.00000000	0.00000000	0.00000000	0.00000000	0.00000000	0.00000000	0.00000000
60.39797592	0.00000000	0.00000000	0.00000000	0.00000000	0.00000000	0.00000000	0.00000000	0.00000000
67.10886383	0.00000000	0.00000000	0.00000000	0.00000000	0.00000000	0.00000000	0.00000000	0.00000000
73.81974792	0.00000000	0.00000000	0.00000000	0.00000000	0.00000000	0.00000000	0.00000000	0.00000000
80.53063202	0.00000000	0.00000000	0.00000000	0.00000000	0.00000000	0.00000000	0.00000000	0.00000000
87.24151611	0.00000000	0.00000000	0.00000000	0.00000000	0.00000000	0.00000000	0.00000000	0.00000000
93.95240784	0.00000000	0.00000000	0.00000000	0.00000000	0.00000000	0.00000000	0.00000000	0.00000000
100.66329193	0.00000000	0.00000000	0.00000000	0.00000000	0.00000000	0.00000000	0.00000000	0.00000000
107.37417603	0.00000000	0.00000000	0.00000000	0.00000000	0.00000000	0.00000000	0.00000000	0.00000000
120.79595184	0.00000000	0.00000000	0.00000000	0.00000000	0.00000000	0.00000000	0.00000000	0.00000000
134.21772766	0.00000000	0.00000000	0.00000000	0.00000000	0.00000000	0.00000000	0.00000000	0.00000000
147.63949585	0.00000000	0.00000000	0.00000000	0.00000000	0.00000000	0.00000000	0.00000000	0.00000000
161.06126404	0.00000000	0.00000000	0.00000000	0.00000000	0.00000000	0.00000000	0.00000000	0.00000000
174.48303223	0.00000000	0.00000000	0.00000000	0.00000000	0.00000000	0.00000000	0.00000000	0.00000000
187.90481567	0.00000000	0.00000000	0.00000000	0.00000000	0.00000000	0.00000000	0.00000000	0.00000000
201.32658386	0.00000000	0.00000000	0.00000000	0.00000000	0.00000000	0.00000000	0.00000000	0.00000000
214.74835205	0.00000000	0.00000000	0.00000000	0.00000000	0.00000000	0.00000000	0.00000000	0.00000000
241.59190369	0.00000000	0.00000000	0.00000000	0.00000000	0.00000000	0.00000000	0.00000000	0.00000000
268.43545532	0.00000000	0.00000000	0.00000000	0.00000000	0.00000000	0.00000000	0.00000000	0.00000000
295.27899170	0.00000000	0.00000000	0.00000000	0.00000000	0.00000000	0.00000000	0.00000000	0.00000000
322.12252808	0.00000000	0.00000000	0.00000000	0.00000000	0.00000000	0.00000000	0.00000000	0.00000000
348.96606445	0.00000000	0.00000000	0.00000000	0.00000000	0.00000000	0.00000000	0.00000000	0.00000000
375.80963135	0.00000000	0.00000000	0.00000000	0.00000000	0.00000000	0.00000000	0.00000000	0.00000000
402.65316772	0.00000000	0.00000000	0.00000000	0.00000000	0.00000000	0.00000000	0.00000000	0.00000000
429.49670410	0.00000000	0.00000000	0.00000000	0.00000000	0.00000000	0.00000000	0.00000000	0.00000000
483.18380737	0.00000000	0.00000000	0.00000000	0.00000000	0.00000000	0.00000000	0.00000000	0.00000000
536.87091064	0.00000000	0.00000000	0.00000000	0.00000000	0.00000000	0.00000000	0.00000000	0.00000000
590.55798340	0.00000000	0.00000000	0.00000000	0.00000000	0.00000000	0.00000000	0.00000000	0.00000000
644.24505615	0.00000000	0.00000000	0.00000000	0.00000000	0.00000000	0.00000000	0.00000000	0.00000000
697.93212891	0.00000000	0.00000000	0.00000000	0.00000000	0.00000000	0.00000000	0.00000000	0.00000000
751.61926270	0.00000000	0.00000000	0.00000000	0.00000000	0.00000000	0.00000000	0.00000000	0.00000000
805.30633545	0.00000000	0.00000000	0.00000000	0.00000000	0.00000000	0.00000000	0.00000000	0.00000000
858.99340820	0.00000000	0.00000000	0.00000000	0.00000000	0.00000000	0.00000000	0.00000000	0.00000000
966.36761475	0.00000000	0.00000000	0.00000000	0.00000000	0.00000000	0.00000000	0.00000000	0.00000000
1073.74182129	0.00000000	0.00000000	0.00000000	0.00000000	0.00000000	0.00000000	0.00000000	0.00000000
1181.11596680	0.00000000	0.00000000	0.00000000	0.00000000	0.00000000	0.00000000	0.00000000	0.00000000
1288.49011230	0.00000000	0.00000000	0.00000000	0.00000000	0.00000000	0.00000000	0.00000000	0.00000000
1395.86425781	0.00000000	0.00000000	0.00000000	0.00000000	0.00000000	0.00000000	0.00000000	0.00000000
1503.23852539	0.00000000	0.00000000	0.00000000	0.00000000	0.00000000	0.00000000	0.00000000	0.00000000
1610.61267090	0.00000000	0.00000000	0.00000000	0.00000000	0.00000000	0.00000000	0.00000000	0.00000000
1717.98681641	0.00000000	0.00000000	0.00000000	0.00000000	0.00000000	0.00000000	0.00000000	0.00000000
1932.73522949	0.00000000	0.00000000	0.00000000	0.00000000	0.00000000	0.00000000	0.00000000	0.00000000
2147.48364258	0.00000000	0.00000000	0.00000000	0.00000000	0.00000000	0.00000000	0.00000000	0.00000000
2362.23193359	0.00000000	0.00000000	0.00000000	0.00000000	0.00000000	0.00000000	0.00000000	0.00000000
2576.98022461	0.00000000	0.00000000	0.00000000	0.00000000	0.00000000	0.00000000	0.00000000	0.00000000
2791.72851562	0.00000000	0.00000000	0.00000000	0.00000000	0.00000000	0.00000000	0.00000000	0.00000000
3006.47705078	0.00000000	0.00000000	0.00000000	0.00000000	0.00000000	0.00000000	0.00000000	0.00000000
3221.22534180	0.00000000	0.00000000	0.00000000	0.00000000	0.00000000	0.00000000	0.00000000	0.00000000
3435.97363281	0.00000000	0.00000000	0.00000000	0.00000000	0.00000000	0.00000000	0.00000000	0.00000000
0	0	0	0	0	0	0	0	0
