%3/24/2015 6:55:31 AM
%Duration	ID1		ID2		ID3		ID4		ID5		ID6		ID7		ID8
3000.000000	0.000000	0.000000	0.000000	0.000000	0.000000	0.000000	0.000000	0.000000
%Tau		Tau1		Tau2		Tau3		Tau4		Tau5		Tau6		Tau7		Tau8
%		0.000115	0.000002	0.000307	0.000141	0.000057	0.000281	0.000256	0.000166
%Delaytime	D1		D2		D3		D4		D5		D6		D7		D8
0.00000000	5383.79394531	148.60771179	4248.77001953	1976.43774414	694.64514160	289.57125854	328.92404175	182.34500122
0.00000020	5561.83154297	42.45934677	4462.11621094	2383.09936523	691.90167236	300.10296631	337.19195557	194.29598999
0.00000040	5736.92626953	0.00000000	4548.36279297	2228.06933594	718.23889160	302.30960083	345.75872803	191.09262085
0.00000060	5580.95947266	0.00000000	4478.76025391	2277.14916992	702.87548828	299.40084839	333.00817871	185.91796875
0.00000080	5544.17480469	21.22967339	4493.89111328	2224.17407227	686.96343994	295.08786011	335.29928589	190.72300720
0.00000100	5726.62646484	0.00000000	4525.66650391	2267.80078125	699.03466797	294.58636475	338.68615723	184.68591309
0.00000120	5635.40087891	21.22967339	4462.11621094	2269.35888672	696.29119873	297.99661255	330.21899414	185.54835510
0.00000140	5566.24560547	0.00000000	4480.27343750	2224.17407227	686.96343994	294.38577271	328.92404175	182.71461487
0.00000160	5669.24267578	0.00000000	4531.71875000	2252.21972656	684.21997070	292.48001099	330.41824341	184.43949890
0.00000180	5529.46142578	0.00000000	4451.52490234	2251.44067383	683.12255859	292.27941895	324.83987427	181.72897339
0.00000200	5544.17480469	0.00000000	4501.45703125	2224.95312500	679.83044434	291.37670898	326.73254395	181.97537231
0.00000220	5617.74414062	0.00000000	4495.40429687	2269.35888672	675.44085693	288.36764526	327.13098145	180.86653137
0.00000240	5600.08740234	0.00000000	4451.52490234	2200.80273437	678.18432617	286.86312866	321.35339355	179.51126099
0.00000260	5533.87548828	21.22967339	4502.96972656	2281.82348633	661.72357178	290.07278442	321.55261230	179.01843262
0.00000280	5585.37402344	0.00000000	4489.35205078	2187.55908203	667.75915527	286.46191406	320.55648804	180.12728882
0.00000300	5530.93261719	21.22967339	4448.49853516	2251.44067383	668.30786133	284.45587158	316.17349243	177.04713440
0.00000340	5544.17480469	10.61483669	4490.10839844	2223.00561523	656.51098633	283.40270996	317.02020264	175.01423645
0.00000380	5522.10449219	21.22967339	4462.11621094	2225.34277344	650.74969482	279.99246216	313.18508911	173.65896606
0.00000420	5494.88378906	21.22967339	4470.43847656	2213.65698242	644.16540527	278.73867798	309.89782715	173.41255188
0.00000460	5480.16992187	21.22967339	4453.03759766	2217.55224609	638.12976074	275.37857056	309.34997559	170.70202637
0.00000500	5497.82666016	0.00000000	4465.89892578	2201.58178711	632.09411621	272.01846313	305.26580811	170.27079773
0.00000540	5438.97119141	0.00000000	4442.44628906	2204.30859375	625.50982666	270.96530151	302.67584229	169.65476990
0.00000580	5445.59228516	0.00000000	4462.87304687	2197.29711914	620.02288818	267.40457153	300.33493042	168.23789978
0.00000620	5426.46435547	10.61483669	4433.36767578	2189.11718750	611.24383545	266.35140991	297.39633179	165.65057373
0.00000700	5397.77246094	0.00000000	4439.04150391	2182.88476562	600.13275146	263.26712036	292.83901978	166.05099487
0.00000780	5361.35546875	0.00000000	4431.47607422	2175.48388672	588.47308350	261.01034546	289.82571411	164.07969666
0.00000860	5342.96337891	5.30741835	4420.88476562	2167.88818359	576.53900146	257.42456055	286.18981934	162.38560486
0.00000940	5304.33935547	15.92225456	4418.23681641	2157.17626953	563.37036133	255.99525452	282.90255737	160.32191467
0.00001020	5279.69384766	5.30741835	4406.88818359	2145.49047852	552.80804443	253.88891602	280.43713379	158.99745178
0.00001100	5250.26611328	0.00000000	4400.83593750	2141.20581055	538.81634521	252.23393250	277.52343750	157.76538086
0.00001180	5217.16015625	5.30741835	4390.62255859	2131.27294922	527.43096924	250.93000793	274.73425293	155.79408264
0.00001260	5191.41064453	10.61483669	4385.32666016	2121.72973633	514.39953613	249.17472839	271.62130737	154.37721252
0.00001420	5132.73925781	5.30741835	4371.52001953	2105.07763672	493.68637085	246.41642761	268.62045288	151.15846252
0.00001580	5074.61962891	7.96112728	4358.46923828	2089.59399414	477.15701294	243.04377747	267.01419067	147.86270142
0.00001740	5017.60351562	15.92225456	4344.28417969	2071.28662109	464.33129883	240.02218628	267.41265869	145.10595703
0.00001900	4962.42675781	10.61483669	4329.15332031	2055.60815430	453.76898193	239.38276672	269.66641235	141.99501038
0.00002060	4905.41064453	0.00000000	4316.10253906	2040.12475586	441.56054687	238.02868652	273.94979858	138.71464539
0.00002220	4852.25683594	7.96112728	4304.18701172	2021.91455078	435.25057983	236.52416992	276.95065308	135.44967651
0.00002380	4795.79248047	5.30741835	4291.32568359	2006.82055664	429.42071533	235.88473511	279.95150757	132.95475769
0.00002540	4741.35107422	2.65370917	4279.78857422	1991.43444824	425.99139404	234.94441223	283.64965820	131.16827393
0.00002860	4348.66894531	5.47102165	3914.67919922	1723.09619141	355.50122070	199.34300232	242.97061157	108.59246826
0.00003180	4248.07714844	4.37681723	3893.02001953	1696.79162598	350.35577393	197.47958374	240.70443726	106.69322968
0.00003500	4151.19824219	9.84783936	3871.96948242	1670.10217285	349.57086182	199.12345886	239.86196899	105.87281036
0.00003820	4053.80126953	6.56522608	3850.83227539	1643.11328125	344.36727905	200.90641785	236.66265869	104.06401062
0.00004140	3958.56298828	6.56522608	3830.21679687	1616.85156250	332.53564453	200.09254456	233.12211609	102.57821655
0.00004460	3866.34667969	10.94204330	3806.73071289	1589.99096680	317.44815063	195.53598022	233.99125671	101.36373138
0.00004780	3773.00805664	3.28261304	3784.54956055	1563.17321777	297.21517944	191.67013550	235.95881653	100.17509460
0.00005100	3681.82788086	5.47102165	3759.67187500	1537.42468262	275.35427856	192.75172424	237.89971924	99.06398010
0.00005740	3512.44458008	3.33390307	3743.37280273	1500.33093262	235.45005798	190.32830811	239.10668945	97.56002045
0.00006380	3331.93579102	2.77825260	3690.78906250	1447.76013184	192.33657837	185.00642395	233.83799744	95.15761566
0.00007020	3157.62719727	5.55650520	3636.22998047	1395.05969238	172.07043457	182.75724792	223.63648987	92.60424042
0.00007660	2984.09936523	3.88955355	3581.53930664	1343.11499023	181.18577576	184.35154724	219.77911377	89.47651672
0.00008300	2815.81811523	7.77910709	3524.74169922	1293.11328125	201.26016235	186.26144409	224.55479431	86.45381927
0.00008940	2655.47167969	5.55650520	3468.76562500	1241.21166992	193.82629395	184.89024353	234.40142822	85.53157806
0.00009580	2493.04394531	6.11215544	3412.19970703	1190.88623047	162.92559814	176.89424133	230.72012329	90.45782471
0.00010220	2334.25854492	4.44520378	3357.56494141	1140.06408691	120.26935577	166.28550720	218.77142334	96.08312988
0.00011500	2020.36828613	4.86585855	3273.89965820	1052.72302246	108.21135712	162.13743591	215.80003357	98.54892731
0.00012780	1846.96875000	3.14849663	3163.05004883	951.51538086	134.57708740	168.85774231	203.97616577	91.45619965
0.00014060	1754.33337402	3.14849663	3051.93505859	848.35876465	175.90165710	166.63830566	204.59991455	83.01783752
0.00015340	1674.52941895	4.57963181	2940.84204102	744.92864990	194.87055969	158.15594482	191.11224365	76.39885712
0.00016620	1597.93334961	4.86585855	2828.00097656	640.04351807	218.28506470	151.32815552	179.65795898	70.98943329
0.00017900	1520.68261719	6.01076651	2715.69091797	533.48443604	267.51708984	151.46037292	178.32664490	66.03695679
0.00019180	1438.97192383	5.43831253	2603.46923828	428.10696411	236.70578003	139.69216919	170.83746338	61.76989365
0.00020460	1353.38195801	5.43831253	2492.64184570	323.64846802	189.06575012	132.19979858	161.66798401	59.59268570
0.00023020	1200.58471680	5.63918447	2292.99121094	124.02954102	147.99206543	127.17316437	148.41423035	51.31855392
0.00025580	1083.42700195	2.89188957	2076.28271484	9.25320816	107.90738678	119.25482178	131.60948181	39.25646591
0.00028140	1012.63201904	4.48242855	1861.73706055	2.41989946	41.67584610	107.17177582	116.92855072	29.25491333
0.00030700	898.48028564	4.04864550	1650.53588867	2.51403761	8.17375946	97.97257233	100.41098785	23.58314896
0.00033260	746.54486084	3.75945640	1439.46838379	3.08440280	3.48446178	86.37483215	85.54880524	22.55551910
0.00035820	551.58178711	4.77161789	1228.08874512	2.30361152	3.82870054	73.04103851	70.88909912	20.68039703
0.00038380	314.15048218	5.49459028	1015.38250732	1.84953427	4.27621078	61.29553604	57.28155518	18.02358437
0.00040940	145.21026611	6.07296801	808.65167236	1.82184660	4.08496714	49.35815048	44.00042725	11.35726833
0.00046060	128.98310852	5.56720209	456.25619507	1.78862703	3.98234010	33.28286362	25.17934990	7.98769188
0.00051180	101.93363190	4.97336721	170.36138916	112.36901855	3.81180692	29.84671021	13.85428619	5.27783871
0.00056300	92.51792145	4.97336721	24.15530205	246.07521057	4.91963387	25.81344223	10.54413891	4.78854370
0.00061420	475.10708618	5.49297285	0.67363143	389.89260864	5.44085550	17.21571350	6.95052862	4.21287441
0.00066540	1038.80798340	3.85992670	0.66787010	541.46777344	4.24921513	12.82124329	5.83586788	3.89020753
0.00071660	1269.85156250	5.86411953	0.67348248	670.09399414	4.29378033	7.36155415	5.30088949	3.88411617
0.00076780	1071.87011719	5.34451389	0.75766778	574.96343994	4.72913170	4.79481792	4.04599380	3.89736414
0.00081900	1198.83288574	4.23107338	0.62297130	451.09024048	4.76981688	4.39148903	3.68568087	4.05137920
0.00092140	1544.72912598	3.99933839	0.62113076	172.90112305	3.63647723	4.30776834	3.90443254	3.96585441
0.00102380	1028.05847168	3.77080488	0.70338094	23.70782471	4.08145952	4.08105230	3.85394382	3.76059484
0.00112620	246.98370361	5.29436255	1.87148499	5.16213131	3.42331815	3.95693779	3.82238293	3.63734579
0.00122860	55.84212875	4.22787189	2.51516223	4.07409763	3.65907025	3.86971211	3.66832614	3.64947104
0.00133100	137.10105896	3.80889368	2.26229262	4.18332624	3.53876662	3.85378432	3.53026319	3.73456812
0.00143340	60.58179474	4.76111698	2.11771011	3.87408090	4.21941185	3.63737774	3.60803032	3.91622591
0.00153580	3.41200495	4.76111698	1.91926336	2.14769626	3.98663712	3.84121966	3.96376014	4.01184845
0.00163820	3.49792862	3.96124959	1.29273868	3.00024939	4.06128216	3.74134564	4.03868389	4.38013792
0.00184300	1.79804337	5.00394154	1.97955811	5.66729116	3.51372051	3.64640546	4.05753946	4.18735266
0.00204780	0.59006995	5.29600000	3.00932837	3.44654775	5.04095554	3.42357850	3.86007810	3.82304978
0.00225260	0.47038594	5.21811771	3.03435969	2.71282697	4.70716429	3.32526970	3.60604215	3.97933936
0.00245740	1.37497437	4.65347099	2.08906746	2.39806700	3.93915653	3.54387188	3.34091067	3.91813970
0.00266220	0.92963850	4.65347099	2.10716033	2.44405937	3.69981527	3.47516775	3.39745474	3.77514625
0.00286700	0.44672748	4.98447084	4.22719574	2.76097512	3.84192419	3.45277739	3.53432965	3.81726718
0.00307180	0.42306903	4.73135328	3.29843950	4.11846638	4.28271103	3.48624277	3.71302414	3.89891052
0.00327660	0.40080222	4.29592848	1.21694160	3.28485608	3.59864283	3.44783926	3.67878342	3.84839559
0.00368620	0.46228805	4.59181356	0.97090882	3.59826970	3.35249114	3.69546819	3.48008370	4.03976536
0.00409580	0.49236125	4.04516935	2.49262166	4.07309151	3.55603528	3.73020196	3.51867843	3.88618374
0.00450540	0.45659223	4.50236273	2.71236873	3.56708860	4.07084322	3.93757749	3.90296793	4.14403772
0.00491500	0.45369521	4.58187485	2.38705683	2.87974143	3.69017315	3.86167359	3.41919994	4.16447401
0.00532460	0.46348217	5.09446383	1.11856031	2.08455372	3.41026521	3.91461968	3.26952887	4.07783651
0.00573420	0.46278310	4.89178276	2.23353314	2.11759567	3.48825908	3.97154975	3.37575889	4.32032824
0.00614380	0.48445421	5.16103935	0.84735072	2.87284255	3.58197999	3.78842831	3.68064618	4.18885136
0.00655340	0.93675131	4.82613707	0.70513093	2.58091068	3.40412903	3.57675004	3.46721268	4.03172541
0.00737260	1.86310577	4.51384115	1.61584163	2.37982798	3.39932346	4.10146379	3.27484965	4.19819307
0.00819180	0.86151773	4.67990208	1.67503035	2.82171512	3.66285729	4.14714098	3.50836372	3.99944949
0.00901100	1.17495680	4.82179976	3.52070880	3.58552575	3.52668238	3.69592881	3.65537786	3.96172237
0.00983020	1.21135795	4.84693956	4.60178328	2.80278373	3.78210807	4.04564142	3.48515773	4.12374449
0.01064940	2.57356405	4.68715429	1.89362121	2.53546190	3.79171562	3.88019490	4.06383991	4.22200298
0.01146860	1.96692276	4.76355457	1.70275927	2.66403627	3.62191486	3.78427625	4.41228199	3.94927478
0.01228780	0.51971269	4.83078289	1.69590640	4.20177364	3.65311885	3.60255122	3.73202109	4.04616308
0.01310700	1.49801576	4.67543602	0.75525904	2.97173119	3.47060156	3.70836163	3.78441358	4.38414812
0.01474540	2.87124753	4.79149485	1.16582036	3.16074705	3.67167068	4.05503416	4.03797102	4.06859064
0.01638380	1.00325096	4.86094046	0.66359222	3.12757683	3.77986193	3.78706837	3.71173549	4.04940271
0.01802220	1.00320554	4.74298048	2.17809367	2.31209612	3.81103754	3.86101127	3.68121171	4.08943892
0.01966060	1.01000345	4.66199017	1.14925575	2.85208082	4.25267220	3.66883540	3.73187256	3.98212361
0.02129900	0.84501523	4.83763885	3.67761540	2.65301132	3.86759591	3.96639752	3.54055953	3.96416664
0.02293740	0.98567981	4.69968176	2.70169783	2.60953856	3.82219481	3.94976115	3.69280148	4.04720736
0.02457580	1.75078523	4.46109724	2.19106603	2.53209829	3.69800115	3.87069082	3.52276897	4.09325981
0.02621420	1.18057823	4.65264702	1.17645502	2.95430827	3.77340150	3.96027517	3.92911077	3.91478729
0.02949100	1.82724786	4.83707285	1.67750335	3.67601132	3.77048016	3.75543046	3.67707705	3.99470210
0.03276780	1.28634322	4.64367247	1.69699454	3.86922789	3.53250480	3.92549300	3.75289631	4.06116772
0.03604460	1.01223099	4.67125797	1.95161104	2.96943235	3.67140841	3.88205266	3.77675986	4.02469587
0.03932140	0.73402196	4.63193321	2.18584013	3.63347006	3.92724133	3.65176010	3.80104041	4.03487253
0.04259820	2.10149050	4.60138655	2.43817019	2.72939944	3.70015550	3.82450652	3.68592978	4.07321072
0.04587500	1.54357588	4.73691273	2.41493940	2.63168883	3.73740959	3.76987290	3.82434797	3.98512864
0.04915180	2.91002345	4.49333096	1.94161379	3.18033385	3.61106157	3.76931214	3.75448322	4.04905272
0.05242860	2.09637594	4.59857655	2.41019011	2.72182250	3.91836715	3.74954915	3.64413643	3.99131203
0.05898220	1.27431345	4.71263409	1.66710651	3.57885599	3.73724627	3.80995393	3.66296029	4.05363417
0.06553581	1.13559258	4.59503269	2.04103279	2.66035271	3.70409441	3.71231699	3.66658521	3.89485502
0.07208940	1.40123236	4.53133821	1.29350102	2.83277059	3.78017163	3.74177623	3.77027130	3.90535069
0.07864300	1.13414168	4.53549910	2.39972186	2.41651034	3.81440783	3.80355477	3.67704988	3.91127396
0.08519660	1.26490223	4.47177744	2.52260876	3.18694758	3.88126111	3.71194100	3.69550753	3.93061328
0.09175020	1.80963564	4.55652714	2.01872134	2.47241497	3.70188832	3.62243128	3.55765367	3.85966754
0.09830380	1.81112635	4.52331257	2.38802958	3.11715698	3.70391202	3.47846913	3.49010277	3.87796021
0.10485740	1.65950608	4.47024918	1.89371216	2.94461870	3.67383766	3.65025163	3.56370282	3.83240223
0.11796460	1.72343588	4.41697216	1.80244076	2.88416052	3.55383039	3.59875202	3.59532595	3.78088379
0.13107181	1.38371897	4.39935207	1.69526505	2.87699604	3.55106163	3.57204080	3.66431046	3.78093386
0.14417900	1.38044500	4.38763094	2.04931545	3.02916694	3.59240890	3.46995831	3.49762750	3.83045697
0.15728620	1.58219159	4.40752697	2.40074158	2.77266932	3.61502481	3.53801584	3.54147744	3.79987621
0.17039341	1.09994113	4.36237335	1.53957176	2.84637260	3.54249406	3.53735423	3.54554033	3.73102784
0.18350060	2.11525941	4.38622904	1.85477626	2.53710508	3.55007601	3.57038975	3.47916245	3.76555800
0.19660780	1.43664229	4.37327290	1.77205408	2.32207680	3.40880275	3.61516428	3.49105477	3.71368480
0.20971501	1.62949777	4.30074787	1.77226567	2.89370108	3.57503200	3.45856929	3.52070236	3.78491092
0.23592941	1.45337796	4.29015732	1.57749879	2.70019555	3.51386023	3.47035074	3.50483179	3.62189889
0.26214382	1.31203699	4.22627592	1.60503852	2.63846970	3.61381221	3.53648877	3.47987175	3.70213389
0.28835821	1.78074932	4.27484941	1.56585562	2.64845443	3.52225995	3.43113017	3.51689601	3.68501067
0.31457260	1.39607179	4.28016853	1.81054485	2.65938330	3.46438622	3.42040110	3.43194056	3.72614956
0.34078699	1.46071661	4.19031572	1.52410054	2.51048517	3.40227866	3.43988395	3.37874603	3.66864944
0.36700141	1.45149386	4.19987106	1.51813579	2.85133910	3.35657048	3.36071253	3.34699798	3.66511917
0.39321581	1.47858155	4.20806217	1.73391044	2.33318329	3.44122124	3.39928675	3.34265924	3.63627124
0.41943020	0.99290347	4.13256598	1.59465194	2.67342067	3.47515488	3.31064916	3.30316687	3.61311960
0.47185901	1.21740377	4.08885622	1.65098119	2.47908401	3.31459117	3.38131690	3.39180207	3.62227345
0.52428782	1.53668261	4.03795528	1.71677864	2.52451754	3.36692333	3.30155492	3.34646606	3.61070085
0.57671660	1.22414958	4.11600208	1.75894356	2.47681713	3.29582953	3.25683403	3.29609895	3.53873420
0.62914538	1.31793976	4.03288555	1.41287756	2.64631319	3.26246762	3.24233031	3.25461197	3.51206517
0.68157423	1.25550938	4.11900997	1.61575913	2.51957393	3.20163107	3.24199104	3.22618246	3.51107049
0.73400301	1.13262784	4.02970123	1.39906108	2.49236703	3.14867091	3.20446396	3.20460105	3.38899899
0.78643179	1.26510787	4.03358603	1.26993144	2.42106891	3.12433767	3.14798951	3.11493731	3.33080268
0.83886063	1.21806669	3.91101289	1.70189083	2.40261865	3.07958245	3.05302501	3.21256399	3.26848936
0.94371825	1.34619725	3.82215023	1.55882215	2.17399740	2.97827482	3.05977511	2.99199152	3.14190388
1.04857588	1.22754264	3.76827312	1.23944509	2.22442985	2.96781182	2.95507622	2.89272642	3.05373693
1.15343344	1.00114202	3.57347107	1.18900299	2.20385003	2.72110081	2.89516497	2.85905957	2.84042430
1.25829101	1.14523184	3.32009530	1.45502651	2.36544442	2.69172311	2.89158130	2.76712441	2.69209218
1.36314869	0.00000000	0.00000000	0.00000000	0.00000000	2.63820720	2.61858964	2.59067583	2.73763084
1.46800625	0.00000000	0.00000000	0.00000000	0.00000000	0.00000000	0.00000000	0.00000000	0.00000000
1.57286382	0.00000000	0.00000000	0.00000000	0.00000000	0.00000000	0.00000000	0.00000000	0.00000000
1.67772150	0.00000000	0.00000000	0.00000000	0.00000000	0.00000000	0.00000000	0.00000000	0.00000000
1.88743675	0.00000000	0.00000000	0.00000000	0.00000000	0.00000000	0.00000000	0.00000000	0.00000000
2.09715199	0.00000000	0.00000000	0.00000000	0.00000000	0.00000000	0.00000000	0.00000000	0.00000000
2.30686712	0.00000000	0.00000000	0.00000000	0.00000000	0.00000000	0.00000000	0.00000000	0.00000000
2.51658225	0.00000000	0.00000000	0.00000000	0.00000000	0.00000000	0.00000000	0.00000000	0.00000000
2.72629738	0.00000000	0.00000000	0.00000000	0.00000000	0.00000000	0.00000000	0.00000000	0.00000000
2.93601274	0.00000000	0.00000000	0.00000000	0.00000000	0.00000000	0.00000000	0.00000000	0.00000000
3.14572787	0.00000000	0.00000000	0.00000000	0.00000000	0.00000000	0.00000000	0.00000000	0.00000000
3.35544300	0.00000000	0.00000000	0.00000000	0.00000000	0.00000000	0.00000000	0.00000000	0.00000000
3.77487350	0.00000000	0.00000000	0.00000000	0.00000000	0.00000000	0.00000000	0.00000000	0.00000000
4.19430399	0.00000000	0.00000000	0.00000000	0.00000000	0.00000000	0.00000000	0.00000000	0.00000000
4.61373425	0.00000000	0.00000000	0.00000000	0.00000000	0.00000000	0.00000000	0.00000000	0.00000000
5.03316450	0.00000000	0.00000000	0.00000000	0.00000000	0.00000000	0.00000000	0.00000000	0.00000000
5.45259476	0.00000000	0.00000000	0.00000000	0.00000000	0.00000000	0.00000000	0.00000000	0.00000000
5.87202549	0.00000000	0.00000000	0.00000000	0.00000000	0.00000000	0.00000000	0.00000000	0.00000000
6.29145575	0.00000000	0.00000000	0.00000000	0.00000000	0.00000000	0.00000000	0.00000000	0.00000000
6.71088600	0.00000000	0.00000000	0.00000000	0.00000000	0.00000000	0.00000000	0.00000000	0.00000000
7.54974699	0.00000000	0.00000000	0.00000000	0.00000000	0.00000000	0.00000000	0.00000000	0.00000000
8.38860798	0.00000000	0.00000000	0.00000000	0.00000000	0.00000000	0.00000000	0.00000000	0.00000000
9.22746849	0.00000000	0.00000000	0.00000000	0.00000000	0.00000000	0.00000000	0.00000000	0.00000000
10.06632900	0.00000000	0.00000000	0.00000000	0.00000000	0.00000000	0.00000000	0.00000000	0.00000000
10.90518951	0.00000000	0.00000000	0.00000000	0.00000000	0.00000000	0.00000000	0.00000000	0.00000000
11.74405098	0.00000000	0.00000000	0.00000000	0.00000000	0.00000000	0.00000000	0.00000000	0.00000000
12.58291149	0.00000000	0.00000000	0.00000000	0.00000000	0.00000000	0.00000000	0.00000000	0.00000000
13.42177200	0.00000000	0.00000000	0.00000000	0.00000000	0.00000000	0.00000000	0.00000000	0.00000000
15.09949398	0.00000000	0.00000000	0.00000000	0.00000000	0.00000000	0.00000000	0.00000000	0.00000000
16.77721596	0.00000000	0.00000000	0.00000000	0.00000000	0.00000000	0.00000000	0.00000000	0.00000000
18.45493698	0.00000000	0.00000000	0.00000000	0.00000000	0.00000000	0.00000000	0.00000000	0.00000000
20.13265800	0.00000000	0.00000000	0.00000000	0.00000000	0.00000000	0.00000000	0.00000000	0.00000000
21.81037903	0.00000000	0.00000000	0.00000000	0.00000000	0.00000000	0.00000000	0.00000000	0.00000000
23.48810196	0.00000000	0.00000000	0.00000000	0.00000000	0.00000000	0.00000000	0.00000000	0.00000000
25.16582298	0.00000000	0.00000000	0.00000000	0.00000000	0.00000000	0.00000000	0.00000000	0.00000000
26.84354401	0.00000000	0.00000000	0.00000000	0.00000000	0.00000000	0.00000000	0.00000000	0.00000000
30.19898796	0.00000000	0.00000000	0.00000000	0.00000000	0.00000000	0.00000000	0.00000000	0.00000000
33.55443192	0.00000000	0.00000000	0.00000000	0.00000000	0.00000000	0.00000000	0.00000000	0.00000000
36.90987396	0.00000000	0.00000000	0.00000000	0.00000000	0.00000000	0.00000000	0.00000000	0.00000000
40.26531601	0.00000000	0.00000000	0.00000000	0.00000000	0.00000000	0.00000000	0.00000000	0.00000000
43.62075806	0.00000000	0.00000000	0.00000000	0.00000000	0.00000000	0.00000000	0.00000000	0.00000000
46.97620392	0.00000000	0.00000000	0.00000000	0.00000000	0.00000000	0.00000000	0.00000000	0.00000000
50.33164597	0.00000000	0.00000000	0.00000000	0.00000000	0.00000000	0.00000000	0.00000000	0.00000000
53.68708801	0.00000000	0.00000000	0.00000000	0.00000000	0.00000000	0.00000000	0.00000000	0.00000000
60.39797592	0.00000000	0.00000000	0.00000000	0.00000000	0.00000000	0.00000000	0.00000000	0.00000000
67.10886383	0.00000000	0.00000000	0.00000000	0.00000000	0.00000000	0.00000000	0.00000000	0.00000000
73.81974792	0.00000000	0.00000000	0.00000000	0.00000000	0.00000000	0.00000000	0.00000000	0.00000000
80.53063202	0.00000000	0.00000000	0.00000000	0.00000000	0.00000000	0.00000000	0.00000000	0.00000000
87.24151611	0.00000000	0.00000000	0.00000000	0.00000000	0.00000000	0.00000000	0.00000000	0.00000000
93.95240784	0.00000000	0.00000000	0.00000000	0.00000000	0.00000000	0.00000000	0.00000000	0.00000000
100.66329193	0.00000000	0.00000000	0.00000000	0.00000000	0.00000000	0.00000000	0.00000000	0.00000000
107.37417603	0.00000000	0.00000000	0.00000000	0.00000000	0.00000000	0.00000000	0.00000000	0.00000000
120.79595184	0.00000000	0.00000000	0.00000000	0.00000000	0.00000000	0.00000000	0.00000000	0.00000000
134.21772766	0.00000000	0.00000000	0.00000000	0.00000000	0.00000000	0.00000000	0.00000000	0.00000000
147.63949585	0.00000000	0.00000000	0.00000000	0.00000000	0.00000000	0.00000000	0.00000000	0.00000000
161.06126404	0.00000000	0.00000000	0.00000000	0.00000000	0.00000000	0.00000000	0.00000000	0.00000000
174.48303223	0.00000000	0.00000000	0.00000000	0.00000000	0.00000000	0.00000000	0.00000000	0.00000000
187.90481567	0.00000000	0.00000000	0.00000000	0.00000000	0.00000000	0.00000000	0.00000000	0.00000000
201.32658386	0.00000000	0.00000000	0.00000000	0.00000000	0.00000000	0.00000000	0.00000000	0.00000000
214.74835205	0.00000000	0.00000000	0.00000000	0.00000000	0.00000000	0.00000000	0.00000000	0.00000000
241.59190369	0.00000000	0.00000000	0.00000000	0.00000000	0.00000000	0.00000000	0.00000000	0.00000000
268.43545532	0.00000000	0.00000000	0.00000000	0.00000000	0.00000000	0.00000000	0.00000000	0.00000000
295.27899170	0.00000000	0.00000000	0.00000000	0.00000000	0.00000000	0.00000000	0.00000000	0.00000000
322.12252808	0.00000000	0.00000000	0.00000000	0.00000000	0.00000000	0.00000000	0.00000000	0.00000000
348.96606445	0.00000000	0.00000000	0.00000000	0.00000000	0.00000000	0.00000000	0.00000000	0.00000000
375.80963135	0.00000000	0.00000000	0.00000000	0.00000000	0.00000000	0.00000000	0.00000000	0.00000000
402.65316772	0.00000000	0.00000000	0.00000000	0.00000000	0.00000000	0.00000000	0.00000000	0.00000000
429.49670410	0.00000000	0.00000000	0.00000000	0.00000000	0.00000000	0.00000000	0.00000000	0.00000000
483.18380737	0.00000000	0.00000000	0.00000000	0.00000000	0.00000000	0.00000000	0.00000000	0.00000000
536.87091064	0.00000000	0.00000000	0.00000000	0.00000000	0.00000000	0.00000000	0.00000000	0.00000000
590.55798340	0.00000000	0.00000000	0.00000000	0.00000000	0.00000000	0.00000000	0.00000000	0.00000000
644.24505615	0.00000000	0.00000000	0.00000000	0.00000000	0.00000000	0.00000000	0.00000000	0.00000000
697.93212891	0.00000000	0.00000000	0.00000000	0.00000000	0.00000000	0.00000000	0.00000000	0.00000000
751.61926270	0.00000000	0.00000000	0.00000000	0.00000000	0.00000000	0.00000000	0.00000000	0.00000000
805.30633545	0.00000000	0.00000000	0.00000000	0.00000000	0.00000000	0.00000000	0.00000000	0.00000000
858.99340820	0.00000000	0.00000000	0.00000000	0.00000000	0.00000000	0.00000000	0.00000000	0.00000000
966.36761475	0.00000000	0.00000000	0.00000000	0.00000000	0.00000000	0.00000000	0.00000000	0.00000000
1073.74182129	0.00000000	0.00000000	0.00000000	0.00000000	0.00000000	0.00000000	0.00000000	0.00000000
1181.11596680	0.00000000	0.00000000	0.00000000	0.00000000	0.00000000	0.00000000	0.00000000	0.00000000
1288.49011230	0.00000000	0.00000000	0.00000000	0.00000000	0.00000000	0.00000000	0.00000000	0.00000000
1395.86425781	0.00000000	0.00000000	0.00000000	0.00000000	0.00000000	0.00000000	0.00000000	0.00000000
1503.23852539	0.00000000	0.00000000	0.00000000	0.00000000	0.00000000	0.00000000	0.00000000	0.00000000
1610.61267090	0.00000000	0.00000000	0.00000000	0.00000000	0.00000000	0.00000000	0.00000000	0.00000000
1717.98681641	0.00000000	0.00000000	0.00000000	0.00000000	0.00000000	0.00000000	0.00000000	0.00000000
1932.73522949	0.00000000	0.00000000	0.00000000	0.00000000	0.00000000	0.00000000	0.00000000	0.00000000
2147.48364258	0.00000000	0.00000000	0.00000000	0.00000000	0.00000000	0.00000000	0.00000000	0.00000000
2362.23193359	0.00000000	0.00000000	0.00000000	0.00000000	0.00000000	0.00000000	0.00000000	0.00000000
2576.98022461	0.00000000	0.00000000	0.00000000	0.00000000	0.00000000	0.00000000	0.00000000	0.00000000
2791.72851562	0.00000000	0.00000000	0.00000000	0.00000000	0.00000000	0.00000000	0.00000000	0.00000000
3006.47705078	0.00000000	0.00000000	0.00000000	0.00000000	0.00000000	0.00000000	0.00000000	0.00000000
3221.22534180	0.00000000	0.00000000	0.00000000	0.00000000	0.00000000	0.00000000	0.00000000	0.00000000
3435.97363281	0.00000000	0.00000000	0.00000000	0.00000000	0.00000000	0.00000000	0.00000000	0.00000000
0	0	0	0	0	0	0	0	0
