%3/24/2015 2:07:51 PM
%Duration	ID1		ID2		ID3		ID4		ID5		ID6		ID7		ID8
3000.000000	4.615784	4.167557	6.589890	12.674332	20.380020	43.859482	32.758713	30.765533
%Tau		Tau1		Tau2		Tau3		Tau4		Tau5		Tau6		Tau7		Tau8
%		0.000002	0.000002	0.000002	0.000005	0.000045	0.000048	0.000041	0.000045
%Delaytime	D1		D2		D3		D4		D5		D6		D7		D8
0.00000000	5.44154024	17.34508324	12.15160942	5.74973345	3.94208121	1.81694889	2.72953534	3.40412951
0.00000020	2.56961632	2.85683703	2.81561685	2.38632727	1.71189976	1.46953237	1.64825511	1.59149396
0.00000040	2.26730847	2.65277719	1.40780842	1.70988810	1.56269753	1.48350883	1.52432621	1.58786869
0.00000060	2.26730847	2.24465775	1.85237944	1.50319827	1.35852599	1.46553898	1.44377232	1.51898861
0.00000080	0.60461557	3.06089687	1.25961804	1.76625800	1.58625579	1.32178044	1.50883508	1.61687088
0.00000100	1.20923114	1.63247836	0.66685659	1.57835817	1.45275903	1.60330772	1.46236169	1.51173806
0.00000120	1.81384671	1.83653808	1.48190355	1.57835817	1.39778972	1.44557250	1.42518294	1.45010841
0.00000140	1.66269290	2.85683703	1.18552279	1.37166846	1.35852599	1.38167989	1.44996881	1.45010841
0.00000160	1.36038506	1.63247836	1.40780842	1.37166846	1.32711494	1.44357586	1.42828119	1.39935458
0.00000180	1.51153898	1.22435880	1.03733253	1.39045846	1.51558101	1.48151219	1.43447769	1.48273587
0.00000200	1.20923114	1.02029896	1.70418906	1.35287845	1.42134798	1.48750210	1.50573683	1.52623916
0.00000220	1.36038506	1.83653808	0.96323729	1.42803836	1.47631729	1.43558931	1.51193321	1.50448751
0.00000240	2.26730847	1.83653808	1.63009393	1.63472819	1.24858749	1.43558931	1.47165632	1.52623916
0.00000260	0.90692335	1.83653808	1.03733253	1.35287845	1.44490623	1.60929763	1.29815578	1.42835677
0.00000280	1.20923114	1.63247836	1.55599868	1.33408844	1.39778972	1.54939818	1.47165632	1.45010841
0.00000300	2.11615443	1.42841852	1.25961804	1.12739873	1.54699194	1.52743506	1.54291546	1.29784703
0.00000340	0.83134645	1.12232888	1.44485593	1.22134864	1.59803486	1.44956589	1.46545994	1.46098423
0.00000380	1.13365424	0.91826904	1.48190355	1.63472819	1.62551951	1.49748540	1.45926344	1.39391673
0.00000420	1.58711588	1.42841852	1.37076080	1.43743336	1.46846449	1.48650384	1.47785282	1.43198204
0.00000460	1.36038506	0.81623918	1.59304631	1.50319827	1.42920077	1.45555580	1.39574993	1.50630009
0.00000500	0.60461557	1.12232888	1.63009393	1.46561837	1.43705344	1.46653736	1.44687057	1.44104528
0.00000540	1.96500063	1.12232888	1.55599868	1.30590355	1.55484474	1.48550546	1.46081257	1.47186005
0.00000580	0.98250031	1.12232888	1.55599868	1.29650855	1.52343369	1.46853399	1.48559833	1.50992537
0.00000620	1.05807722	0.71420926	1.40780842	1.52198827	1.45275903	1.39066482	1.52122796	1.48273587
0.00000700	1.28480816	1.07131386	1.42633212	1.41864336	1.47828043	1.43908346	1.46468532	1.40569890
0.00000780	1.20923114	1.07131386	1.24109423	1.40924835	1.37030506	1.42211199	1.44609606	1.48092318
0.00000860	1.51153898	1.47943354	1.33371317	1.29650855	1.37030506	1.46603823	1.39807355	1.50358117
0.00000940	1.66269290	2.04059792	1.25961804	1.38576090	1.45668530	1.39465809	1.40659368	1.40297985
0.00001020	1.39817357	1.42841852	1.25961804	1.30120599	1.51558101	1.43858433	1.32294166	1.42382526
0.00001100	1.13365424	1.37740362	1.35223699	1.38576090	1.41349518	1.40763628	1.45771432	1.37669671
0.00001180	1.24701965	0.96928400	1.40780842	1.36697090	1.46846449	1.42261112	1.41201556	1.43560731
0.00001260	1.51153898	1.47943354	1.48190355	1.41864336	1.36245239	1.41811872	1.40117180	1.38122833
0.00001420	1.51153898	1.37740362	1.37076080	1.40220213	1.41840315	1.40938330	1.39846087	1.40796471
0.00001580	1.32259655	1.65798581	1.26887989	1.39985347	1.37030506	1.40164638	1.42634487	1.38213456
0.00001740	1.41706777	1.27537370	1.37076080	1.43038714	1.43607187	1.38292778	1.37173867	1.36627400
0.00001900	1.39817357	1.45392597	1.10216582	1.25423110	1.31140947	1.38866806	1.38916612	1.38032198
0.00002060	1.32259655	1.19885123	1.26887989	1.37636590	1.33987570	1.38841856	1.34385467	1.36899304
0.00002220	1.30370235	1.30088115	1.23183239	1.37871468	1.43999827	1.34798646	1.38916612	1.39210415
0.00002380	1.32259655	1.35189617	1.24109423	1.32469356	1.33889413	1.34873521	1.30125403	1.33002138
0.00002540	1.19033694	1.19885123	1.12068951	1.29885733	1.35361803	1.33750403	1.33920729	1.33817816
0.00002860	1.15883374	1.16846812	1.17714787	1.26799536	1.35688329	1.33402419	1.30430210	1.30130363
0.00003180	1.28131211	1.48598659	1.16787899	1.20046198	1.33825564	1.30266488	1.29889727	1.29403830
0.00003500	1.42263341	1.27007401	1.11226571	1.33785737	1.33139277	1.31470692	1.23210895	1.24713480
0.00003820	1.43205476	1.24467254	1.24203002	1.25402296	1.20688105	1.26741707	1.24177325	1.25166655
0.00004140	1.21536231	1.15576732	1.20032001	1.24587238	1.30100012	1.26853549	1.21590698	1.23444593
0.00004460	1.16825521	0.99065775	1.31154656	1.22957122	1.25492096	1.21823561	1.19892013	1.20385671
0.00004780	1.15883374	1.20657027	1.12153459	1.24354362	1.24609733	1.21811020	1.18965459	1.21088088
0.00005100	1.20594084	1.07956290	1.31618106	1.12128508	1.23825407	1.22751796	1.18618011	1.19456661
0.00005740	1.12666595	1.25862944	1.17976141	1.17338598	1.19154513	1.16459346	1.17098606	1.19997144
0.00006380	1.15495050	1.06792808	1.17280805	1.11110806	1.17879605	1.17226100	1.13205624	1.15578401
0.00007020	1.09838152	1.18244731	1.05923569	1.10761583	1.14177477	1.15465438	1.12548745	1.13255727
0.00007660	1.12195194	1.11887491	1.16817248	1.07909608	1.12976122	1.14255488	1.11109400	1.10547841
0.00008300	1.10780966	1.19516182	1.07546031	1.07967806	1.11505079	1.11196136	1.09863257	1.11907446
0.00008940	1.21151948	1.18880463	1.04532886	1.05928016	1.09617245	1.09483743	1.10104764	1.06014621
0.00009580	1.04652655	0.98537278	1.09168494	1.07208467	1.10426319	1.08092904	1.08404601	1.06433821
0.00010220	1.04181254	1.07428479	1.12413418	1.06099951	1.06724191	1.08494127	1.06994236	1.05470777
0.00011500	1.03542507	1.00219083	1.05956745	1.06192911	1.05462682	1.05766416	1.05803943	1.05239129
0.00012780	0.97868943	1.07830656	1.07117283	1.03599524	1.05450428	1.05162036	1.03832352	1.04740691
0.00014060	0.98341739	0.99584788	1.05840695	1.04155219	1.03931391	1.02665389	1.03831291	1.03635037
0.00015340	1.02116787	1.05927765	0.99457753	0.96877748	1.03367877	1.03012979	1.03433979	1.03487778
0.00016620	0.99989355	1.03390574	1.01546717	1.00632930	1.05266678	1.01841807	1.02640438	1.01737583
0.00017900	1.02589548	1.06244910	1.03287518	1.03776789	1.02522612	1.01697755	1.02215207	1.01533675
0.00019180	1.00684047	0.95778996	1.00270128	1.02787054	1.00280809	1.01572502	1.01407194	1.01057899
0.00020460	1.08948386	0.95778996	1.04331994	1.01273346	1.01689589	1.00448298	1.01856577	1.01449847
0.00023020	1.06280088	1.00962484	0.95957083	1.02193058	1.01187634	1.00940859	1.01202369	1.00837016
0.00025580	1.00021362	1.02391195	0.96999466	0.98857027	1.00059175	1.00573182	1.00654578	1.00621903
0.00028140	1.00611806	0.98422545	1.01685083	1.00240970	0.99439746	1.00687397	1.00727105	1.00317323
0.00030700	1.00847995	1.07153583	1.05270040	0.99597478	0.99770921	1.00493383	0.99965513	0.99607962
0.00033260	1.00493717	1.05407369	1.01674855	1.01954830	0.99973309	1.00161600	0.99487811	0.99816316
0.00035820	0.99438059	1.02875996	0.98596179	0.99361897	0.99777055	0.99413747	1.00013506	0.99606854
0.00038380	1.03335273	0.96208107	0.99874902	1.00163078	1.00930047	0.99746257	1.00547838	0.99221903
0.00040940	0.99090874	1.04304826	1.03696203	1.02624917	0.98766732	0.99963731	1.00447679	1.00140715
0.00046060	0.98046243	1.01108062	0.98994166	1.00871980	1.00633848	1.00113750	1.00042748	0.99788743
0.00051180	1.00528431	1.03407764	1.00471687	1.01666296	0.99815863	1.00317144	1.00112879	1.00222898
0.00056300	1.01710415	0.97777438	0.99805355	1.00791812	0.99255216	1.00318754	0.99753970	1.00208747
0.00061420	0.96864253	1.05857277	0.99076098	0.98668873	0.99010128	1.00137305	0.99579680	0.99478513
0.00066540	0.97632545	1.03232002	0.98989189	0.99798477	0.98798740	0.99264294	1.00179732	0.99083364
0.00071660	1.05138195	1.02914846	0.99713427	0.99115926	1.00716341	0.99373031	0.99744481	1.00428915
0.00076780	0.98814535	1.03311288	1.00437665	1.00930619	0.98505926	1.00046384	1.00064218	1.00496542
0.00081900	0.99996531	1.01170528	1.00698400	0.99465746	1.00074422	1.00464845	1.00215518	0.99428356
0.00092140	1.01186275	0.97367209	0.98162603	0.99988604	0.99838328	1.00253010	0.99413550	1.00008643
0.00102380	0.98829895	1.00185418	0.98958904	1.00081813	1.00357962	0.99820989	0.99638271	0.99763507
0.00112620	1.00248086	1.00979280	1.01260948	0.99984419	1.00390589	1.00254619	0.99670267	0.99543166
0.00122860	1.04037380	0.97899508	1.03065550	1.00610614	0.99907708	0.99726850	0.99944746	1.00346708
0.00133100	0.98718804	0.98574406	0.99692839	1.01336706	1.00203776	1.00126421	0.99962223	0.99525428
0.00143340	1.00403023	0.98892003	0.98548937	0.98758203	0.99625939	1.00168216	0.99621207	0.99509859
0.00153580	0.96414083	0.99265820	0.97564316	0.99035501	1.00129986	0.99893749	1.00585020	0.99924946
0.00163820	1.00491667	0.98670226	0.99316365	1.00508142	0.99767917	1.00460947	1.00378442	1.00063062
0.00184300	1.00682437	0.99317002	0.99794775	0.99542028	0.99971646	0.99803531	0.99867904	0.99823415
0.00204780	1.00416720	0.98672903	0.99543941	0.99975771	1.00308847	1.00227833	0.99765980	1.00030541
0.00225260	1.01436555	0.98684561	1.00133109	1.00961113	0.99821585	1.00218177	1.00139856	0.99974328
0.00245740	1.02197683	0.99220997	0.99483722	0.99652445	0.99475378	1.00220704	0.99835742	0.99593401
0.00266220	0.99425942	0.99312073	1.00404716	0.99842703	0.99670553	0.99713594	1.00137746	0.99343824
0.00286700	1.00682437	0.98120087	0.98672473	0.99428630	1.00086880	1.00178766	1.00392759	0.99638551
0.00307180	0.99182302	1.00492549	0.99136335	0.98946089	0.99914485	1.00090504	0.99852228	1.00206602
0.00327660	1.01251674	0.99360073	1.00672889	0.99642181	0.99018663	1.00045800	1.00407040	1.00344503
0.00368620	0.99301332	1.00821912	0.99697554	0.99673390	0.99756670	1.00009871	1.00233495	0.99926323
0.00409580	0.99567097	1.01113009	0.98965192	1.00701451	1.00029552	0.99979848	0.99987566	1.00481617
0.00450540	0.99633837	0.99282271	1.00367439	1.00306773	1.00136423	1.00347984	1.00393713	1.00140822
0.00491500	1.03187990	0.99419677	1.00289977	1.00189543	0.99991804	0.99751413	1.00163376	0.99878049
0.00532460	0.99042714	1.00552154	0.99944597	1.00387669	0.99592102	0.99829948	1.00331092	0.99487990
0.00573420	0.99670553	1.00472689	1.00515234	0.99634123	0.99739891	1.00127852	1.00016141	0.99975628
0.00614380	1.00350022	1.01308644	0.99534941	1.00162697	0.99886650	1.00619030	0.99924606	1.00003636
0.00655340	1.00275743	0.99472654	0.99368417	1.00440156	1.00134087	1.00397027	0.99814546	1.00037277
0.00737260	0.99958527	0.99548841	1.00209761	0.99998134	1.00262523	1.00051165	0.99949157	1.00100183
0.00819180	1.00564682	0.99078548	1.00970721	0.99644244	0.99909240	1.00001693	1.00339866	0.99919051
0.00901100	1.00376248	0.99287194	1.00163472	0.99670070	0.99828964	1.00231421	1.00255704	1.00038815
0.00983020	1.00620437	1.01187932	0.99239475	1.00321734	0.99992150	1.00102985	1.00227273	1.00198698
0.01064940	1.00029564	0.99580300	0.99671674	1.00256073	1.00032628	0.99996936	0.99987644	1.00060260
0.01146860	1.00797617	1.00380123	0.99955469	1.00293350	1.00011218	1.00055730	1.00155783	1.00059271
0.01228780	0.99471033	0.99689537	1.00194263	1.00487995	0.99973685	0.99938929	1.00021291	1.00175333
0.01310700	1.00365174	0.99426305	1.00651634	1.00394619	1.00310969	1.00277531	0.99943084	0.99969918
0.01474540	1.00612223	1.00305736	0.99464095	0.99869108	1.00048447	1.00155842	1.00088668	1.00016606
0.01638380	1.00017655	1.01526272	1.00177801	1.00215256	1.00092804	1.00077140	1.00344789	0.99930805
0.01802220	0.98906028	0.99602777	0.99863142	1.00458944	1.00042093	1.00007236	1.00099111	1.00033271
0.01966060	1.00432801	0.99558860	0.99562418	0.99867475	0.99881953	0.99892968	1.00237846	0.99938095
0.02129900	0.99660611	0.99786723	1.00356698	0.99791974	1.00195050	1.00118780	1.00226903	0.99851710
0.02293740	0.99360192	1.00191903	1.00047886	1.00126910	0.99995410	1.00063050	0.99904543	0.99944067
0.02457580	0.99734521	0.99371642	1.00335896	1.00393426	0.99810433	0.99945790	1.00156701	1.00012517
0.02621420	1.01102018	1.00026977	1.00300741	1.00115919	1.00241315	0.99986666	1.00189602	1.00010419
0.02949100	1.00516701	1.00114489	1.00180674	1.00040436	0.99995154	0.99945760	1.00170994	1.00018525
0.03276780	1.00486469	1.00135624	1.00257599	0.99877971	0.99828601	1.00001132	1.00046051	0.99834591
0.03604460	1.00715435	1.00513256	1.00165355	1.00307953	1.00078559	1.00106657	1.00143981	0.99953878
0.03932140	1.00259364	0.99995542	0.99425715	1.00184023	1.00046194	0.99946183	1.00071824	1.00120485
0.04259820	1.00511646	0.99370319	1.00151682	1.00050187	1.00201631	1.00110984	1.00054717	1.00082088
0.04587500	0.99988943	0.99556386	0.99883294	1.00166833	1.00072575	1.00025213	1.00102508	1.00044000
0.04915180	1.00413179	0.99791765	1.00153625	1.00355363	1.00092173	1.00199652	0.99904966	0.99891216
0.05242860	0.99501824	0.99686056	1.00180161	1.00074077	1.00223351	1.00067568	1.00092518	0.99971199
0.05898220	1.00519204	0.99974531	1.00014627	1.00182235	1.00097990	1.00064218	1.00086510	1.00100887
0.06553581	1.00017774	1.00427592	0.99562103	1.00007284	0.99974769	1.00010121	0.99965817	1.00043416
0.07208940	1.00127733	1.00234020	0.99889743	1.00118947	1.00086498	0.99954623	1.00069630	1.00063372
0.07864300	1.00093520	0.99923468	1.00035942	0.99930280	0.99955624	0.99907482	0.99966383	0.99949729
0.08519660	1.00156617	1.00149584	0.99801368	1.00005233	0.99996334	1.00029123	1.00151908	0.99990666
0.09175020	0.99830711	1.00309181	0.99956083	0.99857718	1.00022936	1.00035775	1.00190985	0.99852973
0.09830380	1.00220537	1.00323915	0.99560958	0.99991351	1.00106549	1.00056255	1.00114143	1.00075686
0.10485740	1.00319648	1.00182402	1.00114512	1.00084078	1.00001121	1.00048137	1.00062275	1.00059009
0.11796460	0.99972606	1.00401819	0.99980468	1.00117731	0.99956721	1.00038052	1.00143611	1.00062919
0.13107181	1.00157142	1.00351584	1.00177372	1.00073588	1.00080740	1.00018048	1.00156701	1.00043917
0.14417900	0.99981904	0.99679893	0.99968255	1.00000083	1.00003397	1.00055563	1.00137448	1.00009954
0.15728620	1.00138760	1.00118995	1.00029528	0.99988574	1.00179970	1.00032020	1.00049531	1.00063169
0.17039341	1.00312006	0.99952459	1.00039577	0.99954337	1.00055110	1.00015867	1.00141633	0.99981928
0.18350060	0.99959767	1.00201809	0.99863935	0.99926180	1.00123775	1.00040197	1.00128734	0.99982792
0.19660780	1.00339365	1.00162709	0.99942970	0.99951673	1.00016630	1.00069690	1.00022686	0.99989122
0.20971501	1.00054598	1.00140202	0.99895686	1.00050509	1.00028312	1.00024426	1.00119424	1.00060594
0.23592941	1.00205863	0.99847913	0.99973327	1.00107288	1.00035381	1.00025165	1.00065553	1.00022829
0.26214382	1.00119317	1.00036991	1.00148571	1.00196326	1.00039887	1.00033712	1.00102186	0.99995208
0.28835821	1.00152695	1.00157344	1.00051844	1.00096774	1.00103939	0.99963135	1.00132012	1.00011539
0.31457260	0.99905300	1.00157940	1.00020611	1.00097311	1.00020969	1.00027585	1.00138283	0.99981070
0.34078699	1.00180173	0.99990922	0.99864328	0.99999756	1.00083804	0.99991405	1.00095522	0.99991095
0.36700141	1.00066698	1.00112879	0.99958390	1.00142217	0.99966836	1.00054741	1.00089812	1.00050557
0.39321581	1.00099480	1.00165617	1.00054479	1.00050128	1.00060034	0.99989396	1.00072253	1.00022316
0.41943020	1.00034559	1.00145102	1.00112903	1.00061512	0.99987477	0.99994725	1.00086200	1.00011230
0.47185901	1.00111985	1.00063264	0.99997121	1.00074232	1.00050020	1.00005186	1.00058818	0.99977720
0.52428782	1.00242567	1.00167549	1.00008142	1.00115216	1.00044310	0.99982321	1.00062084	1.00040162
0.57671660	1.00173366	1.00080836	0.99933791	1.00025272	1.00034165	0.99989986	1.00093424	1.00012469
0.62914538	1.00322187	0.99999541	0.99941611	1.00064373	0.99981290	1.00025284	1.00084817	0.99985039
0.68157423	1.00210178	1.00081956	1.00102353	0.99999660	1.00072396	1.00009930	1.00056684	1.00007510
0.73400301	0.99919784	1.00058663	0.99970156	1.00137353	1.00084794	0.99961400	1.00057769	0.99986935
0.78643179	0.99864209	1.00054085	0.99974155	1.00105476	1.00030589	0.99988705	1.00080419	1.00006115
0.83886063	1.00050700	1.00108624	1.00033951	1.00001431	1.00030255	1.00000155	1.00015533	0.99990100
0.94371825	1.00003374	1.00098598	1.00012660	1.00016522	1.00044930	0.99982750	1.00080287	1.00020289
1.04857588	0.99881434	1.00044584	0.99981135	1.00053179	1.00044477	0.99987441	1.00063777	1.00012994
1.15343344	1.00041080	1.00057232	1.00068724	1.00075555	1.00008774	0.99958050	1.00043070	1.00007868
1.25829101	0.99923682	1.00114000	0.99983025	1.00036871	1.00014973	1.00017130	1.00071979	1.00015187
1.36314869	0.99874020	0.99890679	0.99958116	1.00056469	0.99990284	0.99965012	1.00054157	1.00005770
1.46800625	0.99957305	1.00099039	0.99959785	1.00014377	1.00015831	1.00029552	1.00050771	0.99998611
1.57286382	0.99898809	1.00123262	0.99949795	1.00010943	0.99969488	1.00029755	1.00031030	0.99978530
1.67772150	0.99817824	0.99986738	0.99922454	1.00075746	0.99990493	1.00017226	1.00025940	0.99971688
1.88743675	0.99922103	0.99805009	0.99954301	1.00024867	1.00001979	1.00010777	0.99984521	0.99976546
2.09715199	0.99901295	0.99935913	1.00008547	0.99986625	0.99985623	1.00021589	0.99975711	0.99985790
2.30686712	0.99989867	0.99993908	0.99959105	1.00013340	0.99966717	1.00027668	0.99952233	0.99972546
2.51658225	1.00033247	1.00034165	0.99987870	0.99986351	0.99950093	1.00012803	0.99975330	0.99978280
2.72629738	0.99980193	0.99904430	0.99966556	1.00006902	0.99993157	1.00012565	0.99985415	1.00000870
2.93601274	1.00124991	0.99893987	0.99998754	0.99933153	0.99977487	1.00005233	0.99994481	0.99967188
3.14572787	1.00098801	0.99979854	1.00006557	1.00011492	0.99994695	0.99977756	0.99950099	0.99985248
3.35544300	0.99886400	0.99951386	1.00023246	1.00025451	0.99980325	0.99971139	0.99970675	0.99993569
3.77487350	0.99936968	1.00058365	0.99983108	0.99985248	0.99990344	0.99996299	0.99984980	0.99998581
4.19430399	0.99986643	0.99905378	1.00031602	0.99966455	1.00013888	1.00023103	1.00007975	1.00004137
4.61373425	1.00001562	1.00103903	0.99963981	0.99999928	1.00001419	1.00016963	1.00000250	0.99988878
5.03316450	1.00000000	1.00000000	1.00000000	1.00000000	1.00000000	1.00000000	1.00000000	1.00000000
5.45259476	0.00000000	0.00000000	0.00000000	0.00000000	0.00000000	0.00000000	0.00000000	0.00000000
5.87202549	0.00000000	0.00000000	0.00000000	0.00000000	0.00000000	0.00000000	0.00000000	0.00000000
6.29145575	0.00000000	0.00000000	0.00000000	0.00000000	0.00000000	0.00000000	0.00000000	0.00000000
6.71088600	0.00000000	0.00000000	0.00000000	0.00000000	0.00000000	0.00000000	0.00000000	0.00000000
7.54974699	0.00000000	0.00000000	0.00000000	0.00000000	0.00000000	0.00000000	0.00000000	0.00000000
8.38860798	0.00000000	0.00000000	0.00000000	0.00000000	0.00000000	0.00000000	0.00000000	0.00000000
9.22746849	0.00000000	0.00000000	0.00000000	0.00000000	0.00000000	0.00000000	0.00000000	0.00000000
10.06632900	0.00000000	0.00000000	0.00000000	0.00000000	0.00000000	0.00000000	0.00000000	0.00000000
10.90518951	0.00000000	0.00000000	0.00000000	0.00000000	0.00000000	0.00000000	0.00000000	0.00000000
11.74405098	0.00000000	0.00000000	0.00000000	0.00000000	0.00000000	0.00000000	0.00000000	0.00000000
12.58291149	0.00000000	0.00000000	0.00000000	0.00000000	0.00000000	0.00000000	0.00000000	0.00000000
13.42177200	0.00000000	0.00000000	0.00000000	0.00000000	0.00000000	0.00000000	0.00000000	0.00000000
15.09949398	0.00000000	0.00000000	0.00000000	0.00000000	0.00000000	0.00000000	0.00000000	0.00000000
16.77721596	0.00000000	0.00000000	0.00000000	0.00000000	0.00000000	0.00000000	0.00000000	0.00000000
18.45493698	0.00000000	0.00000000	0.00000000	0.00000000	0.00000000	0.00000000	0.00000000	0.00000000
20.13265800	0.00000000	0.00000000	0.00000000	0.00000000	0.00000000	0.00000000	0.00000000	0.00000000
21.81037903	0.00000000	0.00000000	0.00000000	0.00000000	0.00000000	0.00000000	0.00000000	0.00000000
23.48810196	0.00000000	0.00000000	0.00000000	0.00000000	0.00000000	0.00000000	0.00000000	0.00000000
25.16582298	0.00000000	0.00000000	0.00000000	0.00000000	0.00000000	0.00000000	0.00000000	0.00000000
26.84354401	0.00000000	0.00000000	0.00000000	0.00000000	0.00000000	0.00000000	0.00000000	0.00000000
30.19898796	0.00000000	0.00000000	0.00000000	0.00000000	0.00000000	0.00000000	0.00000000	0.00000000
33.55443192	0.00000000	0.00000000	0.00000000	0.00000000	0.00000000	0.00000000	0.00000000	0.00000000
36.90987396	0.00000000	0.00000000	0.00000000	0.00000000	0.00000000	0.00000000	0.00000000	0.00000000
40.26531601	0.00000000	0.00000000	0.00000000	0.00000000	0.00000000	0.00000000	0.00000000	0.00000000
43.62075806	0.00000000	0.00000000	0.00000000	0.00000000	0.00000000	0.00000000	0.00000000	0.00000000
46.97620392	0.00000000	0.00000000	0.00000000	0.00000000	0.00000000	0.00000000	0.00000000	0.00000000
50.33164597	0.00000000	0.00000000	0.00000000	0.00000000	0.00000000	0.00000000	0.00000000	0.00000000
53.68708801	0.00000000	0.00000000	0.00000000	0.00000000	0.00000000	0.00000000	0.00000000	0.00000000
60.39797592	0.00000000	0.00000000	0.00000000	0.00000000	0.00000000	0.00000000	0.00000000	0.00000000
67.10886383	0.00000000	0.00000000	0.00000000	0.00000000	0.00000000	0.00000000	0.00000000	0.00000000
73.81974792	0.00000000	0.00000000	0.00000000	0.00000000	0.00000000	0.00000000	0.00000000	0.00000000
80.53063202	0.00000000	0.00000000	0.00000000	0.00000000	0.00000000	0.00000000	0.00000000	0.00000000
87.24151611	0.00000000	0.00000000	0.00000000	0.00000000	0.00000000	0.00000000	0.00000000	0.00000000
93.95240784	0.00000000	0.00000000	0.00000000	0.00000000	0.00000000	0.00000000	0.00000000	0.00000000
100.66329193	0.00000000	0.00000000	0.00000000	0.00000000	0.00000000	0.00000000	0.00000000	0.00000000
107.37417603	0.00000000	0.00000000	0.00000000	0.00000000	0.00000000	0.00000000	0.00000000	0.00000000
120.79595184	0.00000000	0.00000000	0.00000000	0.00000000	0.00000000	0.00000000	0.00000000	0.00000000
134.21772766	0.00000000	0.00000000	0.00000000	0.00000000	0.00000000	0.00000000	0.00000000	0.00000000
147.63949585	0.00000000	0.00000000	0.00000000	0.00000000	0.00000000	0.00000000	0.00000000	0.00000000
161.06126404	0.00000000	0.00000000	0.00000000	0.00000000	0.00000000	0.00000000	0.00000000	0.00000000
174.48303223	0.00000000	0.00000000	0.00000000	0.00000000	0.00000000	0.00000000	0.00000000	0.00000000
187.90481567	0.00000000	0.00000000	0.00000000	0.00000000	0.00000000	0.00000000	0.00000000	0.00000000
201.32658386	0.00000000	0.00000000	0.00000000	0.00000000	0.00000000	0.00000000	0.00000000	0.00000000
214.74835205	0.00000000	0.00000000	0.00000000	0.00000000	0.00000000	0.00000000	0.00000000	0.00000000
241.59190369	0.00000000	0.00000000	0.00000000	0.00000000	0.00000000	0.00000000	0.00000000	0.00000000
268.43545532	0.00000000	0.00000000	0.00000000	0.00000000	0.00000000	0.00000000	0.00000000	0.00000000
295.27899170	0.00000000	0.00000000	0.00000000	0.00000000	0.00000000	0.00000000	0.00000000	0.00000000
322.12252808	0.00000000	0.00000000	0.00000000	0.00000000	0.00000000	0.00000000	0.00000000	0.00000000
348.96606445	0.00000000	0.00000000	0.00000000	0.00000000	0.00000000	0.00000000	0.00000000	0.00000000
375.80963135	0.00000000	0.00000000	0.00000000	0.00000000	0.00000000	0.00000000	0.00000000	0.00000000
402.65316772	0.00000000	0.00000000	0.00000000	0.00000000	0.00000000	0.00000000	0.00000000	0.00000000
429.49670410	0.00000000	0.00000000	0.00000000	0.00000000	0.00000000	0.00000000	0.00000000	0.00000000
483.18380737	0.00000000	0.00000000	0.00000000	0.00000000	0.00000000	0.00000000	0.00000000	0.00000000
536.87091064	0.00000000	0.00000000	0.00000000	0.00000000	0.00000000	0.00000000	0.00000000	0.00000000
590.55798340	0.00000000	0.00000000	0.00000000	0.00000000	0.00000000	0.00000000	0.00000000	0.00000000
644.24505615	0.00000000	0.00000000	0.00000000	0.00000000	0.00000000	0.00000000	0.00000000	0.00000000
697.93212891	0.00000000	0.00000000	0.00000000	0.00000000	0.00000000	0.00000000	0.00000000	0.00000000
751.61926270	0.00000000	0.00000000	0.00000000	0.00000000	0.00000000	0.00000000	0.00000000	0.00000000
805.30633545	0.00000000	0.00000000	0.00000000	0.00000000	0.00000000	0.00000000	0.00000000	0.00000000
858.99340820	0.00000000	0.00000000	0.00000000	0.00000000	0.00000000	0.00000000	0.00000000	0.00000000
966.36761475	0.00000000	0.00000000	0.00000000	0.00000000	0.00000000	0.00000000	0.00000000	0.00000000
1073.74182129	0.00000000	0.00000000	0.00000000	0.00000000	0.00000000	0.00000000	0.00000000	0.00000000
1181.11596680	0.00000000	0.00000000	0.00000000	0.00000000	0.00000000	0.00000000	0.00000000	0.00000000
1288.49011230	0.00000000	0.00000000	0.00000000	0.00000000	0.00000000	0.00000000	0.00000000	0.00000000
1395.86425781	0.00000000	0.00000000	0.00000000	0.00000000	0.00000000	0.00000000	0.00000000	0.00000000
1503.23852539	0.00000000	0.00000000	0.00000000	0.00000000	0.00000000	0.00000000	0.00000000	0.00000000
1610.61267090	0.00000000	0.00000000	0.00000000	0.00000000	0.00000000	0.00000000	0.00000000	0.00000000
1717.98681641	0.00000000	0.00000000	0.00000000	0.00000000	0.00000000	0.00000000	0.00000000	0.00000000
1932.73522949	0.00000000	0.00000000	0.00000000	0.00000000	0.00000000	0.00000000	0.00000000	0.00000000
2147.48364258	0.00000000	0.00000000	0.00000000	0.00000000	0.00000000	0.00000000	0.00000000	0.00000000
2362.23193359	0.00000000	0.00000000	0.00000000	0.00000000	0.00000000	0.00000000	0.00000000	0.00000000
2576.98022461	0.00000000	0.00000000	0.00000000	0.00000000	0.00000000	0.00000000	0.00000000	0.00000000
2791.72851562	0.00000000	0.00000000	0.00000000	0.00000000	0.00000000	0.00000000	0.00000000	0.00000000
3006.47705078	0.00000000	0.00000000	0.00000000	0.00000000	0.00000000	0.00000000	0.00000000	0.00000000
3221.22534180	0.00000000	0.00000000	0.00000000	0.00000000	0.00000000	0.00000000	0.00000000	0.00000000
3435.97363281	0.00000000	0.00000000	0.00000000	0.00000000	0.00000000	0.00000000	0.00000000	0.00000000
2	2	2	2	2	2	2	2	2
