%3/24/2015 4:20:37 PM
%Duration	ID1		ID2		ID3		ID4		ID5		ID6		ID7		ID8
3000.000000	6.504059	4.701614	15.535355	9.908676	34.370422	67.863464	35.209656	15.726089
%Tau		Tau1		Tau2		Tau3		Tau4		Tau5		Tau6		Tau7		Tau8
%		0.000003	0.000003	0.000016	0.000003	0.000024	0.000032	0.000025	0.000006
%Delaytime	D1		D2		D3		D4		D5		D6		D7		D8
0.00000000	4.04034662	12.04321575	5.49055862	7.85149479	2.78688359	1.69357336	2.37009764	5.12147522
0.00000020	1.34678221	2.30038953	1.84405124	2.36210227	1.52887344	1.48875058	1.51705158	2.04291534
0.00000040	1.77208185	2.02975535	1.62221050	1.82979751	1.57100785	1.46484125	1.52650356	1.33356977
0.00000060	2.12649822	1.48848736	1.52515519	1.89633560	1.44761443	1.44491684	1.53831863	1.70242953
0.00000080	1.55943203	1.89443839	1.42809987	1.29749286	1.51081598	1.43057132	1.35872996	1.56056035
0.00000100	1.84296513	2.30038953	1.35877454	1.69672132	1.43858564	1.46404433	1.51468861	1.91523314
0.00000120	1.63031530	1.48848736	1.66380560	1.82979751	1.45965278	1.40028632	1.48396945	1.39031744
0.00000140	1.63031530	1.08253622	1.60834539	1.63018322	1.42353773	1.44491684	1.42253125	1.51799965
0.00000160	1.98473167	1.08253622	1.58061528	1.39730000	1.34227872	1.48875058	1.47924340	1.19170058
0.00000180	1.34678221	2.02975535	1.51129007	1.63018322	1.40247059	1.42339849	1.42253125	1.41869128
0.00000200	1.63031530	1.35317028	1.40036976	1.13114762	1.64323807	1.46085644	1.38708615	1.37613046
0.00000220	2.12649822	0.94721919	1.51129007	1.59691417	1.47169125	1.44969881	1.47451746	1.47543883
0.00000240	1.63031530	1.75912142	1.40036976	1.09787858	1.40548015	1.41861665	1.54777074	1.58893418
0.00000260	1.34678221	0.40595108	1.38650465	1.16441667	1.42955685	1.44730783	1.34691501	1.24844825
0.00000280	1.55943203	1.62380433	1.71926582	1.39730000	1.45965278	1.39391041	1.36345601	1.56056035
0.00000300	1.06324911	2.02975535	1.51129007	1.66345227	1.53188312	1.49034452	1.39417517	1.60312104
0.00000340	1.24045730	1.28551173	1.49742508	1.56364512	1.53037834	1.46205187	1.42962027	1.48253238
0.00000380	1.41766548	1.62380433	1.40036976	1.63018322	1.49125361	1.50668252	1.46506536	1.34775662
0.00000420	1.91384840	1.35317028	1.43503237	1.46383798	1.53489268	1.45886397	1.45325029	1.39741087
0.00000460	1.34678221	1.35317028	1.62914300	1.33076191	1.51984465	1.43216527	1.46860993	1.32647634
0.00000500	1.24045730	1.62380433	1.37263966	1.31412733	1.41450894	1.40865445	1.46388388	1.40450430
0.00000540	1.34678221	1.15019476	1.34490955	1.41393447	1.38892734	1.41821826	1.41780519	1.37613046
0.00000580	1.31134057	0.94721919	1.45582986	1.41393447	1.43557608	1.42180455	1.42253125	1.50381267
0.00000620	1.59487367	1.21785331	1.64994061	1.29749286	1.48523438	1.44252598	1.45206881	1.23426139
0.00000700	1.24045730	1.38699949	1.39690351	1.40561724	1.39494658	1.41522956	1.41839600	1.44706500
0.00000780	1.31134057	1.18402398	1.48355997	1.38066542	1.37764144	1.39112103	1.44438910	1.33002305
0.00000860	1.11641157	1.31934106	1.34144330	1.32244456	1.37086987	1.37657619	1.33923519	1.35839689
0.00000940	1.27589893	1.55614579	1.33797705	1.22263741	1.41149938	1.39211726	1.33982587	1.37613046
0.00001020	1.31134057	1.38699949	1.35184205	1.29749286	1.33324993	1.36721182	1.38767684	1.20234084
0.00001100	1.18729484	1.42082882	1.42116725	1.20600295	1.45363367	1.39052331	1.37881553	1.25199497
0.00001180	1.32906139	1.04870701	1.30331445	1.20600295	1.45739567	1.37239206	1.34809649	1.45415854
0.00001260	1.29361975	1.48848736	1.29638183	1.22263741	1.29036319	1.34609187	1.28547668	1.39031744
0.00001420	1.34678221	1.69146287	1.34490955	1.24758923	1.33550715	1.34270477	1.33864439	1.26972866
0.00001580	1.31134057	1.31934106	1.26691866	1.28917551	1.29638243	1.32238185	1.29197502	1.30519593
0.00001740	1.28475928	1.18402398	1.27558434	1.32660317	1.28810596	1.28293157	1.23585355	1.16687357
0.00001900	1.32020092	1.42082882	1.27211809	1.23927200	1.29073942	1.31062651	1.23821652	1.17219365
0.00002060	1.17843437	0.94721919	1.19759345	1.37234819	1.26139581	1.25214839	1.25652993	1.25376832
0.00002220	1.14299273	1.25168252	1.14386642	1.26838243	1.25424802	1.24656963	1.24501026	1.20943427
0.00002380	1.14299273	1.28551173	1.22532356	1.27669966	1.19668961	1.24826312	1.21251881	1.21652770
0.00002540	1.32906139	1.13328016	1.23052287	1.07708538	1.22565699	1.24029338	1.19184256	1.14027309
0.00002860	1.19345617	1.24689937	1.16023445	1.19707048	1.17814982	1.20399165	1.17120719	1.11260188
0.00003180	1.15809453	1.23016250	1.14017022	1.18038654	1.18342137	1.17786324	1.14851689	1.13472998
0.00003500	1.18903601	1.28874171	1.11661661	1.10322344	1.17083573	1.17190242	1.12892056	1.09401429
0.00003820	1.12715304	1.18832028	1.12708485	1.24086571	1.15524471	1.14825773	1.10667217	1.13561511
0.00004140	1.10505199	1.03768814	1.09568000	1.08862507	1.12688017	1.16077542	1.12612116	1.11968291
0.00004460	1.24649870	1.04605651	1.14627671	1.22626734	1.13439393	1.11756516	1.10637760	1.13561511
0.00004780	1.04758930	1.09626722	1.09219062	1.05108631	1.06057096	1.11513114	1.09797919	1.07542658
0.00005100	1.20671690	1.01258278	1.08695650	1.03440237	1.09983051	1.11608076	1.07573080	1.09489942
0.00005740	1.00279653	0.99125993	1.02519846	1.08322871	1.10005176	1.09484589	1.06592584	1.07598090
0.00006380	1.05139029	1.00799000	1.04917204	1.04569626	1.07028830	1.07352638	1.06394517	1.03925955
0.00007020	1.05139029	1.02472019	1.02476251	1.03527057	1.08193505	1.06416428	1.05754185	1.04589593
0.00007660	1.09777510	1.02053761	1.07663274	1.06654763	1.06633258	1.05720139	1.04235721	1.07907784
0.00008300	0.99175256	1.03726780	1.03086495	1.06133473	1.07901251	1.05722618	1.03453445	1.08571422
0.00008940	1.06022549	1.04981542	1.03565967	0.97897190	1.03261340	1.03852117	1.01771009	1.02908373
0.00009580	1.06027746	1.01635516	1.05745387	1.02484488	1.04256952	1.05241668	1.02020717	0.98439866
0.00010220	1.01389039	0.98289484	1.03694463	1.04361117	1.03281176	1.03181756	1.00834906	1.02819884
0.00011500	1.01435649	1.01422584	1.01467729	1.01438498	1.03023410	1.02797651	1.00708842	1.03179550
0.00012780	1.00112581	1.02051234	1.03451729	0.96330088	1.02173495	1.02588940	1.01594198	0.98491579
0.00014060	0.98017710	1.00165284	1.05610156	1.02637410	1.01310515	1.02202570	0.99832660	1.02712917
0.00015340	1.03420258	1.05404055	1.01923358	1.01490629	0.99272561	1.01681852	1.00458252	1.03287840
0.00016620	1.02758729	1.07918668	1.02468395	0.96069455	1.01395035	1.00687456	1.02381921	0.99816167
0.00017900	1.02758729	0.94507414	1.01642144	1.00500226	1.00474668	1.00670063	1.00518107	0.99838281
0.00019180	1.02533185	1.02470338	1.03931379	0.99144930	0.99826658	1.00583100	1.00333846	1.00789118
0.00020460	1.00879431	0.94926512	0.98698843	1.00708723	1.01183724	1.01151371	1.00290525	1.00302649
0.00023020	0.98980898	0.96773088	1.01510334	0.96070051	0.99761176	1.00904512	1.00158989	0.99763286
0.00025580	1.01460934	1.01491165	0.99902439	1.01485384	0.99753797	1.00913835	1.00530565	1.01023459
0.00028140	0.99532020	0.99813628	0.99891561	1.00261724	0.99590635	1.00834811	0.99927670	0.99840665
0.00030700	1.00248468	1.00540757	1.01012099	1.02214372	0.99789381	1.01046753	0.99467689	1.01211381
0.00033260	0.99366683	1.01693988	1.00109136	1.01381242	1.00177133	1.00619042	1.01239491	1.02120054
0.00035820	1.00353777	0.96452028	0.98749256	1.01641595	1.00283206	1.00190818	1.00192261	1.00163436
0.00038380	0.99141377	1.03266573	0.98836291	1.01980054	1.01088226	1.00280023	1.00101030	0.99588609
0.00040940	0.96992117	0.97081065	1.00141776	0.99747741	0.99949837	1.01010323	1.01594412	1.01680112
0.00046060	0.99126720	1.04098952	1.00974000	0.99896562	0.99119109	1.00697958	1.00151932	1.00123477
0.00051180	1.01691055	1.01842773	1.00131726	1.01482844	0.99742144	1.00525165	1.00475705	0.99747533
0.00056300	1.00974143	0.97697705	1.00637090	1.00390649	0.99820906	0.99915332	0.99681592	1.00615525
0.00061420	0.97858340	1.03514791	1.01354373	0.99168432	1.00005305	1.00427783	1.00350320	1.00256169
0.00066540	1.02716315	0.99370003	0.99374247	0.99311459	0.99712759	1.00216782	0.99841195	0.99355000
0.00071660	0.97173768	1.02465475	0.99760050	0.99867195	0.99658680	1.00698781	1.00323617	0.99755251
0.00076780	0.96456826	1.00261915	1.00416481	1.00621295	1.00108433	1.00540793	1.00206423	0.99981934
0.00081900	0.98001015	1.04459178	1.00992501	0.97149807	1.00341892	1.00562131	0.99475902	0.99935508
0.00092140	1.00199425	1.03478086	1.00782979	0.99814457	1.00566113	1.00258315	1.00224864	0.99385983
0.00102380	0.99508399	0.97692043	0.99435765	0.99121660	0.99551994	1.00475347	0.99945235	1.00887597
0.00112620	1.01388001	1.00923049	1.00065374	0.99069607	0.99831837	1.00243855	1.00106370	1.00098324
0.00122860	0.99567729	0.99287695	1.00439680	1.00227714	0.99782348	1.00109088	1.00438988	1.00466144
0.00133100	1.01226032	1.00207019	0.99977916	0.99674684	0.99532616	1.00551784	0.99715495	1.00605524
0.00143340	0.99369377	1.00679827	0.99249399	0.99219251	1.00225961	0.99907690	0.99786443	1.00401449
0.00153580	0.98839420	1.01231420	0.99594373	0.99375397	1.00122178	1.00292146	1.00081277	1.00707304
0.00163820	0.99673390	1.03700483	0.99807334	0.99408120	0.99538487	1.00488913	1.00754046	1.01012015
0.00184300	0.99304736	1.00858927	1.00841272	1.00277495	1.00282681	1.00258958	1.00333762	1.00431907
0.00204780	1.00004852	0.99124515	0.99840474	1.00889242	0.99790043	1.00150394	0.99863827	1.00003326
0.00225260	1.00889540	0.99886608	1.00181067	0.99701446	1.00275898	1.00346482	0.99780583	0.99488223
0.00245740	1.01432514	0.99209774	1.00616992	1.00479114	1.00276065	1.00356770	1.00061214	1.00535321
0.00266220	0.99960476	0.98723644	0.99951017	1.00414169	1.00104010	1.00239313	0.99874228	1.00539756
0.00286700	1.00898409	1.02652097	1.00167239	0.99200702	1.00119281	1.00399435	1.00080097	1.00360870
0.00307180	0.99704766	0.97580582	1.00150657	1.00329816	0.99819767	1.00564730	1.00041056	1.00329375
0.00327660	1.01653659	1.01660442	1.00759578	1.00170362	1.00419772	1.00635505	1.00055552	0.99289668
0.00368620	1.00846303	0.99612916	1.00435030	0.99519372	0.99800742	1.00438261	0.99771589	1.00506878
0.00409580	0.99083167	1.01105285	1.00184226	0.99519467	1.00018680	1.00320864	0.99813014	1.00705087
0.00450540	1.00298405	0.99113035	0.99866718	1.00048208	0.99962008	1.00348806	1.00108171	1.00411928
0.00491500	1.00105298	1.00164640	0.99994558	1.00160527	1.00051093	1.00332797	1.00268483	0.99931604
0.00532460	0.99859786	0.99941498	1.00652051	0.99471873	1.00055230	1.00683355	1.00455403	1.00224638
0.00573420	1.00008476	0.99125636	1.00601983	1.00054836	1.00239301	1.00374746	1.00132704	1.00949609
0.00614380	0.99890906	0.99526769	1.00324142	1.01461315	1.00177348	1.00417626	1.00004780	1.00551820
0.00655340	1.00814152	0.99842501	0.99722582	1.00657010	0.99850607	1.00575340	1.00251687	1.00105262
0.00737260	1.00289428	1.00992858	1.00351405	1.00951934	1.00216079	1.00489450	1.00388479	0.99975771
0.00819180	1.00180387	0.99039507	1.00150263	0.99668938	0.99796116	1.00511324	0.99968457	0.99882472
0.00901100	1.00296879	1.00243843	1.00222743	1.00218081	1.00030899	1.00340509	0.99939209	1.00122094
0.00983020	1.00419760	1.00565886	0.99980491	1.00320232	1.00022686	1.00219512	0.99875927	1.00093925
0.01064940	1.00030899	0.99954247	0.99886680	0.99772686	0.99904621	1.00427210	0.99949527	1.00190866
0.01146860	0.99893028	0.98785645	1.00152791	0.99520022	1.00011969	1.00272477	1.00261676	1.00395000
0.01228780	0.99596596	0.99022412	1.00260949	0.99714154	0.99932015	1.00518525	1.00047433	0.99800783
0.01310700	0.99840528	1.00328326	0.99755120	1.00248790	1.00096440	1.00383306	0.99978405	1.00344634
0.01474540	1.00014460	0.99415708	1.00138164	0.99727684	0.99972957	1.00313282	1.00212336	1.00225174
0.01638380	1.00661814	1.00048888	0.99942726	1.00029683	1.00078952	1.00427794	1.00305259	1.00286865
0.01802220	0.99704695	0.99718672	1.00179136	0.99946380	1.00127912	1.00310516	1.00084174	1.00013053
0.01966060	0.99905455	0.99206352	1.00097644	1.00163567	1.00003028	1.00542915	1.00005722	1.00317156
0.02129900	0.99777091	1.00868094	1.00059295	1.00242293	1.00120902	1.00506556	1.00114238	0.99971157
0.02293740	1.00105584	1.00629139	1.00121868	0.99971050	1.00175476	1.00400412	1.00235558	0.99972022
0.02457580	1.00244761	0.99305326	0.99984235	0.99503767	1.00216281	1.00352240	1.00145578	1.00138557
0.02621420	0.99557734	0.99651295	1.00232577	0.99977672	1.00048721	1.00369835	1.00113165	1.00330329
0.02949100	1.00352871	0.99745280	1.00016880	0.99763411	1.00019622	1.00514233	1.00115430	1.00253952
0.03276780	1.00313675	0.99762589	1.00109446	1.00191724	0.99880332	1.00329113	1.00132108	1.00347281
0.03604460	0.99920088	1.00056946	1.00028884	0.99771965	0.99860841	1.00430167	1.00231099	1.00016665
0.03932140	1.00243056	0.99537182	1.00218594	1.00079679	1.00057423	1.00356376	0.99936807	1.00241506
0.04259820	0.99900156	0.99854666	1.00245333	0.99750775	0.99914581	1.00392282	1.00235593	1.00167441
0.04587500	1.00160420	1.00158799	1.00120568	1.00218225	0.99901432	1.00332582	0.99976087	1.00150228
0.04915180	1.00087464	1.00084281	1.00349629	1.00067127	0.99910933	1.00388813	1.00207293	1.00226545
0.05242860	1.00070286	0.99889392	1.00446522	1.00194907	1.00042868	1.00310183	1.00067389	1.00217927
0.05898220	0.99802303	1.00526631	1.00175309	1.00013483	0.99868155	1.00369680	1.00136983	1.00185108
0.06553581	1.00157380	0.99956810	1.00231087	0.99806994	1.00081539	1.00342870	1.00119853	1.00048900
0.07208940	1.00136960	0.99766552	1.00317192	0.99987417	0.99948597	1.00364268	1.00179029	1.00303161
0.07864300	1.00163150	1.00158012	1.00244772	1.00028062	1.00009370	1.00406134	1.00078940	1.00136650
0.08519660	1.00267208	0.99650079	1.00214255	0.99957997	1.00108039	1.00419772	1.00031006	1.00067568
0.09175020	0.99986142	1.00192726	1.00199866	0.99903971	1.00075543	1.00385690	1.00084591	1.00135791
0.09830380	1.00010097	1.00134134	1.00138402	0.99884480	0.99934506	1.00356770	1.00132668	1.00066948
0.10485740	1.00065112	0.99909055	1.00157464	0.99836588	1.00022554	1.00354338	1.00103664	1.00325811
0.11796460	1.00180829	0.99751168	1.00156331	1.00099313	1.00043523	1.00389004	1.00093699	1.00155282
0.13107181	0.99937725	0.99948889	1.00229156	1.00064731	1.00060737	1.00300658	1.00102508	1.00189579
0.14417900	1.00094998	0.99859393	1.00151670	1.00170934	1.00050557	1.00307107	1.00118458	1.00244987
0.15728620	1.00017214	0.99827951	1.00236201	0.99989563	1.00016916	1.00332105	1.00100005	1.00182402
0.17039341	1.00218987	1.00254691	1.00050986	0.99946380	1.00055528	1.00349748	1.00085759	1.00070429
0.18350060	1.00025868	1.00243187	1.00199234	0.99934471	0.99977797	1.00317109	1.00099373	1.00190961
0.19660780	1.00178874	0.99842513	1.00199080	0.99997038	1.00044489	1.00312054	1.00041711	1.00163221
0.20971501	0.99805886	0.99981481	1.00136113	0.99987656	1.00040174	1.00322366	1.00048184	0.99988955
0.23592941	0.99990582	0.99983358	1.00138414	0.99962765	1.00021267	1.00256622	1.00068414	1.00143206
0.26214382	0.99961752	1.00101578	1.00074852	1.00086820	1.00024354	1.00243282	1.00070930	1.00121796
0.28835821	1.00013733	0.99674511	1.00171137	0.99952918	1.00018167	1.00255156	1.00113082	1.00148225
0.31457260	1.00065029	0.99966717	1.00154054	1.00072742	1.00006104	1.00205064	1.00091052	1.00148535
0.34078699	0.99943471	0.99950922	1.00141978	0.99988383	1.00010264	1.00178337	1.00105667	1.00090623
0.36700141	0.99939126	1.00021005	1.00144899	0.99950057	0.99985492	1.00186789	1.00081050	0.99967569
0.39321581	0.99964380	1.00171483	1.00212657	1.00023508	1.00039101	1.00150979	1.00050282	0.99917001
0.41943020	0.99841893	1.00014448	1.00142133	0.99938899	1.00045764	1.00095654	1.00094235	0.99967891
0.47185901	0.99980849	0.99958372	1.00104976	1.00017667	0.99993825	1.00060523	1.00094426	1.00025117
0.52428782	1.00006640	0.99940866	1.00126982	1.00019765	1.00044417	1.00011075	1.00063729	1.00006390
0.57671660	1.00070310	1.00216520	1.00143325	1.00030351	1.00008643	0.99994421	1.00063002	1.00041938
0.62914538	1.00072813	0.99990618	1.00143909	0.99955738	1.00015974	0.99950522	1.00095177	0.99984938
0.68157423	1.00074351	0.99871570	1.00113511	0.99996650	1.00024235	0.99905884	1.00039780	0.99937654
0.73400301	0.99980229	0.99896306	1.00108862	0.99990487	1.00001562	0.99899101	1.00036240	0.99988508
0.78643179	0.99989444	1.00127685	1.00108743	1.00013828	1.00031853	0.99857593	1.00033236	1.00023425
0.83886063	1.00044930	1.00108564	1.00113392	0.99997836	0.99992603	0.99864632	1.00038552	0.99958509
0.94371825	1.00042188	0.99983847	1.00072229	1.00027597	1.00008452	0.99858302	1.00052881	0.99972713
1.04857588	0.99964231	0.99960464	1.00038528	1.00006163	0.99999321	0.99837744	1.00025451	0.99973196
1.15343344	1.00048423	1.00049150	1.00119185	0.99983060	0.99982142	0.99854773	1.00010633	0.99948460
1.25829101	0.99968290	0.99988258	1.00108492	1.00008488	0.99978089	0.99872661	1.00018072	0.99989247
1.36314869	0.99963820	1.00070798	1.00090086	0.99989825	0.99996787	0.99934518	0.99994516	0.99981743
1.46800625	0.99988836	0.99946666	1.00025308	1.00022018	0.99992865	0.99978751	1.00003207	0.99936658
1.57286382	0.99972963	0.99997962	1.00064814	1.00061703	0.99979395	1.00044072	0.99996889	0.99955833
1.67772150	0.99914169	0.99947071	1.00053763	0.99963069	0.99963236	1.00060225	0.99972975	0.99902099
1.88743675	0.99984354	1.00029111	1.00000656	0.99983394	0.99974656	1.00017536	1.00004756	0.99937910
2.09715199	1.00026441	0.99935681	0.99991357	1.00016260	0.99978769	0.99937350	0.99995726	0.99997836
2.30686712	0.99941844	1.00019598	1.00004590	0.99987066	0.99984580	0.99959397	1.00014102	1.00015497
2.51658225	0.99862158	1.00050056	1.00010347	1.00019646	0.99984729	1.00042760	1.00016594	1.00000656
2.72629738	0.99951631	0.99953485	0.99977231	0.99998540	1.00003624	1.00067008	1.00043333	1.00003493
2.93601274	0.99957520	0.99995852	1.00008953	0.99999809	0.99993467	1.00030875	1.00038135	0.99974293
3.14572787	0.99929076	0.99947524	0.99962956	1.00011098	1.00001037	1.00022745	1.00037050	0.99968523
3.35544300	1.00090265	0.99987495	0.99966764	1.00003099	1.00031102	0.99927819	1.00048292	1.00071394
3.77487350	1.00007510	0.99996060	1.00019443	1.00006461	1.00010204	0.99650550	1.00002182	1.00046504
4.19430399	0.99963677	0.99981159	1.00002337	0.99999267	1.00000060	0.99792057	0.99977899	1.00070632
4.61373425	1.00040913	0.99989110	0.99963593	0.99999523	1.00001061	0.99963313	0.99998176	0.99956006
5.03316450	1.00000000	1.00000000	1.00000000	1.00000000	1.00000000	1.00000000	1.00000000	1.00000000
5.45259476	0.00000000	0.00000000	0.00000000	0.00000000	0.00000000	0.00000000	0.00000000	0.00000000
5.87202549	0.00000000	0.00000000	0.00000000	0.00000000	0.00000000	0.00000000	0.00000000	0.00000000
6.29145575	0.00000000	0.00000000	0.00000000	0.00000000	0.00000000	0.00000000	0.00000000	0.00000000
6.71088600	0.00000000	0.00000000	0.00000000	0.00000000	0.00000000	0.00000000	0.00000000	0.00000000
7.54974699	0.00000000	0.00000000	0.00000000	0.00000000	0.00000000	0.00000000	0.00000000	0.00000000
8.38860798	0.00000000	0.00000000	0.00000000	0.00000000	0.00000000	0.00000000	0.00000000	0.00000000
9.22746849	0.00000000	0.00000000	0.00000000	0.00000000	0.00000000	0.00000000	0.00000000	0.00000000
10.06632900	0.00000000	0.00000000	0.00000000	0.00000000	0.00000000	0.00000000	0.00000000	0.00000000
10.90518951	0.00000000	0.00000000	0.00000000	0.00000000	0.00000000	0.00000000	0.00000000	0.00000000
11.74405098	0.00000000	0.00000000	0.00000000	0.00000000	0.00000000	0.00000000	0.00000000	0.00000000
12.58291149	0.00000000	0.00000000	0.00000000	0.00000000	0.00000000	0.00000000	0.00000000	0.00000000
13.42177200	0.00000000	0.00000000	0.00000000	0.00000000	0.00000000	0.00000000	0.00000000	0.00000000
15.09949398	0.00000000	0.00000000	0.00000000	0.00000000	0.00000000	0.00000000	0.00000000	0.00000000
16.77721596	0.00000000	0.00000000	0.00000000	0.00000000	0.00000000	0.00000000	0.00000000	0.00000000
18.45493698	0.00000000	0.00000000	0.00000000	0.00000000	0.00000000	0.00000000	0.00000000	0.00000000
20.13265800	0.00000000	0.00000000	0.00000000	0.00000000	0.00000000	0.00000000	0.00000000	0.00000000
21.81037903	0.00000000	0.00000000	0.00000000	0.00000000	0.00000000	0.00000000	0.00000000	0.00000000
23.48810196	0.00000000	0.00000000	0.00000000	0.00000000	0.00000000	0.00000000	0.00000000	0.00000000
25.16582298	0.00000000	0.00000000	0.00000000	0.00000000	0.00000000	0.00000000	0.00000000	0.00000000
26.84354401	0.00000000	0.00000000	0.00000000	0.00000000	0.00000000	0.00000000	0.00000000	0.00000000
30.19898796	0.00000000	0.00000000	0.00000000	0.00000000	0.00000000	0.00000000	0.00000000	0.00000000
33.55443192	0.00000000	0.00000000	0.00000000	0.00000000	0.00000000	0.00000000	0.00000000	0.00000000
36.90987396	0.00000000	0.00000000	0.00000000	0.00000000	0.00000000	0.00000000	0.00000000	0.00000000
40.26531601	0.00000000	0.00000000	0.00000000	0.00000000	0.00000000	0.00000000	0.00000000	0.00000000
43.62075806	0.00000000	0.00000000	0.00000000	0.00000000	0.00000000	0.00000000	0.00000000	0.00000000
46.97620392	0.00000000	0.00000000	0.00000000	0.00000000	0.00000000	0.00000000	0.00000000	0.00000000
50.33164597	0.00000000	0.00000000	0.00000000	0.00000000	0.00000000	0.00000000	0.00000000	0.00000000
53.68708801	0.00000000	0.00000000	0.00000000	0.00000000	0.00000000	0.00000000	0.00000000	0.00000000
60.39797592	0.00000000	0.00000000	0.00000000	0.00000000	0.00000000	0.00000000	0.00000000	0.00000000
67.10886383	0.00000000	0.00000000	0.00000000	0.00000000	0.00000000	0.00000000	0.00000000	0.00000000
73.81974792	0.00000000	0.00000000	0.00000000	0.00000000	0.00000000	0.00000000	0.00000000	0.00000000
80.53063202	0.00000000	0.00000000	0.00000000	0.00000000	0.00000000	0.00000000	0.00000000	0.00000000
87.24151611	0.00000000	0.00000000	0.00000000	0.00000000	0.00000000	0.00000000	0.00000000	0.00000000
93.95240784	0.00000000	0.00000000	0.00000000	0.00000000	0.00000000	0.00000000	0.00000000	0.00000000
100.66329193	0.00000000	0.00000000	0.00000000	0.00000000	0.00000000	0.00000000	0.00000000	0.00000000
107.37417603	0.00000000	0.00000000	0.00000000	0.00000000	0.00000000	0.00000000	0.00000000	0.00000000
120.79595184	0.00000000	0.00000000	0.00000000	0.00000000	0.00000000	0.00000000	0.00000000	0.00000000
134.21772766	0.00000000	0.00000000	0.00000000	0.00000000	0.00000000	0.00000000	0.00000000	0.00000000
147.63949585	0.00000000	0.00000000	0.00000000	0.00000000	0.00000000	0.00000000	0.00000000	0.00000000
161.06126404	0.00000000	0.00000000	0.00000000	0.00000000	0.00000000	0.00000000	0.00000000	0.00000000
174.48303223	0.00000000	0.00000000	0.00000000	0.00000000	0.00000000	0.00000000	0.00000000	0.00000000
187.90481567	0.00000000	0.00000000	0.00000000	0.00000000	0.00000000	0.00000000	0.00000000	0.00000000
201.32658386	0.00000000	0.00000000	0.00000000	0.00000000	0.00000000	0.00000000	0.00000000	0.00000000
214.74835205	0.00000000	0.00000000	0.00000000	0.00000000	0.00000000	0.00000000	0.00000000	0.00000000
241.59190369	0.00000000	0.00000000	0.00000000	0.00000000	0.00000000	0.00000000	0.00000000	0.00000000
268.43545532	0.00000000	0.00000000	0.00000000	0.00000000	0.00000000	0.00000000	0.00000000	0.00000000
295.27899170	0.00000000	0.00000000	0.00000000	0.00000000	0.00000000	0.00000000	0.00000000	0.00000000
322.12252808	0.00000000	0.00000000	0.00000000	0.00000000	0.00000000	0.00000000	0.00000000	0.00000000
348.96606445	0.00000000	0.00000000	0.00000000	0.00000000	0.00000000	0.00000000	0.00000000	0.00000000
375.80963135	0.00000000	0.00000000	0.00000000	0.00000000	0.00000000	0.00000000	0.00000000	0.00000000
402.65316772	0.00000000	0.00000000	0.00000000	0.00000000	0.00000000	0.00000000	0.00000000	0.00000000
429.49670410	0.00000000	0.00000000	0.00000000	0.00000000	0.00000000	0.00000000	0.00000000	0.00000000
483.18380737	0.00000000	0.00000000	0.00000000	0.00000000	0.00000000	0.00000000	0.00000000	0.00000000
536.87091064	0.00000000	0.00000000	0.00000000	0.00000000	0.00000000	0.00000000	0.00000000	0.00000000
590.55798340	0.00000000	0.00000000	0.00000000	0.00000000	0.00000000	0.00000000	0.00000000	0.00000000
644.24505615	0.00000000	0.00000000	0.00000000	0.00000000	0.00000000	0.00000000	0.00000000	0.00000000
697.93212891	0.00000000	0.00000000	0.00000000	0.00000000	0.00000000	0.00000000	0.00000000	0.00000000
751.61926270	0.00000000	0.00000000	0.00000000	0.00000000	0.00000000	0.00000000	0.00000000	0.00000000
805.30633545	0.00000000	0.00000000	0.00000000	0.00000000	0.00000000	0.00000000	0.00000000	0.00000000
858.99340820	0.00000000	0.00000000	0.00000000	0.00000000	0.00000000	0.00000000	0.00000000	0.00000000
966.36761475	0.00000000	0.00000000	0.00000000	0.00000000	0.00000000	0.00000000	0.00000000	0.00000000
1073.74182129	0.00000000	0.00000000	0.00000000	0.00000000	0.00000000	0.00000000	0.00000000	0.00000000
1181.11596680	0.00000000	0.00000000	0.00000000	0.00000000	0.00000000	0.00000000	0.00000000	0.00000000
1288.49011230	0.00000000	0.00000000	0.00000000	0.00000000	0.00000000	0.00000000	0.00000000	0.00000000
1395.86425781	0.00000000	0.00000000	0.00000000	0.00000000	0.00000000	0.00000000	0.00000000	0.00000000
1503.23852539	0.00000000	0.00000000	0.00000000	0.00000000	0.00000000	0.00000000	0.00000000	0.00000000
1610.61267090	0.00000000	0.00000000	0.00000000	0.00000000	0.00000000	0.00000000	0.00000000	0.00000000
1717.98681641	0.00000000	0.00000000	0.00000000	0.00000000	0.00000000	0.00000000	0.00000000	0.00000000
1932.73522949	0.00000000	0.00000000	0.00000000	0.00000000	0.00000000	0.00000000	0.00000000	0.00000000
2147.48364258	0.00000000	0.00000000	0.00000000	0.00000000	0.00000000	0.00000000	0.00000000	0.00000000
2362.23193359	0.00000000	0.00000000	0.00000000	0.00000000	0.00000000	0.00000000	0.00000000	0.00000000
2576.98022461	0.00000000	0.00000000	0.00000000	0.00000000	0.00000000	0.00000000	0.00000000	0.00000000
2791.72851562	0.00000000	0.00000000	0.00000000	0.00000000	0.00000000	0.00000000	0.00000000	0.00000000
3006.47705078	0.00000000	0.00000000	0.00000000	0.00000000	0.00000000	0.00000000	0.00000000	0.00000000
3221.22534180	0.00000000	0.00000000	0.00000000	0.00000000	0.00000000	0.00000000	0.00000000	0.00000000
3435.97363281	0.00000000	0.00000000	0.00000000	0.00000000	0.00000000	0.00000000	0.00000000	0.00000000
0	0	0	0	0	0	0	0	0
