%4/13/2015 8:39:20 PM
%Duration	ID1		ID2		ID3		ID4		ID5		ID6		ID7		ID8
3000.000000	5.922318	8.697510	7.352829	11.329651	11.253357	55.160522	22.382736	48.465729
%Tau		Tau1		Tau2		Tau3		Tau4		Tau5		Tau6		Tau7		Tau8
%		0.000002	0.000004	0.000002	0.000008	0.000006	0.000014	0.000011	0.000014
%Delaytime	D1		D2		D3		D4		D5		D6		D7		D8
0.00000000	1.73947167	3.87431645	3.94846773	2.63750434	2.36471272	1.34282100	2.17390943	1.70345962
0.00000020	1.55636942	1.50086129	1.97423387	1.37257874	1.31112790	1.45728695	1.32890141	1.46381521
0.00000040	1.19016492	1.29143882	1.30215430	1.34566545	1.00675893	1.42159319	1.24223399	1.42260253
0.00000060	1.19016492	1.39614999	1.30215430	1.39949203	1.49843192	1.48682654	1.32890141	1.44855118
0.00000080	1.55636942	1.32634258	1.51217914	1.42640531	1.24088895	1.48805737	1.53834784	1.47907913
0.00000100	1.55636942	0.76788253	1.09212935	1.29183877	1.21747589	1.48928821	1.45168042	1.42565525
0.00000120	1.83102286	1.22163129	1.38616419	1.39949203	1.28771496	1.39574611	1.32890141	1.42260253
0.00000140	0.91551143	1.60557258	1.09212935	1.18418562	1.28771496	1.51636612	1.38667977	1.42870808
0.00000160	0.73240912	1.01220882	1.26014936	1.15727222	1.10041094	1.51513529	1.29278994	1.37528419
0.00000180	1.09861374	1.04711246	0.92410946	1.31875217	1.21747589	1.43020892	1.40834665	1.41649687
0.00000200	1.55636942	1.25653505	1.51217914	1.26492548	1.10041094	1.38097632	1.56723702	1.45923603
0.00000220	1.46481824	0.94240129	0.92410946	1.21109891	1.45160592	1.45605612	1.38667977	1.40428567
0.00000240	1.37326717	1.04711246	1.21814430	1.50714529	1.38136685	1.43513227	1.56723702	1.31575465
0.00000260	1.00706255	1.18672752	0.79809457	1.02270579	1.33454084	1.39574611	1.48056960	1.44549847
0.00000280	0.91551143	1.57066882	0.96611446	1.13035893	1.59208393	1.46836424	1.41556895	1.46534157
0.00000300	1.46481824	1.29143882	1.05012441	1.39949203	1.26430190	1.42405486	1.43723583	1.36917853
0.00000340	1.19016492	1.09946811	1.09212935	1.42640531	1.36966038	1.45544076	1.40473545	1.34017706
0.00000380	1.46481824	1.09946811	1.38616419	1.54751527	1.10041094	1.43451679	1.32890141	1.36688900
0.00000420	1.19016492	1.34379447	1.36516178	1.30529547	1.51013839	1.41051590	1.34695721	1.37681055
0.00000460	1.00706255	1.04711246	0.98711693	1.26492548	1.45160592	1.41666996	1.39751315	1.34551942
0.00000500	0.86973584	1.16927564	1.02912188	1.18418562	1.32283437	1.37605298	1.41918004	1.36078334
0.00000540	0.77818471	1.30889070	1.21814430	1.25146890	1.39307344	1.36805272	1.33973491	1.35620415
0.00000580	0.96128702	1.22163129	1.00811946	1.19764221	1.10041094	1.33974397	1.31445682	1.30964911
0.00000620	1.28171599	1.46595752	1.21814430	1.53405857	1.34624743	1.31758928	1.20973361	1.33025539
0.00000700	1.14438927	1.06456435	1.07112694	1.39949203	1.38722014	1.30528104	1.35959613	1.32796586
0.00000780	0.98417479	1.23035717	1.10263062	1.28511047	1.18820965	1.30466568	1.33070707	1.30774105
0.00000860	1.35037935	1.11691999	1.14463556	1.23128390	1.17064989	1.33512843	1.19709468	1.28789794
0.00000940	0.91551143	0.99475688	1.18664062	1.25819719	1.07699788	1.29143441	1.20251131	1.26080430
0.00001020	1.02995038	1.25653505	1.22864556	1.07653236	1.14723694	1.26066399	1.15014970	1.23485553
0.00001100	1.14438927	1.27398694	1.17613935	1.01597738	1.26430190	1.25912547	1.20792806	1.22149956
0.00001180	1.00706255	0.94240129	1.12363315	1.13035893	1.21162271	1.23235524	1.28737330	1.22607875
0.00001260	0.98417479	1.18672752	0.95561320	1.20437062	1.28186166	1.20343101	1.21515036	1.19593239
0.00001420	0.97273088	1.22163129	1.09738004	1.21109891	1.20284283	1.17835307	1.20612252	1.16406894
0.00001580	0.99561870	1.13000894	1.01862073	1.19091392	1.06529140	1.16804504	1.17542779	1.15471971
0.00001740	1.06428206	1.10819411	1.19714189	1.24474049	1.01846540	1.16296792	1.12577450	1.13907409
0.00001900	1.05283821	1.01657176	1.20239246	1.11353815	1.04187846	1.13619769	1.10320485	1.10224974
0.00002060	1.15583324	1.10819411	0.98711693	1.17072892	1.05651152	1.14789045	1.13389957	1.12419176
0.00002220	1.06428206	1.01220882	1.03962314	1.10008144	1.10333753	1.10711956	1.10681605	1.13029730
0.00002380	0.99561870	1.12128305	1.03437257	1.08998907	1.01261222	1.09927309	1.06980181	1.10377622
0.00002540	1.12150156	1.12564600	1.01337004	1.14045143	1.12382388	1.10450411	1.06438506	1.07458389
0.00002860	1.20048332	1.03928947	1.12954688	1.06934738	1.12931037	1.07683623	1.06771290	1.04877591
0.00003180	1.01267362	1.08867729	1.02098632	0.91196322	1.08268082	1.06717360	1.01366878	1.04177320
0.00003500	0.95009261	0.98775452	0.97962987	1.01855636	1.05936599	1.06592679	1.01639366	1.03371525
0.00003820	1.02405190	1.00708020	1.12954688	1.03209198	1.02585101	1.04948485	1.01366878	1.03889537
0.00004140	0.81924152	1.06076241	1.06751227	1.00502074	0.98067856	1.06670606	1.03455973	1.03342748
0.00004460	1.05249786	1.00278556	1.07526660	1.11838162	0.94716358	1.03732860	1.00550985	1.02527368
0.00004780	0.99560606	0.96413428	1.02357101	1.00166726	0.96316534	1.04457557	0.97553527	1.01452982
0.00005100	1.03543031	0.97057617	1.06234264	1.03550732	1.00687933	1.05151081	1.04502165	1.02517772
0.00005740	0.97371662	0.98839682	0.97185940	1.06765831	1.03861749	1.02647150	1.04324615	1.01598942
0.00006380	0.99079937	1.02385020	1.01456428	1.00341284	1.05100799	1.02744555	1.01850963	1.01632500
0.00007020	1.02496493	1.03781664	1.04174006	1.06596768	1.05392337	1.01537383	0.99990046	1.01829052
0.00007660	0.98225802	1.05178308	1.07150412	0.99749553	1.04007518	1.02764714	1.02418315	1.00918186
0.00008300	1.06482458	1.01529014	1.05726910	0.97892785	1.05610991	1.02601063	1.00920498	1.01368821
0.00008940	0.98795223	1.03570342	1.00938785	1.05162883	1.03205776	1.00699019	1.01850963	1.00803137
0.00009580	1.05343616	0.97876120	1.06369960	1.02880418	1.00144589	0.99989897	0.97856802	1.01632500
0.00010220	0.98795223	1.04644716	1.03393674	1.04486597	1.00290358	1.00437319	1.01667809	1.00040889
0.00011500	0.97859299	1.03938496	1.02844107	1.02239001	0.97930419	1.00796771	1.02875674	1.00027692
0.00012780	1.04686689	1.00228333	1.01936853	0.97760767	1.01971543	1.01533711	0.99408716	1.00406396
0.00014060	1.03833270	0.98668987	1.05436265	1.02027762	1.03865981	1.01170766	1.01664960	1.00528646
0.00015340	1.06393540	1.00927353	1.00381553	0.96792006	0.98185450	0.99972969	0.99228996	1.01072741
0.00016620	1.03975511	1.01841450	1.01742435	1.01481628	0.99788475	1.00448072	0.99952549	1.01226139
0.00017900	1.03975511	1.02486694	1.01677632	0.97805977	1.01719391	1.01857817	1.01176178	0.99502766
0.00019180	0.99139434	1.02648008	1.01872039	0.98819953	0.98802012	1.00508356	0.99296975	0.99439728
0.00020460	0.99987292	1.02271616	1.04010582	1.01608372	0.98401266	1.00060475	0.99512249	1.01277411
0.00023020	1.02715003	1.02829731	1.01607335	1.01075435	0.97621787	1.01137555	0.99009526	1.00103819
0.00025580	1.01222265	1.00968397	0.99725115	1.00442386	0.98387015	1.00374210	1.00680208	0.99901140
0.00028140	1.00156021	1.03253472	1.02483535	1.00776958	0.99155045	1.00846982	1.00430787	1.00329483
0.00030700	1.04989672	1.00318754	1.02195311	1.00165033	1.00099683	1.00507855	1.00681794	1.00581026
0.00033260	1.01927423	1.01745725	1.03882885	1.00357985	0.99279785	0.99512786	1.00148940	0.99696082
0.00035820	1.02069581	0.99941826	1.03980243	0.99682742	1.00154340	1.00670946	1.01575851	0.99418896
0.00038380	1.01856339	0.99945247	1.01740968	0.99935955	1.02611125	1.00453496	0.99166691	1.00136411
0.00040940	1.03491163	1.01991546	1.01870775	0.96433133	1.00953162	1.01150835	1.01468146	0.99797666
0.00046060	0.99732840	1.01410055	1.03002977	0.98004133	1.01369512	1.00581789	0.99467421	1.00104213
0.00051180	0.99768394	0.99417126	1.01054323	1.00387788	0.98264575	1.00875914	1.00799584	0.99708128
0.00056300	1.03572822	1.02120233	1.05012643	1.00943732	0.99096721	1.00727439	0.99720949	0.99999052
0.00061420	1.03039491	1.00400126	1.02300858	0.99227607	1.00418258	1.00477302	1.00792336	1.00204277
0.00066540	1.04609752	1.00619018	1.02203429	0.98822260	1.00867105	1.00770640	0.99997455	0.99793226
0.00071660	0.99281675	1.03726149	1.01066756	1.01712358	0.98715949	1.00979745	0.99878407	0.99948686
0.00076780	1.00419569	1.00292397	1.04622936	0.98645937	0.98889136	1.00347507	1.01025093	1.00234354
0.00081900	1.04864490	1.00427055	1.00741994	1.00829399	0.99928254	1.00693750	0.99664563	0.99799699
0.00092140	1.01563048	1.01717937	1.01853585	0.99414384	0.99746513	1.00334954	1.00347900	1.00182605
0.00102380	1.02257335	1.01973641	1.00651014	0.99161476	0.99862295	1.00495088	0.99888903	1.00057125
0.00112620	1.01402819	1.02414954	1.01548636	0.98927373	0.99509311	1.00851750	0.99646801	1.00275469
0.00122860	1.00660729	0.99080825	1.03344452	0.99652261	1.00722671	1.00765634	0.99682367	1.00142050
0.00133100	1.01271689	1.01323783	1.02283812	0.99950367	1.01429713	1.00191748	0.99222082	0.99842721
0.00143340	1.01111448	1.00424504	1.02190578	0.99897671	1.00740921	1.00731623	1.00118721	1.00093341
0.00153580	0.99473441	1.02027524	1.01345491	1.00129521	1.00309944	1.00426877	1.00131786	0.99891382
0.00163820	1.04874301	1.01067829	1.01646149	0.99336100	1.00399435	1.00558138	1.00218201	1.00036383
0.00184300	0.99451274	0.99686480	1.01224124	0.99626356	0.99554580	1.00550830	0.99844974	0.99898750
0.00204780	1.00679505	1.01870179	1.02280617	0.99346644	0.99940795	1.00757945	1.00172436	1.00481999
0.00225260	1.00699627	1.01839685	1.02484298	0.99748355	0.99911666	1.00759864	0.99743968	1.00153196
0.00245740	1.00642920	1.01610088	1.02138770	0.99518692	0.99810034	1.00415063	0.99777132	0.99913907
0.00266220	0.99637032	1.01643717	1.02988362	1.00014532	0.99940127	1.00673044	1.00368047	0.99790615
0.00286700	0.99854010	1.01130867	1.01820993	1.01106036	1.01098430	1.00559556	0.99713981	1.00104928
0.00307180	0.99809504	1.01569366	1.00511622	0.99414039	0.99738216	1.00302160	0.99864513	1.00000346
0.00327660	0.99771678	1.00948453	1.02580845	0.99757046	1.00806868	1.00199521	1.00287998	0.99909925
0.00368620	0.98934853	1.01471412	1.02269554	1.00133598	0.99918365	1.00527167	1.00445938	0.99997413
0.00409580	1.00121105	1.01256633	1.01073611	1.00424707	1.00504100	1.00695527	0.99476695	1.00009942
0.00450540	1.00579619	1.01155114	1.01960838	1.00034285	1.00156403	1.00625658	0.99764067	1.00045764
0.00491500	1.00220096	1.00884151	1.01164627	1.00551152	1.00991654	1.00420403	1.00016892	1.00074518
0.00532460	1.00264597	1.02022243	1.01393402	1.00304329	1.00085127	1.00489986	1.00335479	1.00210667
0.00573420	1.01011169	1.01721251	1.01157784	1.00129521	0.99749541	1.00277114	0.99794751	0.99978632
0.00614380	1.01185930	1.02171218	1.01949370	1.00037313	0.99933881	1.00509703	0.99469215	0.99809498
0.00655340	0.99724972	1.01464033	1.01793444	0.99806631	1.00775361	1.00425613	0.99987751	1.00235939
0.00737260	1.00163686	1.01457047	1.01170886	0.99719602	1.00113320	1.00502610	0.99872196	1.00161529
0.00819180	1.00661612	1.00941586	1.01670277	1.00031567	1.00219691	1.00543368	1.00147307	0.99998474
0.00901100	0.99395066	1.01406932	1.01332152	1.00029469	1.00241292	1.00589049	1.00114655	1.00086713
0.00983020	1.00638092	1.01529384	1.01485753	0.99822778	0.99723285	1.00356233	1.00007665	0.99921393
0.01064940	1.00308383	1.01306999	1.01349258	0.99638951	1.00083530	1.00531209	1.00128615	1.00075197
0.01146860	1.00004363	1.01088810	1.01825559	1.00414026	1.00152695	1.00556779	1.00206494	1.00127125
0.01228780	1.01713181	1.01597142	1.02253795	0.99733877	0.99882007	1.00544012	1.00119090	1.00025403
0.01310700	0.99598891	1.01235080	1.02130687	0.99743336	0.99866289	1.00427151	1.00233996	1.00018084
0.01474540	1.00707865	1.01831508	1.01658547	1.00169528	1.00009906	1.00447750	1.00020337	0.99978548
0.01638380	1.00435746	1.01288903	1.01769161	0.99960065	1.00261879	1.00455117	1.00168598	0.99925995
0.01802220	1.00588584	1.01509917	1.01644504	1.00094211	1.00082779	1.00509048	1.00171566	0.99956286
0.01966060	1.00147140	1.01284897	1.01569641	0.99728680	1.00287914	1.00505161	1.00009787	1.00042081
0.02129900	1.00065756	1.01243210	1.01734185	0.99927837	1.00054944	1.00511479	0.99936491	1.00014520
0.02293740	1.00875854	1.01509452	1.01924002	0.99991208	0.99902564	1.00485826	1.00267661	1.00156820
0.02457580	1.00394571	1.01236928	1.01643455	0.99803180	0.99895209	1.00521445	1.00137579	0.99988216
0.02621420	1.00144899	1.01089287	1.02082682	1.00152361	1.00146639	1.00485170	0.99995583	0.99921560
0.02949100	1.00166762	1.01399541	1.01768470	1.00236547	0.99972278	1.00423717	1.00078523	0.99953753
0.03276780	1.00327301	1.01331472	1.01545465	1.00017869	1.00250828	1.00498462	0.99982727	1.00073898
0.03604460	1.00182915	1.01457655	1.01948166	1.00130272	1.00392306	1.00432432	1.00028896	0.99985206
0.03932140	0.99803865	1.00875688	1.01786757	0.99834085	1.00119269	1.00505722	1.00078595	1.00061738
0.04259820	1.00403559	1.01551378	1.01723611	1.00085914	1.00290835	1.00420916	1.00048280	0.99994063
0.04587500	1.00635302	1.01222098	1.01793265	1.00117314	1.00097370	1.00448287	1.00170374	0.99985987
0.04915180	1.00530040	1.01356566	1.01894569	1.00015140	1.00219321	1.00487852	1.00070465	0.99997270
0.05242860	1.00300479	1.01049387	1.01991284	0.99918890	1.00199807	1.00480318	1.00106466	1.00065410
0.05898220	1.00547791	1.01357603	1.01893878	0.99988389	1.00065637	1.00481427	1.00099456	1.00008690
0.06553581	1.00310647	1.01269376	1.01919258	1.00060761	0.99961311	1.00505006	1.00065839	1.00033593
0.07208940	1.00339425	1.01441693	1.01839817	1.00045407	1.00223267	1.00495136	1.00130439	0.99999326
0.07864300	1.00458539	1.01376987	1.01855910	1.00055230	0.99997878	1.00454688	0.99979281	1.00016665
0.08519660	1.00016761	1.01455581	1.01746356	1.00045693	1.00067317	1.00439048	1.00002885	1.00045180
0.09175020	1.00367820	1.01207268	1.01825345	1.00281322	1.00019300	1.00425529	1.00051165	1.00020099
0.09830380	1.00001729	1.01194513	1.01802742	1.00047362	1.00150061	1.00507760	1.00028777	1.00026476
0.10485740	1.00118959	1.01264727	1.01870954	0.99983752	1.00148284	1.00477791	1.00005543	1.00037301
0.11796460	1.00364542	1.01256430	1.01793838	1.00126481	1.00000143	1.00493073	1.00063682	1.00035846
0.13107181	1.00108957	1.01186848	1.01822925	0.99942595	1.00056565	1.00505352	1.00080144	1.00058150
0.14417900	1.00286305	1.01182580	1.01887846	1.00052011	1.00037348	1.00499451	1.00046921	1.00053513
0.15728620	1.00268650	1.01212776	1.01728380	1.00042307	1.00035369	1.00486946	1.00076246	1.00011921
0.17039341	1.00419581	1.01129925	1.01768959	1.00007653	1.00040805	1.00468314	1.00022292	1.00045395
0.18350060	1.00134146	1.01080084	1.01737976	0.99941868	1.00139332	1.00461864	1.00093842	1.00006378
0.19660780	1.00418770	1.01304495	1.01738632	1.00021851	0.99975258	1.00459492	1.00063860	1.00069404
0.20971501	1.00537074	1.01269126	1.01857913	0.99976361	1.00096786	1.00511205	1.00097442	1.00005198
0.23592941	1.00270820	1.01286304	1.01730895	1.00048661	0.99999684	1.00466335	1.00085306	1.00029433
0.26214382	1.00437641	1.01258874	1.01669645	0.99954867	1.00092793	1.00458705	1.00059628	1.00026155
0.28835821	1.00324309	1.01336670	1.01771975	1.00039613	1.00032806	1.00441420	1.00094712	1.00029802
0.31457260	1.00150430	1.01366007	1.01654053	0.99974751	1.00092101	1.00468588	1.00054562	1.00051129
0.34078699	1.00418651	1.01304042	1.01700473	0.99963748	1.00065827	1.00476265	1.00082314	1.00056601
0.36700141	1.00334811	1.01339281	1.01734686	0.99988288	1.00092351	1.00439620	1.00072896	1.00012851
0.39321581	1.00336230	1.01242602	1.01634705	1.00042474	1.00033534	1.00459075	1.00071514	1.00027752
0.41943020	1.00354123	1.01226783	1.01584685	0.99880731	1.00070786	1.00424099	1.00060594	1.00022674
0.47185901	1.00293863	1.01039684	1.01533175	0.99985683	1.00032043	1.00386429	1.00058222	1.00017035
0.52428782	1.00181460	1.01023495	1.01527083	0.99974614	1.00108778	1.00392818	1.00092149	1.00024450
0.57671660	1.00241423	1.01086557	1.01555717	1.00010693	1.00062037	1.00387383	1.00062311	1.00025856
0.62914538	1.00399029	1.01113355	1.01441872	0.99999887	1.00058341	1.00359631	1.00043464	1.00008225
0.68157423	1.00464416	1.01137924	1.01455843	1.00019586	1.00094366	1.00356364	1.00044620	1.00023103
0.73400301	1.00236249	1.01076305	1.01445794	0.99997509	1.00040555	1.00349140	1.00033402	1.00028169
0.78643179	1.00278270	1.01005530	1.01421523	1.00017262	1.00057364	1.00349855	1.00043583	1.00020945
0.83886063	1.00335515	1.00960386	1.01362467	1.00029457	1.00140202	1.00330043	1.00073671	1.00027108
0.94371825	1.00275886	1.00868285	1.01248109	1.00044370	1.00083578	1.00298703	1.00072539	1.00018263
1.04857588	1.00252140	1.00995779	1.01230443	1.00000858	1.00095642	1.00288713	1.00029516	1.00018620
1.15343344	1.00224829	1.00804496	1.01175189	0.99991667	1.00091112	1.00270414	1.00033867	1.00029778
1.25829101	1.00234544	1.00776780	1.01129937	1.00031078	1.00015306	1.00248265	1.00013101	1.00015223
1.36314869	1.00196707	1.00769830	1.01047134	1.00017285	1.00010991	1.00237000	1.00006580	0.99992251
1.46800625	1.00181019	1.00676405	1.00964880	0.99987918	1.00037265	1.00219464	1.00023460	1.00018513
1.57286382	1.00171721	1.00718379	1.00899887	0.99971956	1.00051975	1.00210679	0.99990785	1.00014257
1.67772150	1.00118899	1.00585425	1.00814021	0.99951911	1.00045288	1.00197947	0.99986732	1.00010419
1.88743675	1.00162494	1.00570989	1.00714552	0.99995464	1.00027573	1.00176609	0.99970627	1.00004780
2.09715199	1.00126982	1.00496006	1.00720942	1.00015521	1.00014222	1.00160730	0.99959838	0.99996698
2.30686712	1.00111079	1.00402892	1.00635910	1.00012994	1.00033367	1.00145662	0.99984086	0.99995756
2.51658225	1.00135529	1.00354815	1.00507641	0.99976009	1.00027263	1.00122869	0.99966902	1.00002384
2.72629738	1.00054085	1.00282538	1.00351179	0.99962616	1.00012481	1.00118721	0.99969083	1.00006819
2.93601274	1.00049686	1.00308490	1.00222278	0.99975884	0.99999100	1.00095928	0.99977970	0.99999207
3.14572787	1.00050306	1.00236928	1.00284076	0.99983907	1.00035012	1.00088882	0.99997777	0.99991226
3.35544300	1.00046647	1.00175500	1.00198972	1.00018191	1.00010490	1.00071073	0.99982214	1.00001538
3.77487350	1.00000334	1.00101638	0.99988467	0.99984044	0.99989831	1.00055969	1.00006366	0.99996495
4.19430399	1.00015509	1.00072610	0.99976373	1.00035453	0.99992734	1.00024378	1.00005150	0.99994951
4.61373425	0.99993396	0.99986762	1.00025856	0.99989808	1.00014675	1.00007844	1.00005376	1.00001931
5.03316450	1.00000000	1.00000000	1.00000000	1.00000000	1.00000000	1.00000000	1.00000000	1.00000000
5.45259476	0.00000000	0.00000000	0.00000000	0.00000000	0.00000000	0.00000000	0.00000000	0.00000000
5.87202549	0.00000000	0.00000000	0.00000000	0.00000000	0.00000000	0.00000000	0.00000000	0.00000000
6.29145575	0.00000000	0.00000000	0.00000000	0.00000000	0.00000000	0.00000000	0.00000000	0.00000000
6.71088600	0.00000000	0.00000000	0.00000000	0.00000000	0.00000000	0.00000000	0.00000000	0.00000000
7.54974699	0.00000000	0.00000000	0.00000000	0.00000000	0.00000000	0.00000000	0.00000000	0.00000000
8.38860798	0.00000000	0.00000000	0.00000000	0.00000000	0.00000000	0.00000000	0.00000000	0.00000000
9.22746849	0.00000000	0.00000000	0.00000000	0.00000000	0.00000000	0.00000000	0.00000000	0.00000000
10.06632900	0.00000000	0.00000000	0.00000000	0.00000000	0.00000000	0.00000000	0.00000000	0.00000000
10.90518951	0.00000000	0.00000000	0.00000000	0.00000000	0.00000000	0.00000000	0.00000000	0.00000000
11.74405098	0.00000000	0.00000000	0.00000000	0.00000000	0.00000000	0.00000000	0.00000000	0.00000000
12.58291149	0.00000000	0.00000000	0.00000000	0.00000000	0.00000000	0.00000000	0.00000000	0.00000000
13.42177200	0.00000000	0.00000000	0.00000000	0.00000000	0.00000000	0.00000000	0.00000000	0.00000000
15.09949398	0.00000000	0.00000000	0.00000000	0.00000000	0.00000000	0.00000000	0.00000000	0.00000000
16.77721596	0.00000000	0.00000000	0.00000000	0.00000000	0.00000000	0.00000000	0.00000000	0.00000000
18.45493698	0.00000000	0.00000000	0.00000000	0.00000000	0.00000000	0.00000000	0.00000000	0.00000000
20.13265800	0.00000000	0.00000000	0.00000000	0.00000000	0.00000000	0.00000000	0.00000000	0.00000000
21.81037903	0.00000000	0.00000000	0.00000000	0.00000000	0.00000000	0.00000000	0.00000000	0.00000000
23.48810196	0.00000000	0.00000000	0.00000000	0.00000000	0.00000000	0.00000000	0.00000000	0.00000000
25.16582298	0.00000000	0.00000000	0.00000000	0.00000000	0.00000000	0.00000000	0.00000000	0.00000000
26.84354401	0.00000000	0.00000000	0.00000000	0.00000000	0.00000000	0.00000000	0.00000000	0.00000000
30.19898796	0.00000000	0.00000000	0.00000000	0.00000000	0.00000000	0.00000000	0.00000000	0.00000000
33.55443192	0.00000000	0.00000000	0.00000000	0.00000000	0.00000000	0.00000000	0.00000000	0.00000000
36.90987396	0.00000000	0.00000000	0.00000000	0.00000000	0.00000000	0.00000000	0.00000000	0.00000000
40.26531601	0.00000000	0.00000000	0.00000000	0.00000000	0.00000000	0.00000000	0.00000000	0.00000000
43.62075806	0.00000000	0.00000000	0.00000000	0.00000000	0.00000000	0.00000000	0.00000000	0.00000000
46.97620392	0.00000000	0.00000000	0.00000000	0.00000000	0.00000000	0.00000000	0.00000000	0.00000000
50.33164597	0.00000000	0.00000000	0.00000000	0.00000000	0.00000000	0.00000000	0.00000000	0.00000000
53.68708801	0.00000000	0.00000000	0.00000000	0.00000000	0.00000000	0.00000000	0.00000000	0.00000000
60.39797592	0.00000000	0.00000000	0.00000000	0.00000000	0.00000000	0.00000000	0.00000000	0.00000000
67.10886383	0.00000000	0.00000000	0.00000000	0.00000000	0.00000000	0.00000000	0.00000000	0.00000000
73.81974792	0.00000000	0.00000000	0.00000000	0.00000000	0.00000000	0.00000000	0.00000000	0.00000000
80.53063202	0.00000000	0.00000000	0.00000000	0.00000000	0.00000000	0.00000000	0.00000000	0.00000000
87.24151611	0.00000000	0.00000000	0.00000000	0.00000000	0.00000000	0.00000000	0.00000000	0.00000000
93.95240784	0.00000000	0.00000000	0.00000000	0.00000000	0.00000000	0.00000000	0.00000000	0.00000000
100.66329193	0.00000000	0.00000000	0.00000000	0.00000000	0.00000000	0.00000000	0.00000000	0.00000000
107.37417603	0.00000000	0.00000000	0.00000000	0.00000000	0.00000000	0.00000000	0.00000000	0.00000000
120.79595184	0.00000000	0.00000000	0.00000000	0.00000000	0.00000000	0.00000000	0.00000000	0.00000000
134.21772766	0.00000000	0.00000000	0.00000000	0.00000000	0.00000000	0.00000000	0.00000000	0.00000000
147.63949585	0.00000000	0.00000000	0.00000000	0.00000000	0.00000000	0.00000000	0.00000000	0.00000000
161.06126404	0.00000000	0.00000000	0.00000000	0.00000000	0.00000000	0.00000000	0.00000000	0.00000000
174.48303223	0.00000000	0.00000000	0.00000000	0.00000000	0.00000000	0.00000000	0.00000000	0.00000000
187.90481567	0.00000000	0.00000000	0.00000000	0.00000000	0.00000000	0.00000000	0.00000000	0.00000000
201.32658386	0.00000000	0.00000000	0.00000000	0.00000000	0.00000000	0.00000000	0.00000000	0.00000000
214.74835205	0.00000000	0.00000000	0.00000000	0.00000000	0.00000000	0.00000000	0.00000000	0.00000000
241.59190369	0.00000000	0.00000000	0.00000000	0.00000000	0.00000000	0.00000000	0.00000000	0.00000000
268.43545532	0.00000000	0.00000000	0.00000000	0.00000000	0.00000000	0.00000000	0.00000000	0.00000000
295.27899170	0.00000000	0.00000000	0.00000000	0.00000000	0.00000000	0.00000000	0.00000000	0.00000000
322.12252808	0.00000000	0.00000000	0.00000000	0.00000000	0.00000000	0.00000000	0.00000000	0.00000000
348.96606445	0.00000000	0.00000000	0.00000000	0.00000000	0.00000000	0.00000000	0.00000000	0.00000000
375.80963135	0.00000000	0.00000000	0.00000000	0.00000000	0.00000000	0.00000000	0.00000000	0.00000000
402.65316772	0.00000000	0.00000000	0.00000000	0.00000000	0.00000000	0.00000000	0.00000000	0.00000000
429.49670410	0.00000000	0.00000000	0.00000000	0.00000000	0.00000000	0.00000000	0.00000000	0.00000000
483.18380737	0.00000000	0.00000000	0.00000000	0.00000000	0.00000000	0.00000000	0.00000000	0.00000000
536.87091064	0.00000000	0.00000000	0.00000000	0.00000000	0.00000000	0.00000000	0.00000000	0.00000000
590.55798340	0.00000000	0.00000000	0.00000000	0.00000000	0.00000000	0.00000000	0.00000000	0.00000000
644.24505615	0.00000000	0.00000000	0.00000000	0.00000000	0.00000000	0.00000000	0.00000000	0.00000000
697.93212891	0.00000000	0.00000000	0.00000000	0.00000000	0.00000000	0.00000000	0.00000000	0.00000000
751.61926270	0.00000000	0.00000000	0.00000000	0.00000000	0.00000000	0.00000000	0.00000000	0.00000000
805.30633545	0.00000000	0.00000000	0.00000000	0.00000000	0.00000000	0.00000000	0.00000000	0.00000000
858.99340820	0.00000000	0.00000000	0.00000000	0.00000000	0.00000000	0.00000000	0.00000000	0.00000000
966.36761475	0.00000000	0.00000000	0.00000000	0.00000000	0.00000000	0.00000000	0.00000000	0.00000000
1073.74182129	0.00000000	0.00000000	0.00000000	0.00000000	0.00000000	0.00000000	0.00000000	0.00000000
1181.11596680	0.00000000	0.00000000	0.00000000	0.00000000	0.00000000	0.00000000	0.00000000	0.00000000
1288.49011230	0.00000000	0.00000000	0.00000000	0.00000000	0.00000000	0.00000000	0.00000000	0.00000000
1395.86425781	0.00000000	0.00000000	0.00000000	0.00000000	0.00000000	0.00000000	0.00000000	0.00000000
1503.23852539	0.00000000	0.00000000	0.00000000	0.00000000	0.00000000	0.00000000	0.00000000	0.00000000
1610.61267090	0.00000000	0.00000000	0.00000000	0.00000000	0.00000000	0.00000000	0.00000000	0.00000000
1717.98681641	0.00000000	0.00000000	0.00000000	0.00000000	0.00000000	0.00000000	0.00000000	0.00000000
1932.73522949	0.00000000	0.00000000	0.00000000	0.00000000	0.00000000	0.00000000	0.00000000	0.00000000
2147.48364258	0.00000000	0.00000000	0.00000000	0.00000000	0.00000000	0.00000000	0.00000000	0.00000000
2362.23193359	0.00000000	0.00000000	0.00000000	0.00000000	0.00000000	0.00000000	0.00000000	0.00000000
2576.98022461	0.00000000	0.00000000	0.00000000	0.00000000	0.00000000	0.00000000	0.00000000	0.00000000
2791.72851562	0.00000000	0.00000000	0.00000000	0.00000000	0.00000000	0.00000000	0.00000000	0.00000000
3006.47705078	0.00000000	0.00000000	0.00000000	0.00000000	0.00000000	0.00000000	0.00000000	0.00000000
3221.22534180	0.00000000	0.00000000	0.00000000	0.00000000	0.00000000	0.00000000	0.00000000	0.00000000
3435.97363281	0.00000000	0.00000000	0.00000000	0.00000000	0.00000000	0.00000000	0.00000000	0.00000000
0	0	0	0	0	0	0	0	0
