%4/13/2015 6:56:16 PM
%Duration	ID1		ID2		ID3		ID4		ID5		ID6		ID7		ID8
3000.000000	10.576248	16.336441	14.171600	31.423569	23.069382	111.322403	64.325333	92.935562
%Tau		Tau1		Tau2		Tau3		Tau4		Tau5		Tau6		Tau7		Tau8
%		0.000009	0.000019	0.000009	0.000029	0.000029	0.000038	0.000032	0.000035
%Delaytime	D1		D2		D3		D4		D5		D6		D7		D8
0.00000000	3.04415607	5.93208313	6.78085041	3.44026470	3.43986583	1.55434859	2.14025927	2.05545974
0.00000020	2.25267553	1.95309889	1.95891225	1.69305789	1.51758790	1.48741353	1.55844998	1.51284850
0.00000040	1.55251956	1.60129845	1.67637694	1.59919965	1.42236674	1.44172311	1.52305126	1.47801733
0.00000060	1.64384425	1.66195369	1.45034850	1.53061092	1.64851701	1.47373557	1.48765254	1.51536644
0.00000080	1.36987019	1.38293958	1.56336272	1.54144073	1.42236674	1.44521534	1.43228543	1.44486475
0.00000100	1.30898714	1.69834685	1.48801994	1.44397259	1.48783123	1.48275721	1.49309850	1.55607271
0.00000120	1.43075335	1.51638114	1.46918428	1.57032013	1.51163661	1.44870758	1.41776288	1.47172248
0.00000140	1.67428577	1.41933274	1.50685561	1.44758248	1.43426931	1.45772934	1.48583734	1.52166116
0.00000160	1.43075335	1.32228434	1.75171971	1.59919965	1.36880481	1.47810090	1.43954670	1.46374917
0.00000180	0.91324681	1.56490529	1.22432017	1.42953289	1.36880481	1.46413183	1.49400616	1.48515141
0.00000200	1.67428577	1.39507067	1.31849861	1.48368180	1.50568521	1.45860243	1.44226968	1.49018729
0.00000220	1.27854550	1.63769162	1.28082728	1.42231297	1.62471175	1.42018747	1.50580573	1.46710634
0.00000240	1.82649362	1.33441544	1.45034850	1.51617122	1.35690212	1.42920911	1.49309850	1.48892832
0.00000260	1.30898714	1.62556052	1.61986983	1.49090171	1.42236674	1.40127099	1.45316160	1.44528437
0.00000280	1.73516893	1.57703638	1.71404827	1.36094415	1.64256573	1.48450339	1.46223819	1.46081161
0.00000300	1.36987019	1.61342955	1.31849861	1.59919965	1.59495509	1.44812560	1.49945211	1.48011553
0.00000340	1.56774032	1.63162613	1.49743783	1.44577754	1.46997726	1.44972622	1.42048585	1.46542776
0.00000380	1.64384425	1.54670870	1.43151283	1.38621366	1.45212328	1.44099557	1.48719883	1.45724452
0.00000420	1.43075335	1.41326725	1.38442361	1.44036269	1.49675822	1.43561161	1.46133053	1.45367742
0.00000460	1.73516893	1.35867751	1.42209494	1.42772794	1.44617200	1.43721223	1.45406926	1.44444513
0.00000500	1.47641563	1.37080860	1.23373806	1.51978111	1.36582911	1.44128656	1.46223819	1.41737747
0.00000540	1.64384425	1.42539823	1.77997315	1.42772794	1.47295296	1.42164254	1.45860755	1.44675314
0.00000580	1.50685728	1.57097089	1.29966295	1.35552931	1.47890425	1.41698623	1.43047011	1.43227518
0.00000620	1.47641563	1.41326725	1.48801994	1.47285199	1.48485565	1.43241036	1.46768415	1.42430174
0.00000700	1.34703898	1.40416896	1.35146117	1.45480239	1.49824607	1.41895068	1.42275500	1.42598033
0.00000780	1.40031183	1.46482420	1.29966295	1.38440871	1.36136556	1.41902339	1.41912436	1.41559398
0.00000860	1.11872733	1.37384129	1.29024518	1.39162862	1.45956242	1.39603269	1.38622177	1.39345729
0.00000940	1.54490924	1.47392249	1.46447527	1.40245843	1.43426931	1.38832057	1.39915586	1.40415847
0.00001020	1.43836367	1.52547944	1.33733439	1.44397259	1.42236674	1.38366425	1.40187883	1.38947058
0.00001100	1.49924684	1.34351373	1.54923594	1.40336084	1.33309686	1.37224162	1.38213730	1.38579857
0.00001180	1.53729880	1.34654641	1.35617006	1.40516579	1.36285341	1.36089170	1.37827969	1.35191166
0.00001260	1.43836367	1.32531714	1.34675217	1.38260376	1.31226718	1.36751246	1.35536134	1.36985183
0.00001420	1.32801306	1.35109556	1.29495406	1.31130755	1.35392642	1.34299386	1.35365951	1.37053370
0.00001580	1.27093518	1.26011276	1.19135773	1.30905139	1.36359739	1.33269894	1.31723964	1.33879745
0.00001740	1.41933775	1.32683349	1.20783901	1.30995393	1.32416987	1.32018507	1.28626585	1.31765747
0.00001900	1.39650655	1.36171031	1.34910667	1.31807625	1.30036449	1.30214167	1.29885960	1.29898298
0.00002060	1.39650655	1.23736703	1.21254790	1.25941479	1.28176665	1.28246129	1.29398096	1.28413773
0.00002220	1.15297413	1.20552301	1.29966295	1.24136519	1.27432752	1.27562225	1.26981449	1.29552078
0.00002380	1.29376626	1.28437483	1.15368629	1.26121986	1.26912010	1.26561844	1.26380122	1.24584436
0.00002540	1.28615594	1.24191618	1.27376390	1.25625610	1.21704602	1.26096201	1.24303854	1.24836230
0.00002860	1.19493985	1.25396943	1.26780224	1.23596394	1.24432254	1.23200107	1.23408949	1.22490835
0.00003180	1.20062995	1.18861103	1.26662278	1.21543229	1.23614597	1.21852589	1.20208609	1.21300817
0.00003500	1.27080894	1.21825027	1.14868772	1.18903434	1.20789969	1.19475245	1.18633366	1.19888961
0.00003820	1.18355942	1.17037153	1.12038338	1.16083145	1.23242927	1.18418038	1.16336870	1.18255603
0.00004140	1.12472463	1.14757204	1.15576386	1.18068635	1.16850352	1.16824007	1.16564250	1.17192078
0.00004460	1.18162465	1.13389242	1.15104640	1.16218519	1.16144204	1.16031563	1.15234101	1.15019965
0.00004780	1.18352139	1.16049170	1.09089959	1.16308773	1.16255701	1.15596986	1.12795496	1.13370860
0.00005100	1.15127802	1.15137196	1.08854079	1.14639163	1.11201096	1.14004791	1.12312317	1.12176037
0.00005740	1.15089786	1.15169144	1.11717999	1.11721838	1.10144317	1.12119615	1.11551762	1.10367107
0.00006380	1.10151947	1.14751446	1.09713566	1.08328128	1.09457076	1.10674870	1.09103286	1.09489608
0.00007020	1.11956155	1.12397182	1.05468869	1.08687711	1.08471107	1.09594285	1.08207512	1.07450521
0.00007660	1.10151947	1.07688653	1.02698028	1.07255828	1.08729589	1.08637810	1.06950569	1.07324469
0.00008300	1.12241030	1.06245720	1.03523386	1.08361948	1.08748162	1.07094169	1.07141101	1.06497681
0.00008940	1.03219962	1.06625438	1.05292010	1.05723655	1.07150841	1.05865729	1.05477512	1.05567276
0.00009580	1.09297311	1.06511521	1.00811493	1.05734921	1.06480670	1.05870199	1.05193138	1.04849076
0.00010220	1.04739308	1.02372575	1.05292010	1.05227554	1.06686497	1.05022013	1.05019665	1.04409218
0.00011500	1.05163229	1.06545687	1.02041221	1.03803372	1.06181145	1.04289544	1.03795481	1.03356969
0.00012780	1.03691423	1.02311194	1.02542007	1.03211498	1.02244723	1.03256679	1.03797483	1.03000164
0.00014060	1.03691423	1.03581333	1.03013325	1.02197981	1.01974034	1.03037798	1.02857661	1.02203953
0.00015340	1.04451072	0.99536818	1.02954412	1.01724482	1.04166520	1.02378988	1.01520562	1.02057457
0.00016620	1.05020797	1.01456702	1.04221094	1.01628649	1.03533733	1.02079022	1.02050006	1.01987231
0.00017900	1.00178063	1.02197266	0.99419492	1.01250982	1.02484655	1.01733506	1.01663506	1.01319516
0.00019180	1.01599133	1.04380965	1.00862920	1.03303969	1.02464628	1.01014531	1.01359987	1.01200986
0.00020460	0.99465901	0.98988175	1.03926516	1.00086343	1.01387715	1.00616717	1.01486158	1.01074564
0.00023020	0.99898386	1.00438893	1.01738167	1.00844193	1.00837147	1.00473022	1.01055348	1.01018596
0.00025580	0.98544878	1.00727141	0.99175942	1.00386000	1.00070524	1.00619638	1.00123191	1.00691366
0.00028140	1.02724135	1.01306415	1.03048742	1.00090122	0.99722052	1.00477755	0.99791753	1.00779939
0.00030700	0.99518454	1.01868773	0.98704731	1.00497591	0.99735987	1.00135911	0.99923170	1.00712824
0.00033260	1.00963700	1.00586748	1.01914883	1.00779378	0.99512970	1.00380671	0.99972034	1.00627267
0.00035820	1.01557314	1.01185024	1.01225352	1.00777674	1.00140214	1.00365722	1.00366998	1.00736392
0.00038380	0.98185533	1.01771736	0.99870569	1.00470531	0.99921840	1.00029993	1.00060678	1.00689125
0.00040940	0.96879560	0.99179250	0.98179585	0.99972373	1.00302827	0.99689382	1.00172913	1.00125682
0.00046060	1.00630188	0.99823648	0.98811769	1.00334907	0.99971992	0.99800903	1.00084805	1.00376523
0.00051180	0.99134970	0.99245119	1.00430787	0.99521178	1.00695193	0.99875104	1.00554919	1.00307631
0.00056300	1.00514746	1.00904751	0.99425101	0.99940711	1.00056505	0.99795067	0.99953830	1.00079310
0.00061420	0.99980730	0.99641895	0.98895228	1.00209308	1.00246942	0.99717933	1.00102723	1.00291002
0.00066540	0.99185628	0.99281085	0.98681808	1.00375140	1.00917602	0.99833184	1.00201011	1.00314343
0.00071660	1.01618397	1.00119364	1.01412129	1.00220573	1.00461507	0.99931031	1.00350618	1.00404179
0.00076780	1.01096237	0.98547953	0.98696524	0.98816633	1.00710022	1.00278103	1.00781667	1.00469244
0.00081900	1.00111270	1.00190580	0.99255836	1.00496507	0.99661672	1.00098693	1.00851798	1.00377238
0.00092140	0.99387389	1.00812995	1.00723243	1.00391936	1.00380599	1.00136864	0.99797022	1.00212097
0.00102380	0.99805641	0.99180180	0.99175769	1.00351357	1.01087105	1.00286484	0.99824840	1.00039005
0.00112620	0.99950820	1.00524318	1.00645649	0.99823207	1.00625205	1.00267398	1.00026727	1.00011039
0.00122860	0.99360448	1.00603259	1.00510585	1.00272346	1.00372744	0.99911886	0.99780899	0.99914294
0.00133100	0.99247670	1.00738478	1.00359678	1.00413013	1.00659680	1.00074875	1.00367510	1.00265896
0.00143340	0.98888761	1.00156248	1.00831950	0.99545813	0.99843788	1.00493872	1.00154281	0.99985152
0.00153580	1.00316644	0.99567854	1.01521373	1.00191593	0.99779958	1.00195265	0.99840689	0.99866670
0.00163820	1.01548719	0.99754256	0.99506867	1.00012386	1.00571740	1.00130296	0.99788892	1.00061595
0.00184300	1.00398064	0.99827707	0.99606931	1.00204408	1.00073493	1.00082493	0.99526644	1.00167823
0.00204780	1.00259471	1.00219345	1.00264668	0.99895388	1.00159824	0.99915427	0.99834269	1.00009990
0.00225260	1.00962889	0.99756902	1.00514269	1.00002635	0.99658424	1.00020719	0.99704343	1.00013220
0.00245740	1.00797629	0.99805522	1.00073254	1.00139475	0.99936664	0.99852568	1.00053465	1.00131464
0.00266220	1.00314939	1.00431585	1.00586045	0.99982810	1.00032866	1.00102079	1.00059295	1.00536752
0.00286700	0.99178803	0.99763179	1.00808024	0.99704641	1.00074911	0.99961585	0.99904597	1.00201237
0.00307180	0.99087065	1.00536907	1.00311816	1.00160527	0.99678928	1.00103831	1.00053835	1.00155616
0.00327660	0.99439150	0.99608195	1.00074852	0.99975574	0.99738884	1.00120294	1.00361824	1.00176370
0.00368620	0.99747562	0.99878639	0.99547654	0.99867749	0.99990785	0.99938995	1.00287747	1.00305593
0.00409580	0.99875152	0.99654865	1.00414610	1.00318491	0.99991119	1.00041413	1.00136566	1.00296378
0.00450540	0.99878621	0.99780262	1.01043034	1.00166106	1.00359905	1.00195396	1.00268161	1.00115180
0.00491500	1.00472689	1.00276971	0.99721456	1.00231338	1.00014055	1.00187862	0.99910080	0.99905199
0.00532460	1.00318348	1.00065994	1.00292134	0.99867225	0.99569833	1.00133729	0.99942881	1.00080812
0.00573420	1.00748694	1.00114071	1.00784588	1.00318265	0.99914908	1.00072598	0.99908090	1.00039995
0.00614380	1.00580573	0.99744725	0.99776226	0.99991095	0.99819279	1.00087702	1.00232863	1.00149071
0.00655340	0.99901617	0.99274951	1.00324357	0.99999732	0.99363774	0.99952799	1.00232768	1.00277650
0.00737260	0.99764556	0.99741036	1.00064361	1.00042629	1.00123966	1.00096714	1.00020564	0.99956799
0.00819180	1.00064361	0.99892151	1.00019944	1.00203669	1.00360847	0.99985546	0.99988389	1.00133383
0.00901100	1.00345588	1.00160158	1.00032592	0.99898285	1.00099170	0.99853098	1.00004625	0.99909478
0.00983020	1.00076950	1.00250876	0.99958926	1.00038290	0.99728125	1.00144839	1.00082433	1.00110471
0.01064940	0.99691689	1.00170040	0.99680042	0.99831015	0.99879897	0.99988991	1.00126088	0.99995542
0.01146860	0.99900627	1.00297117	1.00003338	1.00432539	1.00251436	1.00021195	1.00068736	1.00231838
0.01228780	1.00121474	1.00298524	1.00022888	1.00102234	0.99748158	1.00094640	1.00041854	1.00094128
0.01310700	0.99642646	1.00021350	0.99937063	1.00030851	0.99886614	0.99947476	1.00040793	1.00111508
0.01474540	0.99995232	1.00116324	1.00033271	0.99798882	0.99870610	0.99997824	1.00124884	1.00095332
0.01638380	1.00198829	1.00139737	1.00237811	1.00079215	0.99857330	1.00044739	1.00105309	1.00031877
0.01802220	0.99690294	1.00187516	1.00407422	0.99911451	0.99940962	0.99977589	0.99989170	0.99984938
0.01966060	1.00190413	1.00053477	1.00065291	1.00073671	1.00084102	0.99938273	1.00056350	1.00058722
0.02129900	0.99750715	1.00008702	0.99960095	1.00179541	1.00033891	1.00062883	1.00087023	1.00200498
0.02293740	1.00447845	0.99809128	1.00192511	1.00035548	1.00013089	1.00103581	0.99978006	1.00200367
0.02457580	1.00072014	0.99967849	0.99959165	0.99822789	0.99968964	1.00033498	1.00040400	1.00166655
0.02621420	1.00176907	1.00230968	1.00295389	1.00016940	0.99942446	0.99978006	0.99959534	1.00120378
0.02949100	1.00052691	0.99879175	1.00102842	1.00067508	1.00012207	1.00018799	1.00078106	0.99961311
0.03276780	1.00241506	1.00027657	1.00137651	1.00195861	1.00013387	1.00012219	1.00144470	1.00012910
0.03604460	0.99982953	1.00127137	1.00204074	1.00025797	1.00208044	1.00013232	1.00103748	1.00028002
0.03932140	1.00080276	0.99981481	1.00149703	1.00068367	1.00071871	1.00059414	1.00090539	1.00091791
0.04259820	1.00094092	0.99942565	1.00064409	1.00043559	1.00114083	0.99954659	1.00061619	1.00044250
0.04587500	1.00430131	0.99954391	1.00065875	1.00097668	0.99853021	1.00045323	1.00061715	1.00138903
0.04915180	1.00047040	0.99900466	1.00017929	0.99795371	1.00014782	0.99906319	1.00106871	1.00099242
0.05242860	1.00168300	1.00004756	0.99924064	1.00152385	0.99834788	1.00003588	1.00125062	1.00072420
0.05898220	1.00120008	0.99917960	1.00155997	1.00054586	0.99955177	0.99995762	1.00063705	1.00154209
0.06553581	0.99931258	1.00071096	1.00013304	1.00027263	0.99910450	0.99977267	1.00084054	1.00074446
0.07208940	1.00011539	1.00022233	1.00078881	0.99974370	0.99997169	1.00019717	1.00109017	1.00055313
0.07864300	0.99881876	0.99968725	1.00105488	1.00040710	1.00010788	0.99953175	1.00083923	1.00029635
0.08519660	1.00110042	1.00034690	1.00187206	1.00022411	0.99843210	0.99959713	1.00047934	1.00115132
0.09175020	1.00103867	1.00145948	1.00136232	1.00027335	0.99999404	0.99969476	1.00055826	1.00047278
0.09830380	1.00135279	0.99981099	1.00071001	0.99961907	0.99982274	0.99984479	1.00064898	1.00104809
0.10485740	0.99928188	1.00216150	1.00246823	0.99961829	0.99891120	1.00073135	1.00166953	1.00068128
0.11796460	1.00146401	1.00054967	0.99937773	1.00040650	1.00006688	1.00000262	1.00026906	1.00082719
0.13107181	1.00068665	0.99953115	0.99989349	0.99996179	1.00092423	0.99998140	1.00059927	1.00043428
0.14417900	1.00122929	0.99975979	0.99995577	1.00089896	1.00016880	1.00040078	1.00113273	1.00077951
0.15728620	1.00015318	0.99961406	0.99904239	1.00072479	1.00021791	0.99997604	1.00060833	1.00094926
0.17039341	0.99889106	1.00056875	1.00088406	1.00022686	1.00058949	1.00000429	1.00052381	1.00031328
0.18350060	1.00205123	0.99956173	1.00098014	1.00048602	0.99973732	0.99984074	1.00069988	1.00023639
0.19660780	0.99930376	1.00009763	1.00125039	1.00020576	1.00041556	0.99981230	1.00090098	1.00075901
0.20971501	1.00122273	1.00039768	0.99994546	1.00034130	0.99989414	1.00002944	1.00019979	1.00071537
0.23592941	1.00200617	0.99985152	0.99996138	1.00027370	0.99991715	1.00026286	1.00071561	1.00020027
0.26214382	1.00005865	1.00011766	1.00017548	1.00046527	1.00031185	0.99973732	1.00091958	1.00015843
0.28835821	1.00133371	1.00039387	1.00052297	1.00031734	1.00002611	0.99997491	1.00065303	1.00067425
0.31457260	1.00020623	0.99951202	0.99997389	1.00047648	1.00022221	0.99988449	1.00060558	1.00045156
0.34078699	1.00024486	1.00066173	0.99926859	1.00010657	0.99995023	0.99974340	1.00078595	1.00017345
0.36700141	1.00050139	1.00026429	1.00016832	1.00020146	0.99979162	0.99983531	1.00045121	1.00020480
0.39321581	0.99975967	0.99962533	0.99969488	0.99999344	0.99918598	1.00022054	1.00085247	1.00037122
0.41943020	1.00140452	0.99915159	1.00050998	1.00056756	1.00047112	1.00004840	1.00052631	1.00053954
0.47185901	1.00046575	0.99972540	1.00000226	1.00034094	1.00020242	0.99986285	1.00071311	1.00031352
0.52428782	1.00098825	0.99947959	1.00020647	1.00004828	0.99975502	1.00004065	1.00049734	1.00046992
0.57671660	1.00047469	0.99974304	1.00020921	1.00002110	1.00018799	0.99993032	1.00077331	1.00029027
0.62914538	0.99993736	0.99986768	1.00004864	1.00005591	0.99988246	0.99993384	1.00050020	1.00052583
0.68157423	1.00021398	0.99997216	0.99966604	0.99986434	0.99983609	1.00006211	1.00063562	1.00012493
0.73400301	1.00048757	0.99965024	1.00051832	1.00033665	1.00002170	0.99990463	1.00048602	1.00021625
0.78643179	1.00020778	1.00035262	1.00019395	1.00009704	1.00016558	1.00002205	1.00048530	1.00015783
0.83886063	0.99965829	1.00016189	1.00051141	0.99980593	0.99988616	1.00001454	1.00060236	1.00012290
0.94371825	1.00023997	1.00025511	1.00028944	0.99997687	1.00007415	1.00001967	1.00023615	1.00023317
1.04857588	1.00019252	1.00037229	1.00073791	1.00016654	0.99986726	1.00000501	1.00032651	1.00023985
1.15343344	1.00053370	1.00033057	0.99988973	1.00003695	0.99996686	1.00001788	1.00034916	0.99994987
1.25829101	0.99997759	1.00005901	1.00082159	1.00003755	0.99995130	0.99993151	1.00013232	0.99988347
1.36314869	1.00025213	0.99989879	0.99951726	0.99983281	0.99999553	0.99984533	1.00019419	1.00003982
1.46800625	1.00022078	0.99981523	1.00003541	0.99987447	1.00002444	1.00007939	1.00012231	1.00021899
1.57286382	1.00009859	0.99984795	0.99995697	0.99991077	1.00003612	1.00003874	1.00003231	1.00011933
1.67772150	0.99962401	0.99968284	0.99989671	0.99999493	0.99997973	0.99988854	0.99996078	1.00006258
1.88743675	0.99984628	0.99987215	0.99970305	1.00027871	0.99990702	1.00000715	0.99988234	1.00008142
2.09715199	1.00000036	1.00024056	0.99967110	1.00032258	0.99981070	0.99988198	0.99976212	1.00002098
2.30686712	1.00019157	1.00015271	0.99977571	1.00017822	0.99998707	1.00000179	0.99969172	0.99985147
2.51658225	0.99998283	0.99988055	0.99965185	0.99980116	1.00008285	1.00014448	0.99975044	1.00003505
2.72629738	0.99986100	0.99965954	1.00066900	0.99999762	1.00027585	0.99996233	0.99964905	0.99984241
2.93601274	0.99973112	0.99983054	1.00038052	1.00012410	0.99999821	0.99994737	0.99981362	1.00010359
3.14572787	0.99883711	1.00042427	1.00002575	1.00016332	0.99984336	1.00006771	0.99981701	1.00010335
3.35544300	0.99929750	1.00011325	0.99947053	0.99977070	1.00008094	1.00003815	0.99981934	0.99997008
3.77487350	0.99971586	0.99964553	1.00020623	0.99981517	1.00011051	1.00003731	0.99990237	0.99988455
4.19430399	1.00065625	1.00046730	1.00016057	0.99990672	1.00002086	1.00000870	0.99987966	0.99989784
4.61373425	0.99975932	0.99965751	0.99984407	0.99983299	0.99985814	0.99997944	1.00001609	0.99950218
5.03316450	1.00000000	1.00000000	1.00000000	1.00000000	1.00000000	1.00000000	1.00000000	1.00000000
5.45259476	0.00000000	0.00000000	0.00000000	0.00000000	0.00000000	0.00000000	0.00000000	0.00000000
5.87202549	0.00000000	0.00000000	0.00000000	0.00000000	0.00000000	0.00000000	0.00000000	0.00000000
6.29145575	0.00000000	0.00000000	0.00000000	0.00000000	0.00000000	0.00000000	0.00000000	0.00000000
6.71088600	0.00000000	0.00000000	0.00000000	0.00000000	0.00000000	0.00000000	0.00000000	0.00000000
7.54974699	0.00000000	0.00000000	0.00000000	0.00000000	0.00000000	0.00000000	0.00000000	0.00000000
8.38860798	0.00000000	0.00000000	0.00000000	0.00000000	0.00000000	0.00000000	0.00000000	0.00000000
9.22746849	0.00000000	0.00000000	0.00000000	0.00000000	0.00000000	0.00000000	0.00000000	0.00000000
10.06632900	0.00000000	0.00000000	0.00000000	0.00000000	0.00000000	0.00000000	0.00000000	0.00000000
10.90518951	0.00000000	0.00000000	0.00000000	0.00000000	0.00000000	0.00000000	0.00000000	0.00000000
11.74405098	0.00000000	0.00000000	0.00000000	0.00000000	0.00000000	0.00000000	0.00000000	0.00000000
12.58291149	0.00000000	0.00000000	0.00000000	0.00000000	0.00000000	0.00000000	0.00000000	0.00000000
13.42177200	0.00000000	0.00000000	0.00000000	0.00000000	0.00000000	0.00000000	0.00000000	0.00000000
15.09949398	0.00000000	0.00000000	0.00000000	0.00000000	0.00000000	0.00000000	0.00000000	0.00000000
16.77721596	0.00000000	0.00000000	0.00000000	0.00000000	0.00000000	0.00000000	0.00000000	0.00000000
18.45493698	0.00000000	0.00000000	0.00000000	0.00000000	0.00000000	0.00000000	0.00000000	0.00000000
20.13265800	0.00000000	0.00000000	0.00000000	0.00000000	0.00000000	0.00000000	0.00000000	0.00000000
21.81037903	0.00000000	0.00000000	0.00000000	0.00000000	0.00000000	0.00000000	0.00000000	0.00000000
23.48810196	0.00000000	0.00000000	0.00000000	0.00000000	0.00000000	0.00000000	0.00000000	0.00000000
25.16582298	0.00000000	0.00000000	0.00000000	0.00000000	0.00000000	0.00000000	0.00000000	0.00000000
26.84354401	0.00000000	0.00000000	0.00000000	0.00000000	0.00000000	0.00000000	0.00000000	0.00000000
30.19898796	0.00000000	0.00000000	0.00000000	0.00000000	0.00000000	0.00000000	0.00000000	0.00000000
33.55443192	0.00000000	0.00000000	0.00000000	0.00000000	0.00000000	0.00000000	0.00000000	0.00000000
36.90987396	0.00000000	0.00000000	0.00000000	0.00000000	0.00000000	0.00000000	0.00000000	0.00000000
40.26531601	0.00000000	0.00000000	0.00000000	0.00000000	0.00000000	0.00000000	0.00000000	0.00000000
43.62075806	0.00000000	0.00000000	0.00000000	0.00000000	0.00000000	0.00000000	0.00000000	0.00000000
46.97620392	0.00000000	0.00000000	0.00000000	0.00000000	0.00000000	0.00000000	0.00000000	0.00000000
50.33164597	0.00000000	0.00000000	0.00000000	0.00000000	0.00000000	0.00000000	0.00000000	0.00000000
53.68708801	0.00000000	0.00000000	0.00000000	0.00000000	0.00000000	0.00000000	0.00000000	0.00000000
60.39797592	0.00000000	0.00000000	0.00000000	0.00000000	0.00000000	0.00000000	0.00000000	0.00000000
67.10886383	0.00000000	0.00000000	0.00000000	0.00000000	0.00000000	0.00000000	0.00000000	0.00000000
73.81974792	0.00000000	0.00000000	0.00000000	0.00000000	0.00000000	0.00000000	0.00000000	0.00000000
80.53063202	0.00000000	0.00000000	0.00000000	0.00000000	0.00000000	0.00000000	0.00000000	0.00000000
87.24151611	0.00000000	0.00000000	0.00000000	0.00000000	0.00000000	0.00000000	0.00000000	0.00000000
93.95240784	0.00000000	0.00000000	0.00000000	0.00000000	0.00000000	0.00000000	0.00000000	0.00000000
100.66329193	0.00000000	0.00000000	0.00000000	0.00000000	0.00000000	0.00000000	0.00000000	0.00000000
107.37417603	0.00000000	0.00000000	0.00000000	0.00000000	0.00000000	0.00000000	0.00000000	0.00000000
120.79595184	0.00000000	0.00000000	0.00000000	0.00000000	0.00000000	0.00000000	0.00000000	0.00000000
134.21772766	0.00000000	0.00000000	0.00000000	0.00000000	0.00000000	0.00000000	0.00000000	0.00000000
147.63949585	0.00000000	0.00000000	0.00000000	0.00000000	0.00000000	0.00000000	0.00000000	0.00000000
161.06126404	0.00000000	0.00000000	0.00000000	0.00000000	0.00000000	0.00000000	0.00000000	0.00000000
174.48303223	0.00000000	0.00000000	0.00000000	0.00000000	0.00000000	0.00000000	0.00000000	0.00000000
187.90481567	0.00000000	0.00000000	0.00000000	0.00000000	0.00000000	0.00000000	0.00000000	0.00000000
201.32658386	0.00000000	0.00000000	0.00000000	0.00000000	0.00000000	0.00000000	0.00000000	0.00000000
214.74835205	0.00000000	0.00000000	0.00000000	0.00000000	0.00000000	0.00000000	0.00000000	0.00000000
241.59190369	0.00000000	0.00000000	0.00000000	0.00000000	0.00000000	0.00000000	0.00000000	0.00000000
268.43545532	0.00000000	0.00000000	0.00000000	0.00000000	0.00000000	0.00000000	0.00000000	0.00000000
295.27899170	0.00000000	0.00000000	0.00000000	0.00000000	0.00000000	0.00000000	0.00000000	0.00000000
322.12252808	0.00000000	0.00000000	0.00000000	0.00000000	0.00000000	0.00000000	0.00000000	0.00000000
348.96606445	0.00000000	0.00000000	0.00000000	0.00000000	0.00000000	0.00000000	0.00000000	0.00000000
375.80963135	0.00000000	0.00000000	0.00000000	0.00000000	0.00000000	0.00000000	0.00000000	0.00000000
402.65316772	0.00000000	0.00000000	0.00000000	0.00000000	0.00000000	0.00000000	0.00000000	0.00000000
429.49670410	0.00000000	0.00000000	0.00000000	0.00000000	0.00000000	0.00000000	0.00000000	0.00000000
483.18380737	0.00000000	0.00000000	0.00000000	0.00000000	0.00000000	0.00000000	0.00000000	0.00000000
536.87091064	0.00000000	0.00000000	0.00000000	0.00000000	0.00000000	0.00000000	0.00000000	0.00000000
590.55798340	0.00000000	0.00000000	0.00000000	0.00000000	0.00000000	0.00000000	0.00000000	0.00000000
644.24505615	0.00000000	0.00000000	0.00000000	0.00000000	0.00000000	0.00000000	0.00000000	0.00000000
697.93212891	0.00000000	0.00000000	0.00000000	0.00000000	0.00000000	0.00000000	0.00000000	0.00000000
751.61926270	0.00000000	0.00000000	0.00000000	0.00000000	0.00000000	0.00000000	0.00000000	0.00000000
805.30633545	0.00000000	0.00000000	0.00000000	0.00000000	0.00000000	0.00000000	0.00000000	0.00000000
858.99340820	0.00000000	0.00000000	0.00000000	0.00000000	0.00000000	0.00000000	0.00000000	0.00000000
966.36761475	0.00000000	0.00000000	0.00000000	0.00000000	0.00000000	0.00000000	0.00000000	0.00000000
1073.74182129	0.00000000	0.00000000	0.00000000	0.00000000	0.00000000	0.00000000	0.00000000	0.00000000
1181.11596680	0.00000000	0.00000000	0.00000000	0.00000000	0.00000000	0.00000000	0.00000000	0.00000000
1288.49011230	0.00000000	0.00000000	0.00000000	0.00000000	0.00000000	0.00000000	0.00000000	0.00000000
1395.86425781	0.00000000	0.00000000	0.00000000	0.00000000	0.00000000	0.00000000	0.00000000	0.00000000
1503.23852539	0.00000000	0.00000000	0.00000000	0.00000000	0.00000000	0.00000000	0.00000000	0.00000000
1610.61267090	0.00000000	0.00000000	0.00000000	0.00000000	0.00000000	0.00000000	0.00000000	0.00000000
1717.98681641	0.00000000	0.00000000	0.00000000	0.00000000	0.00000000	0.00000000	0.00000000	0.00000000
1932.73522949	0.00000000	0.00000000	0.00000000	0.00000000	0.00000000	0.00000000	0.00000000	0.00000000
2147.48364258	0.00000000	0.00000000	0.00000000	0.00000000	0.00000000	0.00000000	0.00000000	0.00000000
2362.23193359	0.00000000	0.00000000	0.00000000	0.00000000	0.00000000	0.00000000	0.00000000	0.00000000
2576.98022461	0.00000000	0.00000000	0.00000000	0.00000000	0.00000000	0.00000000	0.00000000	0.00000000
2791.72851562	0.00000000	0.00000000	0.00000000	0.00000000	0.00000000	0.00000000	0.00000000	0.00000000
3006.47705078	0.00000000	0.00000000	0.00000000	0.00000000	0.00000000	0.00000000	0.00000000	0.00000000
3221.22534180	0.00000000	0.00000000	0.00000000	0.00000000	0.00000000	0.00000000	0.00000000	0.00000000
3435.97363281	0.00000000	0.00000000	0.00000000	0.00000000	0.00000000	0.00000000	0.00000000	0.00000000
0	0	0	0	0	0	0	0	0
