%2/18/2015 10:23:12 PM
%Duration	ID1		ID2		ID3		ID4		ID5		ID6		ID7		ID8
3000.000000	3.261566	4.138947	6.265640	6.761551	15.611649	15.916824	21.238327	20.704269
%Tau		Tau1		Tau2		Tau3		Tau4		Tau5		Tau6		Tau7		Tau8
%		0.000002	0.000002	0.000003	0.000001	0.000006	0.000010	0.000019	0.000013
%Delaytime	D1		D2		D3		D4		D5		D6		D7		D8
0.00000000	6.54907131	17.80900574	12.88628674	11.73961926	4.50789547	2.35984826	2.79201412	4.31359196
0.00000020	1.30981421	2.07483554	1.82953453	2.89356804	1.93638122	1.54354858	1.52862775	1.52622426
0.00000040	1.30981421	2.07483554	0.95453978	1.65346742	1.25477505	1.20218694	1.43788731	1.68687952
0.00000060	1.96472132	1.38322377	1.27271974	1.48812068	1.25477505	1.45449769	1.47976756	1.43786395
0.00000080	0.32745355	2.07483554	1.35226464	1.40544736	1.37870347	1.46933949	1.44486737	1.29327428
0.00000100	0.00000000	1.72902966	0.79544979	1.15742719	1.31673920	1.29123783	1.32620668	1.21294665
0.00000120	1.63726783	1.38322377	1.03408480	0.49604025	1.40968549	1.36544681	1.44486737	1.59851909
0.00000140	1.96472132	1.38322377	1.67044461	1.73614085	1.54910493	1.27639592	1.32620668	1.52622426
0.00000160	0.65490711	0.86451483	1.43180966	1.90148759	1.20830190	1.14281964	1.36808693	1.51819158
0.00000180	1.96472132	1.90193272	1.19317472	1.81881428	1.70401549	1.26155412	1.45882738	1.63065016
0.00000200	0.98236066	0.86451483	1.27271974	0.74406034	1.62656021	1.55839038	1.51466763	1.38966739
0.00000220	2.94708204	0.69161189	1.59089959	1.32277393	1.20830190	1.38028872	1.37506700	1.41376567
0.00000240	1.96472132	0.69161189	1.43180966	1.48812068	1.44066763	1.40997231	1.43788731	1.51819158
0.00000260	1.30981421	1.38322377	1.43180966	1.40544736	1.53361392	1.32092142	1.54258788	1.37360191
0.00000280	0.65490711	1.38322377	0.87499481	1.57079411	1.28575706	1.54354858	1.26338637	1.44589674
0.00000300	1.30981421	1.03741777	1.03408480	1.40544736	1.36321235	1.29123783	1.40996718	1.43786395
0.00000340	1.47354102	1.81548119	1.27271974	1.28143728	1.50263178	1.49160230	1.47976756	1.26515961
0.00000380	1.30981421	0.43225741	1.03408480	1.07475388	1.44841313	1.46933949	1.48325753	1.55835533
0.00000420	1.14608741	0.60516042	0.87499481	1.48812068	1.14633763	1.64744127	1.36808693	1.30130708
0.00000460	1.14608741	1.21032083	1.15340221	1.32277393	1.40968549	1.26155412	1.40996718	1.43786395
0.00000500	1.30981421	0.86451483	1.23294723	1.36411071	1.49488628	1.30607963	1.36808693	1.37761819
0.00000540	0.81863391	0.77806336	1.23294723	1.24010062	1.44841313	1.33576322	1.34365678	1.36155272
0.00000580	1.63726783	1.21032083	1.23294723	1.32277393	1.29350269	1.52870679	1.40647709	1.44589674
0.00000620	0.98236066	1.38322377	0.87499481	1.03341722	1.43292212	1.32092142	1.31573665	1.57843721
0.00000700	0.73677051	1.12386930	0.87499481	1.13675892	1.35933959	1.33576322	1.35761690	1.32339716
0.00000780	1.06422400	1.59935248	1.47158217	1.32277393	1.36321235	1.44336641	1.30875659	1.27720869
0.00000860	1.30981421	1.42644954	1.39203715	1.26076901	1.46003139	1.32092142	1.33842182	1.31335616
0.00000940	1.71913111	0.95096636	0.97442603	0.99208051	1.35159409	1.21331823	1.30875659	1.31335616
0.00001020	0.98236066	1.85870695	0.95453978	1.19876397	1.32061195	1.22816002	1.32446170	1.29528248
0.00001100	1.47354102	1.21032083	1.13351595	1.38477898	1.25864780	1.30236912	1.33318675	1.27520061
0.00001180	1.22795081	0.90774059	1.01419854	1.03341722	1.23541117	1.16508234	1.33318675	1.30331516
0.00001260	1.63726783	1.25354660	1.01419854	1.05408549	1.28575706	1.18363464	1.30875659	1.25511861
0.00001420	0.94142896	1.31838512	1.25283349	1.20909810	1.17538345	1.11684644	1.28345406	1.23202443
0.00001580	0.98236066	1.12386930	1.01419854	1.09542215	1.18700171	1.25784373	1.26600397	1.21093845
0.00001740	1.43260932	1.18870795	1.14345908	1.33310819	1.14827406	1.24114668	1.25640643	1.23302853
0.00001900	1.47354102	0.95096636	1.28266287	1.06441975	1.16570151	1.20960784	1.16566586	1.20190167
0.00002060	0.90049726	1.12386930	1.07385731	1.18842971	1.21992016	1.15580618	1.17090094	1.16675830
0.00002220	1.43260932	0.66999900	1.07385731	1.31243980	1.17925620	1.21331823	1.08888555	1.14567232
0.00002380	1.06422400	0.95096636	1.13351595	1.01274884	1.13859212	1.11870170	1.19707608	1.13563132
0.00002540	0.98236066	1.12386930	1.04402792	1.06441975	1.10180092	1.12055695	1.12378573	1.10350037
0.00002860	1.23237193	0.95152253	0.94562650	1.17792368	1.12078166	1.17117488	1.14009833	1.10551953
0.00003180	0.84212083	1.00497890	1.12385976	1.05338550	1.14407063	1.08158696	1.09714949	1.10903871
0.00003500	0.94481844	0.98367143	1.11890876	1.21424735	1.08681858	1.10118437	1.09020817	1.13467836
0.00003820	0.84212083	1.00505555	1.08425236	1.08970916	1.06061852	1.03026056	1.05810499	1.08691835
0.00004140	1.21183240	1.02643979	0.92087185	1.13122189	1.08681858	1.09278548	1.06895065	1.05474317
0.00004460	0.84212083	1.04782391	0.99018478	1.00149453	1.04703331	1.13384664	1.07545805	1.06479788
0.00004780	1.04751611	0.90882683	1.03969407	1.18311274	1.08584821	1.00973010	1.07806110	1.02910352
0.00005100	0.86266035	0.85536647	1.05949771	0.99111640	1.09652233	1.01532936	1.04248714	1.05023587
0.00005740	1.06975269	1.10136831	1.00803661	1.03405833	1.11439741	1.04255688	1.02578378	1.05736947
0.00006380	1.28576040	1.02643979	1.00555980	1.04445088	0.98777235	1.03368998	1.04338348	1.01894248
0.00007020	1.05946660	1.05851603	1.03775752	1.03925455	1.05084229	1.00942278	1.02491462	1.05688465
0.00007660	1.08003867	1.03178573	0.96593183	1.04439533	1.01785183	1.03462338	1.02056897	1.05336845
0.00008300	0.99775004	0.99970955	0.92377913	1.08856130	1.03628767	1.03602338	1.03295398	1.01117337
0.00008940	0.93603355	0.94617689	1.00055432	1.02101326	1.02706981	0.98842233	1.01145875	1.04332197
0.00009580	1.16232741	0.95686817	1.11695540	0.95346534	1.01542604	1.02108967	1.02429438	0.97927600
0.00010220	1.01832223	1.08516335	0.99064785	0.98723930	1.01348543	1.03088999	1.00864959	1.05814052
0.00011500	0.96103632	0.98412210	0.94357896	0.94027519	1.03246725	1.00181246	1.00622714	1.01222825
0.00012780	1.05868173	0.88784927	0.96713746	1.05845892	1.01960397	1.01370549	1.01350999	1.00130486
0.00014060	1.19230175	1.09109187	1.02293384	1.02988708	1.00965297	0.99411702	1.00416183	0.99891937
0.00015340	0.97645402	0.89319777	1.02169394	0.95196372	0.99703234	1.00157928	0.99349409	1.00369048
0.00016620	1.00215018	1.02690995	1.01797414	1.02209473	1.00722599	1.00687468	0.99305928	1.00720596
0.00017900	1.04326403	1.05632675	0.99689549	0.98183435	1.04778183	1.00780749	1.01969016	1.00304604
0.00019180	0.97131479	0.99481905	1.02050698	1.03248453	0.98297805	1.00943971	0.99403757	1.00141394
0.00020460	1.04326403	0.96005386	1.00066733	0.94157392	1.01258874	0.99381661	1.00349426	1.00591719
0.00023020	1.01949000	1.03556514	0.94503397	1.03253949	0.99834388	1.00061274	0.99772966	0.99678612
0.00025580	0.90906662	0.94592321	1.00770533	0.99357569	1.02135730	1.00946462	0.98424685	0.99722600
0.00028140	1.06057775	0.94324732	1.04493582	0.97604203	0.99359244	1.00070667	1.00009823	1.01834059
0.00030700	1.05544174	0.94993705	0.97109532	0.98838055	0.99977589	1.00944185	0.99396992	1.01731837
0.00033260	0.98353815	1.00077868	1.02632058	1.01435637	1.00035906	1.02108884	0.99456799	1.00341403
0.00035820	0.95272237	1.01683402	0.99152052	1.02669489	1.00329196	1.00536549	1.00250578	1.00787568
0.00038380	1.10936940	1.01014435	0.98035192	0.97279501	1.00001836	0.99499965	0.99817169	0.99403459
0.00040940	0.97840220	1.02887547	0.99710476	0.95461196	0.99698728	0.99313617	0.99659497	1.00025558
0.00046060	1.02107191	0.98974127	0.98712134	0.98655677	0.99412167	1.01020896	0.99765640	0.99106175
0.00051180	1.04669476	0.99786425	1.00481498	1.03361285	0.99665612	0.99896890	0.99357915	0.99581873
0.00056300	0.98135644	1.02938282	1.01381707	1.00927353	1.00233901	1.00455987	1.00280917	1.00723314
0.00061420	1.02758622	1.01731181	1.00543582	0.97811908	0.99606401	1.01760530	0.99627364	1.00741959
0.00066540	0.96608484	0.98914635	0.98225689	1.00413454	1.01002467	0.99716353	0.99484479	1.00906920
0.00071660	0.98530400	1.00792336	1.01019716	1.00608182	1.00734508	1.01218915	0.99931806	0.99281889
0.00076780	0.92636514	0.99384058	1.02478826	0.99277550	1.00054729	1.00444341	1.00018799	1.00737536
0.00081900	0.95583457	1.00524092	0.96895808	1.00575721	0.99014580	0.99685901	1.00111210	0.99939877
0.00092140	0.98139244	0.97972876	0.99938428	0.98784781	0.99608690	0.99789584	1.00328481	0.99458057
0.00102380	1.02244508	1.01197219	1.00543928	0.99616569	1.01134586	0.99307412	1.00139618	1.00116980
0.00112620	0.96230131	0.98342335	1.00859690	0.99195427	0.99920559	0.98740906	0.99384791	0.99602371
0.00122860	0.98981386	1.02137649	0.98359931	1.00302207	1.00415277	1.00311863	1.00219500	1.00160992
0.00133100	1.01028836	1.01424563	1.02552068	1.01338923	1.01206017	1.01096618	1.00051033	1.00388551
0.00143340	0.98405546	0.99174416	1.00393891	1.01241732	0.99032807	1.00328016	1.00095737	0.99734622
0.00153580	0.95014453	0.98939323	1.00869966	0.99535251	0.99952477	0.99351937	0.99758631	0.99610686
0.00163820	1.01796627	1.02827239	1.00166106	1.01193070	0.99629998	0.99685788	1.00391424	0.99761212
0.00184300	1.00229049	1.00132680	0.98864353	1.01176941	0.99719733	1.00038600	1.00223160	0.99649817
0.00204780	0.97797710	1.00854015	1.01388192	0.99608469	1.00181556	0.99405915	1.00178957	1.00033414
0.00225260	0.98053640	0.99595863	0.99048120	0.97702318	1.00231600	1.00364757	1.00451994	0.99495471
0.00245740	0.99237323	1.00936568	1.00588322	1.01287615	1.00063264	0.99906224	1.00397038	1.00063825
0.00266220	1.00452995	0.98317462	0.99602091	0.98943937	0.99981320	1.00116277	1.00466955	1.00454473
0.00286700	1.03844082	1.00172436	0.99454540	0.99359512	1.00035965	0.99553239	0.99737173	0.99988449
0.00307180	0.98543918	1.00239551	1.00479603	0.98641372	0.99384618	1.00407875	1.00660062	0.99422377
0.00327660	0.98597491	0.97940791	1.01626444	0.98233467	1.00086904	0.99655217	0.99961919	1.00139022
0.00368620	0.99435711	1.00448596	0.99255204	1.00310421	0.99912727	0.99629676	1.00020146	1.00332713
0.00409580	1.01161969	1.01203072	1.00544429	0.98990560	1.00150764	0.99812579	1.00051606	0.99677604
0.00450540	0.98236918	1.00506628	0.98945808	1.00422215	0.99677783	0.99890125	0.99956816	1.00217605
0.00491500	0.97677481	0.99994034	1.00356698	1.01278496	1.00215101	1.00023782	1.00477672	1.00132799
0.00532460	0.98503065	1.02075732	0.99357474	1.00268698	1.00045979	1.00229979	1.00145936	1.00064301
0.00573420	1.02115798	1.00221336	1.01301384	0.98353851	0.99701005	1.00196242	0.99875218	1.00375605
0.00614380	0.99861836	1.01111424	1.00528741	0.99218291	0.99972308	1.00283456	1.00014114	1.00539255
0.00655340	1.01098096	1.00178647	1.00571275	1.00431776	1.00105822	1.00404239	0.99894291	1.00187218
0.00737260	1.01175344	1.00277495	1.00027347	0.99523538	0.99894309	0.99792928	0.99613273	0.99791348
0.00819180	1.00485277	1.00248075	0.99466187	0.99159539	0.99461019	1.00102735	1.00062251	1.00018013
0.00901100	0.99638039	0.99379015	1.00301373	1.00258446	0.99884766	1.00017679	1.00087547	1.00219655
0.00983020	0.99017668	0.98591548	0.99268067	1.00683415	1.00201118	0.99912810	1.00124717	1.00028372
0.01064940	0.98733109	1.00421083	1.00216639	1.00013363	1.00027144	0.99904907	1.00128651	0.99805778
0.01146860	1.00424254	1.01028168	0.99423450	0.99428177	0.99792463	1.00175500	1.00184011	1.00085223
0.01228780	1.00200570	1.01724911	0.98764431	0.99986833	0.99666721	1.00133777	1.00146210	1.00082850
0.01310700	0.99358785	1.00171185	1.00464976	0.99596024	0.99987972	0.99721420	1.00257087	1.00137031
0.01474540	1.00055087	0.99833417	0.99844027	1.00113857	0.99898803	0.99944198	1.00104105	0.99781591
0.01638380	0.99933773	1.00794613	0.99775755	0.99279392	0.99958295	0.99930823	1.00097418	0.99881613
0.01802220	0.98641366	1.00631881	0.99830782	0.99897134	0.99859595	1.00060236	1.00034642	0.99975204
0.01966060	1.00068223	1.00533760	1.00335681	1.00145292	1.00242150	1.00276434	1.00290799	1.00116146
0.02129900	0.99266374	1.00704849	1.00299072	1.00032151	0.99985391	1.00273335	1.00006092	1.00156641
0.02293740	1.01529408	1.00467169	0.99761981	1.00280142	1.00112081	0.99972081	0.99908268	0.99917334
0.02457580	1.00144649	0.99484396	1.00002301	1.00307238	0.99869037	1.00089478	1.00304794	1.00027692
0.02621420	0.99450672	0.99926227	1.00279522	1.00265002	0.99742717	1.00068498	1.00190425	0.99999201
0.02949100	1.00601804	0.99995852	0.99649811	1.00131881	0.99821967	1.00079238	1.00114298	1.00044250
0.03276780	0.99292350	1.00728118	0.99879295	0.99990267	0.99968237	0.99961483	1.00065470	0.99940854
0.03604460	1.00889587	1.00404322	0.99922287	1.00398684	1.00112009	0.99999630	1.00093925	0.99907219
0.03932140	1.00246298	1.00231397	0.99765611	0.99904472	0.99917871	1.00153780	1.00041640	1.00081110
0.04259820	0.99466193	0.99636310	1.00009525	1.00306058	1.00124466	1.00173807	1.00032067	1.00050700
0.04587500	0.99943453	1.00167370	1.00473201	0.99963301	0.99915171	0.99906230	1.00020766	0.99840230
0.04915180	0.99421251	1.00178349	0.99881041	0.99706239	0.99973035	1.00051725	1.00135946	1.00020814
0.05242860	1.00061965	1.00445461	1.00442457	0.99988437	0.99883872	0.99940693	1.00091028	1.00186491
0.05898220	0.99292761	1.00022745	1.00351274	0.99834239	1.00078785	0.99937481	1.00013852	0.99944168
0.06553581	1.00176573	1.00493014	0.99888885	0.99935853	1.00073636	0.99834174	1.00138807	1.00034428
0.07208940	0.99873912	1.00476050	1.00127923	1.00086939	0.99991119	1.00037730	1.00060487	1.00018978
0.07864300	1.00185466	0.99883312	1.00166571	0.99949509	1.00024974	1.00066447	1.00028741	1.00096917
0.08519660	0.99965161	1.00190878	0.99850279	1.00135207	1.00100541	0.99892348	1.00074351	1.00087714
0.09175020	1.00401866	1.00452328	0.99899679	1.00182188	0.99965888	0.99911416	1.00104511	1.00112355
0.09830380	1.00536954	0.99651712	1.00138199	1.00076568	0.99969411	1.00076938	0.99962074	1.00013793
0.10485740	1.00244725	1.00191069	1.00166738	0.99944758	1.00037622	0.99907428	1.00023556	0.99960709
0.11796460	0.99833673	1.00224018	1.00262189	1.00166047	0.99984753	0.99941033	1.00105870	0.99956638
0.13107181	0.99943477	1.00333560	1.00016952	0.99978995	1.00015318	0.99920964	1.00059807	1.00074005
0.14417900	1.00245607	1.00245929	1.00041711	1.00001490	1.00101054	1.00038481	1.00033450	1.00066030
0.15728620	0.99628013	0.99831569	1.00234330	0.99962193	0.99942601	0.99991316	1.00034559	1.00056446
0.17039341	0.99769515	0.99854279	0.99877203	0.99824089	1.00058818	0.99967110	1.00033379	0.99956352
0.18350060	1.00050175	0.99966812	0.99897546	1.00083685	0.99985313	0.99856687	1.00043917	1.00022209
0.19660780	1.00010800	0.99936891	1.00025821	0.99925447	1.00065100	0.99994683	1.00058579	1.00035596
0.20971501	1.00150490	0.99958903	1.00151110	0.99888825	0.99999440	0.99899298	0.99992609	1.00019443
0.23592941	0.99985957	0.99969655	0.99976844	0.99982870	0.99966407	1.00020635	1.00029945	1.00025368
0.26214382	0.99828124	0.99999309	1.00038493	1.00020766	0.99968064	0.99999589	1.00034237	0.99997747
0.28835821	0.99942166	1.00121284	0.99856102	0.99960774	1.00003588	1.00052059	1.00027561	1.00002217
0.31457260	1.00236261	1.00080049	0.99891049	0.99986380	0.99942225	0.99974096	1.00035477	1.00007868
0.34078699	1.00183594	1.00139832	1.00006044	0.99904990	1.00028741	0.99948114	1.00096381	1.00043881
0.36700141	0.99731845	1.00155354	1.00095236	0.99980301	0.99979413	1.00005496	1.00033009	1.00014758
0.39321581	1.00077260	0.99904358	1.00047088	0.99989361	0.99996746	0.99979579	1.00027442	0.99989897
0.41943020	1.00226474	1.00249493	0.99958920	0.99901092	0.99944443	0.99971145	1.00049067	1.00055504
0.47185901	0.99955475	0.99992293	0.99949336	1.00029540	1.00012088	0.99986714	0.99993223	0.99998057
0.52428782	1.00036860	0.99897963	0.99990594	0.99969923	1.00036848	0.99989843	1.00058186	1.00034201
0.57671660	0.99940127	1.00109208	0.99996716	1.00183916	0.99988091	1.00019479	1.00025094	0.99986047
0.62914538	1.00067246	0.99948859	1.00076306	0.99953872	1.00005758	1.00007713	1.00056744	1.00013340
0.68157423	0.99977916	1.00110030	1.00061774	1.00001383	0.99947965	1.00000644	1.00086939	1.00006366
0.73400301	0.99946523	1.00308442	1.00027108	0.99910700	0.99982530	0.99986553	1.00051391	1.00033808
0.78643179	1.00055480	1.00008333	1.00037873	0.99946195	0.99943793	1.00039029	1.00057161	1.00011396
0.83886063	1.00065410	1.00113595	1.00034571	1.00002670	0.99984843	1.00018120	1.00032496	0.99965310
0.94371825	0.99998015	1.00234592	0.99979383	1.00009489	1.00008285	0.99976963	1.00020969	0.99984175
1.04857588	0.99965662	1.00183535	1.00082302	0.99989009	1.00036895	1.00033212	1.00006700	0.99962181
1.15343344	1.00030863	1.00077307	0.99959683	1.00035524	1.00019097	0.99979800	1.00015187	0.99963790
1.25829101	1.00015175	0.99986565	1.00039709	0.99982297	1.00000107	0.99998271	1.00020921	1.00001371
1.36314869	0.99929643	0.99884617	1.00007427	0.99938309	0.99969184	1.00012136	1.00032091	0.99995494
1.46800625	0.99950808	1.00153565	1.00001383	0.99981540	0.99986434	0.99972022	1.00037551	1.00025499
1.57286382	1.00042188	1.00135958	0.99981123	1.00011969	1.00030792	1.00013614	1.00006688	0.99964023
1.67772150	1.00033593	1.00063109	1.00047350	0.99976170	0.99982750	0.99986482	0.99998134	0.99984127
1.88743675	0.99936104	1.00012887	0.99990821	0.99943954	0.99990827	1.00013661	0.99968278	0.99996090
2.09715199	1.00001180	0.99976557	0.99997193	0.99969029	1.00023866	1.00011933	0.99995261	0.99998289
2.30686712	1.00002897	1.00092506	1.00032616	1.00024045	1.00001109	0.99976754	0.99983740	0.99978083
2.51658225	0.99993020	1.00089645	0.99963671	0.99972034	0.99982017	0.99987680	0.99968499	0.99987602
2.72629738	0.99933785	0.99998313	0.99998736	1.00054955	0.99993575	1.00002670	0.99988598	1.00002086
2.93601274	0.99991262	0.99946064	0.99980420	1.00058281	0.99991435	1.00009787	0.99997979	0.99970210
3.14572787	0.99921525	0.99944222	1.00029910	1.00017262	0.99984413	0.99991941	0.99979222	0.99984354
3.35544300	0.99889135	1.00105560	0.99963784	1.00026059	1.00017750	0.99994940	1.00004160	0.99996829
3.77487350	0.99950367	1.00010204	1.00000250	0.99961674	0.99983054	0.99993628	1.00001013	0.99999678
4.19430399	0.99996269	0.99971271	1.00032425	1.00007701	1.00005960	1.00004911	0.99999064	1.00011325
4.61373425	0.99999708	1.00012648	0.99906307	1.00026619	0.99990195	0.99998111	1.00000060	0.99997175
5.03316450	1.00000000	1.00000000	1.00000000	1.00000000	1.00000000	1.00000000	1.00000000	1.00000000
5.45259476	0.00000000	0.00000000	0.00000000	0.00000000	0.00000000	0.00000000	0.00000000	0.00000000
5.87202549	0.00000000	0.00000000	0.00000000	0.00000000	0.00000000	0.00000000	0.00000000	0.00000000
6.29145575	0.00000000	0.00000000	0.00000000	0.00000000	0.00000000	0.00000000	0.00000000	0.00000000
6.71088600	0.00000000	0.00000000	0.00000000	0.00000000	0.00000000	0.00000000	0.00000000	0.00000000
7.54974699	0.00000000	0.00000000	0.00000000	0.00000000	0.00000000	0.00000000	0.00000000	0.00000000
8.38860798	0.00000000	0.00000000	0.00000000	0.00000000	0.00000000	0.00000000	0.00000000	0.00000000
9.22746849	0.00000000	0.00000000	0.00000000	0.00000000	0.00000000	0.00000000	0.00000000	0.00000000
10.06632900	0.00000000	0.00000000	0.00000000	0.00000000	0.00000000	0.00000000	0.00000000	0.00000000
10.90518951	0.00000000	0.00000000	0.00000000	0.00000000	0.00000000	0.00000000	0.00000000	0.00000000
11.74405098	0.00000000	0.00000000	0.00000000	0.00000000	0.00000000	0.00000000	0.00000000	0.00000000
12.58291149	0.00000000	0.00000000	0.00000000	0.00000000	0.00000000	0.00000000	0.00000000	0.00000000
13.42177200	0.00000000	0.00000000	0.00000000	0.00000000	0.00000000	0.00000000	0.00000000	0.00000000
15.09949398	0.00000000	0.00000000	0.00000000	0.00000000	0.00000000	0.00000000	0.00000000	0.00000000
16.77721596	0.00000000	0.00000000	0.00000000	0.00000000	0.00000000	0.00000000	0.00000000	0.00000000
18.45493698	0.00000000	0.00000000	0.00000000	0.00000000	0.00000000	0.00000000	0.00000000	0.00000000
20.13265800	0.00000000	0.00000000	0.00000000	0.00000000	0.00000000	0.00000000	0.00000000	0.00000000
21.81037903	0.00000000	0.00000000	0.00000000	0.00000000	0.00000000	0.00000000	0.00000000	0.00000000
23.48810196	0.00000000	0.00000000	0.00000000	0.00000000	0.00000000	0.00000000	0.00000000	0.00000000
25.16582298	0.00000000	0.00000000	0.00000000	0.00000000	0.00000000	0.00000000	0.00000000	0.00000000
26.84354401	0.00000000	0.00000000	0.00000000	0.00000000	0.00000000	0.00000000	0.00000000	0.00000000
30.19898796	0.00000000	0.00000000	0.00000000	0.00000000	0.00000000	0.00000000	0.00000000	0.00000000
33.55443192	0.00000000	0.00000000	0.00000000	0.00000000	0.00000000	0.00000000	0.00000000	0.00000000
36.90987396	0.00000000	0.00000000	0.00000000	0.00000000	0.00000000	0.00000000	0.00000000	0.00000000
40.26531601	0.00000000	0.00000000	0.00000000	0.00000000	0.00000000	0.00000000	0.00000000	0.00000000
43.62075806	0.00000000	0.00000000	0.00000000	0.00000000	0.00000000	0.00000000	0.00000000	0.00000000
46.97620392	0.00000000	0.00000000	0.00000000	0.00000000	0.00000000	0.00000000	0.00000000	0.00000000
50.33164597	0.00000000	0.00000000	0.00000000	0.00000000	0.00000000	0.00000000	0.00000000	0.00000000
53.68708801	0.00000000	0.00000000	0.00000000	0.00000000	0.00000000	0.00000000	0.00000000	0.00000000
60.39797592	0.00000000	0.00000000	0.00000000	0.00000000	0.00000000	0.00000000	0.00000000	0.00000000
67.10886383	0.00000000	0.00000000	0.00000000	0.00000000	0.00000000	0.00000000	0.00000000	0.00000000
73.81974792	0.00000000	0.00000000	0.00000000	0.00000000	0.00000000	0.00000000	0.00000000	0.00000000
80.53063202	0.00000000	0.00000000	0.00000000	0.00000000	0.00000000	0.00000000	0.00000000	0.00000000
87.24151611	0.00000000	0.00000000	0.00000000	0.00000000	0.00000000	0.00000000	0.00000000	0.00000000
93.95240784	0.00000000	0.00000000	0.00000000	0.00000000	0.00000000	0.00000000	0.00000000	0.00000000
100.66329193	0.00000000	0.00000000	0.00000000	0.00000000	0.00000000	0.00000000	0.00000000	0.00000000
107.37417603	0.00000000	0.00000000	0.00000000	0.00000000	0.00000000	0.00000000	0.00000000	0.00000000
120.79595184	0.00000000	0.00000000	0.00000000	0.00000000	0.00000000	0.00000000	0.00000000	0.00000000
134.21772766	0.00000000	0.00000000	0.00000000	0.00000000	0.00000000	0.00000000	0.00000000	0.00000000
147.63949585	0.00000000	0.00000000	0.00000000	0.00000000	0.00000000	0.00000000	0.00000000	0.00000000
161.06126404	0.00000000	0.00000000	0.00000000	0.00000000	0.00000000	0.00000000	0.00000000	0.00000000
174.48303223	0.00000000	0.00000000	0.00000000	0.00000000	0.00000000	0.00000000	0.00000000	0.00000000
187.90481567	0.00000000	0.00000000	0.00000000	0.00000000	0.00000000	0.00000000	0.00000000	0.00000000
201.32658386	0.00000000	0.00000000	0.00000000	0.00000000	0.00000000	0.00000000	0.00000000	0.00000000
214.74835205	0.00000000	0.00000000	0.00000000	0.00000000	0.00000000	0.00000000	0.00000000	0.00000000
241.59190369	0.00000000	0.00000000	0.00000000	0.00000000	0.00000000	0.00000000	0.00000000	0.00000000
268.43545532	0.00000000	0.00000000	0.00000000	0.00000000	0.00000000	0.00000000	0.00000000	0.00000000
295.27899170	0.00000000	0.00000000	0.00000000	0.00000000	0.00000000	0.00000000	0.00000000	0.00000000
322.12252808	0.00000000	0.00000000	0.00000000	0.00000000	0.00000000	0.00000000	0.00000000	0.00000000
348.96606445	0.00000000	0.00000000	0.00000000	0.00000000	0.00000000	0.00000000	0.00000000	0.00000000
375.80963135	0.00000000	0.00000000	0.00000000	0.00000000	0.00000000	0.00000000	0.00000000	0.00000000
402.65316772	0.00000000	0.00000000	0.00000000	0.00000000	0.00000000	0.00000000	0.00000000	0.00000000
429.49670410	0.00000000	0.00000000	0.00000000	0.00000000	0.00000000	0.00000000	0.00000000	0.00000000
483.18380737	0.00000000	0.00000000	0.00000000	0.00000000	0.00000000	0.00000000	0.00000000	0.00000000
536.87091064	0.00000000	0.00000000	0.00000000	0.00000000	0.00000000	0.00000000	0.00000000	0.00000000
590.55798340	0.00000000	0.00000000	0.00000000	0.00000000	0.00000000	0.00000000	0.00000000	0.00000000
644.24505615	0.00000000	0.00000000	0.00000000	0.00000000	0.00000000	0.00000000	0.00000000	0.00000000
697.93212891	0.00000000	0.00000000	0.00000000	0.00000000	0.00000000	0.00000000	0.00000000	0.00000000
751.61926270	0.00000000	0.00000000	0.00000000	0.00000000	0.00000000	0.00000000	0.00000000	0.00000000
805.30633545	0.00000000	0.00000000	0.00000000	0.00000000	0.00000000	0.00000000	0.00000000	0.00000000
858.99340820	0.00000000	0.00000000	0.00000000	0.00000000	0.00000000	0.00000000	0.00000000	0.00000000
966.36761475	0.00000000	0.00000000	0.00000000	0.00000000	0.00000000	0.00000000	0.00000000	0.00000000
1073.74182129	0.00000000	0.00000000	0.00000000	0.00000000	0.00000000	0.00000000	0.00000000	0.00000000
1181.11596680	0.00000000	0.00000000	0.00000000	0.00000000	0.00000000	0.00000000	0.00000000	0.00000000
1288.49011230	0.00000000	0.00000000	0.00000000	0.00000000	0.00000000	0.00000000	0.00000000	0.00000000
1395.86425781	0.00000000	0.00000000	0.00000000	0.00000000	0.00000000	0.00000000	0.00000000	0.00000000
1503.23852539	0.00000000	0.00000000	0.00000000	0.00000000	0.00000000	0.00000000	0.00000000	0.00000000
1610.61267090	0.00000000	0.00000000	0.00000000	0.00000000	0.00000000	0.00000000	0.00000000	0.00000000
1717.98681641	0.00000000	0.00000000	0.00000000	0.00000000	0.00000000	0.00000000	0.00000000	0.00000000
1932.73522949	0.00000000	0.00000000	0.00000000	0.00000000	0.00000000	0.00000000	0.00000000	0.00000000
2147.48364258	0.00000000	0.00000000	0.00000000	0.00000000	0.00000000	0.00000000	0.00000000	0.00000000
2362.23193359	0.00000000	0.00000000	0.00000000	0.00000000	0.00000000	0.00000000	0.00000000	0.00000000
2576.98022461	0.00000000	0.00000000	0.00000000	0.00000000	0.00000000	0.00000000	0.00000000	0.00000000
2791.72851562	0.00000000	0.00000000	0.00000000	0.00000000	0.00000000	0.00000000	0.00000000	0.00000000
3006.47705078	0.00000000	0.00000000	0.00000000	0.00000000	0.00000000	0.00000000	0.00000000	0.00000000
3221.22534180	0.00000000	0.00000000	0.00000000	0.00000000	0.00000000	0.00000000	0.00000000	0.00000000
3435.97363281	0.00000000	0.00000000	0.00000000	0.00000000	0.00000000	0.00000000	0.00000000	0.00000000
0	0	0	0	0	0	0	0	0
