%2/22/2015 11:27:18 AM
%Duration	ID1		ID2		ID3		ID4		ID5		ID6		ID7		ID8
3000.000000	1.859665	2.021790	3.252029	4.396439	11.043549	9.136200	14.715195	16.756058
%Tau		Tau1		Tau2		Tau3		Tau4		Tau5		Tau6		Tau7		Tau8
%		0.000002	0.000002	0.000001	0.000001	0.000004	0.000009	0.000014	0.000005
%Delaytime	D1		D2		D3		D4		D5		D6		D7		D8
0.00000000	6.79407930	34.85501862	24.12952423	16.80644798	5.83374691	2.63105035	3.68800497	4.79533958
0.00000020	3.88233089	4.97928810	4.23897076	3.71681070	1.95271862	1.55785871	1.58057356	2.14753103
0.00000040	1.94116545	3.31952548	1.95644796	2.42400694	1.09840417	1.59247780	1.24187922	1.34220695
0.00000060	0.97058272	2.48964405	1.63037336	2.42400694	1.51335692	0.96933430	1.51785243	1.56184077
0.00000080	1.94116545	0.82988137	0.32607466	1.29280365	1.34249401	1.31552517	1.39241004	1.36661077
0.00000100	0.97058272	2.48964405	1.30429864	1.77760506	1.29367602	1.62709689	1.49276388	1.36661077
0.00000120	0.00000000	0.00000000	2.28252268	0.64640182	1.07399523	1.73095405	1.32968891	1.43982196
0.00000140	0.97058272	1.65976274	1.30429864	1.29280365	1.36690307	1.28090608	1.40495431	1.09816933
0.00000160	2.91174817	2.48964405	1.95644796	1.45440412	1.29367602	1.73095405	1.35477734	1.65945590
0.00000180	0.00000000	1.65976274	0.97822398	1.61600459	1.26926708	1.31552517	1.39241004	1.30560136
0.00000200	0.00000000	2.48964405	1.30429864	1.45440412	1.56217492	1.45400143	1.50530815	1.47642767
0.00000220	0.00000000	2.48964405	0.97822398	1.45440412	1.17163122	1.55785871	1.45513117	1.37881255
0.00000240	0.97058272	0.82988137	0.97822398	0.64640182	1.39131200	1.28090608	1.35477734	1.35440886
0.00000260	1.94116545	1.65976274	2.28252268	1.77760506	1.73303771	1.35014415	1.39241004	1.33000505
0.00000280	0.97058272	0.82988137	1.63037336	1.29280365	1.29367602	1.35014415	1.43004274	1.23239005
0.00000300	0.97058272	0.00000000	0.32607466	1.61600459	1.12281322	1.45400143	1.51785243	1.54963899
0.00000340	1.94116545	1.24482203	0.81518668	1.21200347	1.48894799	1.60978734	1.31714463	1.30560136
0.00000380	1.45587409	2.07470345	0.81518668	1.21200347	1.33028960	1.17704880	1.47394753	1.34830785
0.00000420	0.48529136	0.41494069	1.63037336	1.13120317	1.51335692	1.29821563	1.36104941	1.32390416
0.00000460	0.48529136	1.24482203	0.97822398	1.21200347	1.51335692	1.40207279	1.24815130	1.18358254
0.00000500	0.00000000	0.82988137	1.14126134	1.77760506	1.23265362	1.47131097	1.38613796	1.40931726
0.00000540	1.94116545	0.41494069	0.48911199	2.10080600	1.56217492	1.00395334	1.34850526	1.38491356
0.00000580	1.94116545	1.65976274	0.81518668	1.21200347	1.39131200	1.40207279	1.39241004	1.33000505
0.00000620	2.42645693	2.07470345	0.81518668	1.37360394	1.36690307	1.26359653	1.23560715	1.35440886
0.00000700	1.45587409	1.45229244	0.89670533	1.25240362	1.29367602	1.36745369	1.34223306	1.24459195
0.00000780	0.72793704	0.00000000	0.89670533	1.01000285	1.31198287	1.19435835	1.41436243	1.15002728
0.00000860	0.97058272	0.82988137	1.05974269	1.13120317	1.32418728	1.37610853	1.30460036	1.28424799
0.00000940	1.21322846	1.24482203	0.89670533	1.05040300	1.04958630	1.28090608	1.38300192	1.22018814
0.00001020	0.48529136	1.24482203	0.89670533	1.29280365	1.22655141	1.21166790	1.26696765	1.34830785
0.00001100	0.72793704	1.65976274	1.14126134	0.96960276	1.19604015	1.40207279	1.11957300	1.21103668
0.00001180	0.97058272	0.62241101	1.22277999	1.13120317	1.26926708	1.38476324	1.21365476	1.24459195
0.00001260	1.69851983	0.82988137	1.14126134	1.37360394	1.23875582	1.17704880	1.25442350	1.31170225
0.00001420	1.21322846	0.82988137	1.10050201	1.41400409	1.26926708	1.28523338	1.11957300	1.27662182
0.00001580	0.24264568	0.82988137	1.05974269	0.96960276	1.30893171	1.16406667	1.31087255	1.18053198
0.00001740	0.97058272	0.62241101	1.05974269	1.23220348	1.09230196	1.08617365	1.19170225	1.16070402
0.00001900	1.33455122	1.14108694	1.05974269	1.15140331	1.16552889	1.09915590	1.17602205	1.11952257
0.00002060	1.33455122	1.34855723	1.30429864	1.39380395	1.10755754	1.18137622	1.14936554	1.21256196
0.00002220	0.48529136	0.72614622	0.77442729	1.13120317	1.06484187	1.08617365	1.14779747	1.05393755
0.00002380	1.09190559	0.93361658	1.18202066	0.90900260	1.12281322	0.99529862	1.14309335	1.05088699
0.00002540	1.09190559	1.14108694	1.01898336	1.39380395	1.11060870	1.07751894	1.12741303	1.04021037
0.00002860	1.15466547	1.18338537	0.89510101	1.09987772	1.17265129	1.11478794	1.12882733	1.09371090
0.00003180	1.51929665	1.13193381	1.11887622	1.04988325	1.07140434	1.14056337	1.08678818	1.04061818
0.00003500	0.91157800	1.28628850	0.93578738	0.97989100	1.10162735	1.09760427	1.07978165	1.05957985
0.00003820	1.21543729	0.92612767	1.03750336	0.99988878	0.98980230	1.15989494	1.03852105	1.11267269
0.00004140	0.91157800	0.77177310	0.99681699	0.93989545	1.12580574	1.03746164	1.08600974	1.05199516
0.00004460	1.15466547	0.82322460	0.93578738	0.86990327	1.05780399	0.99450254	1.07121813	1.06261373
0.00004780	1.33698106	1.02903080	0.81372815	1.20986545	1.06535971	1.03960955	1.05720508	1.01634717
0.00005100	0.54694676	0.87467617	0.91544420	0.85990435	1.00189149	0.97731888	1.04474914	1.02848268
0.00005740	1.05926251	0.87614262	1.25137055	1.10324776	1.05450940	1.03547931	1.02937567	1.02584887
0.00006380	1.05926251	1.13383162	1.02754819	0.97844595	1.05904162	1.06662536	1.03054452	1.03115833
0.00007020	1.05926251	1.21113837	0.98685318	0.98843008	1.02051723	0.99243474	1.04067469	1.02016032
0.00007660	1.27111495	1.23690724	1.18015432	1.06331122	0.98728061	1.01824021	1.02236247	0.99968123
0.00008300	1.21058571	0.82460481	1.15980685	0.99342215	0.99105752	0.97845680	1.02664828	0.98562926
0.00008940	0.78688073	0.90191150	1.09876442	0.98843008	1.03109264	1.02469158	1.00716734	1.00762486
0.00009580	1.02899790	0.97921824	0.93598449	1.07828736	0.97443914	0.98705858	1.01262200	0.96780521
0.00010220	1.08952713	1.03075600	0.97667944	1.14318430	1.02051723	1.06662536	1.01106358	0.99093848
0.00011500	0.93718237	0.87702429	1.01111603	0.96732098	1.05602217	1.01281083	0.98860288	1.00718200
0.00012780	0.99764574	0.98020363	0.95014423	1.04980576	1.00988197	0.99288845	1.01338756	1.00338411
0.00014060	0.86160314	1.14787006	1.10257375	1.11479366	0.97813416	1.00473416	0.98647833	1.00357401
0.00015340	0.99764574	0.95440876	0.92982024	1.03480852	1.02723813	0.93204439	1.02118742	0.99673796
0.00016620	0.84648728	0.82543463	1.07716882	0.93732655	1.02877939	0.98854703	1.01085269	0.98667371
0.00017900	0.95229822	1.00599837	1.05176389	1.07980013	0.96981925	0.98639333	1.00656271	0.99992537
0.00019180	0.66509718	0.96730620	1.01111603	1.03230894	1.00685835	0.97454798	1.01397252	1.00486243
0.00020460	0.83137149	0.91571653	0.94506323	1.01731169	0.98040181	1.05315793	1.00032294	0.98074716
0.00023020	1.06528032	1.02810085	0.99841356	0.96471775	0.99851549	0.96979839	1.01105559	1.01328659
0.00025580	0.98217332	0.91171211	1.02127802	0.95972568	0.98886889	0.95175439	1.00006425	0.99675626
0.00028140	1.03505957	1.04103291	0.95522517	1.01978099	1.01172686	1.02174091	1.01594913	0.97718596
0.00030700	1.09550095	1.11862540	0.93998224	0.93739969	0.98694909	1.03113127	1.00043344	1.00986648
0.00033260	0.92928708	0.85998374	1.04668295	1.00105798	1.00056744	1.01174200	1.00033605	0.99337667
0.00035820	1.03505957	1.04103291	0.98063010	1.00230622	1.00945711	1.00797188	1.00435221	1.01218772
0.00038380	0.99728370	1.00223672	0.96538717	1.02102923	0.99681312	0.95976800	1.00768638	0.99328166
0.00040940	1.02750444	0.97637254	1.06446636	0.96985292	0.98319441	0.97969586	1.00066960	1.00770199
0.00046060	1.05241895	0.93349677	1.00698864	1.01241434	0.98788458	1.01712787	1.00514781	1.00670886
0.00051180	0.99583727	0.93671572	1.05148935	0.99555123	1.00275493	1.01409614	0.99963844	0.99891305
0.00056300	0.95057195	0.90452617	0.94977337	0.98306000	1.01102424	1.00790274	1.01431394	0.99616295
0.00061420	0.98074883	1.03006542	0.98918831	0.99687392	0.98298758	1.00790274	0.99110621	0.99449927
0.00066540	1.06373525	1.01075172	1.03623199	1.02810431	1.01607358	1.01813531	1.01626420	1.00130332
0.00071660	0.98452097	0.94637257	1.08073270	1.02810431	1.01900983	1.00877619	0.99417782	1.00052249
0.00076780	1.00338149	0.99143797	0.99808848	0.96252048	0.99441099	0.98053759	1.00704932	1.01319253
0.00081900	0.97715396	0.98821902	1.01970315	0.96252048	1.00208366	0.99965560	1.01306713	1.01537895
0.00092140	1.01451397	0.99449027	1.00720108	0.98485422	0.99483323	0.99930257	1.00279009	1.00175846
0.00102380	1.03525674	0.97517979	0.99002206	1.03868163	1.00902629	1.01702476	1.01077425	1.00380254
0.00112620	1.02017105	1.04115736	1.00783741	0.99987584	0.99968743	0.98679364	1.01561224	0.99696058
0.00122860	0.98245680	1.05760372	0.99193084	0.98321682	1.00202882	1.00508630	0.99991649	0.99836290
0.00133100	1.00697112	0.97872609	0.98047811	1.03109467	1.00780165	1.01523912	1.00638294	0.99959886
0.00143340	0.93719965	0.99787587	0.97984189	0.99777699	1.00370657	1.00084937	1.00775027	0.99974149
0.00153580	0.96754658	1.03489387	1.00592852	0.99715126	1.00115526	0.99493206	1.00154483	1.00007081
0.00163820	1.07505178	0.96729577	0.97729683	0.98119432	1.01141179	1.01030123	1.01335895	0.99911666
0.00184300	0.99044788	1.03438497	1.01598954	0.99307323	1.00359428	1.00411201	0.99981350	1.00016296
0.00204780	1.00551176	1.01244712	0.97585720	0.99683726	0.98793119	1.00772154	0.99770689	0.99917024
0.00225260	0.98762345	0.98423409	1.02001226	1.00868201	1.00814390	1.00782275	0.99619097	0.99558347
0.00245740	0.96991086	0.96166360	0.98263156	1.00343263	1.00442874	1.00377679	1.00050569	0.99980944
0.00266220	1.00362873	0.95682704	1.00741172	1.00233495	0.99359941	1.00610459	1.00166702	1.00551307
0.00286700	0.95278829	1.04048586	0.99533933	1.00798798	0.99921548	1.00283086	1.00490546	1.00043845
0.00307180	0.97803134	1.02966321	1.00391710	0.99561125	1.00605857	1.00077355	1.00183725	1.00204659
0.00327660	1.00532961	0.97713012	1.02075493	0.99529773	1.00095892	1.00377607	0.99662983	1.00803697
0.00368620	1.00529885	0.97521496	0.97518510	1.00331807	0.99995899	0.99776769	1.00645542	1.00142956
0.00409580	0.98127341	1.00223708	0.98783010	0.99869227	1.00639808	1.00391281	1.00345886	1.00584745
0.00450540	1.00312519	1.00385034	1.01603830	0.99994904	0.99531728	0.99609578	1.00008965	1.00239551
0.00491500	1.00830805	1.02038622	0.98120981	1.00261974	0.99910635	0.99297261	1.00151014	1.00094068
0.00532460	1.00642335	0.99659061	0.99502516	0.99830419	1.01330054	0.99373239	1.00315976	0.99916708
0.00573420	1.00624096	1.01053715	0.99566036	0.99758780	1.00739574	0.99589396	1.00194585	0.99805319
0.00614380	1.03337669	1.00143039	0.99136835	1.00764704	0.99523139	0.99295574	1.00526130	1.00108433
0.00655340	1.01896036	0.99094421	1.00863004	1.00742340	1.00057912	0.99425614	0.99679744	1.00484169
0.00737260	0.99840945	1.00193322	1.00947988	0.99114913	1.00609660	0.99610960	1.00407147	0.99960136
0.00819180	0.99445075	0.98155189	1.00436556	1.00861347	1.00554049	1.00022709	1.00420392	1.00084770
0.00901100	1.02736807	1.03332627	0.99252588	1.00182116	1.00039339	1.00445664	1.00176656	1.00061858
0.00983020	1.00547254	1.00988293	1.00905395	1.01725984	1.00502324	1.00033689	1.00156152	1.00023353
0.01064940	1.00104356	1.00705361	0.99531072	0.99345368	1.00121152	1.00379300	1.00059974	0.99912423
0.01146860	1.03412199	1.01900840	1.00309694	1.00105679	1.00051224	1.00282061	1.00169384	1.00357401
0.01228780	0.97461957	0.98671472	1.00757074	1.00843263	1.00200295	1.00135195	1.00134218	1.00062788
0.01310700	1.00500059	1.01183105	1.00892103	0.99380630	1.00539517	1.00456774	1.00207794	0.99820590
0.01474540	1.00733280	1.00847316	1.00072300	0.99642134	1.00447702	1.00141275	1.00147390	1.00115991
0.01638380	1.00288177	1.01157653	1.01047361	0.99780309	0.99896419	0.99925172	1.00374115	1.00147450
0.01802220	1.00672007	1.00917828	0.99926186	1.00455844	1.00540364	0.99972010	1.00299251	0.99945891
0.01966060	1.02055442	1.00408947	1.00146258	1.00888908	1.00282383	1.00269055	1.00223970	0.99998784
0.02129900	0.99849081	0.98132330	0.99988836	1.00322783	1.00375295	1.00337362	1.00306046	0.99961817
0.02293740	0.99789256	1.00850093	1.00263178	1.00136030	1.00117576	1.00314891	1.00125718	1.00087678
0.02457580	1.00309050	1.00371861	0.99979925	1.00303960	1.00191700	0.99944925	1.00157046	1.00166249
0.02621420	1.00894392	1.00775862	1.01060319	0.99840271	1.00136614	1.00197923	1.00326264	1.00032842
0.02949100	1.00246334	1.00412393	1.00287282	1.00219834	1.00332582	0.99797279	1.00217140	1.00220251
0.03276780	1.00528610	1.00476396	1.00015867	1.00523520	1.00400209	1.00264943	1.00442755	1.00044322
0.03604460	1.01088750	1.01033819	1.00203609	0.99650586	1.00487435	1.00089085	1.00240004	0.99939430
0.03932140	1.00900304	0.99679762	0.99676329	1.00132644	1.00261295	0.99967623	1.00172687	1.00128853
0.04259820	0.98790824	1.00728929	0.99747264	0.99871922	1.00319541	0.99981874	1.00262642	0.99900001
0.04587500	1.00806332	0.98960871	1.00563729	1.00296581	1.00017834	1.00155640	1.00206280	1.00156820
0.04915180	1.00237727	1.00084114	1.00349140	0.99941647	1.00264394	1.00083864	1.00349796	1.00079441
0.05242860	1.00408030	0.99941337	0.99357492	1.00296223	1.00509214	1.00167739	1.00285447	1.00038266
0.05898220	0.99325830	0.99947554	1.00074565	1.00362599	1.00167048	1.00086308	1.00383079	1.00031185
0.06553581	0.99169248	0.99722797	0.99881250	1.00522077	1.00154042	1.00163448	1.00116539	1.00032556
0.07208940	0.99559504	0.99729985	1.00133824	1.00339234	1.00164628	1.00168109	1.00259471	1.00155687
0.07864300	1.00472128	0.99560785	0.99928617	1.00269425	1.00145292	1.00130904	1.00146151	1.00195110
0.08519660	1.00106180	1.00432038	1.00089264	0.99971491	1.00233519	0.99888933	1.00204933	1.00103796
0.09175020	0.99720699	0.99279249	1.00044727	1.00592983	1.00191092	1.00153029	1.00327516	1.00090730
0.09830380	1.00110924	1.00312114	1.01000834	0.99923801	1.00099456	1.00168753	1.00257826	1.00019014
0.10485740	0.99731457	1.00113082	1.00008416	1.00025415	1.00076985	1.00251818	1.00275409	1.00157642
0.11796460	1.00437927	0.99354249	1.00201297	1.00335097	1.00228524	1.00144279	1.00329268	1.00135672
0.13107181	0.99724114	1.00311768	1.00401103	1.00053835	1.00200152	1.00114608	1.00323725	1.00183463
0.14417900	1.00367236	1.00015020	1.00518382	1.00067413	1.00333893	0.99987215	1.00270164	1.00119054
0.15728620	0.99850351	1.00004470	1.00261974	1.00082171	1.00273669	1.00224531	1.00272858	1.00056195
0.17039341	0.99508214	1.00138927	1.00151920	0.99965757	1.00260758	1.00119579	1.00305593	1.00091600
0.18350060	0.99465173	1.00114119	0.99939889	1.00348735	1.00210273	1.00212610	1.00284588	1.00089216
0.19660780	0.99023056	0.99794483	1.00004494	1.00132012	1.00332212	1.00095952	1.00240993	1.00160551
0.20971501	0.99008089	1.00171006	1.00042844	1.00217187	1.00282669	1.00211334	1.00273144	1.00047469
0.23592941	1.00167298	1.00272143	1.00355470	0.99981266	1.00213504	1.00088584	1.00309217	1.00053060
0.26214382	1.00208497	1.00279677	1.00104201	1.00323892	1.00146770	1.00100625	1.00236058	1.00103772
0.28835821	0.99575847	1.00165939	1.00267458	1.00370026	1.00125206	1.00133502	1.00296223	1.00043666
0.31457260	0.99758017	1.00033152	1.00016749	1.00236690	1.00104415	1.00154781	1.00249493	1.00059867
0.34078699	1.00130725	1.00373483	1.00043786	1.00241554	1.00317574	1.00057304	1.00266731	1.00179672
0.36700141	1.00057566	1.00698864	1.00188231	1.00150120	1.00299656	1.00160944	1.00249851	1.00042295
0.39321581	0.99805570	1.00077295	1.00158322	1.00178266	1.00294459	1.00094545	1.00311863	1.00066471
0.41943020	1.00076008	1.00297368	1.00230408	1.00147247	1.00284958	0.99988258	1.00246441	1.00073016
0.47185901	0.99937052	1.00248682	0.99855304	1.00286472	1.00161493	1.00149906	1.00229692	1.00068736
0.52428782	0.99959862	1.00079834	1.00230992	1.00129044	1.00198400	1.00049496	1.00264347	1.00067604
0.57671660	1.00012720	0.99796009	0.99885130	1.00190270	1.00238800	1.00081170	1.00197196	1.00066173
0.62914538	1.00230062	1.00331903	0.99911922	1.00134575	1.00120592	1.00104344	1.00268316	1.00020182
0.68157423	1.00341463	1.00587475	1.00200021	1.00039625	1.00245702	1.00051999	1.00233889	1.00060272
0.73400301	1.00130963	1.00040388	0.99980170	1.00121200	1.00270438	1.00068700	1.00165784	1.00048518
0.78643179	0.99982244	1.00085557	1.00077260	1.00247025	1.00202906	1.00134015	1.00240290	1.00025260
0.83886063	0.99949729	1.00102842	1.00126827	1.00063872	1.00202882	1.00064278	1.00228667	1.00085664
0.94371825	0.99787784	1.00151467	1.00140548	1.00076652	1.00206554	1.00080383	1.00207818	1.00058973
1.04857588	1.00364947	1.00197208	1.00121701	1.00090861	1.00179625	1.00086355	1.00159001	1.00056183
1.15343344	0.99879056	1.00050676	1.00193000	1.00144696	1.00131774	1.00083554	1.00165689	1.00032055
1.25829101	0.99932706	1.00215864	1.00111485	1.00063372	1.00177491	1.00057065	1.00137603	1.00035512
1.36314869	0.99980778	1.00116682	1.00096989	0.99976856	1.00097489	1.00103021	1.00102806	1.00049198
1.46800625	0.99790633	1.00138283	1.00114644	1.00063145	1.00120091	1.00071764	1.00104451	0.99997240
1.57286382	1.00238419	1.00052488	1.00032175	1.00035477	1.00101578	1.00072098	1.00064659	1.00015962
1.67772150	0.99913579	1.00124478	1.00130856	1.00022304	1.00105917	1.00071990	1.00114584	0.99992323
1.88743675	0.99943203	1.00122035	1.00101316	1.00048482	1.00102293	1.00026643	1.00025821	0.99983901
2.09715199	0.99770749	1.00070262	0.99918276	1.00077474	1.00101459	1.00050604	1.00016606	0.99994320
2.30686712	0.99884498	1.00128913	0.99956608	1.00046408	1.00036573	1.00022209	1.00033736	0.99942982
2.51658225	1.00218320	1.00015962	0.99856257	1.00047719	1.00047851	1.00000453	1.00030124	0.99985909
2.72629738	0.99755871	1.00103235	1.00158620	1.00115705	1.00067270	1.00008702	1.00007069	0.99976587
2.93601274	1.00011468	0.99958622	1.00021064	1.00033927	1.00023925	0.99981230	1.00018764	1.00037491
3.14572787	1.00289190	1.00224733	0.99925905	1.00038767	1.00022733	1.00012422	1.00043774	0.99993205
3.35544300	0.99728423	0.99891490	0.99792999	0.99973345	1.00028217	1.00002074	1.00033581	1.00008428
3.77487350	1.00191498	0.99976087	1.00115156	0.99939060	0.99968779	1.00029314	1.00013804	0.99997175
4.19430399	1.00034106	0.99990594	0.99915504	0.99968791	1.00029421	0.99923921	0.99987400	0.99983341
4.61373425	1.00078905	1.00010717	0.99953008	0.99926943	0.99960685	0.99968505	0.99971724	1.00041533
5.03316450	1.00000000	1.00000000	1.00000000	1.00000000	1.00000000	1.00000000	1.00000000	1.00000000
5.45259476	0.00000000	0.00000000	0.00000000	0.00000000	0.00000000	0.00000000	0.00000000	0.00000000
5.87202549	0.00000000	0.00000000	0.00000000	0.00000000	0.00000000	0.00000000	0.00000000	0.00000000
6.29145575	0.00000000	0.00000000	0.00000000	0.00000000	0.00000000	0.00000000	0.00000000	0.00000000
6.71088600	0.00000000	0.00000000	0.00000000	0.00000000	0.00000000	0.00000000	0.00000000	0.00000000
7.54974699	0.00000000	0.00000000	0.00000000	0.00000000	0.00000000	0.00000000	0.00000000	0.00000000
8.38860798	0.00000000	0.00000000	0.00000000	0.00000000	0.00000000	0.00000000	0.00000000	0.00000000
9.22746849	0.00000000	0.00000000	0.00000000	0.00000000	0.00000000	0.00000000	0.00000000	0.00000000
10.06632900	0.00000000	0.00000000	0.00000000	0.00000000	0.00000000	0.00000000	0.00000000	0.00000000
10.90518951	0.00000000	0.00000000	0.00000000	0.00000000	0.00000000	0.00000000	0.00000000	0.00000000
11.74405098	0.00000000	0.00000000	0.00000000	0.00000000	0.00000000	0.00000000	0.00000000	0.00000000
12.58291149	0.00000000	0.00000000	0.00000000	0.00000000	0.00000000	0.00000000	0.00000000	0.00000000
13.42177200	0.00000000	0.00000000	0.00000000	0.00000000	0.00000000	0.00000000	0.00000000	0.00000000
15.09949398	0.00000000	0.00000000	0.00000000	0.00000000	0.00000000	0.00000000	0.00000000	0.00000000
16.77721596	0.00000000	0.00000000	0.00000000	0.00000000	0.00000000	0.00000000	0.00000000	0.00000000
18.45493698	0.00000000	0.00000000	0.00000000	0.00000000	0.00000000	0.00000000	0.00000000	0.00000000
20.13265800	0.00000000	0.00000000	0.00000000	0.00000000	0.00000000	0.00000000	0.00000000	0.00000000
21.81037903	0.00000000	0.00000000	0.00000000	0.00000000	0.00000000	0.00000000	0.00000000	0.00000000
23.48810196	0.00000000	0.00000000	0.00000000	0.00000000	0.00000000	0.00000000	0.00000000	0.00000000
25.16582298	0.00000000	0.00000000	0.00000000	0.00000000	0.00000000	0.00000000	0.00000000	0.00000000
26.84354401	0.00000000	0.00000000	0.00000000	0.00000000	0.00000000	0.00000000	0.00000000	0.00000000
30.19898796	0.00000000	0.00000000	0.00000000	0.00000000	0.00000000	0.00000000	0.00000000	0.00000000
33.55443192	0.00000000	0.00000000	0.00000000	0.00000000	0.00000000	0.00000000	0.00000000	0.00000000
36.90987396	0.00000000	0.00000000	0.00000000	0.00000000	0.00000000	0.00000000	0.00000000	0.00000000
40.26531601	0.00000000	0.00000000	0.00000000	0.00000000	0.00000000	0.00000000	0.00000000	0.00000000
43.62075806	0.00000000	0.00000000	0.00000000	0.00000000	0.00000000	0.00000000	0.00000000	0.00000000
46.97620392	0.00000000	0.00000000	0.00000000	0.00000000	0.00000000	0.00000000	0.00000000	0.00000000
50.33164597	0.00000000	0.00000000	0.00000000	0.00000000	0.00000000	0.00000000	0.00000000	0.00000000
53.68708801	0.00000000	0.00000000	0.00000000	0.00000000	0.00000000	0.00000000	0.00000000	0.00000000
60.39797592	0.00000000	0.00000000	0.00000000	0.00000000	0.00000000	0.00000000	0.00000000	0.00000000
67.10886383	0.00000000	0.00000000	0.00000000	0.00000000	0.00000000	0.00000000	0.00000000	0.00000000
73.81974792	0.00000000	0.00000000	0.00000000	0.00000000	0.00000000	0.00000000	0.00000000	0.00000000
80.53063202	0.00000000	0.00000000	0.00000000	0.00000000	0.00000000	0.00000000	0.00000000	0.00000000
87.24151611	0.00000000	0.00000000	0.00000000	0.00000000	0.00000000	0.00000000	0.00000000	0.00000000
93.95240784	0.00000000	0.00000000	0.00000000	0.00000000	0.00000000	0.00000000	0.00000000	0.00000000
100.66329193	0.00000000	0.00000000	0.00000000	0.00000000	0.00000000	0.00000000	0.00000000	0.00000000
107.37417603	0.00000000	0.00000000	0.00000000	0.00000000	0.00000000	0.00000000	0.00000000	0.00000000
120.79595184	0.00000000	0.00000000	0.00000000	0.00000000	0.00000000	0.00000000	0.00000000	0.00000000
134.21772766	0.00000000	0.00000000	0.00000000	0.00000000	0.00000000	0.00000000	0.00000000	0.00000000
147.63949585	0.00000000	0.00000000	0.00000000	0.00000000	0.00000000	0.00000000	0.00000000	0.00000000
161.06126404	0.00000000	0.00000000	0.00000000	0.00000000	0.00000000	0.00000000	0.00000000	0.00000000
174.48303223	0.00000000	0.00000000	0.00000000	0.00000000	0.00000000	0.00000000	0.00000000	0.00000000
187.90481567	0.00000000	0.00000000	0.00000000	0.00000000	0.00000000	0.00000000	0.00000000	0.00000000
201.32658386	0.00000000	0.00000000	0.00000000	0.00000000	0.00000000	0.00000000	0.00000000	0.00000000
214.74835205	0.00000000	0.00000000	0.00000000	0.00000000	0.00000000	0.00000000	0.00000000	0.00000000
241.59190369	0.00000000	0.00000000	0.00000000	0.00000000	0.00000000	0.00000000	0.00000000	0.00000000
268.43545532	0.00000000	0.00000000	0.00000000	0.00000000	0.00000000	0.00000000	0.00000000	0.00000000
295.27899170	0.00000000	0.00000000	0.00000000	0.00000000	0.00000000	0.00000000	0.00000000	0.00000000
322.12252808	0.00000000	0.00000000	0.00000000	0.00000000	0.00000000	0.00000000	0.00000000	0.00000000
348.96606445	0.00000000	0.00000000	0.00000000	0.00000000	0.00000000	0.00000000	0.00000000	0.00000000
375.80963135	0.00000000	0.00000000	0.00000000	0.00000000	0.00000000	0.00000000	0.00000000	0.00000000
402.65316772	0.00000000	0.00000000	0.00000000	0.00000000	0.00000000	0.00000000	0.00000000	0.00000000
429.49670410	0.00000000	0.00000000	0.00000000	0.00000000	0.00000000	0.00000000	0.00000000	0.00000000
483.18380737	0.00000000	0.00000000	0.00000000	0.00000000	0.00000000	0.00000000	0.00000000	0.00000000
536.87091064	0.00000000	0.00000000	0.00000000	0.00000000	0.00000000	0.00000000	0.00000000	0.00000000
590.55798340	0.00000000	0.00000000	0.00000000	0.00000000	0.00000000	0.00000000	0.00000000	0.00000000
644.24505615	0.00000000	0.00000000	0.00000000	0.00000000	0.00000000	0.00000000	0.00000000	0.00000000
697.93212891	0.00000000	0.00000000	0.00000000	0.00000000	0.00000000	0.00000000	0.00000000	0.00000000
751.61926270	0.00000000	0.00000000	0.00000000	0.00000000	0.00000000	0.00000000	0.00000000	0.00000000
805.30633545	0.00000000	0.00000000	0.00000000	0.00000000	0.00000000	0.00000000	0.00000000	0.00000000
858.99340820	0.00000000	0.00000000	0.00000000	0.00000000	0.00000000	0.00000000	0.00000000	0.00000000
966.36761475	0.00000000	0.00000000	0.00000000	0.00000000	0.00000000	0.00000000	0.00000000	0.00000000
1073.74182129	0.00000000	0.00000000	0.00000000	0.00000000	0.00000000	0.00000000	0.00000000	0.00000000
1181.11596680	0.00000000	0.00000000	0.00000000	0.00000000	0.00000000	0.00000000	0.00000000	0.00000000
1288.49011230	0.00000000	0.00000000	0.00000000	0.00000000	0.00000000	0.00000000	0.00000000	0.00000000
1395.86425781	0.00000000	0.00000000	0.00000000	0.00000000	0.00000000	0.00000000	0.00000000	0.00000000
1503.23852539	0.00000000	0.00000000	0.00000000	0.00000000	0.00000000	0.00000000	0.00000000	0.00000000
1610.61267090	0.00000000	0.00000000	0.00000000	0.00000000	0.00000000	0.00000000	0.00000000	0.00000000
1717.98681641	0.00000000	0.00000000	0.00000000	0.00000000	0.00000000	0.00000000	0.00000000	0.00000000
1932.73522949	0.00000000	0.00000000	0.00000000	0.00000000	0.00000000	0.00000000	0.00000000	0.00000000
2147.48364258	0.00000000	0.00000000	0.00000000	0.00000000	0.00000000	0.00000000	0.00000000	0.00000000
2362.23193359	0.00000000	0.00000000	0.00000000	0.00000000	0.00000000	0.00000000	0.00000000	0.00000000
2576.98022461	0.00000000	0.00000000	0.00000000	0.00000000	0.00000000	0.00000000	0.00000000	0.00000000
2791.72851562	0.00000000	0.00000000	0.00000000	0.00000000	0.00000000	0.00000000	0.00000000	0.00000000
3006.47705078	0.00000000	0.00000000	0.00000000	0.00000000	0.00000000	0.00000000	0.00000000	0.00000000
3221.22534180	0.00000000	0.00000000	0.00000000	0.00000000	0.00000000	0.00000000	0.00000000	0.00000000
3435.97363281	0.00000000	0.00000000	0.00000000	0.00000000	0.00000000	0.00000000	0.00000000	0.00000000
0	0	0	0	0	0	0	0	0
