%2/19/2015 11:28:02 AM
%Duration	ID1		ID2		ID3		ID4		ID5		ID6		ID7		ID8
3000.000000	2.384186	2.202988	4.463196	4.920959	14.905930	18.463135	38.213730	21.400452
%Tau		Tau1		Tau2		Tau3		Tau4		Tau5		Tau6		Tau7		Tau8
%		0.000001	0.000001	0.000002	0.000001	0.000017	0.000014	0.000019	0.000013
%Delaytime	D1		D2		D3		D4		D5		D6		D7		D8
0.00000000	10.51706314	36.84113312	19.93377876	12.81550407	5.03209639	2.33050323	2.42942834	4.53347111
0.00000020	5.56785727	6.76673889	2.99888706	3.33203125	1.55721033	1.59131289	1.45674372	1.60228205
0.00000040	3.09325409	2.25557947	0.52921540	2.30679083	1.73023367	1.31411648	1.48642659	1.51875079
0.00000060	1.23730159	1.50371969	2.82248187	1.15339541	1.54279172	1.73504436	1.45902705	1.19221938
0.00000080	1.85595238	1.50371969	1.94045639	2.43494582	1.57162893	1.35518253	1.53437579	1.23018813
0.00000100	0.61865079	0.75185984	2.29326653	1.15339541	1.22558224	1.43731487	1.45446038	1.69340706
0.00000120	2.47460318	0.00000000	1.23483586	1.53786051	1.28325665	1.42704833	1.45217717	1.38965690
0.00000140	1.23730159	0.75185984	1.05843079	1.92232573	1.38418698	1.49891400	1.38596153	1.45040691
0.00000160	1.85595238	0.00000000	1.23483586	1.28155041	1.45627999	1.43731487	1.43847728	1.58709455
0.00000180	1.85595238	0.75185984	1.76405120	1.28155041	1.29767525	1.53998017	1.48870993	1.47318828
0.00000200	0.00000000	3.00743937	1.41124094	1.53786051	1.26883805	1.26278377	1.39281142	1.43521941
0.00000220	0.61865079	3.00743937	1.05843079	1.15339541	1.26883805	1.62211251	1.54807556	1.46559453
0.00000240	1.23730159	2.25557947	0.70562047	1.40970552	1.44186139	1.43731487	1.41792762	1.41243815
0.00000260	2.47460318	1.50371969	1.76405120	0.89708531	1.51395452	1.50918055	1.50240970	1.38206315
0.00000280	1.23730159	0.75185984	1.23483586	1.15339541	1.28325665	1.48864746	1.45446038	1.41243815
0.00000300	0.61865079	0.00000000	1.76405120	1.02524030	1.31209385	1.52971363	1.42477751	1.43521941
0.00000340	1.54662704	1.12778974	1.58764613	1.92232573	1.33372176	1.44244814	1.50811791	1.44281316
0.00000380	0.92797619	0.75185984	1.58764613	1.79417062	1.55000103	1.39111543	1.42706084	1.51115704
0.00000420	1.23730159	1.50371969	0.88202560	1.28155041	1.52837312	1.33464944	1.34600377	1.46939135
0.00000460	0.30932540	1.50371969	0.97022820	1.28155041	1.36255908	1.35518253	1.43619406	1.58329761
0.00000500	1.23730159	1.87964964	0.88202560	2.05048060	1.45627999	1.37058234	1.46016872	1.40484440
0.00000540	0.61865079	0.00000000	1.67584872	1.34562802	1.34093106	1.27818358	1.40194464	1.41623509
0.00000580	1.23730159	0.75185984	1.58764613	1.40970552	1.36255908	1.40651524	1.41678596	1.38586009
0.00000620	2.16527772	1.50371969	1.41124094	0.89708531	1.34814036	1.59644616	1.39052808	1.35548508
0.00000700	1.85595238	1.12778974	1.36713970	1.53786051	1.26162875	1.31411648	1.38481987	1.35168815
0.00000780	1.70128965	0.93982482	1.45534229	1.24951172	1.29407060	1.43218160	1.39737797	1.36118031
0.00000860	1.39196432	0.93982482	1.45534229	1.21747291	1.31569850	1.46041453	1.37511587	1.36307883
0.00000940	2.31994057	1.50371969	1.41124094	1.08931792	1.33372176	1.31411648	1.32145834	1.46939135
0.00001020	0.92797619	1.87964964	1.19073462	1.37766671	1.30127990	1.36801577	1.33116233	1.38396168
0.00001100	1.23730159	0.56389487	1.41124094	1.18543422	1.31569850	1.37058234	1.27807570	1.34029758
0.00001180	1.23730159	0.93982482	1.32303846	1.12135661	1.37337303	1.31154978	1.30147946	1.39914918
0.00001260	0.77331352	1.31575477	1.67584872	1.08931792	1.27244270	1.31411648	1.29634213	1.27954745
0.00001420	0.92797619	1.22177231	1.19073462	1.32960856	1.26343107	1.22043431	1.26808631	1.22164512
0.00001580	1.31463289	1.03380728	1.47739291	1.18543422	1.19674492	1.29101670	1.20529556	1.26056314
0.00001740	0.77331352	0.93982482	1.01432943	1.44174421	1.28505898	1.22300088	1.21357250	1.23683262
0.00001900	1.39196432	1.12778974	0.97022820	1.28155041	1.28686130	1.19348466	1.20101440	1.18557477
0.00002060	0.85064483	1.31575477	1.05843079	1.10533726	1.21116352	1.18578470	1.15877342	1.17418420
0.00002220	1.62395835	1.50371969	1.14663327	1.16941476	1.22738457	1.17808485	1.17989385	1.13431692
0.00002380	0.85064483	1.12778974	1.21278524	0.97718221	1.13366354	1.11263573	1.14764237	1.20076227
0.00002540	1.15997028	1.22177231	1.16868389	1.29756987	1.22738457	1.13316870	1.13879454	1.09444976
0.00002860	1.15896058	0.93832266	1.13209522	1.13632476	1.08650362	1.10828984	1.11425686	1.11630476
0.00003180	1.31348872	0.65682584	1.09912157	1.06430411	1.10266650	1.07811046	1.09868586	1.14533055
0.00003500	1.35212076	1.31365168	1.17605996	1.00028586	1.09099329	1.05049944	1.09425735	1.07823813
0.00003820	1.31348872	1.17290330	0.93425328	1.08030868	1.08111596	1.13333225	1.05682981	1.08299637
0.00004140	1.35212076	1.54823244	1.02218306	1.19234073	1.06046343	1.08067894	1.03968740	1.07966554
0.00004460	1.00443256	1.07907104	1.04416549	0.93626755	1.07572842	1.08001661	1.05825830	1.02970314
0.00004780	0.88853645	1.12598717	0.97821814	1.04829955	1.00568926	1.07937443	1.03940165	1.05063975
0.00005100	1.00443256	0.89140654	1.00020063	1.08831108	1.08291185	1.01452208	1.03354466	0.97928053
0.00005740	1.17656887	0.98586923	0.97791541	1.01548553	1.01976931	1.00116909	1.01604569	1.01473784
0.00006380	1.09941685	1.19712698	0.99439710	1.04746938	1.01797163	1.03841591	1.01133084	1.03115833
0.00007020	0.96440071	1.29101920	1.01087880	1.09144711	1.00493801	1.01112294	1.00354421	1.04543698
0.00007660	0.90653664	0.72766536	1.00538492	1.04347134	0.99999416	1.01945233	1.02268934	1.02735066
0.00008300	0.98368871	0.77461153	0.99989104	0.95145518	0.98920768	0.98477483	0.99825794	1.00141108
0.00008940	1.04155278	0.98586923	1.01637268	1.00742316	1.03145468	0.99344420	1.00733042	0.99569964
0.00009580	0.81009656	1.24407315	1.07680571	1.10736585	1.00314021	0.99087554	1.01218808	1.00521874
0.00010220	0.96440071	0.82155770	0.98340929	1.01541853	0.99549979	1.01078296	1.00074935	0.98665649
0.00011500	0.99520767	0.93772280	0.96083879	0.95964062	1.01531911	0.98951626	0.99179947	0.99821436
0.00012780	1.04351878	0.79706436	1.10633719	1.00362408	0.97592199	1.02856338	0.99335372	0.98110008
0.00014060	1.09182978	0.93772280	0.90593368	0.93958604	0.97322047	1.00556624	0.99106753	1.00666881
0.00015340	1.13047862	0.99633050	0.95260298	0.94758254	0.98942953	1.01231492	1.00056958	1.00680387
0.00016620	1.17878973	1.05493820	0.92240524	0.92559224	0.98785365	0.97471470	1.00877666	0.98778743
0.00017900	0.90824777	1.04321659	1.02123439	0.94758254	1.00091100	1.01102948	1.00602615	1.01512361
0.00019180	0.99520767	0.92600125	1.02947009	1.00155878	0.99643052	0.99335414	1.00799084	1.00252521
0.00020460	0.90824777	0.91427976	0.95534825	0.96557462	0.99956024	0.98885494	1.00809801	1.02473426
0.00023020	1.07999933	1.01668346	1.01311445	0.96504015	0.99632674	0.98211032	1.00271845	0.99346977
0.00025580	1.04125500	0.97593820	0.99661875	0.96003479	1.01286662	0.99279064	0.99587518	0.99204463
0.00028140	0.87162173	1.02268970	0.99112016	1.02617383	1.00456262	0.96436328	0.99988675	0.99841458
0.00030700	0.98299563	1.02853370	1.02273703	0.98712909	0.99823952	1.00804830	1.00099444	1.00199378
0.00033260	0.88130641	0.95256239	0.93338495	1.00815320	1.00352776	1.01296580	0.99670643	1.00373209
0.00035820	1.07015777	0.95256239	1.00074267	0.99113369	0.99499863	1.00768447	1.00620270	1.00077891
0.00038380	0.88614875	1.01684582	0.99386942	1.00514972	1.01457679	0.99459457	1.00154817	1.00849915
0.00040940	1.15731990	0.87659115	0.95957756	0.97611654	1.00962603	1.00977242	0.99435645	0.99461406
0.00046060	0.91480398	0.85764253	1.02103865	1.03420639	1.00050509	1.00757694	0.99584508	0.99954039
0.00051180	0.90996379	1.00107086	1.01269817	0.94952577	1.00926304	0.98891515	0.99917799	0.99062967
0.00056300	0.96804655	0.97765398	1.00099468	1.03470743	1.00945425	0.99316925	0.99899930	0.99315441
0.00061420	1.12051392	1.06546724	1.02233636	1.00257277	0.98829144	0.99152374	1.00190330	0.99511474
0.00066540	0.90983158	0.98920435	0.99135649	0.97802204	1.00631404	1.00727475	0.99739075	1.00025320
0.00071660	1.01388144	1.06237030	0.95005000	1.01052260	1.00658369	0.99625659	1.00026798	0.99873841
0.00076780	1.04291868	0.95115805	0.98653740	1.04709578	1.01150286	1.00261927	0.99488091	0.99370271
0.00081900	0.92206436	0.97457117	0.97552234	1.00394320	0.99624956	1.00077307	1.00503111	1.00252414
0.00092140	0.98861754	0.95090955	1.02093160	1.01386631	1.00549793	1.00782621	1.00179470	1.00052130
0.00102380	0.96683651	0.97435260	0.98848826	1.03042138	0.99904960	1.00156248	0.99960256	0.99951321
0.00112620	1.02249920	1.02726376	1.02670562	1.01053870	0.98647177	0.99347025	0.99916083	1.00203645
0.00122860	0.98740751	0.98330092	1.03978908	1.01110721	0.99289960	1.00236547	1.00088418	1.00594020
0.00133100	1.00434828	1.03165996	0.99219871	0.97153986	0.99138635	0.99567723	0.99962991	0.99050128
0.00143340	1.00071812	0.96864665	0.99606287	1.00823057	0.99343419	0.99609888	1.00551832	1.00284064
0.00153580	0.98740751	1.01407492	1.00535905	0.99794507	0.99463189	0.99220395	0.99844664	0.99751180
0.00163820	0.96078622	1.04484880	0.99675149	0.98640519	0.99828380	0.99804634	0.99822366	1.00696433
0.00184300	0.98933601	1.05781221	1.00999081	0.99417436	1.00250256	0.99925387	1.00199163	0.99600571
0.00204780	0.96935552	0.97439867	1.00050485	1.00544620	0.99475205	1.00227678	0.99767977	1.00002539
0.00225260	1.00507820	1.00063312	1.00619638	0.99592775	1.00112820	1.00004935	1.00256717	1.00190473
0.00245740	0.98132229	1.03378642	0.99205381	0.99498528	1.00304651	0.99867606	1.00023234	1.00481665
0.00266220	0.98979765	1.04038501	1.01344025	1.00619757	0.99864918	0.99666077	1.00001132	0.99410814
0.00286700	1.00674832	0.99875343	1.01731348	1.01101518	1.00255585	0.99682993	0.99779928	1.00028265
0.00307180	1.02733123	1.02498817	1.01326776	0.99091804	1.00153756	1.00384068	0.99739140	0.99869168
0.00327660	1.03520119	0.97513187	1.02267432	1.00594711	0.99805862	1.00054967	0.99970126	1.00435209
0.00368620	1.00203931	1.03742516	1.00989664	1.00983787	1.00440204	1.00160754	0.99973345	1.00019717
0.00409580	1.00795925	1.00525641	1.01326013	0.99098921	0.99532557	0.99949014	1.00083268	1.00225675
0.00450540	1.02294517	1.00070524	0.99558043	0.99292487	1.00313866	1.00044024	1.00111485	1.00164938
0.00491500	0.96106571	0.96265280	1.01318157	0.99674177	0.99892038	1.00237179	0.99846816	1.00162446
0.00532460	1.01916540	1.00875473	1.00558460	1.02148199	0.99933964	1.00260890	1.00004780	0.99987066
0.00573420	0.98495477	1.03380024	0.98721492	0.99888444	1.00025141	1.00006068	0.99934369	0.99847788
0.00614380	0.99145526	1.02375627	1.00360942	0.98392123	0.99971861	1.00183797	1.00302255	1.00206637
0.00655340	0.98237324	1.02505612	0.99980628	1.00897729	1.00513661	0.99692154	1.00015903	1.00339746
0.00737260	1.01244819	0.98759598	1.00218523	0.99499136	1.00264275	0.99868202	0.99933475	0.99911153
0.00819180	0.98819870	1.03343785	0.98537254	0.99471283	0.99908412	1.00071692	0.99888527	0.99925137
0.00901100	0.99289787	1.00947356	1.00083244	1.00107265	0.99928284	1.00018048	0.99918503	0.99982381
0.00983020	0.99592966	1.00743616	0.98508072	1.00060320	1.00034988	1.00031161	1.00075734	0.99919766
0.01064940	1.00124133	1.01041126	1.00328028	0.99612111	0.99891609	0.99960279	0.99938720	1.00243366
0.01146860	0.98168039	1.02667606	0.99012160	0.99903828	1.00062180	0.99959141	1.00075352	0.99899292
0.01228780	1.00426126	1.01036799	1.00417697	0.99791157	0.99993771	1.00155699	0.99914724	1.00185132
0.01310700	1.01941884	1.02786982	0.99369514	0.99847835	0.99865854	1.00333989	0.99840635	0.99796581
0.01474540	1.00890970	1.01938784	0.99879545	1.00568926	0.99985081	0.99631143	0.99996102	0.99906313
0.01638380	1.01596558	1.02599168	0.99369347	1.00279033	1.00097954	1.00023162	1.00001371	0.99980569
0.01802220	0.99462032	1.00260282	0.99059647	0.99706322	1.00173438	1.00064826	1.00070715	1.00136721
0.01966060	0.99433118	0.99065411	0.99626279	0.99832731	0.99951780	0.99958283	0.99962574	1.00030184
0.02129900	1.00886714	0.99320483	1.00020790	1.00113881	1.00084651	0.99976647	1.00093400	0.99859667
0.02293740	0.98814058	1.00019681	0.99989778	1.00160110	1.00212026	0.99965012	0.99940956	0.99876827
0.02457580	0.98812509	1.00033331	1.01438594	0.99943298	1.00051522	0.99847221	1.00032628	1.00024033
0.02621420	1.01408851	0.98074937	1.00829232	1.00495744	1.00014877	0.99979144	0.99875504	1.00176859
0.02949100	1.00586164	1.00049329	0.99829680	1.00179803	0.99968493	0.99822026	0.99964809	1.00146639
0.03276780	1.00852251	0.99476355	1.00014722	0.99778426	1.00016820	0.99806905	0.99979538	0.99915040
0.03604460	0.99868906	0.99524361	0.99930024	1.00161755	1.00003600	0.99951655	1.00122643	1.00107586
0.03932140	0.99265438	0.99623537	1.00844359	0.99690807	0.99997926	0.99954635	0.99947578	1.00072753
0.04259820	1.00921643	1.00045264	0.99754477	1.00247288	0.99921119	1.00136507	1.00019968	0.99946380
0.04587500	0.98861808	0.98659372	1.00124180	0.99691796	0.99730217	1.00048876	1.00088477	1.00030279
0.04915180	0.99102926	0.99781328	1.00178266	1.00339818	1.00280988	0.99885321	1.00113356	0.99939924
0.05242860	0.99152768	0.99372727	1.00258231	1.00083804	0.99856967	0.99827623	1.00090134	0.99940640
0.05898220	1.01183498	0.99408013	0.99990779	1.00134921	0.99929982	0.99967939	0.99986684	1.00150502
0.06553581	1.00522017	0.99566352	0.99751860	1.00012100	1.00029147	0.99998754	1.00090933	1.00107479
0.07208940	0.99931008	1.00386357	1.00302374	1.00089443	1.00067997	1.00041187	1.00065160	0.99986827
0.07864300	0.99890524	0.99928242	0.99697691	0.99632275	1.00081527	0.99980801	0.99954563	0.99981958
0.08519660	1.00200021	0.99965012	1.00102401	1.00006819	1.00007379	1.00045609	1.00035155	1.00047493
0.09175020	0.99960226	0.99615258	0.99857908	0.99980325	1.00100315	0.99960726	0.99968743	0.99935663
0.09830380	0.99305785	0.99560469	1.00171757	1.00477862	0.99995553	0.99939549	1.00022376	1.00085294
0.10485740	0.99419081	0.99690449	0.99969727	0.99883920	0.99885279	1.00025833	0.99992442	0.99962640
0.11796460	0.99491996	1.00286639	0.99619496	0.99874216	1.00102425	1.00039291	1.00003242	1.00043464
0.13107181	0.99783713	0.99765968	0.99985015	1.00187111	0.99871618	0.99973470	1.00030625	1.00034606
0.14417900	0.99764824	1.00217819	0.99714571	1.00046110	1.00055039	1.00033545	1.00002849	1.00043845
0.15728620	0.99803674	0.99480027	1.00011015	0.99872661	1.00040889	1.00045455	1.00070059	0.99977446
0.17039341	1.00427854	0.99645871	0.99922615	0.99830854	0.99985141	1.00006056	1.00006640	1.00022554
0.18350060	0.99953634	1.00132871	1.00295770	1.00076210	1.00040770	0.99944597	0.99998474	0.99964863
0.19660780	1.00698078	1.00614142	1.00139844	0.99815750	1.00106156	0.99986237	1.00007498	1.00051486
0.20971501	0.99767029	1.00245559	0.99870479	1.00072467	0.99981040	1.00045550	1.00020349	0.99984896
0.23592941	1.00152087	1.00455189	1.00183785	1.00027192	0.99974883	0.99988037	1.00013113	1.00017476
0.26214382	1.00156474	0.99581724	1.00067675	0.99970996	1.00053263	0.99984056	0.99997532	1.00031948
0.28835821	0.99935490	0.99516958	0.99959415	1.00212598	1.00035441	0.99997669	1.00010037	0.99976367
0.31457260	0.99878180	0.99612492	0.99899995	0.99844688	0.99995053	1.00021660	0.99985862	0.99992841
0.34078699	0.99811566	1.00098252	0.99908745	0.99828100	1.00009441	1.00016403	1.00008488	0.99986988
0.36700141	1.00452971	0.99966937	1.00204849	0.99877506	1.00033307	0.99950224	1.00018132	0.99997342
0.39321581	1.00184524	1.00056183	0.99928606	0.99992323	0.99980968	1.00044930	1.00000942	1.00008905
0.41943020	1.00100613	1.00312662	1.00038171	1.00006437	0.99972695	0.99982983	1.00011957	0.99979144
0.47185901	1.00132811	0.99962789	0.99892026	1.00012803	1.00017738	1.00006843	1.00006270	1.00019741
0.52428782	0.99961931	0.99524856	0.99977618	1.00146174	0.99946558	0.99947703	1.00001621	1.00014389
0.57671660	0.99885726	0.99728012	0.99936360	1.00081420	0.99965161	1.00035381	1.00012279	1.00004542
0.62914538	0.99867135	1.00263417	1.00132740	0.99912834	1.00009668	0.99975508	1.00013447	1.00016618
0.68157423	0.99698782	1.00113797	1.00110328	1.00043404	1.00009179	1.00036454	0.99998450	1.00008440
0.73400301	1.00234365	0.99804556	0.99975175	0.99876904	1.00009489	0.99967551	1.00014734	1.00002718
0.78643179	1.00114751	1.00103021	0.99836695	0.99962378	1.00009298	1.00041056	1.00015640	0.99986517
0.83886063	1.00194108	1.00554907	0.99861467	1.00082707	0.99999845	0.99960768	1.00005746	0.99994934
0.94371825	0.99925035	0.99693000	1.00003314	0.99816847	1.00034511	1.00008869	1.00006497	0.99992830
1.04857588	0.99987972	1.00179207	1.00016165	0.99988103	0.99983138	0.99995214	1.00002658	1.00016236
1.15343344	0.99834573	0.99744606	0.99929804	1.00060511	1.00024843	0.99987471	0.99988294	1.00003529
1.25829101	0.99959517	0.99948585	1.00147951	0.99980187	0.99971133	1.00006044	0.99984312	1.00013089
1.36314869	0.99839073	1.00008059	0.99932396	1.00097477	0.99973941	0.99978209	0.99984413	0.99991924
1.46800625	0.99878043	1.00016201	0.99919230	0.99926263	0.99942201	0.99971569	0.99988079	0.99986428
1.57286382	0.99974734	1.00047421	1.00091302	0.99936569	0.99982530	0.99991530	0.99976438	1.00025523
1.67772150	0.99802476	1.00012326	1.00009525	0.99974340	0.99960643	0.99994314	0.99982905	1.00022602
1.88743675	1.00004828	1.00029910	1.00006366	0.99996269	1.00011110	1.00008857	0.99975628	0.99971563
2.09715199	1.00028610	0.99950486	0.99985600	0.99978006	1.00000393	1.00005662	0.99968016	1.00002611
2.30686712	1.00038791	0.99996418	0.99936330	1.00029695	0.99960482	0.99994057	0.99985164	0.99997240
2.51658225	1.00134015	1.00096369	0.99988848	1.00103593	0.99952346	0.99992770	1.00003254	1.00037313
2.72629738	1.00129795	0.99953896	1.00026858	1.00011134	1.00031626	1.00013196	0.99996036	1.00028920
2.93601274	1.00087893	0.99913812	0.99967188	0.99993950	1.00033796	1.00011468	0.99984860	0.99994838
3.14572787	0.99950922	1.00171518	1.00064421	0.99961537	1.00029778	0.99999696	0.99995494	1.00024879
3.35544300	0.99979526	1.00210619	1.00080860	0.99872285	0.99984127	0.99989468	1.00024617	1.00020182
3.77487350	0.99930847	0.99836260	1.00011063	1.00082147	1.00020063	0.99997497	1.00008941	0.99978620
4.19430399	1.00006211	1.00028992	1.00028896	0.99995863	1.00008225	0.99995804	1.00007355	1.00027800
4.61373425	0.99988592	0.99764580	1.00032663	0.99968153	0.99946815	0.99999046	0.99997562	0.99977493
5.03316450	1.00000000	1.00000000	1.00000000	1.00000000	1.00000000	1.00000000	1.00000000	1.00000000
5.45259476	0.00000000	0.00000000	0.00000000	0.00000000	0.00000000	0.00000000	0.00000000	0.00000000
5.87202549	0.00000000	0.00000000	0.00000000	0.00000000	0.00000000	0.00000000	0.00000000	0.00000000
6.29145575	0.00000000	0.00000000	0.00000000	0.00000000	0.00000000	0.00000000	0.00000000	0.00000000
6.71088600	0.00000000	0.00000000	0.00000000	0.00000000	0.00000000	0.00000000	0.00000000	0.00000000
7.54974699	0.00000000	0.00000000	0.00000000	0.00000000	0.00000000	0.00000000	0.00000000	0.00000000
8.38860798	0.00000000	0.00000000	0.00000000	0.00000000	0.00000000	0.00000000	0.00000000	0.00000000
9.22746849	0.00000000	0.00000000	0.00000000	0.00000000	0.00000000	0.00000000	0.00000000	0.00000000
10.06632900	0.00000000	0.00000000	0.00000000	0.00000000	0.00000000	0.00000000	0.00000000	0.00000000
10.90518951	0.00000000	0.00000000	0.00000000	0.00000000	0.00000000	0.00000000	0.00000000	0.00000000
11.74405098	0.00000000	0.00000000	0.00000000	0.00000000	0.00000000	0.00000000	0.00000000	0.00000000
12.58291149	0.00000000	0.00000000	0.00000000	0.00000000	0.00000000	0.00000000	0.00000000	0.00000000
13.42177200	0.00000000	0.00000000	0.00000000	0.00000000	0.00000000	0.00000000	0.00000000	0.00000000
15.09949398	0.00000000	0.00000000	0.00000000	0.00000000	0.00000000	0.00000000	0.00000000	0.00000000
16.77721596	0.00000000	0.00000000	0.00000000	0.00000000	0.00000000	0.00000000	0.00000000	0.00000000
18.45493698	0.00000000	0.00000000	0.00000000	0.00000000	0.00000000	0.00000000	0.00000000	0.00000000
20.13265800	0.00000000	0.00000000	0.00000000	0.00000000	0.00000000	0.00000000	0.00000000	0.00000000
21.81037903	0.00000000	0.00000000	0.00000000	0.00000000	0.00000000	0.00000000	0.00000000	0.00000000
23.48810196	0.00000000	0.00000000	0.00000000	0.00000000	0.00000000	0.00000000	0.00000000	0.00000000
25.16582298	0.00000000	0.00000000	0.00000000	0.00000000	0.00000000	0.00000000	0.00000000	0.00000000
26.84354401	0.00000000	0.00000000	0.00000000	0.00000000	0.00000000	0.00000000	0.00000000	0.00000000
30.19898796	0.00000000	0.00000000	0.00000000	0.00000000	0.00000000	0.00000000	0.00000000	0.00000000
33.55443192	0.00000000	0.00000000	0.00000000	0.00000000	0.00000000	0.00000000	0.00000000	0.00000000
36.90987396	0.00000000	0.00000000	0.00000000	0.00000000	0.00000000	0.00000000	0.00000000	0.00000000
40.26531601	0.00000000	0.00000000	0.00000000	0.00000000	0.00000000	0.00000000	0.00000000	0.00000000
43.62075806	0.00000000	0.00000000	0.00000000	0.00000000	0.00000000	0.00000000	0.00000000	0.00000000
46.97620392	0.00000000	0.00000000	0.00000000	0.00000000	0.00000000	0.00000000	0.00000000	0.00000000
50.33164597	0.00000000	0.00000000	0.00000000	0.00000000	0.00000000	0.00000000	0.00000000	0.00000000
53.68708801	0.00000000	0.00000000	0.00000000	0.00000000	0.00000000	0.00000000	0.00000000	0.00000000
60.39797592	0.00000000	0.00000000	0.00000000	0.00000000	0.00000000	0.00000000	0.00000000	0.00000000
67.10886383	0.00000000	0.00000000	0.00000000	0.00000000	0.00000000	0.00000000	0.00000000	0.00000000
73.81974792	0.00000000	0.00000000	0.00000000	0.00000000	0.00000000	0.00000000	0.00000000	0.00000000
80.53063202	0.00000000	0.00000000	0.00000000	0.00000000	0.00000000	0.00000000	0.00000000	0.00000000
87.24151611	0.00000000	0.00000000	0.00000000	0.00000000	0.00000000	0.00000000	0.00000000	0.00000000
93.95240784	0.00000000	0.00000000	0.00000000	0.00000000	0.00000000	0.00000000	0.00000000	0.00000000
100.66329193	0.00000000	0.00000000	0.00000000	0.00000000	0.00000000	0.00000000	0.00000000	0.00000000
107.37417603	0.00000000	0.00000000	0.00000000	0.00000000	0.00000000	0.00000000	0.00000000	0.00000000
120.79595184	0.00000000	0.00000000	0.00000000	0.00000000	0.00000000	0.00000000	0.00000000	0.00000000
134.21772766	0.00000000	0.00000000	0.00000000	0.00000000	0.00000000	0.00000000	0.00000000	0.00000000
147.63949585	0.00000000	0.00000000	0.00000000	0.00000000	0.00000000	0.00000000	0.00000000	0.00000000
161.06126404	0.00000000	0.00000000	0.00000000	0.00000000	0.00000000	0.00000000	0.00000000	0.00000000
174.48303223	0.00000000	0.00000000	0.00000000	0.00000000	0.00000000	0.00000000	0.00000000	0.00000000
187.90481567	0.00000000	0.00000000	0.00000000	0.00000000	0.00000000	0.00000000	0.00000000	0.00000000
201.32658386	0.00000000	0.00000000	0.00000000	0.00000000	0.00000000	0.00000000	0.00000000	0.00000000
214.74835205	0.00000000	0.00000000	0.00000000	0.00000000	0.00000000	0.00000000	0.00000000	0.00000000
241.59190369	0.00000000	0.00000000	0.00000000	0.00000000	0.00000000	0.00000000	0.00000000	0.00000000
268.43545532	0.00000000	0.00000000	0.00000000	0.00000000	0.00000000	0.00000000	0.00000000	0.00000000
295.27899170	0.00000000	0.00000000	0.00000000	0.00000000	0.00000000	0.00000000	0.00000000	0.00000000
322.12252808	0.00000000	0.00000000	0.00000000	0.00000000	0.00000000	0.00000000	0.00000000	0.00000000
348.96606445	0.00000000	0.00000000	0.00000000	0.00000000	0.00000000	0.00000000	0.00000000	0.00000000
375.80963135	0.00000000	0.00000000	0.00000000	0.00000000	0.00000000	0.00000000	0.00000000	0.00000000
402.65316772	0.00000000	0.00000000	0.00000000	0.00000000	0.00000000	0.00000000	0.00000000	0.00000000
429.49670410	0.00000000	0.00000000	0.00000000	0.00000000	0.00000000	0.00000000	0.00000000	0.00000000
483.18380737	0.00000000	0.00000000	0.00000000	0.00000000	0.00000000	0.00000000	0.00000000	0.00000000
536.87091064	0.00000000	0.00000000	0.00000000	0.00000000	0.00000000	0.00000000	0.00000000	0.00000000
590.55798340	0.00000000	0.00000000	0.00000000	0.00000000	0.00000000	0.00000000	0.00000000	0.00000000
644.24505615	0.00000000	0.00000000	0.00000000	0.00000000	0.00000000	0.00000000	0.00000000	0.00000000
697.93212891	0.00000000	0.00000000	0.00000000	0.00000000	0.00000000	0.00000000	0.00000000	0.00000000
751.61926270	0.00000000	0.00000000	0.00000000	0.00000000	0.00000000	0.00000000	0.00000000	0.00000000
805.30633545	0.00000000	0.00000000	0.00000000	0.00000000	0.00000000	0.00000000	0.00000000	0.00000000
858.99340820	0.00000000	0.00000000	0.00000000	0.00000000	0.00000000	0.00000000	0.00000000	0.00000000
966.36761475	0.00000000	0.00000000	0.00000000	0.00000000	0.00000000	0.00000000	0.00000000	0.00000000
1073.74182129	0.00000000	0.00000000	0.00000000	0.00000000	0.00000000	0.00000000	0.00000000	0.00000000
1181.11596680	0.00000000	0.00000000	0.00000000	0.00000000	0.00000000	0.00000000	0.00000000	0.00000000
1288.49011230	0.00000000	0.00000000	0.00000000	0.00000000	0.00000000	0.00000000	0.00000000	0.00000000
1395.86425781	0.00000000	0.00000000	0.00000000	0.00000000	0.00000000	0.00000000	0.00000000	0.00000000
1503.23852539	0.00000000	0.00000000	0.00000000	0.00000000	0.00000000	0.00000000	0.00000000	0.00000000
1610.61267090	0.00000000	0.00000000	0.00000000	0.00000000	0.00000000	0.00000000	0.00000000	0.00000000
1717.98681641	0.00000000	0.00000000	0.00000000	0.00000000	0.00000000	0.00000000	0.00000000	0.00000000
1932.73522949	0.00000000	0.00000000	0.00000000	0.00000000	0.00000000	0.00000000	0.00000000	0.00000000
2147.48364258	0.00000000	0.00000000	0.00000000	0.00000000	0.00000000	0.00000000	0.00000000	0.00000000
2362.23193359	0.00000000	0.00000000	0.00000000	0.00000000	0.00000000	0.00000000	0.00000000	0.00000000
2576.98022461	0.00000000	0.00000000	0.00000000	0.00000000	0.00000000	0.00000000	0.00000000	0.00000000
2791.72851562	0.00000000	0.00000000	0.00000000	0.00000000	0.00000000	0.00000000	0.00000000	0.00000000
3006.47705078	0.00000000	0.00000000	0.00000000	0.00000000	0.00000000	0.00000000	0.00000000	0.00000000
3221.22534180	0.00000000	0.00000000	0.00000000	0.00000000	0.00000000	0.00000000	0.00000000	0.00000000
3435.97363281	0.00000000	0.00000000	0.00000000	0.00000000	0.00000000	0.00000000	0.00000000	0.00000000
0	0	0	0	0	0	0	0	0
