%2/20/2015 4:18:44 PM
%Duration	ID1		ID2		ID3		ID4		ID5		ID6		ID7		ID8
3000.000000	6.990433	5.044937	10.509491	10.576248	33.245087	44.384003	54.512024	43.325424
%Tau		Tau1		Tau2		Tau3		Tau4		Tau5		Tau6		Tau7		Tau8
%		0.000009	0.000003	0.000008	0.000002	0.000025	0.000025	0.000025	0.000022
%Delaytime	D1		D2		D3		D4		D5		D6		D7		D8
0.00000000	3.60087371	14.89700699	8.74179554	7.18950176	2.77404761	1.82288909	2.17513156	2.74778557
0.00000020	1.53228664	2.70854664	1.87551260	2.52963948	1.57698572	1.56005394	1.51835847	1.67090142
0.00000040	1.68551540	1.89598262	1.68478251	2.29664636	1.58301628	1.45491982	1.52865636	1.55975091
0.00000060	1.99197268	1.62512803	1.55762911	1.39795864	1.53778720	1.50579119	1.50348389	1.44860041
0.00000080	1.60890102	2.03140998	1.49405241	1.76409078	1.38702381	1.52953112	1.43368745	1.40486908
0.00000100	1.45567238	2.57311940	1.58941746	1.59766710	1.39305425	1.51087832	1.57671297	1.44313407
0.00000120	1.68551540	1.21884596	1.17616892	1.46452820	1.48954296	1.46509409	1.52751219	1.44860041
0.00000140	1.45567238	1.48970068	1.39868736	1.59766710	1.54080248	1.42948413	1.45085049	1.44677830
0.00000160	1.76212966	1.48970068	1.23974562	1.26481974	1.49255812	1.51087832	1.49661863	1.40304697
0.00000180	1.30244362	1.48970068	1.65299416	0.96525717	1.60110784	1.43287563	1.44970632	1.43402338
0.00000200	1.14921498	1.08341861	1.23974562	1.36467397	1.45939016	1.43117988	1.42682219	1.37571490
0.00000220	1.68551540	0.81256402	1.30332232	1.36467397	1.48652768	1.52274823	1.47945559	1.38846982
0.00000240	1.37905800	1.76055539	1.23974562	1.26481974	1.55587888	1.42948413	1.50005126	1.51966381
0.00000260	1.53228664	0.67713666	1.58941746	1.19825029	1.45939016	1.45491982	1.43712008	1.43037903
0.00000280	1.45567238	0.94799131	1.46226406	1.66423655	1.42622221	1.39896142	1.46229255	1.49597609
0.00000300	1.68551540	1.89598262	1.62120581	1.36467397	1.39908481	1.50918257	1.50577223	1.44131184
0.00000340	1.37905800	2.16683722	1.36689901	1.24817741	1.56944752	1.38709140	1.47259033	1.42946804
0.00000380	1.83874404	1.96369636	1.33511066	1.49781287	1.50461924	1.49392116	1.41995704	1.43675649
0.00000420	1.68551540	1.21884596	1.62120581	1.31474686	1.42622221	1.44304991	1.43025482	1.41215765
0.00000460	1.11090779	1.55741429	1.36689901	1.29810452	1.43074512	1.49476898	1.43254328	1.48595428
0.00000500	1.60890102	0.88027769	1.55762911	1.39795864	1.51366508	1.45407200	1.48117185	1.49779820
0.00000540	1.53228664	1.69284165	1.28742814	1.63095176	1.54231012	1.46933341	1.42338955	1.43220115
0.00000580	1.60890102	1.62512803	1.46226406	1.79737544	1.46089780	1.45915914	1.43483162	1.41306877
0.00000620	1.49397957	1.35427332	1.12848639	1.79737544	1.43074512	1.49222553	1.42281747	1.41671300
0.00000700	1.41736519	1.21884596	1.47021115	1.51445520	1.41793025	1.44432163	1.44341314	1.41853511
0.00000780	1.35990441	1.48970068	1.45431697	1.28146207	1.43074512	1.39980924	1.39535666	1.36250436
0.00000860	1.45567238	1.25270283	1.26358688	1.27314091	1.33802569	1.38624358	1.39878917	1.36478209
0.00000940	1.13006139	1.04956186	1.42252862	1.41460109	1.39456189	1.40955961	1.36732364	1.37343717
0.00001020	1.37905800	1.42198706	1.43047571	1.38963747	1.34481001	1.38285208	1.37447488	1.35931563
0.00001100	1.30244362	1.89598262	1.47815824	1.58102465	1.36064017	1.37776494	1.39077973	1.36341548
0.00001180	1.32159722	1.28655970	1.22385144	1.45620692	1.38400853	1.35105753	1.36846781	1.35794902
0.00001260	0.99598634	1.42198706	1.25563979	1.35635281	1.32897985	1.34936190	1.36246073	1.34246087
0.00001420	1.45567238	1.37120175	1.47418463	1.23569560	1.34292543	1.31481171	1.30525053	1.33403349
0.00001580	1.21625257	1.45584381	1.23974562	1.21073210	1.33576417	1.28513682	1.29237831	1.29371858
0.00001740	1.22582936	1.08341861	1.27153397	1.10671735	1.27734339	1.31481171	1.27964902	1.28255808
0.00001900	1.29286695	1.33734488	1.09669805	1.33138919	1.27244353	1.27178311	1.30081677	1.24839294
0.00002060	1.30244362	1.30348814	1.16822183	1.19825029	1.28563535	1.25440204	1.24046004	1.22903275
0.00002220	1.19709897	1.18498921	1.12053931	1.17744732	1.24756753	1.25397813	1.22901797	1.24429309
0.00002380	1.17794538	1.10034704	1.22782493	1.26065922	1.21929944	1.22197151	1.21228397	1.17801285
0.00002540	0.94810241	1.25270283	1.30729580	1.28978336	1.25435197	1.20607424	1.22186673	1.19668972
0.00002860	1.26078522	0.99192858	1.13408732	1.19773996	1.17168105	1.18542242	1.18191564	1.18121696
0.00003180	1.18437397	0.98345053	1.09252393	1.12445164	1.16601896	1.14138138	1.14586854	1.15196824
0.00003500	1.18437397	1.09366477	1.10637844	1.10141826	1.16432035	1.14011943	1.13209212	1.12237799
0.00003820	1.17482257	1.05127466	1.14992106	1.14748514	1.10808790	1.10941124	1.10703766	1.11042809
0.00004140	1.11751425	1.09366477	1.13408732	1.11188793	1.10637796	1.11640000	1.09832919	1.10553443
0.00004460	1.06975722	0.99192858	1.02721000	1.05953920	1.07863355	1.10761106	1.08626592	1.09734023
0.00004780	1.09841144	1.10214281	1.08262789	1.04488158	1.09958339	1.07384849	1.07834268	1.08538175
0.00005100	1.01244879	1.10214281	1.00543869	1.08676052	1.06730938	1.05023456	1.06449497	1.05601943
0.00005740	1.03071010	1.03361595	1.06622481	1.06755531	1.06686139	1.06335866	1.05776536	1.05351281
0.00006380	1.11183083	1.02514374	1.05830479	1.03935182	1.02899194	1.04431057	1.04328191	1.04200649
0.00007020	1.01400876	0.99125469	1.03751493	1.02786148	1.02899194	1.03108275	1.03156579	1.03568363
0.00007660	1.01162291	0.99125469	1.03358889	1.01428199	1.03097510	1.02774930	1.01846731	1.03938627
0.00008300	1.06888449	0.94465721	1.01576841	1.00905907	1.02323127	1.02229953	1.01211441	1.01027060
0.00008940	1.01162291	1.05479658	1.04150915	1.03621805	1.02748096	1.01108229	1.01436293	1.00970101
0.00009580	1.05695498	1.03785217	1.03061879	1.00801456	1.01359868	1.00334966	1.01718879	1.01346052
0.00010220	1.04025364	0.94042110	1.05437946	1.01532662	1.01123774	1.01429451	1.00469697	1.01761866
0.00011500	1.01940429	0.99031240	0.98246241	1.00633287	0.99794203	0.99817908	1.00892246	1.01242042
0.00012780	0.98120648	0.96915185	1.01415479	0.99069130	1.00757217	1.00410426	1.00541317	1.00838435
0.00014060	0.99194962	1.03263342	0.98444319	0.98755622	1.00691128	1.00219965	1.00245082	1.00562978
0.00015340	1.01821065	0.99877656	1.01217401	0.97867340	1.00203884	0.99891973	1.00199854	1.00876248
0.00016620	0.98120648	1.09823108	0.97998649	0.99905157	0.99085104	0.99995130	1.00460315	1.00172818
0.00017900	1.00985479	1.06014204	1.00573647	1.02047467	0.99113429	1.00339007	1.00515091	1.00557280
0.00019180	0.95852649	0.97549999	1.00821245	1.01420450	1.01695585	0.99519002	1.00703561	1.00587022
0.00020460	0.95017076	1.03044736	1.00573647	0.97397077	0.98962373	0.99399972	1.01128781	1.00321376
0.00023020	1.01265538	1.05085766	1.01171863	1.00499618	1.00021791	0.99289018	1.00074792	0.99714863
0.00025580	0.97265071	1.06676376	1.00028467	0.96505731	1.00509000	0.99932665	1.00393295	1.00040674
0.00028140	0.99777919	1.00950205	0.99950826	1.01018286	0.99280697	1.00077415	1.00255895	1.00604081
0.00030700	1.01574445	1.00313962	0.97274238	0.98985595	0.99760824	0.99852538	0.99548411	1.00510180
0.00033260	0.99539071	1.01480412	0.99926043	0.99612087	1.00161040	0.99904692	0.99832118	0.99982977
0.00035820	1.04793680	1.05078626	1.00771987	0.98541832	0.99672484	1.00536990	1.00238943	0.99188167
0.00038380	1.00733304	0.95535666	1.02333379	1.00682342	0.99703169	1.00577998	1.00001013	0.99650550
0.00040940	0.96493787	0.99776983	0.99755841	1.01491559	0.99543685	1.00581968	0.99817222	0.98367268
0.00046060	0.98309726	0.96497554	1.01427364	1.02091944	0.99955678	0.99807823	0.99827862	0.99475294
0.00051180	1.00925803	1.01271057	1.00439930	0.99807864	1.00028050	1.00527632	0.99750203	0.99882984
0.00056300	1.02960312	1.06567657	0.98569834	0.99729550	1.00187290	1.00132108	0.99491620	0.99978399
0.00061420	1.00960791	1.01218092	1.01926088	1.01674283	0.99693197	1.00158167	0.99846345	1.00458825
0.00066540	0.99528301	1.02489269	0.98699582	1.00760651	1.00787795	1.00020754	0.99908471	1.00573456
0.00071660	1.00095332	1.05077469	0.99578840	0.99047512	0.99920243	1.00287378	0.99531287	1.00010490
0.00076780	0.98036122	1.01105285	1.00006461	1.00894570	1.00037301	1.01072133	0.99945253	1.00282371
0.00081900	1.00572824	1.00151968	0.99795920	1.01325297	1.00080824	0.99902624	1.00229526	1.00079513
0.00092140	1.00039840	0.96086913	1.00053394	0.98390371	1.00012803	1.00114501	0.99872005	0.99715292
0.00102380	0.98335886	1.01807630	1.00738645	1.00069332	1.00330806	1.00356162	1.00237203	0.99677062
0.00112620	1.00583065	1.04032362	1.00611341	1.01435518	1.00546849	1.00372565	0.99845165	0.99956161
0.00122860	0.99402189	1.01708603	0.98525357	0.98263270	1.00349855	1.00292325	1.00209999	1.00267577
0.00133100	1.00254214	0.99589676	0.99917001	1.00672603	0.99808818	0.99817252	1.00779378	0.99969405
0.00143340	1.00618088	1.01304424	1.00843608	0.99655378	0.99247932	0.99932498	0.99607754	1.00273705
0.00153580	1.00154686	1.03078902	0.99268991	1.00789976	0.99217308	0.99282473	0.99834388	1.00095248
0.00163820	1.01380467	1.01959610	0.99247128	0.99821550	0.99947202	1.00002110	1.00132918	1.00680268
0.00184300	1.00896454	0.98146540	0.99696523	1.00271761	1.00114703	0.99998152	1.00336659	0.99864835
0.00204780	1.01675892	0.99763417	0.99501872	1.00593686	1.00548911	1.00294709	1.00232625	1.00083601
0.00225260	1.00096869	0.98630261	1.00510275	0.99523950	0.99545157	1.00214636	0.99872494	1.00212181
0.00245740	0.98604929	0.97629768	0.99026084	0.99813366	0.99564368	0.99906486	1.00029421	0.99648511
0.00266220	1.01698947	1.01956367	1.00275826	1.00281513	1.00192082	1.00306582	0.99641037	1.00138259
0.00286700	1.01161397	1.00816751	1.01178992	0.99728709	1.00202703	1.00260437	0.99913388	1.00093544
0.00307180	1.00865245	1.00909972	0.99679059	0.99985713	0.99938732	0.99893135	0.99811351	1.00151455
0.00327660	1.00247145	0.99915648	1.00329220	1.00970733	1.00253761	0.99883342	1.00006533	1.00199211
0.00368620	1.00552285	0.99837750	0.99993289	0.99419087	1.00152755	0.99989897	0.99778259	1.00008595
0.00409580	1.00198495	1.00766194	1.00481200	1.00153518	1.00024354	1.00151587	1.00099540	1.00379920
0.00450540	1.00848198	0.99738747	1.00372624	0.99416226	0.99834055	1.00025332	0.99850333	1.00176287
0.00491500	0.99822390	1.00905216	1.00024450	0.99464577	1.00285316	1.00282502	0.99971944	0.99935621
0.00532460	1.00341344	0.97636527	1.00145018	0.99636573	0.99963009	0.99928534	1.00237763	1.00122976
0.00573420	0.99560738	0.99227887	0.99619442	1.00110912	0.99867088	0.99892706	1.00053465	0.99936843
0.00614380	0.99724990	1.01210201	1.00194550	1.00148761	0.99920499	1.00190759	0.99925458	1.00006926
0.00655340	0.99059206	0.99864429	0.99771428	1.00722277	1.00081742	0.99978852	1.00152397	0.99869418
0.00737260	1.00108683	1.00248277	1.00225723	1.00171971	0.99862468	1.00075030	0.99941653	0.99994773
0.00819180	1.00276291	1.00291741	0.99756402	0.99974227	0.99920499	0.99988669	0.99848777	1.00006056
0.00901100	1.00303888	0.99605417	0.99606925	0.99779058	0.99974513	0.99960697	1.00189435	0.99959457
0.00983020	1.00793171	1.00778353	0.99772656	0.99930578	0.99784565	0.99964029	0.99917912	1.00120568
0.01064940	0.99955165	0.99740696	0.99967533	0.99926984	1.00170052	0.99950516	0.99989027	1.00021791
0.01146860	0.99839544	0.99691141	0.99518216	0.99496955	1.00003278	0.99899161	0.99993593	1.00236666
0.01228780	0.99842268	0.99382812	1.00115991	0.99466598	1.00127780	0.99894863	1.00178027	1.00020182
0.01310700	0.99933118	0.99366504	0.99952239	1.00086486	0.99947524	1.00013077	0.99971825	1.00058162
0.01474540	0.99578136	1.00655568	1.00329137	0.99999648	1.00077271	0.99924791	1.00067616	1.00135231
0.01638380	1.00388730	0.99349147	1.00241256	1.00087082	0.99899226	0.99946868	1.00137889	1.00135195
0.01802220	0.99772304	0.99592572	1.00037587	0.99762666	1.00080442	1.00062966	1.00073409	0.99955982
0.01966060	1.00037849	1.00202966	0.99907446	1.00081217	1.00121140	1.00042045	0.99965668	0.99998367
0.02129900	1.00687242	1.00320864	1.00065637	1.00163758	0.99872738	1.00013351	0.99949288	1.00007939
0.02293740	1.00036550	0.99859291	1.00177372	1.00123906	1.00040948	1.00020981	0.99968278	1.00047219
0.02457580	0.99696589	1.00093007	0.99882883	1.00020945	0.99843866	0.99928683	1.00030220	0.99891120
0.02621420	1.00911057	1.00726199	1.00103784	1.00146413	0.99985307	0.99961996	1.00034070	0.99954599
0.02949100	1.00112927	1.00380349	1.00167704	0.99982613	0.99982995	1.00056601	1.00039506	1.00005937
0.03276780	1.00052369	1.00263369	1.00060380	1.00097477	1.00092840	0.99980152	0.99985933	1.00030804
0.03604460	1.00804019	0.99597752	1.00197530	0.99659348	1.00078261	1.00042701	0.99971920	0.99943423
0.03932140	1.00003719	1.00263643	0.99966472	0.99799812	1.00031757	1.00025117	0.99931246	0.99981540
0.04259820	0.99854547	1.00246894	1.00067997	1.00255215	0.99920720	1.00006235	0.99961644	0.99968803
0.04587500	1.00190210	1.00335896	1.00095510	0.99915189	0.99962062	0.99951231	1.00020289	0.99964041
0.04915180	1.00064385	0.99897265	1.00038040	1.00032771	1.00057173	0.99995703	1.00023556	0.99976206
0.05242860	1.00470817	1.00102234	1.00245547	0.99683899	1.00092661	0.99948514	1.00040102	0.99948472
0.05898220	1.00226200	1.00406241	1.00121009	0.99981892	1.00024283	1.00005889	1.00035453	0.99986684
0.06553581	1.00203764	0.99807310	0.99871355	0.99766600	0.99981558	0.99998796	1.00081682	1.00069880
0.07208940	1.00054049	1.00003374	0.99856460	1.00032902	1.00012481	0.99954361	1.00054014	1.00022650
0.07864300	0.99825311	1.00340247	0.99784362	0.99969882	1.00007546	1.00039005	1.00057673	1.00045431
0.08519660	0.99925840	0.99901205	0.99776733	0.99988759	0.99993896	1.00044501	1.00085783	0.99992955
0.09175020	0.99902618	1.00447404	0.99893779	0.99963677	0.99955630	0.99904627	1.00053573	0.99967557
0.09830380	0.99878186	0.99979138	1.00090480	1.00116205	0.99988687	1.00012541	1.00024211	1.00024235
0.10485740	1.00156498	0.99988949	0.99955833	0.99827480	0.99878377	1.00026202	1.00063002	1.00022900
0.11796460	1.00054157	1.00128829	1.00035429	0.99948782	1.00011623	0.99987149	1.00026047	1.00004232
0.13107181	0.99873424	1.00494623	1.00003147	0.99938601	1.00097132	0.99972755	0.99998033	1.00011158
0.14417900	0.99894899	1.00131261	0.99993408	0.99923360	1.00009274	1.00030351	1.00010645	1.00027776
0.15728620	0.99871951	1.00004923	1.00034821	0.99907070	1.00002074	1.00037110	1.00026548	1.00049222
0.17039341	1.00063944	1.00113118	1.00069714	1.00134504	1.00042069	1.00016499	0.99986154	0.99997032
0.18350060	0.99898911	1.00386429	1.00006449	0.99940991	1.00027668	1.00046241	1.00051737	1.00033963
0.19660780	1.00036299	1.00081754	1.00040519	1.00068951	1.00028765	0.99953657	1.00020063	1.00012326
0.20971501	0.99810809	0.99725419	1.00004363	0.99933130	1.00016594	0.99997920	0.99998957	0.99988490
0.23592941	1.00027025	0.99998868	0.99904948	1.00040746	0.99993616	0.99977505	0.99987549	1.00019002
0.26214382	1.00053680	1.00211704	1.00004816	0.99992996	1.00024259	1.00005186	0.99994898	1.00009573
0.28835821	0.99995476	1.00193095	0.99996930	1.00020540	0.99990970	0.99983370	1.00003588	0.99969780
0.31457260	1.00073123	0.99987572	1.00136220	1.00042701	1.00034356	1.00008833	1.00046837	1.00030243
0.34078699	1.00084877	1.00021815	1.00079179	1.00024843	1.00004756	1.00000513	1.00010836	1.00017869
0.36700141	1.00048363	1.00056243	1.00076509	0.99968624	1.00028968	0.99985957	1.00013685	0.99998230
0.39321581	1.00112450	1.00049937	0.99985510	0.99943125	1.00028419	1.00026822	0.99994832	1.00018656
0.41943020	1.00043368	1.00122523	1.00036466	1.00020456	1.00015581	1.00005651	1.00034416	1.00015247
0.47185901	1.00037313	1.00025940	0.99969983	1.00050056	0.99977022	0.99974728	1.00006151	1.00002360
0.52428782	0.99938244	0.99997675	0.99964559	1.00022674	1.00005352	1.00004411	1.00001001	0.99974966
0.57671660	1.00036585	1.00046396	1.00027227	1.00001633	1.00013018	1.00009525	1.00013077	0.99977607
0.62914538	1.00031471	1.00037789	1.00018859	0.99972349	1.00016415	0.99998802	1.00008309	1.00011802
0.68157423	0.99943018	1.00122714	1.00041580	1.00002015	1.00005436	1.00008249	1.00006425	0.99975038
0.73400301	1.00006068	1.00062108	1.00039244	1.00035512	1.00000286	0.99994838	1.00025749	1.00000823
0.78643179	1.00140071	0.99930382	0.99987578	1.00025570	0.99996531	0.99996406	0.99997729	0.99976063
0.83886063	1.00082564	1.00150156	0.99999303	1.00012243	0.99983442	1.00003970	1.00003541	1.00002551
0.94371825	0.99873555	0.99937880	0.99952722	1.00029361	1.00012171	0.99992293	0.99996918	0.99989396
1.04857588	0.99978179	1.00021851	0.99976557	0.99980175	0.99980587	1.00003672	0.99993247	0.99995381
1.15343344	1.00070679	1.00007403	1.00003529	1.00011134	1.00006962	0.99994665	0.99991095	1.00000393
1.25829101	0.99958122	0.99990278	0.99934965	1.00014234	0.99989629	1.00003052	0.99987644	1.00013888
1.36314869	0.99903011	1.00056875	1.00030148	1.00011671	0.99981838	0.99994779	0.99970698	0.99996603
1.46800625	0.99973851	1.00056612	1.00007725	0.99996424	0.99984717	0.99999112	0.99970591	1.00006628
1.57286382	0.99948937	0.99985534	0.99968243	0.99990195	0.99969304	0.99991083	0.99967319	0.99995422
1.67772150	0.99899995	1.00035930	0.99961275	1.00014782	0.99989271	1.00001335	0.99967080	1.00014830
1.88743675	1.00033820	1.00079787	0.99990553	0.99999797	0.99979317	1.00003159	0.99979967	1.00020111
2.09715199	1.00040352	1.00040317	0.99990505	1.00004613	0.99985075	0.99986547	0.99989223	1.00012922
2.30686712	1.00021183	0.99957204	1.00000441	0.99984026	0.99985069	0.99998665	0.99984205	1.00006115
2.51658225	0.99975407	1.00045502	0.99984300	0.99988574	0.99983299	0.99999601	0.99997205	0.99995148
2.72629738	0.99949616	1.00069380	1.00015318	0.99999225	1.00005102	0.99985063	1.00000751	0.99989200
2.93601274	1.00071585	1.00013316	1.00029254	1.00010467	0.99997973	1.00012743	1.00018179	0.99975497
3.14572787	0.99967831	0.99989802	0.99988782	1.00000787	1.00007331	0.99998862	0.99995303	1.00008333
3.35544300	1.00105858	0.99934250	0.99988592	0.99984413	1.00012112	0.99993718	1.00019646	1.00001752
3.77487350	1.00010598	0.99829912	0.99990404	0.99999046	1.00014722	1.00000954	1.00007892	1.00018740
4.19430399	1.00082064	0.99986583	0.99994493	1.00008416	0.99995631	0.99999470	1.00006640	0.99979299
4.61373425	0.99885559	1.00103700	0.99999887	1.00000787	0.99997526	0.99995434	1.00014174	0.99988252
5.03316450	1.00000000	1.00000000	1.00000000	1.00000000	1.00000000	1.00000000	1.00000000	1.00000000
5.45259476	0.00000000	0.00000000	0.00000000	0.00000000	0.00000000	0.00000000	0.00000000	0.00000000
5.87202549	0.00000000	0.00000000	0.00000000	0.00000000	0.00000000	0.00000000	0.00000000	0.00000000
6.29145575	0.00000000	0.00000000	0.00000000	0.00000000	0.00000000	0.00000000	0.00000000	0.00000000
6.71088600	0.00000000	0.00000000	0.00000000	0.00000000	0.00000000	0.00000000	0.00000000	0.00000000
7.54974699	0.00000000	0.00000000	0.00000000	0.00000000	0.00000000	0.00000000	0.00000000	0.00000000
8.38860798	0.00000000	0.00000000	0.00000000	0.00000000	0.00000000	0.00000000	0.00000000	0.00000000
9.22746849	0.00000000	0.00000000	0.00000000	0.00000000	0.00000000	0.00000000	0.00000000	0.00000000
10.06632900	0.00000000	0.00000000	0.00000000	0.00000000	0.00000000	0.00000000	0.00000000	0.00000000
10.90518951	0.00000000	0.00000000	0.00000000	0.00000000	0.00000000	0.00000000	0.00000000	0.00000000
11.74405098	0.00000000	0.00000000	0.00000000	0.00000000	0.00000000	0.00000000	0.00000000	0.00000000
12.58291149	0.00000000	0.00000000	0.00000000	0.00000000	0.00000000	0.00000000	0.00000000	0.00000000
13.42177200	0.00000000	0.00000000	0.00000000	0.00000000	0.00000000	0.00000000	0.00000000	0.00000000
15.09949398	0.00000000	0.00000000	0.00000000	0.00000000	0.00000000	0.00000000	0.00000000	0.00000000
16.77721596	0.00000000	0.00000000	0.00000000	0.00000000	0.00000000	0.00000000	0.00000000	0.00000000
18.45493698	0.00000000	0.00000000	0.00000000	0.00000000	0.00000000	0.00000000	0.00000000	0.00000000
20.13265800	0.00000000	0.00000000	0.00000000	0.00000000	0.00000000	0.00000000	0.00000000	0.00000000
21.81037903	0.00000000	0.00000000	0.00000000	0.00000000	0.00000000	0.00000000	0.00000000	0.00000000
23.48810196	0.00000000	0.00000000	0.00000000	0.00000000	0.00000000	0.00000000	0.00000000	0.00000000
25.16582298	0.00000000	0.00000000	0.00000000	0.00000000	0.00000000	0.00000000	0.00000000	0.00000000
26.84354401	0.00000000	0.00000000	0.00000000	0.00000000	0.00000000	0.00000000	0.00000000	0.00000000
30.19898796	0.00000000	0.00000000	0.00000000	0.00000000	0.00000000	0.00000000	0.00000000	0.00000000
33.55443192	0.00000000	0.00000000	0.00000000	0.00000000	0.00000000	0.00000000	0.00000000	0.00000000
36.90987396	0.00000000	0.00000000	0.00000000	0.00000000	0.00000000	0.00000000	0.00000000	0.00000000
40.26531601	0.00000000	0.00000000	0.00000000	0.00000000	0.00000000	0.00000000	0.00000000	0.00000000
43.62075806	0.00000000	0.00000000	0.00000000	0.00000000	0.00000000	0.00000000	0.00000000	0.00000000
46.97620392	0.00000000	0.00000000	0.00000000	0.00000000	0.00000000	0.00000000	0.00000000	0.00000000
50.33164597	0.00000000	0.00000000	0.00000000	0.00000000	0.00000000	0.00000000	0.00000000	0.00000000
53.68708801	0.00000000	0.00000000	0.00000000	0.00000000	0.00000000	0.00000000	0.00000000	0.00000000
60.39797592	0.00000000	0.00000000	0.00000000	0.00000000	0.00000000	0.00000000	0.00000000	0.00000000
67.10886383	0.00000000	0.00000000	0.00000000	0.00000000	0.00000000	0.00000000	0.00000000	0.00000000
73.81974792	0.00000000	0.00000000	0.00000000	0.00000000	0.00000000	0.00000000	0.00000000	0.00000000
80.53063202	0.00000000	0.00000000	0.00000000	0.00000000	0.00000000	0.00000000	0.00000000	0.00000000
87.24151611	0.00000000	0.00000000	0.00000000	0.00000000	0.00000000	0.00000000	0.00000000	0.00000000
93.95240784	0.00000000	0.00000000	0.00000000	0.00000000	0.00000000	0.00000000	0.00000000	0.00000000
100.66329193	0.00000000	0.00000000	0.00000000	0.00000000	0.00000000	0.00000000	0.00000000	0.00000000
107.37417603	0.00000000	0.00000000	0.00000000	0.00000000	0.00000000	0.00000000	0.00000000	0.00000000
120.79595184	0.00000000	0.00000000	0.00000000	0.00000000	0.00000000	0.00000000	0.00000000	0.00000000
134.21772766	0.00000000	0.00000000	0.00000000	0.00000000	0.00000000	0.00000000	0.00000000	0.00000000
147.63949585	0.00000000	0.00000000	0.00000000	0.00000000	0.00000000	0.00000000	0.00000000	0.00000000
161.06126404	0.00000000	0.00000000	0.00000000	0.00000000	0.00000000	0.00000000	0.00000000	0.00000000
174.48303223	0.00000000	0.00000000	0.00000000	0.00000000	0.00000000	0.00000000	0.00000000	0.00000000
187.90481567	0.00000000	0.00000000	0.00000000	0.00000000	0.00000000	0.00000000	0.00000000	0.00000000
201.32658386	0.00000000	0.00000000	0.00000000	0.00000000	0.00000000	0.00000000	0.00000000	0.00000000
214.74835205	0.00000000	0.00000000	0.00000000	0.00000000	0.00000000	0.00000000	0.00000000	0.00000000
241.59190369	0.00000000	0.00000000	0.00000000	0.00000000	0.00000000	0.00000000	0.00000000	0.00000000
268.43545532	0.00000000	0.00000000	0.00000000	0.00000000	0.00000000	0.00000000	0.00000000	0.00000000
295.27899170	0.00000000	0.00000000	0.00000000	0.00000000	0.00000000	0.00000000	0.00000000	0.00000000
322.12252808	0.00000000	0.00000000	0.00000000	0.00000000	0.00000000	0.00000000	0.00000000	0.00000000
348.96606445	0.00000000	0.00000000	0.00000000	0.00000000	0.00000000	0.00000000	0.00000000	0.00000000
375.80963135	0.00000000	0.00000000	0.00000000	0.00000000	0.00000000	0.00000000	0.00000000	0.00000000
402.65316772	0.00000000	0.00000000	0.00000000	0.00000000	0.00000000	0.00000000	0.00000000	0.00000000
429.49670410	0.00000000	0.00000000	0.00000000	0.00000000	0.00000000	0.00000000	0.00000000	0.00000000
483.18380737	0.00000000	0.00000000	0.00000000	0.00000000	0.00000000	0.00000000	0.00000000	0.00000000
536.87091064	0.00000000	0.00000000	0.00000000	0.00000000	0.00000000	0.00000000	0.00000000	0.00000000
590.55798340	0.00000000	0.00000000	0.00000000	0.00000000	0.00000000	0.00000000	0.00000000	0.00000000
644.24505615	0.00000000	0.00000000	0.00000000	0.00000000	0.00000000	0.00000000	0.00000000	0.00000000
697.93212891	0.00000000	0.00000000	0.00000000	0.00000000	0.00000000	0.00000000	0.00000000	0.00000000
751.61926270	0.00000000	0.00000000	0.00000000	0.00000000	0.00000000	0.00000000	0.00000000	0.00000000
805.30633545	0.00000000	0.00000000	0.00000000	0.00000000	0.00000000	0.00000000	0.00000000	0.00000000
858.99340820	0.00000000	0.00000000	0.00000000	0.00000000	0.00000000	0.00000000	0.00000000	0.00000000
966.36761475	0.00000000	0.00000000	0.00000000	0.00000000	0.00000000	0.00000000	0.00000000	0.00000000
1073.74182129	0.00000000	0.00000000	0.00000000	0.00000000	0.00000000	0.00000000	0.00000000	0.00000000
1181.11596680	0.00000000	0.00000000	0.00000000	0.00000000	0.00000000	0.00000000	0.00000000	0.00000000
1288.49011230	0.00000000	0.00000000	0.00000000	0.00000000	0.00000000	0.00000000	0.00000000	0.00000000
1395.86425781	0.00000000	0.00000000	0.00000000	0.00000000	0.00000000	0.00000000	0.00000000	0.00000000
1503.23852539	0.00000000	0.00000000	0.00000000	0.00000000	0.00000000	0.00000000	0.00000000	0.00000000
1610.61267090	0.00000000	0.00000000	0.00000000	0.00000000	0.00000000	0.00000000	0.00000000	0.00000000
1717.98681641	0.00000000	0.00000000	0.00000000	0.00000000	0.00000000	0.00000000	0.00000000	0.00000000
1932.73522949	0.00000000	0.00000000	0.00000000	0.00000000	0.00000000	0.00000000	0.00000000	0.00000000
2147.48364258	0.00000000	0.00000000	0.00000000	0.00000000	0.00000000	0.00000000	0.00000000	0.00000000
2362.23193359	0.00000000	0.00000000	0.00000000	0.00000000	0.00000000	0.00000000	0.00000000	0.00000000
2576.98022461	0.00000000	0.00000000	0.00000000	0.00000000	0.00000000	0.00000000	0.00000000	0.00000000
2791.72851562	0.00000000	0.00000000	0.00000000	0.00000000	0.00000000	0.00000000	0.00000000	0.00000000
3006.47705078	0.00000000	0.00000000	0.00000000	0.00000000	0.00000000	0.00000000	0.00000000	0.00000000
3221.22534180	0.00000000	0.00000000	0.00000000	0.00000000	0.00000000	0.00000000	0.00000000	0.00000000
3435.97363281	0.00000000	0.00000000	0.00000000	0.00000000	0.00000000	0.00000000	0.00000000	0.00000000
0	0	0	0	0	0	0	0	0
