%2/24/2015 3:21:05 PM
%Duration	ID1		ID2		ID3		ID4		ID5		ID6		ID7		ID8
3000.000000	2.059937	1.850128	2.727509	4.243851	12.588501	18.758774	24.061203	17.080307
%Tau		Tau1		Tau2		Tau3		Tau4		Tau5		Tau6		Tau7		Tau8
%		0.000002	0.000001	0.000001	0.000002	0.000013	0.000022	0.000024	0.000014
%Delaytime	D1		D2		D3		D4		D5		D6		D7		D8
0.00000000	7.26073027	35.77718735	25.41186142	16.23408890	4.89454460	2.25825405	3.07024479	5.07303381
0.00000020	1.45214605	8.13117886	3.70589638	3.66576195	1.70988452	1.63796103	1.63630760	1.82673240
0.00000040	2.90429211	3.25247169	0.52941376	1.92016101	1.30378699	1.29873836	1.41080928	1.43057358
0.00000060	2.90429211	0.00000000	0.00000000	1.39648080	1.49614894	1.52165616	1.37611735	1.51860881
0.00000080	3.63036513	0.00000000	1.58824134	1.92016101	1.49614894	1.33750665	1.34720731	1.39756036
0.00000100	3.63036513	0.81311792	0.52941376	1.22192061	1.34653413	1.50227201	1.50332141	1.37555146
0.00000120	0.72607303	1.62623584	1.58824134	0.69824040	1.53889608	1.29873836	1.40502727	1.69467950
0.00000140	2.90429211	0.00000000	0.52941376	1.04736054	1.51752257	1.26966214	1.48597538	1.47459126
0.00000160	0.72607303	2.43935370	0.52941376	0.69824040	1.47477543	1.33750665	1.42815530	1.33153391
0.00000180	0.72607303	0.81311792	2.64706898	0.69824040	1.75263166	1.46350372	1.38768137	1.58463538
0.00000200	2.17821908	0.81311792	0.00000000	1.04736054	1.32516050	1.49257994	1.48597538	1.41956913
0.00000220	0.00000000	0.00000000	0.52941376	1.22192061	1.60301673	1.50227201	1.38189936	1.51860881
0.00000240	0.72607303	0.00000000	2.11765504	0.87280047	1.60301673	1.38596702	1.37611735	1.40856469
0.00000260	0.72607303	1.62623584	2.64706898	0.87280047	1.53889608	1.69611359	1.49175739	1.27651179
0.00000280	1.45214605	0.81311792	0.52941376	1.39648080	1.51752257	1.45381165	1.59005153	1.48559558
0.00000300	1.45214605	1.62623584	1.58824134	1.39648080	1.34653413	1.54104030	1.34720731	1.32052946
0.00000340	1.08910954	0.81311792	1.32353449	1.57104087	1.38928115	1.46834970	1.40213633	1.32052946
0.00000380	1.81518257	1.21967685	1.32353449	1.04736054	1.36790764	1.49742591	1.40791833	1.36454713
0.00000420	0.00000000	1.62623584	2.11765504	1.74560094	1.32516050	1.49742591	1.51777649	1.41406691
0.00000460	0.36303651	1.62623584	1.32353449	1.65832090	1.47477543	1.35204482	1.45995641	1.58463538
0.00000500	1.08910954	1.62623584	0.52941376	1.83288097	1.31447375	1.56042445	1.42526436	1.28201401
0.00000540	1.81518257	2.03279471	0.79412067	1.39648080	1.26103985	1.44411957	1.41948235	1.49660003
0.00000580	1.08910954	1.21967685	1.58824134	2.00744104	1.23966634	1.44411957	1.44839239	1.54061770
0.00000620	2.17821908	1.21967685	3.44118953	1.74560094	1.42134154	1.35689080	1.50043046	1.50760448
0.00000700	1.81518257	2.64263320	1.32353449	1.61468089	1.28241348	1.38354409	1.41948235	1.38930702
0.00000780	1.08910954	0.60983843	1.32353449	1.65832090	1.49080563	1.41504335	1.40502727	1.45258236
0.00000860	0.90759128	0.81311792	0.66176724	1.22192061	1.21829271	1.32296860	1.34431624	1.28751624
0.00000940	2.35973740	0.60983843	1.19118094	1.39648080	1.49614894	1.35689080	1.34865272	1.32328057
0.00001020	0.36303651	1.42295635	1.32353449	1.48376083	1.26638329	1.31569946	1.32552481	1.26275623
0.00001100	1.08910954	1.62623584	1.05882752	1.22192061	1.30913043	1.33023763	1.32118821	1.33153391
0.00001180	1.08910954	0.60983843	1.05882752	1.09100056	1.22897959	1.36415994	1.34720731	1.34253824
0.00001260	2.17821908	1.62623584	1.85294819	1.22192061	1.30913043	1.36900592	1.36021674	1.32328057
0.00001420	1.72442341	0.60983843	1.19118094	1.02554059	1.22630787	1.32054555	1.25614071	1.24074745
0.00001580	1.54290509	0.71147817	1.45588791	1.33102071	1.36790764	1.28298879	1.23951745	1.27926290
0.00001740	1.54290509	0.71147817	0.79412067	1.02554059	1.19959092	1.27087367	1.29733753	1.27926290
0.00001900	1.27062774	1.11803710	1.05882752	1.39648080	1.19691920	1.27571964	1.25541794	1.18572545
0.00002060	1.27062774	1.42295635	1.72059476	1.11282063	1.26638329	1.19212556	1.26625919	1.26000524
0.00002220	0.90759128	1.01639736	0.72794396	1.00372052	1.26371157	1.15335727	1.22289419	1.23799634
0.00002380	1.45214605	1.21967685	1.12500429	1.11282063	1.26371157	1.25512397	1.23734915	1.21323645
0.00002540	1.81518257	0.50819868	0.92647409	1.13464057	1.21027768	1.18849099	1.12821376	1.16646767
0.00002860	1.16844857	1.26375782	1.05939651	1.25465071	1.17114997	1.24373341	1.15217292	1.11946046
0.00003180	1.21338892	0.75825471	0.86075968	1.05827057	1.12302053	1.18278384	1.13696671	1.15934300
0.00003500	1.03362751	1.31430817	0.82765353	1.08009052	1.09227121	1.15623152	1.15073931	1.09676874
0.00003820	1.25832915	1.06155658	1.09250259	1.01463056	1.11098826	1.14355886	1.08260107	1.08920479
0.00004140	1.03362751	1.26375782	1.09250259	1.12373054	1.08826041	1.15140390	1.11775744	1.13596356
0.00004460	1.39315021	1.01100624	1.02615249	1.36375070	1.03612018	1.07778156	1.13189256	1.09195530
0.00004780	0.71904528	1.11210692	0.76133895	1.18919063	1.12034667	1.09467852	1.08297873	1.09401822
0.00005100	0.94374692	1.41540885	0.69513559	0.96008050	1.05082643	1.11700654	1.05253351	1.04107082
0.00005740	0.80690426	1.31430817	1.00838244	1.00715542	1.08032405	1.07126915	1.03230894	1.07666075
0.00006380	0.98621631	0.93518078	0.95878983	0.98537904	1.05560422	1.05166793	1.04299808	1.04881608
0.00007020	0.96380228	1.06155658	0.94225895	1.09426069	1.06763005	1.02723610	1.04390395	1.06428540
0.00007660	1.12070036	0.85935533	0.94225895	1.12692523	1.02754378	1.02934921	1.04644024	1.03609693
0.00008300	1.05345833	1.23848271	0.99185151	0.86560923	1.01551795	1.02874541	1.01183677	1.01994014
0.00008940	1.05345833	0.50550312	1.14062929	0.96904683	1.00215590	0.99282390	1.02850437	1.02578402
0.00009580	1.07587230	0.93518078	1.02491331	0.96904683	0.99881536	0.98527735	1.04662144	1.04744101
0.00010220	0.94138825	0.68242925	0.94225895	1.08881664	1.02086282	1.01574695	1.00099468	0.99484551
0.00011500	0.98621631	1.11432517	0.90020669	1.04774392	1.04046237	1.03630662	1.02120626	1.01411986
0.00012780	0.85173225	0.88639504	0.74338967	1.10489357	1.00705004	1.01908267	1.00681794	0.99932528
0.00014060	0.87414628	0.97503453	0.89206761	1.03413677	1.00003338	1.00019681	1.01666737	0.97784042
0.00015340	0.89656025	1.10166240	0.93336701	1.03957963	0.98867315	1.01560771	0.99259669	1.00158107
0.00016620	0.86293924	1.00036013	0.99118620	1.02052975	1.00805235	1.01273704	1.00337923	0.99555993
0.00017900	1.10949337	0.92438340	0.96640652	1.04502249	0.99407279	0.99443746	1.01966786	1.00553787
0.00019180	1.08707929	0.79775554	1.00770593	0.99059421	1.03483808	1.02495646	1.00908029	0.97766840
0.00020460	0.93018126	1.00036013	1.09030485	1.07759643	1.00008738	0.98340833	0.98743868	1.00880647
0.00023020	0.97077090	1.13870466	0.94150054	0.94972855	1.01129425	0.99547029	0.99227512	1.01067519
0.00025580	0.93710256	1.03748643	0.94150054	1.07372463	0.98421973	1.00618970	0.99670452	1.00078511
0.00028140	1.08861017	1.00585580	0.87130100	1.00983834	1.00976431	0.99237520	0.99453503	0.98685312
0.00030700	1.04933035	0.94259441	0.98279446	0.97031707	0.98805976	0.99667805	1.00199270	1.00267720
0.00033260	0.90904558	0.98687738	0.98279446	1.05344820	0.99652088	0.97673136	0.99204916	1.00353718
0.00035820	1.06055319	1.03748643	0.88781852	0.95260060	0.99752253	1.00309467	1.00798714	0.98977715
0.00038380	1.09422147	1.10074782	1.04886472	0.97849387	1.01772344	0.98452437	1.00222969	1.00757921
0.00040940	1.07738733	0.85402852	1.11493492	1.00847554	1.01321578	0.99796140	0.99567568	0.99166912
0.00046060	0.98884201	1.04255319	0.95531243	1.01125896	0.99124819	0.98796755	0.99431014	1.01021421
0.00051180	0.92423016	0.96016300	1.02546489	1.01466382	1.00810421	1.00408757	1.00125384	0.99205869
0.00056300	1.03114152	0.92847443	0.99657863	0.98477650	0.98298711	1.00255799	0.99990535	0.99165231
0.00061420	0.92156518	0.97600722	1.08736420	0.96775061	0.99450254	0.99968880	0.99725908	0.99739790
0.00066540	0.83727568	0.98551381	0.95531243	0.97728509	1.00993991	0.99547857	0.99329573	0.99642771
0.00071660	0.89065903	0.96650070	1.01102173	1.01337993	0.99283361	1.00159454	1.00646734	1.00920522
0.00076780	1.04518974	0.93798101	1.04609799	1.01678514	0.99700588	1.00618100	0.99746585	0.99956828
0.00081900	1.19709826	1.00786328	0.94293255	1.04402649	1.00896585	1.01023901	1.00459862	1.00401485
0.00092140	0.97757709	1.00294256	1.00775504	1.03647184	0.99407816	0.99584174	1.00169599	0.99970365
0.00102380	1.01977468	0.99185151	0.96124321	0.97512192	1.00511146	0.99829513	1.00549436	1.01197851
0.00112620	0.94944543	0.93481213	0.97571355	0.99011856	0.98920006	1.00035298	1.00180089	1.01195896
0.00122860	1.06759858	1.01561797	1.03152764	1.01295435	0.99102736	0.99744540	0.99403781	1.00112247
0.00133100	1.01555490	0.89663684	0.96434402	1.03170013	1.00598907	0.99808687	1.00114775	1.00118482
0.00143340	0.97898370	0.94099343	0.98915029	0.99693519	1.01813757	1.00710571	0.99885690	1.00724518
0.00153580	1.07620656	0.96792424	1.00775504	1.01143503	1.01181269	1.00363302	1.00216866	1.01464236
0.00163820	1.00305271	0.96475589	0.98294872	1.01859140	1.01041913	1.00214314	1.00231016	0.99985629
0.00184300	1.04060733	0.99859571	1.00060081	1.02870011	0.99707764	1.00660717	1.00217319	0.99852395
0.00204780	0.96034396	1.00970888	1.00926971	1.01122117	0.99966794	0.98928344	0.99881983	0.99692613
0.00225260	0.97160900	1.01685297	0.98817104	1.01156211	0.99765652	1.00835657	1.00158811	1.00130296
0.00245740	0.95174605	1.05257380	1.00008297	1.02521193	1.00671399	1.00026596	1.00066149	1.00867128
0.00266220	1.02284539	1.02002823	1.01354861	1.00006354	1.00343430	1.00332320	1.00016713	1.00346541
0.00286700	1.01884675	0.97875082	1.01303065	0.98744988	0.99689567	1.00025284	0.99666387	1.00030434
0.00307180	1.00195980	0.99717402	1.01820982	1.01633525	1.00339019	1.00013804	1.00548697	0.99648130
0.00327660	1.04558444	0.97415006	0.95865017	1.01216590	1.01048529	0.99325627	0.99830794	0.99215567
0.00368620	0.99985170	0.99201345	1.00834525	1.00157642	0.99018931	1.00256515	0.99777418	0.99998605
0.00409580	1.01255274	1.03766441	1.00058079	1.00735319	1.00245631	1.00469947	1.00228572	1.00349414
0.00450540	0.99228710	0.97057742	1.00083959	1.00318682	0.99775833	1.00208652	0.99798286	1.00760317
0.00491500	1.00992465	0.97368020	0.98751396	1.00087893	0.99986720	0.99927098	1.00286460	1.00413299
0.00532460	1.04395247	1.01832449	1.03345037	1.00199425	1.00278187	1.00379384	1.00203753	1.00168467
0.00573420	0.97989553	1.02728820	0.99346751	1.01007926	1.00368619	0.99622548	1.00084317	1.00026631
0.00614380	1.02560651	0.97669441	1.00007319	1.00427091	1.00489509	0.99735057	1.00134587	1.00329494
0.00655340	1.02647316	0.98582608	1.00732195	1.00300074	0.99788690	0.99980038	1.00152397	1.00099051
0.00737260	0.97945166	1.01134396	0.99768692	0.98815620	1.00050175	0.99956936	1.00116742	1.00204313
0.00819180	0.98825723	1.01378727	0.99225914	0.98906922	1.00041223	1.00135100	1.00064123	1.00113571
0.00901100	1.01315343	1.01875091	1.00699782	1.00531280	1.00110579	0.99921888	0.99698532	0.99834430
0.00983020	1.00132334	0.97979993	0.99833310	1.00236475	1.00078392	0.99981004	1.00022638	0.99717313
0.01064940	1.00363779	0.99231052	0.99729455	0.99260616	0.99716592	1.00013113	1.00080645	1.00072455
0.01146860	1.00118577	1.00482118	0.98179376	0.99287057	1.00286663	0.99972397	1.00026917	1.00177860
0.01228780	0.99339843	1.02104735	0.97714275	1.00492930	0.99970239	1.00051725	1.00067973	1.00269449
0.01310700	1.00452054	1.00422537	1.02018929	1.00152850	1.00031102	0.99815059	0.99979013	1.00028205
0.01474540	1.01064682	1.00826538	0.99079514	0.99842077	1.00213718	0.99964148	0.99997330	1.00296545
0.01638380	0.99822450	1.00876188	0.98918951	1.00196266	0.99835038	0.99823713	1.00201714	1.00112033
0.01802220	0.99088043	0.98678058	0.99997264	1.00177884	0.99817026	0.99945617	0.99996185	0.99908561
0.01966060	0.99672461	0.97268748	1.00670373	0.99009901	0.99774528	1.00068414	0.99938947	1.00059366
0.02129900	1.00914669	1.00848770	0.98423517	0.99040276	0.99704021	0.99814767	0.99931455	1.00042248
0.02293740	1.01278234	1.00508213	1.02684200	0.99887532	0.99730349	1.00002050	1.00165021	1.00012445
0.02457580	0.98657823	0.99231035	0.98598218	0.99302369	0.99619067	1.00123870	0.99866438	1.00212634
0.02621420	0.99282181	1.00852549	0.97965467	0.99591321	1.00098038	1.00032759	1.00090969	0.99996299
0.02949100	0.99374312	1.00032079	1.00362611	1.00132871	0.99979836	0.99911171	0.99929935	1.00212252
0.03276780	1.00024021	1.00449967	1.00477946	0.99324793	0.99981558	0.99926198	1.00056446	1.00365913
0.03604460	0.99000776	0.99626505	0.99848163	1.00419641	1.00123382	1.00056350	1.00031078	1.00060582
0.03932140	1.00828421	0.98718500	0.99788165	1.00468719	1.00120032	1.00013089	1.00061917	1.00274575
0.04259820	0.99705791	1.00534856	0.99656492	1.00401604	0.99992502	0.99910897	0.99907106	1.00345457
0.04587500	1.00480580	1.00015426	1.00038195	0.99889988	1.00145197	0.99925864	0.99905229	1.00373995
0.04915180	1.00739884	1.00341272	1.00163305	0.99623227	1.00208366	1.00116575	0.99971843	1.00215173
0.05242860	0.99781102	0.99748886	1.00907719	0.99647790	1.00071871	0.99978703	1.00128698	1.00034904
0.05898220	0.99965590	1.00204086	0.99984455	1.00374448	1.00070238	0.99938941	0.99978441	1.00003088
0.06553581	1.00092292	0.99509013	0.99954242	0.99701458	0.99964213	0.99891752	0.99980694	1.00170195
0.07208940	0.99689239	1.00156903	0.99983650	1.00410676	1.00130939	0.99869961	1.00094616	1.00104892
0.07864300	1.00418234	1.01170969	0.99739820	1.00179684	1.00102913	0.99983114	1.00041986	1.00212109
0.08519660	1.00296938	0.99219704	1.00246847	0.99200267	1.00219572	1.00048685	1.00050306	1.00226355
0.09175020	1.00585532	0.99086881	1.00197899	0.99345672	1.00115168	0.99854672	1.00080431	1.00147772
0.09830380	1.00423729	1.00522780	1.00015020	1.00318789	1.00009000	0.99994951	0.99911839	1.00292706
0.10485740	0.99991310	0.99494886	1.00034297	0.99519157	0.99943095	1.00066209	0.99993312	0.99990863
0.11796460	0.99568933	1.00330389	1.00017262	1.00090337	0.99913919	1.00041783	0.99902564	1.00143814
0.13107181	0.99882293	0.99996245	1.00233006	1.00237525	1.00076389	0.99916947	1.00030434	1.00161827
0.14417900	0.99832642	1.00216424	1.00115716	1.00122523	1.00028765	1.00027013	0.99994606	1.00077474
0.15728620	1.00359511	0.99992692	1.00168931	0.99855256	1.00052226	0.99952990	1.00024009	1.00055885
0.17039341	1.00473320	1.00065637	1.00116849	0.99909323	1.00007665	0.99992901	0.99990171	1.00095272
0.18350060	0.99882597	0.99530101	0.99957931	1.00275111	1.00076592	1.00080931	1.00054359	1.00105429
0.19660780	1.00752127	1.00582802	0.99876529	1.00176895	1.00020671	0.99970937	0.99962264	1.00146186
0.20971501	1.00511253	0.99736583	0.99976254	1.00087214	1.00014198	0.99989963	1.00033021	1.00113189
0.23592941	1.00001717	0.99955910	0.99844956	1.00096941	1.00029004	0.99992448	1.00015366	1.00115788
0.26214382	1.00161886	1.00124550	0.99984974	1.00111270	1.00028336	0.99995828	1.00036645	1.00155938
0.28835821	0.99681997	0.99947864	1.00010312	0.99857992	1.00057101	1.00036740	0.99926031	1.00067425
0.31457260	1.00401509	1.00251949	0.99945503	1.00056934	0.99977225	0.99981660	0.99992824	1.00093412
0.34078699	0.99747586	0.99845237	0.99899280	0.99894345	1.00058424	0.99999750	1.00014663	1.00104713
0.36700141	1.00488091	0.99922121	1.00054574	0.99948829	1.00015223	1.00060451	0.99989575	1.00050557
0.39321581	0.99902576	1.00384045	0.99826491	1.00169277	0.99945283	1.00037384	1.00002360	1.00095630
0.41943020	1.00518525	0.99944127	0.99785978	1.00042963	1.00059044	0.99964368	1.00006354	1.00072408
0.47185901	1.00322568	0.99866784	1.00008023	1.00064039	0.99989110	0.99998444	1.00001824	1.00041485
0.52428782	1.00160491	0.99932271	0.99908894	0.99879527	1.00051427	1.00000143	0.99976045	1.00074768
0.57671660	0.99859583	0.99936455	0.99880344	1.00080359	1.00055802	0.99975801	0.99991709	1.00066006
0.62914538	0.99969983	0.99905175	0.99801832	1.00069213	1.00042915	0.99997425	1.00038671	1.00074613
0.68157423	1.00379491	0.99716419	0.99978423	1.00150084	0.99987882	0.99994177	0.99939895	1.00086212
0.73400301	1.00204825	0.99975556	1.00244296	1.00001192	1.00058126	1.00032687	1.00028670	1.00094748
0.78643179	1.00014162	1.00027871	1.00053596	0.99939239	1.00051820	1.00007164	1.00032687	1.00121009
0.83886063	0.99909407	0.99918753	1.00002337	1.00010407	1.00051069	0.99986577	1.00008082	1.00122702
0.94371825	1.00207078	1.00163114	1.00093722	0.99961519	0.99998009	0.99973142	1.00017357	1.00059974
1.04857588	0.99891114	1.00024068	0.99871129	1.00001538	0.99980074	1.00007808	0.99994177	1.00087082
1.15343344	1.00360668	1.00345826	0.99895304	0.99981970	1.00006080	0.99975306	0.99969536	1.00012457
1.25829101	0.99750900	1.00118971	0.99964935	0.99981272	0.99959302	0.99998879	0.99993002	0.99986911
1.36314869	1.00109768	0.99955034	0.99879652	1.00014472	0.99975681	0.99995571	0.99991071	1.00008297
1.46800625	0.99928594	1.00075662	0.99918717	0.99913400	0.99987638	0.99980992	1.00017917	0.99929327
1.57286382	0.99758500	0.99892008	1.00026536	0.99970132	1.00010180	1.00011456	0.99982381	0.99981171
1.67772150	1.00210619	1.00047719	1.00094080	0.99990124	0.99961823	0.99979746	1.00025237	1.00003934
1.88743675	0.99804169	0.99993211	0.99930221	0.99968892	0.99974537	1.00006700	0.99972206	0.99979323
2.09715199	0.99815345	1.00047386	0.99962413	1.00020623	0.99950248	1.00021780	0.99992055	0.99891543
2.30686712	0.99893320	1.00152171	1.00020921	0.99988323	0.99949980	1.00003576	0.99976629	0.99855661
2.51658225	0.99986541	1.00088751	1.00034451	1.00049543	0.99966586	1.00009179	0.99988353	0.99915773
2.72629738	0.99981517	1.00010812	1.00165284	1.00078964	0.99945134	0.99994951	0.99991435	0.99960750
2.93601274	0.99901772	0.99882740	0.99918860	1.00028741	0.99972862	0.99998111	1.00030148	0.99925578
3.14572787	0.99853444	1.00007892	1.00066435	1.00063133	0.99999046	0.99988455	1.00029314	0.99839234
3.35544300	0.99852222	0.99968761	0.99846786	1.00030279	0.99977487	0.99991184	0.99983519	0.99893969
3.77487350	1.00011611	1.00060797	1.00071859	0.99965423	1.00012445	0.99995160	1.00017238	0.99979109
4.19430399	1.00070250	1.00012672	1.00011933	1.00001109	1.00010312	1.00001740	0.99964070	0.99969053
4.61373425	0.99913591	0.99997896	0.99941951	1.00014305	0.99981034	0.99999243	1.00037754	1.00049090
5.03316450	1.00000000	1.00000000	1.00000000	1.00000000	1.00000000	1.00000000	1.00000000	1.00000000
5.45259476	0.00000000	0.00000000	0.00000000	0.00000000	0.00000000	0.00000000	0.00000000	0.00000000
5.87202549	0.00000000	0.00000000	0.00000000	0.00000000	0.00000000	0.00000000	0.00000000	0.00000000
6.29145575	0.00000000	0.00000000	0.00000000	0.00000000	0.00000000	0.00000000	0.00000000	0.00000000
6.71088600	0.00000000	0.00000000	0.00000000	0.00000000	0.00000000	0.00000000	0.00000000	0.00000000
7.54974699	0.00000000	0.00000000	0.00000000	0.00000000	0.00000000	0.00000000	0.00000000	0.00000000
8.38860798	0.00000000	0.00000000	0.00000000	0.00000000	0.00000000	0.00000000	0.00000000	0.00000000
9.22746849	0.00000000	0.00000000	0.00000000	0.00000000	0.00000000	0.00000000	0.00000000	0.00000000
10.06632900	0.00000000	0.00000000	0.00000000	0.00000000	0.00000000	0.00000000	0.00000000	0.00000000
10.90518951	0.00000000	0.00000000	0.00000000	0.00000000	0.00000000	0.00000000	0.00000000	0.00000000
11.74405098	0.00000000	0.00000000	0.00000000	0.00000000	0.00000000	0.00000000	0.00000000	0.00000000
12.58291149	0.00000000	0.00000000	0.00000000	0.00000000	0.00000000	0.00000000	0.00000000	0.00000000
13.42177200	0.00000000	0.00000000	0.00000000	0.00000000	0.00000000	0.00000000	0.00000000	0.00000000
15.09949398	0.00000000	0.00000000	0.00000000	0.00000000	0.00000000	0.00000000	0.00000000	0.00000000
16.77721596	0.00000000	0.00000000	0.00000000	0.00000000	0.00000000	0.00000000	0.00000000	0.00000000
18.45493698	0.00000000	0.00000000	0.00000000	0.00000000	0.00000000	0.00000000	0.00000000	0.00000000
20.13265800	0.00000000	0.00000000	0.00000000	0.00000000	0.00000000	0.00000000	0.00000000	0.00000000
21.81037903	0.00000000	0.00000000	0.00000000	0.00000000	0.00000000	0.00000000	0.00000000	0.00000000
23.48810196	0.00000000	0.00000000	0.00000000	0.00000000	0.00000000	0.00000000	0.00000000	0.00000000
25.16582298	0.00000000	0.00000000	0.00000000	0.00000000	0.00000000	0.00000000	0.00000000	0.00000000
26.84354401	0.00000000	0.00000000	0.00000000	0.00000000	0.00000000	0.00000000	0.00000000	0.00000000
30.19898796	0.00000000	0.00000000	0.00000000	0.00000000	0.00000000	0.00000000	0.00000000	0.00000000
33.55443192	0.00000000	0.00000000	0.00000000	0.00000000	0.00000000	0.00000000	0.00000000	0.00000000
36.90987396	0.00000000	0.00000000	0.00000000	0.00000000	0.00000000	0.00000000	0.00000000	0.00000000
40.26531601	0.00000000	0.00000000	0.00000000	0.00000000	0.00000000	0.00000000	0.00000000	0.00000000
43.62075806	0.00000000	0.00000000	0.00000000	0.00000000	0.00000000	0.00000000	0.00000000	0.00000000
46.97620392	0.00000000	0.00000000	0.00000000	0.00000000	0.00000000	0.00000000	0.00000000	0.00000000
50.33164597	0.00000000	0.00000000	0.00000000	0.00000000	0.00000000	0.00000000	0.00000000	0.00000000
53.68708801	0.00000000	0.00000000	0.00000000	0.00000000	0.00000000	0.00000000	0.00000000	0.00000000
60.39797592	0.00000000	0.00000000	0.00000000	0.00000000	0.00000000	0.00000000	0.00000000	0.00000000
67.10886383	0.00000000	0.00000000	0.00000000	0.00000000	0.00000000	0.00000000	0.00000000	0.00000000
73.81974792	0.00000000	0.00000000	0.00000000	0.00000000	0.00000000	0.00000000	0.00000000	0.00000000
80.53063202	0.00000000	0.00000000	0.00000000	0.00000000	0.00000000	0.00000000	0.00000000	0.00000000
87.24151611	0.00000000	0.00000000	0.00000000	0.00000000	0.00000000	0.00000000	0.00000000	0.00000000
93.95240784	0.00000000	0.00000000	0.00000000	0.00000000	0.00000000	0.00000000	0.00000000	0.00000000
100.66329193	0.00000000	0.00000000	0.00000000	0.00000000	0.00000000	0.00000000	0.00000000	0.00000000
107.37417603	0.00000000	0.00000000	0.00000000	0.00000000	0.00000000	0.00000000	0.00000000	0.00000000
120.79595184	0.00000000	0.00000000	0.00000000	0.00000000	0.00000000	0.00000000	0.00000000	0.00000000
134.21772766	0.00000000	0.00000000	0.00000000	0.00000000	0.00000000	0.00000000	0.00000000	0.00000000
147.63949585	0.00000000	0.00000000	0.00000000	0.00000000	0.00000000	0.00000000	0.00000000	0.00000000
161.06126404	0.00000000	0.00000000	0.00000000	0.00000000	0.00000000	0.00000000	0.00000000	0.00000000
174.48303223	0.00000000	0.00000000	0.00000000	0.00000000	0.00000000	0.00000000	0.00000000	0.00000000
187.90481567	0.00000000	0.00000000	0.00000000	0.00000000	0.00000000	0.00000000	0.00000000	0.00000000
201.32658386	0.00000000	0.00000000	0.00000000	0.00000000	0.00000000	0.00000000	0.00000000	0.00000000
214.74835205	0.00000000	0.00000000	0.00000000	0.00000000	0.00000000	0.00000000	0.00000000	0.00000000
241.59190369	0.00000000	0.00000000	0.00000000	0.00000000	0.00000000	0.00000000	0.00000000	0.00000000
268.43545532	0.00000000	0.00000000	0.00000000	0.00000000	0.00000000	0.00000000	0.00000000	0.00000000
295.27899170	0.00000000	0.00000000	0.00000000	0.00000000	0.00000000	0.00000000	0.00000000	0.00000000
322.12252808	0.00000000	0.00000000	0.00000000	0.00000000	0.00000000	0.00000000	0.00000000	0.00000000
348.96606445	0.00000000	0.00000000	0.00000000	0.00000000	0.00000000	0.00000000	0.00000000	0.00000000
375.80963135	0.00000000	0.00000000	0.00000000	0.00000000	0.00000000	0.00000000	0.00000000	0.00000000
402.65316772	0.00000000	0.00000000	0.00000000	0.00000000	0.00000000	0.00000000	0.00000000	0.00000000
429.49670410	0.00000000	0.00000000	0.00000000	0.00000000	0.00000000	0.00000000	0.00000000	0.00000000
483.18380737	0.00000000	0.00000000	0.00000000	0.00000000	0.00000000	0.00000000	0.00000000	0.00000000
536.87091064	0.00000000	0.00000000	0.00000000	0.00000000	0.00000000	0.00000000	0.00000000	0.00000000
590.55798340	0.00000000	0.00000000	0.00000000	0.00000000	0.00000000	0.00000000	0.00000000	0.00000000
644.24505615	0.00000000	0.00000000	0.00000000	0.00000000	0.00000000	0.00000000	0.00000000	0.00000000
697.93212891	0.00000000	0.00000000	0.00000000	0.00000000	0.00000000	0.00000000	0.00000000	0.00000000
751.61926270	0.00000000	0.00000000	0.00000000	0.00000000	0.00000000	0.00000000	0.00000000	0.00000000
805.30633545	0.00000000	0.00000000	0.00000000	0.00000000	0.00000000	0.00000000	0.00000000	0.00000000
858.99340820	0.00000000	0.00000000	0.00000000	0.00000000	0.00000000	0.00000000	0.00000000	0.00000000
966.36761475	0.00000000	0.00000000	0.00000000	0.00000000	0.00000000	0.00000000	0.00000000	0.00000000
1073.74182129	0.00000000	0.00000000	0.00000000	0.00000000	0.00000000	0.00000000	0.00000000	0.00000000
1181.11596680	0.00000000	0.00000000	0.00000000	0.00000000	0.00000000	0.00000000	0.00000000	0.00000000
1288.49011230	0.00000000	0.00000000	0.00000000	0.00000000	0.00000000	0.00000000	0.00000000	0.00000000
1395.86425781	0.00000000	0.00000000	0.00000000	0.00000000	0.00000000	0.00000000	0.00000000	0.00000000
1503.23852539	0.00000000	0.00000000	0.00000000	0.00000000	0.00000000	0.00000000	0.00000000	0.00000000
1610.61267090	0.00000000	0.00000000	0.00000000	0.00000000	0.00000000	0.00000000	0.00000000	0.00000000
1717.98681641	0.00000000	0.00000000	0.00000000	0.00000000	0.00000000	0.00000000	0.00000000	0.00000000
1932.73522949	0.00000000	0.00000000	0.00000000	0.00000000	0.00000000	0.00000000	0.00000000	0.00000000
2147.48364258	0.00000000	0.00000000	0.00000000	0.00000000	0.00000000	0.00000000	0.00000000	0.00000000
2362.23193359	0.00000000	0.00000000	0.00000000	0.00000000	0.00000000	0.00000000	0.00000000	0.00000000
2576.98022461	0.00000000	0.00000000	0.00000000	0.00000000	0.00000000	0.00000000	0.00000000	0.00000000
2791.72851562	0.00000000	0.00000000	0.00000000	0.00000000	0.00000000	0.00000000	0.00000000	0.00000000
3006.47705078	0.00000000	0.00000000	0.00000000	0.00000000	0.00000000	0.00000000	0.00000000	0.00000000
3221.22534180	0.00000000	0.00000000	0.00000000	0.00000000	0.00000000	0.00000000	0.00000000	0.00000000
3435.97363281	0.00000000	0.00000000	0.00000000	0.00000000	0.00000000	0.00000000	0.00000000	0.00000000
0	0	0	0	0	0	0	0	0
