%2/22/2015 11:27:23 AM
%Duration	ID1		ID2		ID3		ID4		ID5		ID6		ID7		ID8
3000.000000	1.726151	1.983643	2.441406	3.480911	8.926392	7.333755	11.835098	12.521744
%Tau		Tau1		Tau2		Tau3		Tau4		Tau5		Tau6		Tau7		Tau8
%		0.000001	0.000001	0.000001	0.000001	0.000004	0.000007	0.000005	0.000005
%Delaytime	D1		D2		D3		D4		D5		D6		D7		D8
0.00000000	11.01445198	42.00957870	24.91316414	20.12861061	6.38827944	3.09363961	4.46938896	5.29486942
0.00000020	2.44765592	5.86180162	3.49658442	1.69759369	2.09140110	1.17852938	2.00495958	1.93500221
0.00000040	1.22382796	0.97696698	1.31121922	2.91016054	1.74917173	1.27674019	1.44106472	1.58318365
0.00000060	1.22382796	2.93090081	0.87414610	0.72754014	1.29286611	1.52226710	1.64991462	1.31931973
0.00000080	1.22382796	0.97696698	0.87414610	1.45508027	1.97732460	1.32584560	1.35752475	1.46004713
0.00000100	3.67148399	4.88483477	1.31121922	0.72754014	1.44496799	1.62047791	1.37840974	1.58318365
0.00000120	0.00000000	0.00000000	1.74829221	1.21256697	0.98866230	1.32584560	1.10690475	1.33691061
0.00000140	3.67148399	0.00000000	3.05951142	1.45508027	1.44496799	1.17852938	1.71256971	1.51281989
0.00000160	0.00000000	1.95393395	1.31121922	1.21256697	1.55904436	1.47316170	0.98159480	1.44245613
0.00000180	1.22382796	0.97696698	0.43707305	0.97005355	1.33089149	1.32584560	1.33663976	1.33691061
0.00000200	0.00000000	0.00000000	0.43707305	1.69759369	1.29286611	1.22763479	1.73345470	1.33691061
0.00000220	3.67148399	0.00000000	0.00000000	0.97005355	2.05337548	1.42405629	1.14867473	1.28413785
0.00000240	0.00000000	0.97696698	1.74829221	1.94010711	1.48299348	0.93300241	1.46194971	1.26654685
0.00000260	0.00000000	2.93090081	1.31121922	1.21256697	1.67312086	1.17852938	1.44106472	1.68872917
0.00000280	1.22382796	0.97696698	1.31121922	1.45508027	0.98866230	0.98210782	1.35752475	1.26654685
0.00000300	1.22382796	0.97696698	1.74829221	2.18262053	1.82522273	1.62047791	1.83787966	1.63595641
0.00000340	1.22382796	0.97696698	2.18536544	0.36377007	1.54003167	1.37495089	1.47239220	1.31931973
0.00000380	1.83574200	0.48848349	1.52975571	1.33382368	1.25484061	1.57137251	1.52460468	1.53041077
0.00000420	2.44765592	0.48848349	1.09268272	2.18262053	1.42595518	1.49771440	1.29486978	1.34570611
0.00000460	1.83574200	1.95393395	1.52975571	1.09131026	1.55904436	1.44860899	1.30531228	1.12581944
0.00000500	0.61191398	1.46545041	0.87414610	1.21256697	1.42595518	1.47316170	1.28442729	1.35450149
0.00000540	1.83574200	0.97696698	0.65560961	1.57633698	1.50200617	1.52226710	1.36796725	1.46004713
0.00000580	1.22382796	1.46545041	1.52975571	1.21256697	1.38792980	1.35039830	1.34708226	1.29293323
0.00000620	0.61191398	1.46545041	0.87414610	1.09131026	1.50200617	1.52226710	1.43062222	1.36329699
0.00000700	2.44765592	1.22120869	1.31121922	1.51570868	1.29286611	1.09259498	1.28964853	1.28413785
0.00000780	1.52978504	0.97696698	0.98341441	1.09131026	1.22632146	1.15397668	1.26354229	1.27974010
0.00000860	0.30595699	2.19817567	1.74829221	1.21256697	1.24533427	1.44860899	1.25309980	1.14780807
0.00000940	0.61191398	0.97696698	1.09268272	0.78816849	1.32138515	1.37495089	1.08079851	1.16539907
0.00001020	0.61191398	1.22120869	1.09268272	1.45508027	1.17878962	1.46088541	1.36796725	1.16539907
0.00001100	1.52978504	0.73272520	1.20195091	0.78816849	1.33089149	1.22763479	1.39929473	1.30612648
0.00001180	0.91787100	2.19817567	1.63902402	1.03068185	1.07421958	1.08031857	1.24787855	1.14341033
0.00001260	0.91787100	1.22120869	1.31121922	1.03068185	1.48299348	1.31356919	1.21132982	1.31492198
0.00001420	1.22382796	0.97696698	0.98341441	1.27319527	1.32613838	1.17239118	1.17217040	1.18518889
0.00001580	1.52978504	0.61060435	0.92878026	1.24288106	1.23582792	1.03121316	1.15911722	1.19178545
0.00001740	1.52978504	0.61060435	0.76487786	1.12162447	1.13601100	1.24604928	1.14345348	1.20277977
0.00001900	1.22382796	0.85484612	1.25658512	0.81848270	1.14551735	1.14783847	1.19044471	1.10383081
0.00002060	1.07084954	1.34332955	1.31121922	1.42476618	1.13601100	1.09873307	1.19305539	1.13681376
0.00002220	0.61191398	1.58757138	1.31121922	0.78816849	1.17403650	1.15397668	1.05730295	1.14780807
0.00002380	1.22382796	1.22120869	1.31121922	1.00036776	1.12175143	1.09259498	1.21394038	1.09723425
0.00002540	0.91787100	0.97696698	0.87414610	0.93973941	1.11699831	1.14783847	1.10951543	1.02906930
0.00002860	1.44384730	0.55296820	0.97412181	1.10465944	1.11707127	1.11918032	1.07056606	1.12253439
0.00003180	0.91190356	1.41314089	0.62235558	1.01386559	1.11942291	1.12827933	1.12480462	1.03853524
0.00003500	0.75991964	1.04449546	0.83882707	0.98360091	0.98537439	1.07368517	1.08089721	1.05492449
0.00003820	1.36785531	0.98305452	1.21765220	0.96846855	1.04887104	0.98572791	1.02020168	1.01019657
0.00004140	0.98789549	0.79873180	0.67647344	1.19545341	1.06298149	1.06458616	1.03828120	0.99055988
0.00004460	1.29186332	1.65890455	1.02823961	1.11979175	1.04181588	1.09188318	1.01891029	1.08328855
0.00004780	1.59583116	1.59746361	0.94706285	1.25598264	0.99007785	1.14041138	1.04732096	1.05274260
0.00005100	0.98789549	0.98305452	1.02823961	0.90793926	1.03946412	1.03425598	1.04861236	1.04946983
0.00005740	1.06910264	1.22522843	0.90625435	1.01718819	0.96808296	0.99907809	1.01885915	1.00131428
0.00006380	0.80182695	1.04144418	0.83862340	1.06273389	1.05159926	0.95808250	1.01242530	0.98330700
0.00007020	0.99273813	0.82702917	1.10914707	0.82741427	0.93749952	1.05677557	1.05571342	1.02586961
0.00007660	1.14546704	0.79639846	0.75746632	1.02477908	1.01517069	1.08410597	1.00984085	1.04715097
0.00008300	0.84000915	1.01081347	1.09562087	1.03996098	1.05163693	1.01274323	1.02147055	0.98494399
0.00008940	1.26001382	0.98018271	0.98741144	1.08550680	0.95870703	1.10384464	1.00790262	1.06079292
0.00009580	1.22183156	0.67387563	1.13619947	0.97923338	1.05869484	1.09928954	0.98787379	1.03623748
0.00010220	1.10728478	1.01081347	0.94683290	1.07032490	1.07284915	1.04614711	0.94523174	1.00404263
0.00011500	1.05086875	0.78222609	0.92654359	0.96034336	1.00152743	0.99334425	0.99264574	1.01609755
0.00012780	1.05086875	0.87425268	0.96035904	1.02107656	1.03098404	1.01540172	0.97195214	1.04691315
0.00014060	0.99354869	0.96627927	0.96712214	1.01348484	1.03687549	1.10595822	0.98588181	1.00761914
0.00015340	1.01265538	0.90492821	1.00770068	0.99450576	0.99327952	1.03678298	1.01013279	0.99071181
0.00016620	1.14640236	0.96627927	1.05504239	1.04764724	1.03687549	0.96980512	1.02080321	0.98771214
0.00017900	1.16550899	1.15033245	0.98741144	0.96793497	0.98797733	1.01620364	1.00264263	0.98989373
0.00019180	0.85980177	0.92026597	0.98064834	0.93756843	1.05454946	0.98653901	1.00231922	0.99207532
0.00020460	0.87890846	0.99695480	0.93995565	1.07042217	1.00682962	0.97512954	1.03529882	1.00652826
0.00023020	1.02450740	1.11986172	0.93241417	0.94714409	0.99000686	0.98789054	1.02240300	1.01828086
0.00025580	0.81386101	1.18889427	1.07481921	1.04015028	1.01447701	0.97912115	1.03244078	0.99533677
0.00028140	0.97663319	0.97412628	0.92224234	0.96232879	0.99177581	1.02868724	0.98921335	1.02592885
0.00030700	0.90003455	1.03548861	0.96971071	0.96612495	1.01683557	0.98899406	1.01835549	1.02415347
0.00033260	1.11068094	0.82839084	1.04769444	0.95292503	1.02007854	1.01987624	1.00332534	0.96952462
0.00035820	0.90003455	1.09685087	0.99005431	1.01366925	0.97261250	0.99051911	1.02534437	0.99520016
0.00038380	1.03387094	0.85907203	1.05447567	0.98709369	1.00854445	0.98670644	1.01549518	0.99490279
0.00040940	1.08173537	1.00480747	1.05447567	0.98139888	1.00648069	1.01339483	0.99722594	1.00296032
0.00046060	0.92705357	1.01958859	1.00386071	1.00497890	0.98987532	1.00355077	1.01514387	1.01833725
0.00051180	1.04174066	1.01958859	0.98181653	0.99929029	0.98943239	0.98462963	0.99807715	1.01491785
0.00056300	1.06085515	1.04258680	0.99029511	0.98687536	1.00371671	0.99530935	1.00258720	0.99834406
0.00061420	0.97006118	0.91226345	0.95977229	0.98412079	1.00146639	1.00652015	1.01133645	0.99041152
0.00066540	1.01784742	0.96209300	0.98859936	0.95947039	0.99567342	0.99088264	0.99915826	0.99834406
0.00071660	0.93183219	1.06558502	0.98859936	0.94904137	1.00482571	1.02921355	1.00175047	1.00506508
0.00076780	0.93661082	0.95059389	0.98012084	0.99739414	0.99242586	1.02196693	0.98619688	0.98956674
0.00081900	0.91749632	0.98892426	0.96994656	0.90258479	1.00010192	0.99427474	1.01198447	0.99654174
0.00092140	1.09564698	1.00042343	1.01550019	0.97709894	1.00662041	0.98989987	1.01015329	0.99967265
0.00102380	1.00952625	1.04450333	0.99768442	0.99890709	0.99701953	1.01321054	1.00062168	0.99926227
0.00112620	1.00713396	0.96766573	1.06725085	1.01777816	0.99749845	1.00281525	0.99976987	1.00001454
0.00122860	0.94254345	0.96174145	0.96968818	1.02488887	1.00909245	1.00415039	1.01780558	1.00469935
0.00133100	1.00234950	1.03262675	1.01040995	0.99881625	1.01300824	0.99646604	1.00599027	0.99766493
0.00143340	0.99756503	1.04048014	1.00956166	1.01398575	1.00861454	1.01931417	1.00324523	1.01157272
0.00153580	0.83728480	0.96766573	0.99853277	1.01445985	1.01470792	0.99329257	1.00763857	0.99620903
0.00163820	0.93775898	1.01940227	1.00107789	1.03721404	1.00643659	1.00874126	1.00378537	0.99963844
0.00184300	0.96607119	0.95929939	0.98411047	1.02006423	0.99608076	0.99275637	1.00599360	0.99793941
0.00204780	0.97683191	1.05886745	1.01380348	1.02479219	1.00107265	1.00301242	1.00622344	1.00069630
0.00225260	1.00672269	1.01195550	0.98889679	1.00171602	1.00148058	0.99762583	1.00747526	1.00306451
0.00245740	0.98759258	0.99681956	0.95495784	0.98809332	1.01927078	1.00162327	1.00731945	1.01515973
0.00266220	0.96846247	1.01022542	1.00968444	0.99447727	0.98953438	0.99838853	0.99885541	1.00871754
0.00286700	0.96128869	1.03684759	0.99453288	1.02312911	0.99511909	1.00532067	1.01018846	1.00702596
0.00307180	0.98400569	0.99663740	0.98562282	0.98141479	1.01228082	0.99797344	0.99600923	1.00322580
0.00327660	1.00313580	0.99663740	1.01459789	0.99607688	1.00787890	1.00728142	0.99893808	1.00400078
0.00368620	0.99254650	1.01388359	1.00223339	0.99227560	1.00214612	0.99104512	1.00544918	1.01080942
0.00409580	0.98319769	1.05014479	0.99492574	0.99720883	0.99664772	1.00802922	1.00387371	0.99765581
0.00450540	1.02220893	0.99348193	1.00393140	1.00760376	1.00199795	1.00868642	1.00741589	1.00422668
0.00491500	1.01802933	1.01226759	1.02091122	1.02416635	0.99864525	1.00454962	1.00230420	1.00073421
0.00532460	1.00250506	0.98936987	0.97270650	1.01781392	1.00938559	1.00528896	1.00442863	1.00664639
0.00573420	0.99933070	1.04899919	0.99104702	1.00455940	1.00936782	1.00438941	1.00108278	1.01116312
0.00614380	0.97523832	0.99795651	0.98328930	0.99342883	1.00459135	1.00537395	1.00082242	1.00733936
0.00655340	1.01584840	0.99032396	1.00344300	0.99416542	1.00324059	1.00001490	0.99715310	1.01082850
0.00737260	0.98040277	0.99361521	0.99047887	0.99091184	1.00297773	1.00353205	1.00899780	1.00679815
0.00819180	1.00960624	1.01324534	1.00600219	1.00204241	1.00137758	1.00705099	1.00190926	1.00492060
0.00901100	0.99738848	1.00549674	0.99940413	0.99109167	1.00152361	1.00357640	1.00356841	1.00446928
0.00983020	0.99301398	1.00579071	0.99595404	1.01039350	1.00010645	1.00630915	1.00257051	1.00315320
0.01064940	1.04894161	1.01828480	1.01776254	1.01719010	0.99884915	1.00665402	1.00254250	1.00049102
0.01146860	0.99500453	1.01557887	0.98999661	1.00384569	0.99924397	1.00687850	1.00096583	1.00349748
0.01228780	1.01050019	0.99104708	1.00112033	0.99510682	0.99830961	1.00365984	1.00400221	0.99982911
0.01310700	0.99947441	0.98507977	1.00259352	1.00077975	1.00564444	1.00564957	1.00680435	1.00672758
0.01474540	0.98721194	0.99342519	1.00044572	1.00569785	1.00295067	1.00624323	1.00502539	1.00400865
0.01638380	1.00996089	1.01262581	1.00976336	1.00445950	1.00197172	1.00647497	1.00569892	1.00601804
0.01802220	1.02107882	0.98632812	1.00144804	0.99639314	1.00170612	1.00290775	0.99985152	1.00078881
0.01966060	0.99427140	0.99586129	1.00204873	0.99027318	0.99895138	1.00531566	1.00075996	1.00387836
0.02129900	0.98144978	0.98710185	1.00841689	1.00253665	1.00199556	1.00857043	1.00402033	1.00525486
0.02293740	0.99278051	1.01656139	1.00677240	1.01379311	1.00045943	1.00415480	1.00714886	1.00263000
0.02457580	0.99889314	0.97565877	1.01055121	0.99916852	1.00047576	1.00190532	1.00274646	1.00432289
0.02621420	0.99412233	1.00003302	1.00380003	0.99435759	1.00048149	1.00502598	1.00394392	1.00448263
0.02949100	1.01666081	0.99569088	0.99906659	0.99994099	1.00263536	1.00267959	1.00451338	1.00256944
0.03276780	1.00504279	1.00987720	1.00289965	1.00327778	1.00074136	1.00440264	1.00467467	1.00309110
0.03604460	1.00661004	0.99758947	1.00735414	1.00073671	0.99910945	1.00749290	1.00444186	1.00359583
0.03932140	0.99468940	1.00635016	1.00719464	0.99783581	1.00261641	1.00478959	1.00349259	1.00354254
0.04259820	1.00009203	0.99377525	0.99780989	0.99964315	1.00130916	1.00535309	1.00557101	1.00429261
0.04587500	0.99133861	1.00464427	1.00148511	1.00118053	1.00258696	1.00341523	1.00331068	1.00371504
0.04915180	1.00098848	0.99110943	1.00585389	0.99423099	1.00299132	1.00449038	1.00642610	1.00428677
0.05242860	0.98111516	0.99015814	1.00975823	1.00040781	1.00397658	1.00730538	1.00200200	1.00245142
0.05898220	0.99894810	0.99719214	1.00314546	1.00120509	1.00108671	1.00392914	1.00369275	1.00410581
0.06553581	1.00330198	0.99998534	0.99690998	1.00209785	1.00424826	1.00416493	1.00398529	1.00499392
0.07208940	0.99845880	1.00133502	0.99528003	1.00290859	1.00375593	1.00495780	1.00560725	1.00485802
0.07864300	0.99476653	1.00072622	1.00444758	0.99700761	1.00563145	1.00329149	1.00418401	1.00303328
0.08519660	0.99937946	1.00166047	1.00006890	1.00533891	1.00368583	1.00510871	1.00552642	1.00376129
0.09175020	1.01307464	0.99965298	1.00444758	0.99867147	1.00269794	1.00719249	1.00336945	1.00445688
0.09830380	1.00784469	0.98892021	1.00420332	1.00308061	1.00122333	1.00566149	1.00579679	1.00406861
0.10485740	1.00052059	0.99824435	1.00777936	1.00556254	1.00221074	1.00478876	1.00605714	1.00418949
0.11796460	0.99737394	0.99956769	1.00636017	1.00290513	1.00325191	1.00485408	1.00449514	1.00430036
0.13107181	1.00684893	1.00334597	1.00339293	1.00077164	1.00166464	1.00556004	1.00387633	1.00484490
0.14417900	1.00134230	1.00571597	1.00285542	1.00358808	1.00240123	1.00381684	1.00542927	1.00287926
0.15728620	1.00329542	1.00573778	1.00433064	1.00265765	1.00372231	1.00272655	1.00397003	1.00333250
0.17039341	0.99984032	1.00589907	0.99758530	1.00207639	1.00406635	1.00511420	1.00331199	1.00330591
0.18350060	1.00039995	0.99823081	1.00412726	1.00229931	1.00215006	1.00538170	1.00574446	1.00512147
0.19660780	0.99677235	1.00385976	1.00019455	1.00135767	1.00211132	1.00329828	1.00427675	1.00453734
0.20971501	1.00211918	1.00066507	1.00437796	1.00453305	1.00307178	1.00322843	1.00450039	1.00393307
0.23592941	1.00357318	1.00101769	1.00295174	1.00093257	1.00427258	1.00452912	1.00454879	1.00432205
0.26214382	0.99672174	0.99880135	1.00530756	1.00037766	1.00184226	1.00456750	1.00451386	1.00390661
0.28835821	0.99965596	0.99666929	0.99837637	1.00200987	1.00332606	1.00416982	1.00354385	1.00343096
0.31457260	1.00704122	1.00355864	1.00208950	1.00039291	1.00238800	1.00274479	1.00366855	1.00316489
0.34078699	1.00397313	0.99977463	0.99963409	1.00126839	1.00339782	1.00469017	1.00357115	1.00389838
0.36700141	1.00101364	0.99843758	1.00401223	1.00065958	1.00264359	1.00532079	1.00388336	1.00381577
0.39321581	1.00302923	0.99871874	1.00270271	1.00297773	1.00239182	1.00289130	1.00408304	1.00313437
0.41943020	0.99615210	0.99367672	1.00093460	1.00002396	1.00278854	1.00402856	1.00375950	1.00305116
0.47185901	1.00039327	0.99763006	1.00321066	1.00104618	1.00337422	1.00443304	1.00332141	1.00336528
0.52428782	0.99865955	0.99884719	1.00058663	1.00030780	1.00183952	1.00317907	1.00316119	1.00283945
0.57671660	0.99890667	0.99672115	1.00226271	1.00163257	1.00268292	1.00426292	1.00376141	1.00281894
0.62914538	1.00256169	1.00083601	1.00253797	0.99950820	1.00251615	1.00311792	1.00409198	1.00263858
0.68157423	1.00071955	1.00446701	1.00154161	1.00224721	1.00214076	1.00387323	1.00388110	1.00264525
0.73400301	0.99747211	0.99602890	0.99991298	1.00136399	1.00146377	1.00360608	1.00310850	1.00265205
0.78643179	1.00139356	0.99902326	1.00241482	1.00191498	1.00291920	1.00321794	1.00368416	1.00296414
0.83886063	1.00311053	0.99884552	1.00303590	1.00104487	1.00175083	1.00498855	1.00310659	1.00244379
0.94371825	1.00160730	1.00113225	1.00274527	1.00182891	1.00157917	1.00365067	1.00210416	1.00212979
1.04857588	1.00028574	1.00039077	1.00180840	1.00230968	1.00139511	1.00323641	1.00283968	1.00225902
1.15343344	1.00215471	0.99820483	1.00123203	1.00087774	1.00117934	1.00247800	1.00168455	1.00196683
1.25829101	1.00105023	1.00027382	1.00002408	1.00096977	1.00144780	1.00244510	1.00232744	1.00182283
1.36314869	0.99957162	1.00378489	1.00024974	1.00001764	1.00075245	1.00218081	1.00162733	1.00166202
1.46800625	1.00302470	0.99960053	0.99991381	1.00100183	1.00064743	1.00222409	1.00191402	1.00120556
1.57286382	1.00224209	1.00022686	1.00095034	1.00031924	1.00067437	1.00189948	1.00143635	1.00126624
1.67772150	1.00078475	1.00215065	1.00085711	1.00060606	1.00032079	1.00231516	1.00172043	1.00074148
1.88743675	1.00311065	0.99954110	1.00057626	1.00135553	1.00062752	1.00115621	1.00107682	1.00062537
2.09715199	0.99861401	0.99913436	1.00081372	1.00063050	1.00037086	1.00143301	1.00121820	1.00066805
2.30686712	1.00092518	0.99971783	1.00054109	1.00024855	1.00098550	1.00152695	1.00108576	1.00075448
2.51658225	1.00135052	0.99769038	1.00193763	1.00092828	1.00049102	1.00145614	1.00112295	1.00089228
2.72629738	1.00315273	1.00094903	1.00148726	1.00150692	1.00117528	1.00157404	1.00161159	1.00072289
2.93601274	0.99958068	1.00082588	1.00006819	1.00072205	1.00096560	1.00064671	1.00160766	1.00126755
3.14572787	1.00037563	0.99832845	1.00093758	0.99934840	1.00096333	1.00073516	1.00086415	1.00120091
3.35544300	1.00049663	1.00066686	1.00128114	1.00027823	1.00045872	1.00169683	1.00042605	1.00037420
3.77487350	0.99996811	1.00019562	0.99874318	1.00036263	1.00019658	1.00009167	1.00006604	0.99955958
4.19430399	1.00099528	0.99828666	0.99979520	0.99913484	1.00006843	1.00012040	1.00003767	1.00051653
4.61373425	1.00052130	1.00157011	1.00068521	1.00108433	0.99998182	0.99980980	0.99978602	0.99956596
5.03316450	1.00000000	1.00000000	1.00000000	1.00000000	1.00000000	1.00000000	1.00000000	1.00000000
5.45259476	0.00000000	0.00000000	0.00000000	0.00000000	0.00000000	0.00000000	0.00000000	0.00000000
5.87202549	0.00000000	0.00000000	0.00000000	0.00000000	0.00000000	0.00000000	0.00000000	0.00000000
6.29145575	0.00000000	0.00000000	0.00000000	0.00000000	0.00000000	0.00000000	0.00000000	0.00000000
6.71088600	0.00000000	0.00000000	0.00000000	0.00000000	0.00000000	0.00000000	0.00000000	0.00000000
7.54974699	0.00000000	0.00000000	0.00000000	0.00000000	0.00000000	0.00000000	0.00000000	0.00000000
8.38860798	0.00000000	0.00000000	0.00000000	0.00000000	0.00000000	0.00000000	0.00000000	0.00000000
9.22746849	0.00000000	0.00000000	0.00000000	0.00000000	0.00000000	0.00000000	0.00000000	0.00000000
10.06632900	0.00000000	0.00000000	0.00000000	0.00000000	0.00000000	0.00000000	0.00000000	0.00000000
10.90518951	0.00000000	0.00000000	0.00000000	0.00000000	0.00000000	0.00000000	0.00000000	0.00000000
11.74405098	0.00000000	0.00000000	0.00000000	0.00000000	0.00000000	0.00000000	0.00000000	0.00000000
12.58291149	0.00000000	0.00000000	0.00000000	0.00000000	0.00000000	0.00000000	0.00000000	0.00000000
13.42177200	0.00000000	0.00000000	0.00000000	0.00000000	0.00000000	0.00000000	0.00000000	0.00000000
15.09949398	0.00000000	0.00000000	0.00000000	0.00000000	0.00000000	0.00000000	0.00000000	0.00000000
16.77721596	0.00000000	0.00000000	0.00000000	0.00000000	0.00000000	0.00000000	0.00000000	0.00000000
18.45493698	0.00000000	0.00000000	0.00000000	0.00000000	0.00000000	0.00000000	0.00000000	0.00000000
20.13265800	0.00000000	0.00000000	0.00000000	0.00000000	0.00000000	0.00000000	0.00000000	0.00000000
21.81037903	0.00000000	0.00000000	0.00000000	0.00000000	0.00000000	0.00000000	0.00000000	0.00000000
23.48810196	0.00000000	0.00000000	0.00000000	0.00000000	0.00000000	0.00000000	0.00000000	0.00000000
25.16582298	0.00000000	0.00000000	0.00000000	0.00000000	0.00000000	0.00000000	0.00000000	0.00000000
26.84354401	0.00000000	0.00000000	0.00000000	0.00000000	0.00000000	0.00000000	0.00000000	0.00000000
30.19898796	0.00000000	0.00000000	0.00000000	0.00000000	0.00000000	0.00000000	0.00000000	0.00000000
33.55443192	0.00000000	0.00000000	0.00000000	0.00000000	0.00000000	0.00000000	0.00000000	0.00000000
36.90987396	0.00000000	0.00000000	0.00000000	0.00000000	0.00000000	0.00000000	0.00000000	0.00000000
40.26531601	0.00000000	0.00000000	0.00000000	0.00000000	0.00000000	0.00000000	0.00000000	0.00000000
43.62075806	0.00000000	0.00000000	0.00000000	0.00000000	0.00000000	0.00000000	0.00000000	0.00000000
46.97620392	0.00000000	0.00000000	0.00000000	0.00000000	0.00000000	0.00000000	0.00000000	0.00000000
50.33164597	0.00000000	0.00000000	0.00000000	0.00000000	0.00000000	0.00000000	0.00000000	0.00000000
53.68708801	0.00000000	0.00000000	0.00000000	0.00000000	0.00000000	0.00000000	0.00000000	0.00000000
60.39797592	0.00000000	0.00000000	0.00000000	0.00000000	0.00000000	0.00000000	0.00000000	0.00000000
67.10886383	0.00000000	0.00000000	0.00000000	0.00000000	0.00000000	0.00000000	0.00000000	0.00000000
73.81974792	0.00000000	0.00000000	0.00000000	0.00000000	0.00000000	0.00000000	0.00000000	0.00000000
80.53063202	0.00000000	0.00000000	0.00000000	0.00000000	0.00000000	0.00000000	0.00000000	0.00000000
87.24151611	0.00000000	0.00000000	0.00000000	0.00000000	0.00000000	0.00000000	0.00000000	0.00000000
93.95240784	0.00000000	0.00000000	0.00000000	0.00000000	0.00000000	0.00000000	0.00000000	0.00000000
100.66329193	0.00000000	0.00000000	0.00000000	0.00000000	0.00000000	0.00000000	0.00000000	0.00000000
107.37417603	0.00000000	0.00000000	0.00000000	0.00000000	0.00000000	0.00000000	0.00000000	0.00000000
120.79595184	0.00000000	0.00000000	0.00000000	0.00000000	0.00000000	0.00000000	0.00000000	0.00000000
134.21772766	0.00000000	0.00000000	0.00000000	0.00000000	0.00000000	0.00000000	0.00000000	0.00000000
147.63949585	0.00000000	0.00000000	0.00000000	0.00000000	0.00000000	0.00000000	0.00000000	0.00000000
161.06126404	0.00000000	0.00000000	0.00000000	0.00000000	0.00000000	0.00000000	0.00000000	0.00000000
174.48303223	0.00000000	0.00000000	0.00000000	0.00000000	0.00000000	0.00000000	0.00000000	0.00000000
187.90481567	0.00000000	0.00000000	0.00000000	0.00000000	0.00000000	0.00000000	0.00000000	0.00000000
201.32658386	0.00000000	0.00000000	0.00000000	0.00000000	0.00000000	0.00000000	0.00000000	0.00000000
214.74835205	0.00000000	0.00000000	0.00000000	0.00000000	0.00000000	0.00000000	0.00000000	0.00000000
241.59190369	0.00000000	0.00000000	0.00000000	0.00000000	0.00000000	0.00000000	0.00000000	0.00000000
268.43545532	0.00000000	0.00000000	0.00000000	0.00000000	0.00000000	0.00000000	0.00000000	0.00000000
295.27899170	0.00000000	0.00000000	0.00000000	0.00000000	0.00000000	0.00000000	0.00000000	0.00000000
322.12252808	0.00000000	0.00000000	0.00000000	0.00000000	0.00000000	0.00000000	0.00000000	0.00000000
348.96606445	0.00000000	0.00000000	0.00000000	0.00000000	0.00000000	0.00000000	0.00000000	0.00000000
375.80963135	0.00000000	0.00000000	0.00000000	0.00000000	0.00000000	0.00000000	0.00000000	0.00000000
402.65316772	0.00000000	0.00000000	0.00000000	0.00000000	0.00000000	0.00000000	0.00000000	0.00000000
429.49670410	0.00000000	0.00000000	0.00000000	0.00000000	0.00000000	0.00000000	0.00000000	0.00000000
483.18380737	0.00000000	0.00000000	0.00000000	0.00000000	0.00000000	0.00000000	0.00000000	0.00000000
536.87091064	0.00000000	0.00000000	0.00000000	0.00000000	0.00000000	0.00000000	0.00000000	0.00000000
590.55798340	0.00000000	0.00000000	0.00000000	0.00000000	0.00000000	0.00000000	0.00000000	0.00000000
644.24505615	0.00000000	0.00000000	0.00000000	0.00000000	0.00000000	0.00000000	0.00000000	0.00000000
697.93212891	0.00000000	0.00000000	0.00000000	0.00000000	0.00000000	0.00000000	0.00000000	0.00000000
751.61926270	0.00000000	0.00000000	0.00000000	0.00000000	0.00000000	0.00000000	0.00000000	0.00000000
805.30633545	0.00000000	0.00000000	0.00000000	0.00000000	0.00000000	0.00000000	0.00000000	0.00000000
858.99340820	0.00000000	0.00000000	0.00000000	0.00000000	0.00000000	0.00000000	0.00000000	0.00000000
966.36761475	0.00000000	0.00000000	0.00000000	0.00000000	0.00000000	0.00000000	0.00000000	0.00000000
1073.74182129	0.00000000	0.00000000	0.00000000	0.00000000	0.00000000	0.00000000	0.00000000	0.00000000
1181.11596680	0.00000000	0.00000000	0.00000000	0.00000000	0.00000000	0.00000000	0.00000000	0.00000000
1288.49011230	0.00000000	0.00000000	0.00000000	0.00000000	0.00000000	0.00000000	0.00000000	0.00000000
1395.86425781	0.00000000	0.00000000	0.00000000	0.00000000	0.00000000	0.00000000	0.00000000	0.00000000
1503.23852539	0.00000000	0.00000000	0.00000000	0.00000000	0.00000000	0.00000000	0.00000000	0.00000000
1610.61267090	0.00000000	0.00000000	0.00000000	0.00000000	0.00000000	0.00000000	0.00000000	0.00000000
1717.98681641	0.00000000	0.00000000	0.00000000	0.00000000	0.00000000	0.00000000	0.00000000	0.00000000
1932.73522949	0.00000000	0.00000000	0.00000000	0.00000000	0.00000000	0.00000000	0.00000000	0.00000000
2147.48364258	0.00000000	0.00000000	0.00000000	0.00000000	0.00000000	0.00000000	0.00000000	0.00000000
2362.23193359	0.00000000	0.00000000	0.00000000	0.00000000	0.00000000	0.00000000	0.00000000	0.00000000
2576.98022461	0.00000000	0.00000000	0.00000000	0.00000000	0.00000000	0.00000000	0.00000000	0.00000000
2791.72851562	0.00000000	0.00000000	0.00000000	0.00000000	0.00000000	0.00000000	0.00000000	0.00000000
3006.47705078	0.00000000	0.00000000	0.00000000	0.00000000	0.00000000	0.00000000	0.00000000	0.00000000
3221.22534180	0.00000000	0.00000000	0.00000000	0.00000000	0.00000000	0.00000000	0.00000000	0.00000000
3435.97363281	0.00000000	0.00000000	0.00000000	0.00000000	0.00000000	0.00000000	0.00000000	0.00000000
8	8	8	8	8	8	8	8	8
