%2/22/2015 11:25:58 AM
%Duration	ID1		ID2		ID3		ID4		ID5		ID6		ID7		ID8
3000.000000	3.929138	3.490448	5.302429	6.837845	19.664764	23.031235	21.829605	25.558472
%Tau		Tau1		Tau2		Tau3		Tau4		Tau5		Tau6		Tau7		Tau8
%		0.000002	0.000001	0.000002	0.000003	0.000005	0.000007	0.000007	0.000006
%Delaytime	D1		D2		D3		D4		D5		D6		D7		D8
0.00000000	5.05870199	21.10987091	12.78642273	11.27277279	3.53856063	2.01285625	3.07740307	3.67252088
0.00000020	3.13157749	2.56741667	2.11253929	2.52914762	1.74233687	1.54458773	1.65128946	1.80964792
0.00000040	0.96356225	3.13795376	1.66779423	1.95105684	1.55373347	1.46770775	1.47865462	1.49621224
0.00000060	1.44534338	1.71161115	1.55660796	1.66201138	1.64354455	1.30695879	1.26849055	1.47847056
0.00000080	2.40890574	1.14107406	1.66779423	1.08392048	1.51780891	1.54458773	1.32853746	1.54352319
0.00000100	0.96356225	1.14107406	1.22304916	1.22844315	1.74233687	1.27201343	1.32853746	1.43707335
0.00000120	1.44534338	0.85580558	1.33423543	1.51748860	1.25735652	1.42577326	1.45613706	1.48438442
0.00000140	2.16801524	2.85268521	1.22304916	1.30070460	1.34716773	1.62845671	1.43361950	1.38976228
0.00000160	0.72267169	1.42634261	1.33423543	1.44522727	1.42799783	1.46770775	1.35856092	1.40159011
0.00000180	2.40890574	1.42634261	1.44542170	1.51748860	1.24837542	1.25803518	1.56121910	1.50803995
0.00000200	1.68623400	1.71161115	0.88949025	0.57809091	1.37411106	1.53759861	1.39609015	1.33653736
0.00000220	1.44534338	2.56741667	1.55660796	1.44522727	1.40105438	1.43975139	1.29851401	1.30105412
0.00000240	2.40890574	1.42634261	1.44542170	1.51748860	1.47290337	1.35588241	1.25347877	1.31288183
0.00000260	0.96356225	0.57053703	1.11186278	1.58975005	1.43697894	1.23007894	1.56872499	1.43115950
0.00000280	1.68623400	1.14107406	2.22372556	1.30070460	1.45494115	1.28599155	1.11086750	1.36019289
0.00000300	1.92712450	1.42634261	1.22304916	1.44522727	1.41003549	1.56555498	1.26849055	1.47255671
0.00000340	0.12044528	1.28370833	1.11186278	1.22844315	1.49984670	1.26502430	1.40359604	1.26852775
0.00000380	1.20445287	1.14107406	1.00067651	0.90326703	1.26633763	1.28599155	1.32103157	1.31879568
0.00000420	0.96356225	1.28370833	1.22304916	1.08392048	1.29328096	1.33142066	1.31352568	1.30696797
0.00000460	2.04756975	0.85580558	1.00067651	1.48135793	1.29328096	1.26502430	1.32478452	1.30992484
0.00000500	1.20445287	0.99843979	0.77830398	1.19231248	1.27980936	1.21610069	1.18217313	1.37793458
0.00000540	0.84311700	1.28370833	1.44542170	1.55361927	1.40554500	1.23706794	1.24972594	1.29218328
0.00000580	0.72267169	1.56897688	1.16745603	1.26457381	1.23041320	1.20911157	1.30226696	1.36906374
0.00000620	0.96356225	1.14107406	1.44542170	0.90326703	1.27980936	1.26152980	1.23471415	1.19164729
0.00000700	1.62601137	1.49765968	1.02847314	0.97552842	1.16530001	1.19513345	1.24597299	1.24043679
0.00000780	0.78289437	0.99843979	0.97288001	1.17424715	1.25286603	1.23706794	1.19906127	1.17094862
0.00000860	1.08400762	0.64185417	0.88949025	1.13811648	1.17877173	1.16193533	1.21594954	1.17981946
0.00000940	1.02378488	0.92712265	0.97288001	1.48135793	1.27980936	1.26502430	1.28350222	1.14729309
0.00001020	1.74645662	1.28370833	1.00067651	1.33683527	1.13386619	1.12873721	1.18029666	1.13990080
0.00001100	1.50556600	1.21239114	1.02847314	1.13811648	1.12713027	1.17067170	1.14089084	1.13546538
0.00001180	1.62601137	0.78448844	1.08406627	0.99359375	1.07099831	1.10427535	1.12024975	1.13250840
0.00001260	0.90333962	1.28370833	1.02847314	1.21037781	1.15856421	1.11126447	1.06583226	1.19016874
0.00001420	0.93345094	1.14107406	0.93118513	1.06585515	1.15070570	1.08942354	1.10711455	1.12215912
0.00001580	0.81300569	1.35502541	1.00067651	1.02972448	1.08447003	1.11213803	1.12587917	1.08667588
0.00001740	1.14423025	0.64185417	0.86169368	1.23747587	1.05528140	1.13223171	1.05457354	1.09850359
0.00001900	1.32489812	0.99843979	1.01457489	0.98456109	1.07099831	1.09117079	1.09022629	1.01718771
0.00002060	1.05389619	1.03409839	1.02847314	1.19231248	1.14060199	1.07107723	1.07896757	1.12511611
0.00002220	0.99367362	0.99843979	0.91728681	1.03875709	1.08783793	1.03700542	1.06301761	1.09185052
0.00002380	1.20445287	0.85580558	1.02847314	1.02972448	1.03731918	0.99594456	1.00484717	1.05267107
0.00002540	0.78289437	1.03409839	1.05626965	1.06585515	1.07548892	1.01516449	1.11837327	1.01127386
0.00002860	0.96269006	1.03491426	1.09895432	1.14293098	1.05532360	1.05509818	1.01172209	1.03925407
0.00003180	1.15823650	1.12413108	0.98145610	1.07036400	1.01707089	1.04941344	1.03143096	1.04222763
0.00003500	0.97773212	0.96354091	0.98145610	1.17921460	1.02888429	1.02440119	1.00984514	1.03330708
0.00003820	1.06798434	0.96354091	0.89160448	1.03861594	1.04238522	1.03843403	1.02486134	1.01955438
0.00004140	0.69193351	1.17766106	0.94689780	0.93430078	0.99850714	0.99064982	1.04270983	1.01620913
0.00004460	0.88747990	0.89216751	0.99527943	0.99779689	0.99230182	1.04371250	0.99906808	1.03070521
0.00004780	1.11311042	0.92785418	0.95380944	1.08397031	1.00636506	0.99898201	0.99625254	1.01843929
0.00005100	1.00781620	0.94569755	0.96763277	0.95244253	1.01199031	1.00205171	1.01596165	0.98164165
0.00005740	1.06721115	1.14772499	1.03500795	0.97366697	1.00550365	0.99388564	1.00637197	0.99276477
0.00006380	0.96199316	1.04985690	0.82731402	0.97140265	0.99256569	1.00900757	1.01621532	1.02969885
0.00007020	0.96199316	0.93419474	1.00731540	1.08914840	1.00916004	1.01448655	1.00613761	0.98385608
0.00007660	1.02963328	1.13882780	1.01770008	0.99178171	1.02181673	1.01163757	1.00215328	1.01800621
0.00008300	1.15739799	1.02316570	1.11116230	0.99178171	1.01562905	0.98555762	0.99887222	0.99424958
0.00008940	0.93193090	1.21890163	0.93116099	1.05291891	1.00072229	1.03508759	1.00379395	1.03860760
0.00009580	1.07472670	1.13882780	0.95891243	0.92611581	1.00861514	1.00856936	1.00918436	0.97439057
0.00010220	1.09727347	1.15662205	1.10084534	0.99631041	0.99005169	0.97832537	1.00049675	1.00835502
0.00011500	1.03977704	0.91549879	1.01096320	1.05497360	1.00655746	0.99447221	0.97020876	1.00184762
0.00012780	1.02476227	0.93327546	0.95729911	1.00743186	1.00557339	1.00761652	1.00782645	1.00823879
0.00014060	1.04728448	0.85328043	1.00923216	0.93611932	1.02019382	1.00838327	0.98063856	1.00388539
0.00015340	1.02851593	0.95994049	0.97634125	1.03120279	1.00132096	1.02811551	0.99786538	1.01694572
0.00016620	1.09232903	1.03104722	0.93133259	1.00177217	1.00653982	1.00357914	1.00337327	1.00240338
0.00017900	0.95719552	1.02215886	0.93825698	1.01761949	1.00611806	1.00796068	0.99224031	0.98571658
0.00019180	1.06605303	0.99993801	1.01269436	1.02441108	1.02579904	1.00566041	1.01438904	0.99266350
0.00020460	1.01725483	1.07548892	1.05250967	1.01988328	0.99290377	0.98890120	1.00782645	0.99534959
0.00023020	0.93791789	0.96500993	1.02518988	0.99952805	0.99798405	0.99530488	1.00110996	1.00833809
0.00025580	1.04484046	0.93826598	1.03817797	1.00693166	1.00838339	1.00050449	0.99583411	1.00097489
0.00028140	1.00732374	1.03632700	1.00181139	0.98425514	0.99018455	1.00351477	1.00802708	1.00298047
0.00030700	0.96042788	0.96714324	1.02432406	1.01027560	0.99101037	1.01672089	1.00601792	1.01463616
0.00033260	1.02233052	0.94263041	0.98882335	0.99500275	0.99698287	1.00491405	0.99863189	1.01190388
0.00035820	0.96230376	1.03622484	1.00960422	0.99613404	1.01813245	1.00358498	1.00746727	1.00426292
0.00038380	0.90978032	0.94708729	0.97237182	1.01084137	1.00773335	1.00758052	0.98843223	0.99259293
0.00040940	1.01670301	1.03399646	0.96365392	0.97859848	1.01785147	1.00900352	0.99167210	1.00106752
0.00046060	0.98986137	0.97450078	1.01542318	0.97482669	0.99834996	1.00496089	1.00942159	0.99002516
0.00051180	1.05366290	0.99122566	0.99685687	1.01463282	1.00351727	1.00474203	1.00202596	1.00148463
0.00056300	0.99549091	1.00126052	1.00595462	1.00475180	1.00372827	0.99898612	0.99551070	0.99747056
0.00061420	1.01340950	0.96446592	1.00768757	0.99656475	0.99980885	1.00702417	0.99577487	0.99841976
0.00066540	1.00308776	1.00572050	1.00855398	0.97811741	1.01448476	0.99999464	1.00836515	1.00691271
0.00071660	1.02270043	1.04464209	0.97822809	1.00126469	1.00232220	1.00096738	1.00641203	1.00822353
0.00076780	1.01331782	0.96994519	1.04977512	0.99194932	1.00286698	0.99381304	1.00614798	1.00338471
0.00081900	1.01613259	1.01119578	0.99301887	1.00950110	1.00863218	1.00379658	1.00162578	0.99142921
0.00092140	0.95482326	1.03608477	0.99802601	1.01666975	0.99935371	1.00011826	0.99469548	0.99663568
0.00102380	0.98959535	0.98967862	1.00099933	1.00122035	1.00562561	0.99651206	0.99240172	0.99792027
0.00112620	1.03893411	1.00306773	1.00728536	0.98111045	0.99870420	1.00385106	1.00700545	1.00140643
0.00122860	1.01731908	0.99637318	0.99341267	1.03050339	1.00406206	0.99917531	0.99813771	1.00157380
0.00133100	0.99946308	0.97350013	1.00496280	1.00931406	1.00063658	1.00156868	0.99154669	1.00179362
0.00143340	1.02624702	1.03542471	0.97055542	1.02372277	0.99441856	1.00220919	1.00341821	1.00481439
0.00153580	1.01966846	1.01310956	0.98421299	0.99711615	0.99852854	0.99887466	0.99938285	1.00251126
0.00163820	0.96798027	1.00631571	0.99381274	1.00248384	0.99635035	1.00286698	1.00201035	1.00159693
0.00184300	0.99208242	0.99643648	0.99793601	1.00090897	1.00120664	1.00199950	1.00061750	0.99892634
0.00204780	0.97288394	1.01263416	1.00541234	0.99506789	1.00418520	1.00580788	1.00085652	0.99718302
0.00225260	1.01104224	1.01002097	0.99126548	0.97945929	1.00031900	1.00190210	0.99647111	1.00351429
0.00245740	0.98629165	1.00890410	0.99868006	0.97880161	1.00190938	1.00294185	1.00166130	0.99862605
0.00266220	1.01216626	0.99531937	1.00230193	0.99537861	1.00248051	1.00635254	1.00412226	1.00162935
0.00286700	0.98120564	1.00834560	0.98410195	0.99290639	0.99834162	1.00203323	0.99912423	0.99935603
0.00307180	0.99461460	1.00583243	0.97842044	0.99973691	0.99972129	1.00261033	1.00115371	0.99866039
0.00327660	1.01267660	1.00471544	0.98903775	0.99891031	1.00180387	1.00092959	1.00050604	1.00530946
0.00368620	1.01092577	0.98381478	1.00860810	1.00346160	0.99753493	1.00395477	1.00228584	0.99814850
0.00409580	1.01714766	1.00080609	1.00107348	1.00163889	0.99799591	1.00189650	0.99903417	1.00061369
0.00450540	1.02525711	0.98833776	0.99978846	1.00333476	1.00284541	1.00028670	1.00280654	1.00172138
0.00491500	1.01535344	0.99707752	1.00190794	0.99614137	0.99867272	1.00147474	1.00123513	0.99866337
0.00532460	0.99996305	0.99739790	1.00959873	0.99957544	0.99735034	1.00073195	1.00135124	1.00143898
0.00573420	1.00055242	1.00553465	0.98782635	0.99484128	0.99783391	1.00153625	0.99900180	1.00194681
0.00614380	0.98676062	0.98408180	1.00619435	0.99739194	0.99771112	1.00096095	1.00057566	0.99982876
0.00655340	1.00776947	1.01267385	0.99475187	1.00390637	0.99974453	1.00319588	1.00100756	0.99906927
0.00737260	0.99649340	0.99968672	0.99838877	0.99598593	1.00085604	1.00153840	1.00115550	1.00154114
0.00819180	1.00497830	0.98931628	1.00836194	0.99864948	1.00448811	1.00018108	1.00044346	1.00159299
0.00901100	0.99528289	1.00001156	0.99413866	1.00547326	1.00171900	1.00142825	0.99986124	1.00132537
0.00983020	1.00121021	0.99450356	0.98433423	1.00685072	1.00010514	0.99963397	1.00165927	0.99983656
0.01064940	0.99292469	0.98966485	1.00052130	0.99908018	1.00001287	0.99815309	1.00087810	1.00158012
0.01146860	0.99421823	0.97978121	0.99379921	0.99685848	0.99965960	0.99938941	1.00109220	1.00240529
0.01228780	0.99843061	1.00030220	1.00481558	1.00561678	0.99899882	1.00240374	0.99937767	1.00125992
0.01310700	1.01015949	1.00210321	0.99978948	0.99717301	0.99848020	1.00083816	0.99931735	0.99953026
0.01474540	0.99639142	0.99034768	1.00416493	1.00126481	0.99879938	1.00131166	1.00008070	1.00312531
0.01638380	0.99380404	0.99713033	1.00420570	0.99469602	0.99929863	1.00046504	0.99997985	1.00011516
0.01802220	1.00821161	1.00584376	0.99482501	0.99778128	0.99899924	1.00102580	1.00203145	1.00118482
0.01966060	0.99884331	0.99743164	0.99612606	0.99953961	0.99911875	1.00138271	0.99881452	1.00026929
0.02129900	0.99374336	1.00598586	1.00478137	1.00032854	0.99884975	0.99928725	1.00018203	1.00023472
0.02293740	0.98973584	1.00034213	1.00029314	0.99857068	1.00232017	1.00086570	0.99812007	1.00132251
0.02457580	0.99907023	1.00264931	1.00473762	1.00055027	1.00205362	1.00176644	1.00088537	0.99995464
0.02621420	1.00646722	1.00874603	1.00000215	1.00115323	1.00242233	1.00082886	0.99867880	1.00158727
0.02949100	1.00589371	0.99653929	1.00436389	0.99961877	0.99980736	1.00134420	1.00154936	1.00104249
0.03276780	1.00131452	1.00256801	1.00473142	1.00204444	0.99923652	1.00044155	0.99915880	1.00076413
0.03604460	1.00400090	0.99548590	1.00363076	1.00331295	0.99971819	1.00103629	0.99936223	1.00193810
0.03932140	0.99910361	0.99253130	1.00228238	1.00263107	0.99924684	0.99879605	1.00082242	1.00074935
0.04259820	1.00391257	0.99241590	1.00174212	1.00055039	0.99851453	0.99949586	0.99948066	1.00005603
0.04587500	0.99667263	1.00330698	1.00397623	0.99966711	0.99968004	1.00092733	1.00076175	1.00111639
0.04915180	1.00069165	1.00930667	1.00107181	0.99834228	1.00154448	0.99981958	1.00052547	1.00263059
0.05242860	1.00388002	0.99912792	1.00256824	0.99968606	0.99898404	1.00041986	0.99960613	1.00045323
0.05898220	0.99855494	0.99480474	1.00179064	0.99794257	0.99967456	1.00066030	1.00053132	1.00041068
0.06553581	0.99919266	0.99795985	1.00371659	0.99960691	0.99924654	1.00163686	1.00014567	1.00101078
0.07208940	1.00170565	0.99814987	0.99693042	0.99854451	1.00071061	1.00066137	0.99983400	1.00150466
0.07864300	1.00286174	0.99677563	0.99856496	1.00055468	1.00098884	1.00067627	0.99891144	1.00140715
0.08519660	0.99474412	0.99849659	1.00231695	0.99874711	1.00059164	0.99980712	1.00027156	1.00190294
0.09175020	1.00194478	0.99640620	1.00429201	1.00197697	0.99955601	1.00029039	1.00069654	1.00121951
0.09830380	0.99309641	1.00097895	0.99991244	0.99761230	1.00019729	1.00052905	0.99943757	1.00138533
0.10485740	0.99548203	1.00212479	1.00080383	1.00118887	1.00088990	1.00080824	0.99991685	1.00162673
0.11796460	0.99627984	0.99836546	1.00213420	0.99914742	0.99980158	1.00008261	0.99985617	1.00087345
0.13107181	0.99721551	0.99961644	0.99894911	1.00096619	0.99985874	1.00078225	1.00009549	1.00099337
0.14417900	0.99594033	1.00334322	1.00185525	0.99846178	0.99972135	1.00104475	1.00035250	1.00105631
0.15728620	0.99866533	1.00056624	0.99935192	1.00105619	0.99999046	1.00019908	0.99940109	1.00051272
0.17039341	0.99757838	0.99900204	0.99817169	1.00017166	1.00015998	1.00129354	1.00009620	1.00127292
0.18350060	0.99969780	1.00128305	0.99995488	0.99963665	1.00132048	1.00063276	0.99937952	1.00089192
0.19660780	0.99994540	1.00014138	1.00176656	0.99955565	0.99931508	1.00023305	1.00060511	1.00108504
0.20971501	0.99882275	1.00140738	0.99823648	0.99902630	1.00018013	0.99995160	0.99968749	1.00081718
0.23592941	0.99846661	0.99944884	0.99878055	0.99926937	1.00035477	1.00017631	1.00052881	1.00059867
0.26214382	1.00128770	1.00077546	0.99814111	0.99998224	0.99973422	1.00018346	0.99976498	1.00066864
0.28835821	1.00078845	1.00258410	0.99839544	0.99956453	1.00012791	1.00046802	0.99959278	1.00068820
0.31457260	1.00036716	1.00241446	0.99915373	1.00001180	1.00038803	1.00071335	0.99989188	1.00064278
0.34078699	0.99968636	0.99926633	0.99984157	0.99850786	0.99982625	0.99975377	1.00005233	1.00052297
0.36700141	1.00185239	0.99798971	0.99848193	1.00065041	1.00038779	1.00004458	1.00001800	1.00084007
0.39321581	0.99877465	1.00009692	0.99979651	1.00187731	1.00024712	1.00046897	0.99983883	1.00044155
0.41943020	1.00219893	0.99975812	1.00001693	0.99933904	0.99938321	1.00033236	1.00009823	1.00050104
0.47185901	0.99941730	1.00092375	0.99962932	1.00032854	1.00008512	0.99987364	1.00009418	1.00021982
0.52428782	1.00151801	0.99871308	1.00028670	1.00054669	0.99995965	1.00015843	0.99982554	1.00040972
0.57671660	1.00011063	1.00151575	0.99842119	0.99881297	0.99994755	1.00016999	0.99987060	1.00016272
0.62914538	0.99994481	0.99833053	1.00046289	0.99999630	1.00003064	0.99992782	1.00022626	1.00016606
0.68157423	0.99990922	0.99935538	1.00045145	1.00027931	1.00017989	1.00070155	0.99991423	0.99994493
0.73400301	0.99897772	0.99891841	1.00101161	0.99883580	0.99998665	1.00035155	0.99949396	0.99997395
0.78643179	0.99900347	0.99808478	1.00032055	1.00054336	0.99998534	1.00016427	0.99997640	1.00020063
0.83886063	1.00080121	1.00237060	1.00044715	1.00046992	0.99984461	0.99999446	1.00004900	1.00020003
0.94371825	0.99995053	0.99905586	1.00015152	0.99976528	1.00004363	0.99986660	0.99981934	1.00040102
1.04857588	0.99964672	1.00023746	0.99958652	1.00036085	1.00003493	0.99986511	0.99998379	1.00059342
1.15343344	0.99992758	1.00002778	0.99943554	0.99968284	1.00012589	0.99980730	0.99957639	1.00056922
1.25829101	0.99971682	0.99975842	0.99850708	1.00052595	0.99994808	0.99980509	0.99976289	1.00052762
1.36314869	1.00040710	1.00002885	1.00007975	0.99981868	1.00005889	0.99986243	0.99994451	1.00071609
1.46800625	0.99961942	1.00084305	1.00088680	0.99965328	0.99976611	1.00005960	1.00005579	1.00068581
1.57286382	1.00049102	0.99955249	1.00119030	0.99978989	0.99978161	1.00015759	1.00022173	1.00046110
1.67772150	0.99986690	0.99998420	0.99967319	0.99986398	1.00010288	0.99992782	1.00022137	1.00042593
1.88743675	0.99959373	0.99989367	1.00011647	1.00005960	1.00005555	1.00031865	0.99982768	1.00018263
2.09715199	1.00028050	0.99991667	0.99985772	0.99977344	0.99983203	1.00013149	1.00005543	1.00003469
2.30686712	0.99992615	1.00044203	1.00026488	0.99970520	0.99983525	1.00041902	1.00014889	1.00028324
2.51658225	1.00070357	1.00069273	0.99982864	0.99983102	0.99975789	1.00008047	1.00016057	0.99992067
2.72629738	0.99987483	0.99955201	0.99914509	0.99980378	0.99985081	0.99977082	1.00007045	0.99996209
2.93601274	0.99993253	0.99957842	1.00167894	0.99951202	0.99997437	0.99973094	0.99994588	1.00012922
3.14572787	1.00008094	0.99969709	0.99938422	1.00017428	0.99997264	0.99910122	0.99990869	1.00074852
3.35544300	1.00028074	1.00006604	0.99827099	0.99959248	0.99995422	0.99967837	0.99965185	1.00014794
3.77487350	0.99981260	1.00082612	1.00004327	1.00052869	1.00000226	1.00007367	0.99995935	0.99958217
4.19430399	1.00051975	0.99961913	1.00044072	0.99955159	1.00006092	1.00045705	1.00012600	1.00000560
4.61373425	0.99995238	1.00007427	0.99953026	0.99968386	1.00015485	1.00000560	1.00008357	1.00038409
5.03316450	1.00000000	1.00000000	1.00000000	1.00000000	1.00000000	1.00000000	1.00000000	1.00000000
5.45259476	0.00000000	0.00000000	0.00000000	0.00000000	0.00000000	0.00000000	0.00000000	0.00000000
5.87202549	0.00000000	0.00000000	0.00000000	0.00000000	0.00000000	0.00000000	0.00000000	0.00000000
6.29145575	0.00000000	0.00000000	0.00000000	0.00000000	0.00000000	0.00000000	0.00000000	0.00000000
6.71088600	0.00000000	0.00000000	0.00000000	0.00000000	0.00000000	0.00000000	0.00000000	0.00000000
7.54974699	0.00000000	0.00000000	0.00000000	0.00000000	0.00000000	0.00000000	0.00000000	0.00000000
8.38860798	0.00000000	0.00000000	0.00000000	0.00000000	0.00000000	0.00000000	0.00000000	0.00000000
9.22746849	0.00000000	0.00000000	0.00000000	0.00000000	0.00000000	0.00000000	0.00000000	0.00000000
10.06632900	0.00000000	0.00000000	0.00000000	0.00000000	0.00000000	0.00000000	0.00000000	0.00000000
10.90518951	0.00000000	0.00000000	0.00000000	0.00000000	0.00000000	0.00000000	0.00000000	0.00000000
11.74405098	0.00000000	0.00000000	0.00000000	0.00000000	0.00000000	0.00000000	0.00000000	0.00000000
12.58291149	0.00000000	0.00000000	0.00000000	0.00000000	0.00000000	0.00000000	0.00000000	0.00000000
13.42177200	0.00000000	0.00000000	0.00000000	0.00000000	0.00000000	0.00000000	0.00000000	0.00000000
15.09949398	0.00000000	0.00000000	0.00000000	0.00000000	0.00000000	0.00000000	0.00000000	0.00000000
16.77721596	0.00000000	0.00000000	0.00000000	0.00000000	0.00000000	0.00000000	0.00000000	0.00000000
18.45493698	0.00000000	0.00000000	0.00000000	0.00000000	0.00000000	0.00000000	0.00000000	0.00000000
20.13265800	0.00000000	0.00000000	0.00000000	0.00000000	0.00000000	0.00000000	0.00000000	0.00000000
21.81037903	0.00000000	0.00000000	0.00000000	0.00000000	0.00000000	0.00000000	0.00000000	0.00000000
23.48810196	0.00000000	0.00000000	0.00000000	0.00000000	0.00000000	0.00000000	0.00000000	0.00000000
25.16582298	0.00000000	0.00000000	0.00000000	0.00000000	0.00000000	0.00000000	0.00000000	0.00000000
26.84354401	0.00000000	0.00000000	0.00000000	0.00000000	0.00000000	0.00000000	0.00000000	0.00000000
30.19898796	0.00000000	0.00000000	0.00000000	0.00000000	0.00000000	0.00000000	0.00000000	0.00000000
33.55443192	0.00000000	0.00000000	0.00000000	0.00000000	0.00000000	0.00000000	0.00000000	0.00000000
36.90987396	0.00000000	0.00000000	0.00000000	0.00000000	0.00000000	0.00000000	0.00000000	0.00000000
40.26531601	0.00000000	0.00000000	0.00000000	0.00000000	0.00000000	0.00000000	0.00000000	0.00000000
43.62075806	0.00000000	0.00000000	0.00000000	0.00000000	0.00000000	0.00000000	0.00000000	0.00000000
46.97620392	0.00000000	0.00000000	0.00000000	0.00000000	0.00000000	0.00000000	0.00000000	0.00000000
50.33164597	0.00000000	0.00000000	0.00000000	0.00000000	0.00000000	0.00000000	0.00000000	0.00000000
53.68708801	0.00000000	0.00000000	0.00000000	0.00000000	0.00000000	0.00000000	0.00000000	0.00000000
60.39797592	0.00000000	0.00000000	0.00000000	0.00000000	0.00000000	0.00000000	0.00000000	0.00000000
67.10886383	0.00000000	0.00000000	0.00000000	0.00000000	0.00000000	0.00000000	0.00000000	0.00000000
73.81974792	0.00000000	0.00000000	0.00000000	0.00000000	0.00000000	0.00000000	0.00000000	0.00000000
80.53063202	0.00000000	0.00000000	0.00000000	0.00000000	0.00000000	0.00000000	0.00000000	0.00000000
87.24151611	0.00000000	0.00000000	0.00000000	0.00000000	0.00000000	0.00000000	0.00000000	0.00000000
93.95240784	0.00000000	0.00000000	0.00000000	0.00000000	0.00000000	0.00000000	0.00000000	0.00000000
100.66329193	0.00000000	0.00000000	0.00000000	0.00000000	0.00000000	0.00000000	0.00000000	0.00000000
107.37417603	0.00000000	0.00000000	0.00000000	0.00000000	0.00000000	0.00000000	0.00000000	0.00000000
120.79595184	0.00000000	0.00000000	0.00000000	0.00000000	0.00000000	0.00000000	0.00000000	0.00000000
134.21772766	0.00000000	0.00000000	0.00000000	0.00000000	0.00000000	0.00000000	0.00000000	0.00000000
147.63949585	0.00000000	0.00000000	0.00000000	0.00000000	0.00000000	0.00000000	0.00000000	0.00000000
161.06126404	0.00000000	0.00000000	0.00000000	0.00000000	0.00000000	0.00000000	0.00000000	0.00000000
174.48303223	0.00000000	0.00000000	0.00000000	0.00000000	0.00000000	0.00000000	0.00000000	0.00000000
187.90481567	0.00000000	0.00000000	0.00000000	0.00000000	0.00000000	0.00000000	0.00000000	0.00000000
201.32658386	0.00000000	0.00000000	0.00000000	0.00000000	0.00000000	0.00000000	0.00000000	0.00000000
214.74835205	0.00000000	0.00000000	0.00000000	0.00000000	0.00000000	0.00000000	0.00000000	0.00000000
241.59190369	0.00000000	0.00000000	0.00000000	0.00000000	0.00000000	0.00000000	0.00000000	0.00000000
268.43545532	0.00000000	0.00000000	0.00000000	0.00000000	0.00000000	0.00000000	0.00000000	0.00000000
295.27899170	0.00000000	0.00000000	0.00000000	0.00000000	0.00000000	0.00000000	0.00000000	0.00000000
322.12252808	0.00000000	0.00000000	0.00000000	0.00000000	0.00000000	0.00000000	0.00000000	0.00000000
348.96606445	0.00000000	0.00000000	0.00000000	0.00000000	0.00000000	0.00000000	0.00000000	0.00000000
375.80963135	0.00000000	0.00000000	0.00000000	0.00000000	0.00000000	0.00000000	0.00000000	0.00000000
402.65316772	0.00000000	0.00000000	0.00000000	0.00000000	0.00000000	0.00000000	0.00000000	0.00000000
429.49670410	0.00000000	0.00000000	0.00000000	0.00000000	0.00000000	0.00000000	0.00000000	0.00000000
483.18380737	0.00000000	0.00000000	0.00000000	0.00000000	0.00000000	0.00000000	0.00000000	0.00000000
536.87091064	0.00000000	0.00000000	0.00000000	0.00000000	0.00000000	0.00000000	0.00000000	0.00000000
590.55798340	0.00000000	0.00000000	0.00000000	0.00000000	0.00000000	0.00000000	0.00000000	0.00000000
644.24505615	0.00000000	0.00000000	0.00000000	0.00000000	0.00000000	0.00000000	0.00000000	0.00000000
697.93212891	0.00000000	0.00000000	0.00000000	0.00000000	0.00000000	0.00000000	0.00000000	0.00000000
751.61926270	0.00000000	0.00000000	0.00000000	0.00000000	0.00000000	0.00000000	0.00000000	0.00000000
805.30633545	0.00000000	0.00000000	0.00000000	0.00000000	0.00000000	0.00000000	0.00000000	0.00000000
858.99340820	0.00000000	0.00000000	0.00000000	0.00000000	0.00000000	0.00000000	0.00000000	0.00000000
966.36761475	0.00000000	0.00000000	0.00000000	0.00000000	0.00000000	0.00000000	0.00000000	0.00000000
1073.74182129	0.00000000	0.00000000	0.00000000	0.00000000	0.00000000	0.00000000	0.00000000	0.00000000
1181.11596680	0.00000000	0.00000000	0.00000000	0.00000000	0.00000000	0.00000000	0.00000000	0.00000000
1288.49011230	0.00000000	0.00000000	0.00000000	0.00000000	0.00000000	0.00000000	0.00000000	0.00000000
1395.86425781	0.00000000	0.00000000	0.00000000	0.00000000	0.00000000	0.00000000	0.00000000	0.00000000
1503.23852539	0.00000000	0.00000000	0.00000000	0.00000000	0.00000000	0.00000000	0.00000000	0.00000000
1610.61267090	0.00000000	0.00000000	0.00000000	0.00000000	0.00000000	0.00000000	0.00000000	0.00000000
1717.98681641	0.00000000	0.00000000	0.00000000	0.00000000	0.00000000	0.00000000	0.00000000	0.00000000
1932.73522949	0.00000000	0.00000000	0.00000000	0.00000000	0.00000000	0.00000000	0.00000000	0.00000000
2147.48364258	0.00000000	0.00000000	0.00000000	0.00000000	0.00000000	0.00000000	0.00000000	0.00000000
2362.23193359	0.00000000	0.00000000	0.00000000	0.00000000	0.00000000	0.00000000	0.00000000	0.00000000
2576.98022461	0.00000000	0.00000000	0.00000000	0.00000000	0.00000000	0.00000000	0.00000000	0.00000000
2791.72851562	0.00000000	0.00000000	0.00000000	0.00000000	0.00000000	0.00000000	0.00000000	0.00000000
3006.47705078	0.00000000	0.00000000	0.00000000	0.00000000	0.00000000	0.00000000	0.00000000	0.00000000
3221.22534180	0.00000000	0.00000000	0.00000000	0.00000000	0.00000000	0.00000000	0.00000000	0.00000000
3435.97363281	0.00000000	0.00000000	0.00000000	0.00000000	0.00000000	0.00000000	0.00000000	0.00000000
0	0	0	0	0	0	0	0	0
