%3/26/2015 12:22:40 PM
%Duration	ID1		ID2		ID3		ID4		ID5		ID6		ID7		ID8
3000.000000	3.404617	5.245209	6.961823	10.023117	15.220642	29.554367	23.765564	22.344589
%Tau		Tau1		Tau2		Tau3		Tau4		Tau5		Tau6		Tau7		Tau8
%		0.000002	0.000001	0.000003	0.000005	0.000016	0.000032	0.000021	0.000022
%Delaytime	D1		D2		D3		D4		D5		D6		D7		D8
0.00000000	5.58649302	12.11026478	8.77606106	8.89627361	5.57324696	1.90802813	3.14139128	4.27616453
0.00000020	3.14240217	2.88339639	2.09337234	2.06393552	1.82132244	1.50108445	1.65742111	1.81019735
0.00000040	2.09493494	1.15335846	1.93234372	1.67249942	1.54812407	1.49724543	1.50966656	1.46181977
0.00000060	2.44409060	1.03802264	1.36874342	1.53015900	1.54812407	1.49340630	1.47112179	1.49597442
0.00000080	1.74577904	1.03802264	1.52977204	1.28106332	1.40241826	1.38975084	1.22700560	1.27055359
0.00000100	1.39662325	1.15335846	1.28822911	1.38781869	1.60276377	1.44349813	1.52893889	1.57111466
0.00000120	0.69831163	1.73003781	1.36874342	1.20989323	1.25671256	1.47037172	1.50966656	1.47548163
0.00000140	1.04746747	1.73003781	1.28822911	1.38781869	1.69382989	1.48956728	1.65742111	1.54379094
0.00000160	1.39662325	1.26869440	0.80514318	1.28106332	1.45705795	1.31296909	1.44542539	1.65991688
0.00000180	2.09493494	1.84537363	1.12720048	1.45898879	1.69382989	1.37055540	1.41330481	1.53696001
0.00000200	1.04746747	0.80735093	1.28822911	1.95718014	1.45705795	1.40510726	1.50324237	1.47548163
0.00000220	1.39662325	1.49936604	1.20771480	1.56574416	1.18385959	1.52795815	1.42615306	1.43449605
0.00000240	1.04746747	1.38403022	1.52977204	1.45898879	1.36599183	1.40126812	1.41330481	1.49597442
0.00000260	0.69831163	0.46134341	1.36874342	1.56574416	1.51169765	1.45885456	1.56105936	1.44132698
0.00000280	1.39662325	1.26869440	0.88565755	1.38781869	1.56633735	1.53179729	1.32336724	1.42766511
0.00000300	1.39662325	1.26869440	1.28822911	1.24547827	1.32956541	1.57402718	1.46469772	1.47548163
0.00000340	1.22204530	1.03802264	1.24797201	1.49457395	1.32956541	1.53947544	1.45827365	1.41741872
0.00000380	1.39662325	1.26869440	1.24797201	1.06755280	1.41152489	1.48380864	1.48718214	1.43108058
0.00000420	0.87288952	1.09569061	1.48951495	1.20989323	1.54812407	1.54907310	1.48718214	1.42766511
0.00000460	1.39662325	0.80735093	1.52977204	1.40561116	1.35688519	1.44157863	1.42936516	1.37984860
0.00000500	1.22204530	1.49936604	1.32848632	1.24547827	1.26581907	1.44349813	1.47754598	1.40034139
0.00000540	1.04746747	1.21102643	1.00642896	1.33444095	1.52080429	1.36095774	1.56427145	1.32178557
0.00000580	1.92035699	1.21102643	1.36874342	1.28106332	1.44795132	1.39742911	1.41972888	1.39351046
0.00000620	1.39662325	1.26869440	1.24797201	1.54795158	1.45705795	1.42814183	1.35548782	1.47889709
0.00000700	1.83306801	1.35519624	1.32848632	1.28995967	1.42973816	1.43869925	1.48075795	1.44474244
0.00000780	1.30933428	1.06685662	1.28822911	1.38781869	1.39331174	1.37439454	1.42454696	1.40888000
0.00000860	2.18222380	1.03802264	1.18758619	1.37002611	1.45250463	1.38591182	1.40366864	1.33032429
0.00000940	1.74577904	0.89385283	1.12720048	1.19210064	1.44339800	1.36767614	1.29445875	1.41741872
0.00001020	1.74577904	1.09569061	1.12720048	1.51236641	1.43429148	1.38111293	1.38279033	1.34227848
0.00001100	1.22204530	1.15335846	0.96617186	1.17430806	1.31135213	1.39454973	1.41009271	1.37643313
0.00001180	1.13475633	1.23986042	1.08694327	1.37892234	1.32956541	1.38975084	1.29767084	1.43108058
0.00001260	1.57120109	0.95152080	1.10707188	1.27216709	1.28858566	1.33504379	1.31854916	1.34740162
0.00001420	1.30933428	1.06685662	1.36874342	1.23213387	1.38420510	1.33408403	1.27036834	1.34910941
0.00001580	1.00382292	1.08127356	1.22784340	1.21434128	1.19979620	1.35279965	1.30409491	1.32178557
0.00001740	1.35297871	1.28311133	1.21777904	1.14761925	1.31818211	1.33792317	1.26555026	1.32605493
0.00001900	1.44026768	1.08127356	1.07687902	1.16985989	1.25898921	1.31392884	1.29767084	1.27909231
0.00002060	1.61484563	1.05243969	1.11713624	1.45454073	1.35460854	1.28705513	1.24627793	1.25006080
0.00002220	1.22204530	1.09569061	1.43919349	1.32999289	1.33184206	1.27361834	1.21817243	1.31239307
0.00002380	1.17840087	1.11010754	1.25803626	1.18765247	1.24305260	1.24146605	1.23664176	1.27823842
0.00002540	1.44026768	1.39844716	0.94604325	1.16096365	1.29313898	1.20163548	1.22138441	1.13564265
0.00002860	1.00755525	1.18597925	1.28158581	1.27154732	1.20554054	1.23264480	1.18993270	1.21212399
0.00003180	1.22658896	1.07097518	1.06044936	1.16706693	1.18942058	1.19857788	1.18591535	1.15667844
0.00003500	1.35800922	0.97753435	1.09060431	1.14039111	1.20899487	1.23144519	1.11922765	1.18056273
0.00003820	1.09516871	1.05659962	1.10065603	1.16039801	1.18711782	1.19712484	1.17908585	1.20871198
0.00004140	1.18278229	1.07097518	1.21122420	1.10260046	1.20438910	1.17289436	1.13569868	1.14857495
0.00004460	1.09516871	1.08535063	1.17604339	1.14039111	1.19748056	1.14842415	1.12846756	1.17629766
0.00004780	1.09516871	1.15004039	1.03029442	1.08259356	1.18020928	1.14386594	1.13889575	1.14004481
0.00005100	0.83232826	0.91284460	1.06044936	1.14928305	1.17099786	1.13307023	1.13688707	1.11957264
0.00005740	1.09218359	1.12967885	1.13314593	1.08753157	1.10643613	1.12280083	1.11997652	1.10233164
0.00006380	1.14679277	1.06851780	1.09043312	1.13312340	1.11850011	1.13180149	1.08787405	1.10169148
0.00007020	1.02665257	1.10809255	0.98490739	1.09865153	1.13113844	1.12988126	1.11014521	1.06050873
0.00007660	1.15771461	1.00735688	1.02762020	1.08530760	1.07771242	1.08883834	1.06299460	1.06947076
0.00008300	1.13587093	1.03247619	1.06279540	1.02748382	1.10126591	1.09627891	1.02025807	1.04642546
0.00008940	0.96112156	0.99290389	0.96731973	1.03971577	1.11390424	1.06496882	1.05837989	1.06114888
0.00009580	1.20140195	0.86339468	1.08038306	1.03637981	1.05645692	1.08537054	1.04714394	1.04151773
0.00010220	1.02665257	0.97131902	1.08540809	1.04972374	1.07024431	1.05381989	1.03370106	1.05944180
0.00011500	1.05780172	1.04411840	1.06285107	1.02206612	1.09846711	1.06369615	1.02895927	1.02970064
0.00012780	1.13413787	0.98111123	1.01762331	1.03433585	1.01529336	1.04176509	1.02223277	1.03941786
0.00014060	1.03053880	0.95230794	1.03395557	0.98317510	1.02906001	1.01874268	1.00958288	1.01870215
0.00015340	1.10142243	1.02251589	1.00506008	1.05991614	1.04770243	1.03463054	1.01942170	1.01496470
0.00016620	0.99237067	0.97931099	1.02139235	0.98039466	0.97944260	1.01801157	1.02072680	1.00823748
0.00017900	1.04144394	0.94330692	0.97867727	1.08219767	1.02934682	1.01639283	1.00777578	1.01080024
0.00019180	1.12323272	1.02251589	1.04274988	0.99822444	1.03106773	1.01429451	1.00817728	1.00964105
0.00020460	0.93784481	0.99371266	1.00757277	1.01991284	0.98890722	1.00110471	1.01068723	1.00186110
0.00023020	1.02213705	0.98631740	1.03911388	1.01414871	1.00685632	1.01276851	1.01255870	1.01645434
0.00025580	1.04666829	0.99893939	1.02905595	1.00775111	1.00656986	1.01133013	1.00226641	1.01193297
0.00028140	1.02758837	1.01426601	1.00516820	0.98243916	1.01229799	1.01729310	0.99918908	0.99314505
0.00030700	0.92946327	0.99352998	0.99008131	0.97270375	0.99451607	1.01463783	0.99296361	0.99913830
0.00033260	1.05211973	1.00782871	0.96807951	1.00524771	1.01012468	1.00665569	1.00004256	1.00139534
0.00035820	0.85859507	1.03577387	1.00328243	0.99718130	0.99594802	0.99324298	1.00902939	1.00160885
0.00038380	1.04121685	0.92940193	0.97499436	1.01494777	0.99642742	1.01697516	1.00461125	1.00064802
0.00040940	1.00305712	0.96455878	1.03219903	1.00879347	0.98411173	1.01372051	1.00882852	1.00641274
0.00046060	1.01171458	0.99509752	1.00501430	1.00873315	1.00386560	1.00361764	0.99366534	0.99969876
0.00051180	1.05664945	0.96806908	0.97607499	1.00511408	0.99342358	0.99723649	0.99244058	0.99370974
0.00056300	0.97494972	1.00545847	0.98336130	0.97476995	0.99893069	0.99842697	0.99508905	0.99300081
0.00061420	0.98992801	0.98068231	0.99814636	1.01485765	1.00593972	1.00121653	1.00691867	0.99831110
0.00066540	0.93818486	0.99104327	1.01293135	0.99620569	0.99482918	1.00346339	1.00526309	0.99616480
0.00071660	1.04972672	1.00764763	0.98461962	0.96694148	1.01213682	0.99659896	1.00762093	1.00043452
0.00076780	1.02385795	1.00359356	1.02960384	1.00567079	1.00548553	0.99735498	0.98841256	0.99665666
0.00081900	1.02521944	1.02888310	1.01791120	0.99561423	1.00991964	0.99757540	0.99510980	0.99831110
0.00092140	1.02363491	1.00144112	0.99992985	1.00866759	1.01027918	0.99960005	0.99992454	1.00256801
0.00102380	1.01750946	1.04114068	0.98657441	1.00515079	1.00577235	0.98819822	0.99794054	1.00606227
0.00112620	0.99845237	1.02582645	1.00747180	0.98934674	1.00944602	0.99516714	1.00184131	1.00290537
0.00122860	0.98143715	1.00623322	0.98861700	0.99992949	1.00684547	0.99866527	1.00120389	1.00217772
0.00133100	0.98756266	0.97650570	0.98437470	1.00073016	1.00753570	1.00746775	1.00148213	0.99949670
0.00143340	0.96850562	0.99716240	0.99972039	0.97719824	0.99729532	0.99971622	0.99932694	0.99855161
0.00153580	0.97531170	0.99626160	0.98955977	0.98322099	1.00031400	0.99851882	1.00770569	0.99864501
0.00163820	0.99300754	0.98004758	1.00197268	1.00769162	1.01074839	0.99974614	1.00959492	1.00095439
0.00184300	1.00189960	0.99976391	1.00753081	1.00375879	1.00937295	0.99803376	1.00664294	0.99563068
0.00204780	0.99917239	0.98056930	0.98105651	0.99401134	1.00622976	1.00211728	0.99915266	0.99831575
0.00225260	0.99213803	0.99228537	1.00766122	0.99470758	1.00174761	1.00176597	1.00063396	0.99426532
0.00245740	1.02724290	1.01225674	1.00669169	0.99742305	0.99887657	0.99423432	0.99998343	1.00193560
0.00266220	1.02713096	0.99469924	1.00506699	0.98809618	1.00195873	1.00012445	1.00514996	0.99820441
0.00286700	1.01997435	1.00196505	1.01743937	1.00062525	1.00031567	0.99759007	0.99595708	0.99811387
0.00307180	0.98521417	1.01300991	0.99445009	1.00984776	1.00484776	1.00074041	1.00302577	0.99923944
0.00327660	0.99646014	1.00581896	1.02113545	0.98827022	0.99593711	0.99686474	1.00399518	0.99761754
0.00368620	1.01682281	0.99492055	1.00180304	1.00001681	1.00084138	0.99665600	1.00503314	0.99789649
0.00409580	0.98918897	0.98336607	0.99694157	1.00449228	1.00052679	0.99502134	0.99681276	1.00064456
0.00450540	0.98976338	0.99168605	1.00143623	0.99505430	0.99902743	1.00226176	1.00236368	1.00010824
0.00491500	1.00328588	0.99850118	1.00545883	1.00233305	1.00929689	0.99863952	1.00430763	1.00395715
0.00532460	0.97831476	1.00182426	1.00903594	0.99869347	1.00025880	1.00007164	0.99914277	0.99860966
0.00573420	0.99850917	0.99651760	1.00028300	1.00477123	1.00086439	1.00178492	1.00038111	0.99538159
0.00614380	1.01034081	1.01251137	1.00159335	0.99303359	1.00327873	0.99917066	0.99835724	1.00063503
0.00655340	0.99782676	0.98536694	1.00424075	0.99625522	1.00293767	1.00060761	0.99867296	0.99810779
0.00737260	0.98618174	0.99855751	0.99622560	1.00116408	1.00561631	0.99849135	0.99905962	1.00208008
0.00819180	0.98441297	1.00313282	0.99770033	1.00414729	1.00003135	0.99846941	0.99965787	0.99952811
0.00901100	0.99618298	1.00240052	0.99910307	0.99980700	1.00094187	0.99935412	0.99957317	1.00107038
0.00983020	0.99950927	1.00469828	1.00189507	1.00217330	0.99815923	0.99745822	1.00077498	0.99912208
0.01064940	1.01042628	1.00428259	1.00154114	0.99656236	0.99756873	0.99842072	1.00114274	0.99861777
0.01146860	1.02106142	0.99614537	0.99684936	0.99997288	1.00298011	1.00150371	1.00065172	1.00023448
0.01228780	0.99165618	1.00014353	0.99654090	0.99858946	1.00061274	0.99781901	0.99945068	1.00218761
0.01310700	1.00696552	0.99499702	1.00481081	0.99590087	0.99950659	1.00211835	1.00198781	1.00213170
0.01474540	1.00205982	0.99730653	1.00065970	1.00473177	1.00146973	1.00133717	1.00099301	0.99854529
0.01638380	1.01001394	1.00648773	1.00326800	0.99748534	0.99998254	0.99996954	0.99792600	1.00059450
0.01802220	0.99730444	0.99693561	0.99945056	1.00174987	1.00329781	1.00014198	0.99913132	0.99984992
0.01966060	0.99129051	1.00119317	1.00213754	0.99818528	1.00174880	0.99898559	0.99955064	1.00159824
0.02129900	1.00915635	0.99961513	1.00079727	0.99724638	0.99960083	1.00149894	1.00170863	0.99950111
0.02293740	0.99677724	1.00108933	1.00405049	1.00267267	1.00061977	1.00064683	1.00025880	0.99794590
0.02457580	0.99480623	0.99741584	1.00383770	0.99907243	1.00012767	1.00068259	0.99952209	1.00171900
0.02621420	1.00940561	1.00042653	1.00107253	0.99758935	1.00378752	1.00068986	1.00065243	1.00277138
0.02949100	1.00468445	1.00508034	1.00028110	0.99981338	0.99946940	1.00053608	0.99953997	0.99884933
0.03276780	1.00678337	0.99747854	0.99986815	1.00067842	1.00126600	1.00045216	1.00047374	1.00152397
0.03604460	1.00043964	0.99938214	1.00251102	1.00198436	0.99951583	1.00010347	1.00010550	1.00083649
0.03932140	0.99864209	0.99878484	1.00386429	1.00176847	1.00024831	0.99825376	1.00121760	0.99917650
0.04259820	1.00188363	1.00407720	0.99935549	1.00072110	1.00009215	0.99943906	1.00104368	1.00112879
0.04587500	1.00824201	0.99961060	0.99744165	1.00342369	1.00075579	0.99966282	1.00038433	1.00007236
0.04915180	0.99273795	0.99824756	0.99816912	1.00087249	1.00196886	1.00031698	1.00019157	1.00153708
0.05242860	0.99277538	1.00215018	1.00421071	0.99839604	1.00206769	1.00014544	0.99930692	1.00076079
0.05898220	1.00345802	1.00087392	1.00065565	1.00064230	1.00038362	0.99936664	0.99941313	1.00009418
0.06553581	1.00200224	1.00017488	1.00016940	0.99921227	1.00201023	0.99979156	1.00021911	0.99933106
0.07208940	0.99731821	1.00017262	1.00100863	1.00071836	1.00183034	0.99967271	0.99974048	1.00098956
0.07864300	1.00618041	0.99984461	1.00181317	0.99794763	0.99946374	1.00069058	0.99995732	0.99994713
0.08519660	1.00084519	0.99972063	1.00192273	0.99953908	1.00090706	0.99983865	1.00032282	1.00013888
0.09175020	1.00013542	1.00036860	1.00062203	1.00188863	1.00110734	1.00013399	1.00045192	1.00103045
0.09830380	0.99923891	1.00075531	1.00207806	0.99963838	0.99941939	1.00064135	1.00068665	0.99905884
0.10485740	0.99856049	0.99690580	1.00087273	0.99915689	1.00074089	0.99973541	0.99993116	0.99899197
0.11796460	1.00270462	1.00239420	0.99997330	1.00114894	1.00176239	1.00023246	1.00072801	1.00025809
0.13107181	0.99751741	0.99961042	0.99930263	1.00016904	1.00153387	0.99967366	1.00008988	0.99994445
0.14417900	0.99847668	1.00074923	1.00022662	0.99935597	1.00140476	1.00016332	1.00105655	1.00036478
0.15728620	0.99954402	0.99980098	0.99862486	0.99971157	0.99969643	1.00013256	1.00039673	1.00001574
0.17039341	1.00218523	0.99901944	1.00296605	1.00032711	1.00072718	1.00024295	1.00049055	0.99956536
0.18350060	1.00071824	0.99847645	1.00133276	0.99950749	1.00141299	1.00040913	0.99999905	0.99990362
0.19660780	1.00027144	0.99918294	1.00183189	0.99952465	1.00030208	1.00031209	0.99953192	1.00034118
0.20971501	0.99973643	1.00077415	0.99975735	0.99957031	1.00136828	1.00026608	1.00054824	0.99982595
0.23592941	0.99910998	1.00139701	1.00066853	1.00023127	1.00081909	1.00034940	0.99946737	1.00002193
0.26214382	0.99824703	1.00050926	1.00105810	1.00043058	1.00171280	0.99954033	0.99943382	1.00027037
0.28835821	1.00132799	1.00029206	1.00003910	1.00045514	1.00131631	1.00033927	0.99951035	1.00016177
0.31457260	0.99934644	0.99940336	0.99984390	1.00038934	1.00103033	1.00035775	1.00020719	0.99964070
0.34078699	1.00053930	1.00056803	1.00103080	1.00026333	0.99982238	0.99989277	0.99962586	0.99973619
0.36700141	1.00169277	0.99895072	1.00139201	1.00017095	1.00037467	0.99974424	0.99996883	0.99945158
0.39321581	1.00043774	0.99974459	0.99951065	0.99950230	1.00157046	0.99999219	0.99983883	0.99968827
0.41943020	1.00013149	0.99890697	1.00075948	0.99923319	1.00031900	1.00030088	0.99947613	0.99973905
0.47185901	0.99849480	0.99992442	1.00022328	0.99956018	1.00037217	0.99971771	1.00008166	1.00018001
0.52428782	0.99942410	0.99880475	0.99975330	0.99979907	1.00049877	1.00011230	1.00008857	1.00011182
0.57671660	1.00103676	0.99851209	0.99964035	1.00108504	1.00045967	0.99975312	0.99990165	0.99947691
0.62914538	0.99952048	0.99881971	0.99802119	0.99978679	1.00091219	1.00006080	0.99998766	0.99993712
0.68157423	1.00033545	1.00038123	1.00141037	1.00086832	1.00112128	0.99939525	1.00040293	1.00016880
0.73400301	1.00009727	1.00016475	0.99950296	1.00038087	1.00046861	1.00010026	1.00003636	0.99979287
0.78643179	0.99663067	1.00004625	0.99931568	1.00046968	1.00061226	0.99969852	0.99981821	1.00026464
0.83886063	0.99861115	0.99919939	0.99876028	1.00035048	1.00017214	1.00013030	1.00001454	1.00000143
0.94371825	0.99969882	0.99977744	1.00012362	1.00036812	1.00070906	0.99980664	0.99973565	0.99997801
1.04857588	0.99971867	1.00039601	0.99976557	1.00018811	1.00062501	0.99998444	0.99971825	0.99978703
1.15343344	0.99906588	1.00060225	0.99935335	0.99987423	1.00051725	0.99988085	0.99971086	0.99984986
1.25829101	1.00119078	0.99998087	0.99914891	1.00015247	1.00041354	1.00000632	0.99991179	0.99997020
1.36314869	0.99847847	0.99942178	1.00047064	1.00030291	0.99984515	1.00003397	1.00006092	1.00014722
1.46800625	0.99824572	1.00066006	0.99956840	0.99975884	1.00031698	0.99984872	1.00013649	1.00009704
1.57286382	1.00016534	0.99903810	0.99943304	0.99992436	1.00033009	0.99989086	1.00049353	1.00038707
1.67772150	0.99957484	0.99981058	1.00015497	1.00037086	1.00019550	0.99984622	0.99993259	0.99961746
1.88743675	0.99993944	1.00051725	1.00026977	0.99992192	0.99983829	1.00015903	1.00018609	0.99978977
2.09715199	1.00047517	1.00046837	1.00061047	0.99983525	1.00014055	1.00022984	0.99990511	0.99991226
2.30686712	0.99962461	0.99911332	0.99977225	0.99994344	1.00005400	1.00015843	0.99989343	1.00003719
2.51658225	1.00028622	1.00025368	0.99985278	1.00009167	0.99969840	0.99978691	0.99974316	0.99988335
2.72629738	0.99965435	1.00005496	0.99935770	0.99993229	0.99978679	0.99968153	0.99993229	1.00012565
2.93601274	0.99990743	0.99947333	0.99874604	0.99987113	0.99971712	0.99977577	0.99967974	1.00016797
3.14572787	0.99928629	0.99958742	0.99931258	1.00018358	1.00037575	0.99991363	1.00022578	0.99998951
3.35544300	1.00037920	0.99932289	0.99914378	0.99985623	1.00014806	1.00003707	1.00050378	0.99971920
3.77487350	1.00154674	1.00065041	1.00075912	0.99997175	0.99994177	1.00013769	1.00023115	1.00023496
4.19430399	0.99940330	0.99990797	1.00054610	1.00002158	1.00008345	1.00007570	0.99996078	0.99989587
4.61373425	0.99926376	1.00000763	1.00066364	0.99994802	0.99993485	1.00010121	1.00011313	0.99998325
5.03316450	1.00000000	1.00000000	1.00000000	1.00000000	1.00000000	1.00000000	1.00000000	1.00000000
5.45259476	0.00000000	0.00000000	0.00000000	0.00000000	0.00000000	0.00000000	0.00000000	0.00000000
5.87202549	0.00000000	0.00000000	0.00000000	0.00000000	0.00000000	0.00000000	0.00000000	0.00000000
6.29145575	0.00000000	0.00000000	0.00000000	0.00000000	0.00000000	0.00000000	0.00000000	0.00000000
6.71088600	0.00000000	0.00000000	0.00000000	0.00000000	0.00000000	0.00000000	0.00000000	0.00000000
7.54974699	0.00000000	0.00000000	0.00000000	0.00000000	0.00000000	0.00000000	0.00000000	0.00000000
8.38860798	0.00000000	0.00000000	0.00000000	0.00000000	0.00000000	0.00000000	0.00000000	0.00000000
9.22746849	0.00000000	0.00000000	0.00000000	0.00000000	0.00000000	0.00000000	0.00000000	0.00000000
10.06632900	0.00000000	0.00000000	0.00000000	0.00000000	0.00000000	0.00000000	0.00000000	0.00000000
10.90518951	0.00000000	0.00000000	0.00000000	0.00000000	0.00000000	0.00000000	0.00000000	0.00000000
11.74405098	0.00000000	0.00000000	0.00000000	0.00000000	0.00000000	0.00000000	0.00000000	0.00000000
12.58291149	0.00000000	0.00000000	0.00000000	0.00000000	0.00000000	0.00000000	0.00000000	0.00000000
13.42177200	0.00000000	0.00000000	0.00000000	0.00000000	0.00000000	0.00000000	0.00000000	0.00000000
15.09949398	0.00000000	0.00000000	0.00000000	0.00000000	0.00000000	0.00000000	0.00000000	0.00000000
16.77721596	0.00000000	0.00000000	0.00000000	0.00000000	0.00000000	0.00000000	0.00000000	0.00000000
18.45493698	0.00000000	0.00000000	0.00000000	0.00000000	0.00000000	0.00000000	0.00000000	0.00000000
20.13265800	0.00000000	0.00000000	0.00000000	0.00000000	0.00000000	0.00000000	0.00000000	0.00000000
21.81037903	0.00000000	0.00000000	0.00000000	0.00000000	0.00000000	0.00000000	0.00000000	0.00000000
23.48810196	0.00000000	0.00000000	0.00000000	0.00000000	0.00000000	0.00000000	0.00000000	0.00000000
25.16582298	0.00000000	0.00000000	0.00000000	0.00000000	0.00000000	0.00000000	0.00000000	0.00000000
26.84354401	0.00000000	0.00000000	0.00000000	0.00000000	0.00000000	0.00000000	0.00000000	0.00000000
30.19898796	0.00000000	0.00000000	0.00000000	0.00000000	0.00000000	0.00000000	0.00000000	0.00000000
33.55443192	0.00000000	0.00000000	0.00000000	0.00000000	0.00000000	0.00000000	0.00000000	0.00000000
36.90987396	0.00000000	0.00000000	0.00000000	0.00000000	0.00000000	0.00000000	0.00000000	0.00000000
40.26531601	0.00000000	0.00000000	0.00000000	0.00000000	0.00000000	0.00000000	0.00000000	0.00000000
43.62075806	0.00000000	0.00000000	0.00000000	0.00000000	0.00000000	0.00000000	0.00000000	0.00000000
46.97620392	0.00000000	0.00000000	0.00000000	0.00000000	0.00000000	0.00000000	0.00000000	0.00000000
50.33164597	0.00000000	0.00000000	0.00000000	0.00000000	0.00000000	0.00000000	0.00000000	0.00000000
53.68708801	0.00000000	0.00000000	0.00000000	0.00000000	0.00000000	0.00000000	0.00000000	0.00000000
60.39797592	0.00000000	0.00000000	0.00000000	0.00000000	0.00000000	0.00000000	0.00000000	0.00000000
67.10886383	0.00000000	0.00000000	0.00000000	0.00000000	0.00000000	0.00000000	0.00000000	0.00000000
73.81974792	0.00000000	0.00000000	0.00000000	0.00000000	0.00000000	0.00000000	0.00000000	0.00000000
80.53063202	0.00000000	0.00000000	0.00000000	0.00000000	0.00000000	0.00000000	0.00000000	0.00000000
87.24151611	0.00000000	0.00000000	0.00000000	0.00000000	0.00000000	0.00000000	0.00000000	0.00000000
93.95240784	0.00000000	0.00000000	0.00000000	0.00000000	0.00000000	0.00000000	0.00000000	0.00000000
100.66329193	0.00000000	0.00000000	0.00000000	0.00000000	0.00000000	0.00000000	0.00000000	0.00000000
107.37417603	0.00000000	0.00000000	0.00000000	0.00000000	0.00000000	0.00000000	0.00000000	0.00000000
120.79595184	0.00000000	0.00000000	0.00000000	0.00000000	0.00000000	0.00000000	0.00000000	0.00000000
134.21772766	0.00000000	0.00000000	0.00000000	0.00000000	0.00000000	0.00000000	0.00000000	0.00000000
147.63949585	0.00000000	0.00000000	0.00000000	0.00000000	0.00000000	0.00000000	0.00000000	0.00000000
161.06126404	0.00000000	0.00000000	0.00000000	0.00000000	0.00000000	0.00000000	0.00000000	0.00000000
174.48303223	0.00000000	0.00000000	0.00000000	0.00000000	0.00000000	0.00000000	0.00000000	0.00000000
187.90481567	0.00000000	0.00000000	0.00000000	0.00000000	0.00000000	0.00000000	0.00000000	0.00000000
201.32658386	0.00000000	0.00000000	0.00000000	0.00000000	0.00000000	0.00000000	0.00000000	0.00000000
214.74835205	0.00000000	0.00000000	0.00000000	0.00000000	0.00000000	0.00000000	0.00000000	0.00000000
241.59190369	0.00000000	0.00000000	0.00000000	0.00000000	0.00000000	0.00000000	0.00000000	0.00000000
268.43545532	0.00000000	0.00000000	0.00000000	0.00000000	0.00000000	0.00000000	0.00000000	0.00000000
295.27899170	0.00000000	0.00000000	0.00000000	0.00000000	0.00000000	0.00000000	0.00000000	0.00000000
322.12252808	0.00000000	0.00000000	0.00000000	0.00000000	0.00000000	0.00000000	0.00000000	0.00000000
348.96606445	0.00000000	0.00000000	0.00000000	0.00000000	0.00000000	0.00000000	0.00000000	0.00000000
375.80963135	0.00000000	0.00000000	0.00000000	0.00000000	0.00000000	0.00000000	0.00000000	0.00000000
402.65316772	0.00000000	0.00000000	0.00000000	0.00000000	0.00000000	0.00000000	0.00000000	0.00000000
429.49670410	0.00000000	0.00000000	0.00000000	0.00000000	0.00000000	0.00000000	0.00000000	0.00000000
483.18380737	0.00000000	0.00000000	0.00000000	0.00000000	0.00000000	0.00000000	0.00000000	0.00000000
536.87091064	0.00000000	0.00000000	0.00000000	0.00000000	0.00000000	0.00000000	0.00000000	0.00000000
590.55798340	0.00000000	0.00000000	0.00000000	0.00000000	0.00000000	0.00000000	0.00000000	0.00000000
644.24505615	0.00000000	0.00000000	0.00000000	0.00000000	0.00000000	0.00000000	0.00000000	0.00000000
697.93212891	0.00000000	0.00000000	0.00000000	0.00000000	0.00000000	0.00000000	0.00000000	0.00000000
751.61926270	0.00000000	0.00000000	0.00000000	0.00000000	0.00000000	0.00000000	0.00000000	0.00000000
805.30633545	0.00000000	0.00000000	0.00000000	0.00000000	0.00000000	0.00000000	0.00000000	0.00000000
858.99340820	0.00000000	0.00000000	0.00000000	0.00000000	0.00000000	0.00000000	0.00000000	0.00000000
966.36761475	0.00000000	0.00000000	0.00000000	0.00000000	0.00000000	0.00000000	0.00000000	0.00000000
1073.74182129	0.00000000	0.00000000	0.00000000	0.00000000	0.00000000	0.00000000	0.00000000	0.00000000
1181.11596680	0.00000000	0.00000000	0.00000000	0.00000000	0.00000000	0.00000000	0.00000000	0.00000000
1288.49011230	0.00000000	0.00000000	0.00000000	0.00000000	0.00000000	0.00000000	0.00000000	0.00000000
1395.86425781	0.00000000	0.00000000	0.00000000	0.00000000	0.00000000	0.00000000	0.00000000	0.00000000
1503.23852539	0.00000000	0.00000000	0.00000000	0.00000000	0.00000000	0.00000000	0.00000000	0.00000000
1610.61267090	0.00000000	0.00000000	0.00000000	0.00000000	0.00000000	0.00000000	0.00000000	0.00000000
1717.98681641	0.00000000	0.00000000	0.00000000	0.00000000	0.00000000	0.00000000	0.00000000	0.00000000
1932.73522949	0.00000000	0.00000000	0.00000000	0.00000000	0.00000000	0.00000000	0.00000000	0.00000000
2147.48364258	0.00000000	0.00000000	0.00000000	0.00000000	0.00000000	0.00000000	0.00000000	0.00000000
2362.23193359	0.00000000	0.00000000	0.00000000	0.00000000	0.00000000	0.00000000	0.00000000	0.00000000
2576.98022461	0.00000000	0.00000000	0.00000000	0.00000000	0.00000000	0.00000000	0.00000000	0.00000000
2791.72851562	0.00000000	0.00000000	0.00000000	0.00000000	0.00000000	0.00000000	0.00000000	0.00000000
3006.47705078	0.00000000	0.00000000	0.00000000	0.00000000	0.00000000	0.00000000	0.00000000	0.00000000
3221.22534180	0.00000000	0.00000000	0.00000000	0.00000000	0.00000000	0.00000000	0.00000000	0.00000000
3435.97363281	0.00000000	0.00000000	0.00000000	0.00000000	0.00000000	0.00000000	0.00000000	0.00000000
3	3	3	3	3	3	3	3	3
