%3/29/2015 11:48:57 AM
%Duration	ID1		ID2		ID3		ID4		ID5		ID6		ID7		ID8
3000.000000	2.899170	2.918243	5.121231	8.144379	14.419556	20.542145	21.400452	20.608902
%Tau		Tau1		Tau2		Tau3		Tau4		Tau5		Tau6		Tau7		Tau8
%		0.000005	0.000001	0.000004	0.838861	1.677722	1.572864	1.887437	1.677722
%Delaytime	D1		D2		D3		D4		D5		D6		D7		D8
0.00000000	7.68969011	24.80276871	15.04499531	0.00000000	4.76507473	2.82322764	4.07712412	3.79455042
0.00000020	7.68969011	6.20069218	4.29857016	6.30308723	3.48217010	6.04977369	3.79100990	4.60766840
0.00000040	7.68969011	0.00000000	0.00000000	8.82432175	2.74908161	4.16762209	4.29170942	5.05940056
0.00000060	15.37938023	6.20069218	4.29857016	5.04246998	4.21525860	4.57094002	3.14725351	4.33662891
0.00000080	7.68969011	12.40138435	6.44785500	5.04246998	3.84871435	5.10869789	4.29170942	5.78217173
0.00000100	0.00000000	18.60207558	4.29857016	10.08493996	3.48217010	6.99084949	5.29310846	4.15593624
0.00000120	23.06906891	6.20069218	4.29857016	8.82432175	4.94834709	4.30206156	3.71948147	3.25247169
0.00000140	0.00000000	0.00000000	12.89570999	2.52123499	3.84871435	4.30206156	3.00419664	3.70420384
0.00000160	7.68969011	0.00000000	4.29857016	6.30308723	4.21525860	5.78089476	4.36323786	5.05940056
0.00000180	7.68969011	6.20069218	2.14928508	5.04246998	4.21525860	4.03318262	3.79100990	4.33662891
0.00000200	0.00000000	0.00000000	6.44785500	7.56370449	3.66544223	5.51201630	3.29031062	3.34281826
0.00000220	0.00000000	12.40138435	6.44785500	6.30308723	3.66544223	4.83981895	3.71948147	4.24628258
0.00000240	7.68969011	12.40138435	8.59714031	5.04246998	4.03198624	5.10869789	4.29170942	4.69801474
0.00000260	7.68969011	6.20069218	8.59714031	6.30308723	4.21525860	5.91533422	3.57642460	3.79455042
0.00000280	0.00000000	0.00000000	2.14928508	5.04246998	4.39853048	5.24313736	4.14865255	3.97524309
0.00000300	0.00000000	0.00000000	6.44785500	5.04246998	4.03198624	4.03318262	4.14865255	3.43316460
0.00000340	7.68969011	3.10034609	4.29857016	6.30308723	3.94035029	4.36928082	3.54066038	3.88489676
0.00000380	3.84484506	0.00000000	8.59714031	8.19401360	4.76507473	4.23484182	3.96983123	4.65284157
0.00000420	0.00000000	0.00000000	4.29857016	1.26061749	3.20726204	6.31865263	3.32607484	4.06558943
0.00000460	3.84484506	15.50172997	3.22392750	5.67277861	3.29889798	5.37757683	3.71948147	4.33662891
0.00000500	11.53453445	3.10034609	8.59714031	6.93339586	3.75707841	5.57923603	3.32607484	4.51732159
0.00000540	3.84484506	0.00000000	1.07464254	6.30308723	4.39853048	4.83981895	3.46913171	4.06558943
0.00000580	0.00000000	3.10034609	5.37321281	3.15154362	3.39053416	4.43650055	3.36183906	3.79455042
0.00000620	3.84484506	3.10034609	4.29857016	6.93339586	3.20726204	4.83981895	3.50489616	4.51732159
0.00000700	5.76726723	6.20069218	4.83589125	7.24855042	3.98616838	5.00786829	3.41548538	3.70420384
0.00000780	1.92242253	0.00000000	3.76124883	5.67277861	4.03198624	4.97425842	3.95194912	3.52351093
0.00000860	7.68969011	1.55017304	4.83589125	7.87885904	4.26107645	4.80620909	3.61218882	3.95265651
0.00000940	1.92242253	4.65051889	3.22392750	5.67277861	3.66544223	5.10869789	3.50489616	4.06558943
0.00001020	1.92242253	6.20069218	2.68660641	6.61824131	3.11562586	4.06679249	3.91618490	3.79455042
0.00001100	3.84484506	1.55017304	3.76124883	4.41216087	4.26107645	4.43650055	3.36183906	3.86231017
0.00001180	9.61211205	6.20069218	4.29857016	4.72731543	3.75707841	4.40289068	3.48701382	4.17852259
0.00001260	7.68969011	3.10034609	1.61196375	6.93339586	4.62762070	5.10869789	3.57642460	4.02041626
0.00001420	0.96121126	3.10034609	4.56723070	6.30308723	3.77998734	4.57094002	3.54066038	3.96394992
0.00001580	4.80605602	2.32525945	4.83589125	4.25458384	3.13853502	5.05828285	3.62112975	3.34281826
0.00001740	4.80605602	4.65051889	1.88062441	5.20004702	3.57380629	3.88193822	3.41548538	3.99782991
0.00001900	3.84484506	3.87543249	4.02990961	5.67277861	3.61962414	4.77259922	3.56748343	3.94136333
0.00002060	4.80605602	1.55017304	4.29857016	6.14551020	3.98616838	4.80620909	3.14725351	3.71549726
0.00002220	11.53453445	3.10034609	5.37321281	4.25458384	4.00907755	4.52052546	3.69265842	3.42187119
0.00002380	3.84484506	3.10034609	4.29857016	5.04246998	3.50507903	4.16762209	3.44230866	3.71549726
0.00002540	1.92242253	3.87543249	4.02990961	4.88489246	4.16944075	4.01637745	3.43336749	3.98653650
0.00002860	4.14677668	3.74831748	6.31271744	6.65548849	3.40224791	4.63218498	3.33430266	3.82065320
0.00003180	4.73917341	3.27977777	3.23729086	4.66877556	3.46922112	4.67308712	3.23155069	3.58268857
0.00003500	4.14677668	2.81123805	5.17966557	5.96013880	3.38885307	3.97774816	3.49356818	3.72150111
0.00003820	3.55438018	4.68539667	3.23729086	4.37076855	3.38885307	3.95729709	3.20072508	3.47031641
0.00004140	3.55438018	4.68539667	3.88474917	5.46346092	3.89785099	4.55038023	3.37026572	3.74794173
0.00004460	5.92396688	4.68539667	3.56101990	6.95349550	3.24151182	4.55038023	3.15448666	3.46370625
0.00004780	4.14677668	1.40561903	4.20847797	5.66213226	3.08077550	3.85504127	3.24696326	3.42404556
0.00005100	6.51636362	4.68539667	4.20847797	5.66213226	3.56298399	4.16180849	3.24182582	3.72811127
0.00005740	3.76665092	2.76078820	4.04781199	4.87927055	3.40843773	4.12966108	3.09314585	3.34772515
0.00006380	4.63587809	3.22091961	3.73033643	5.26574707	3.23043418	4.32940292	2.98168135	3.28924656
0.00007020	3.47690845	3.68105078	4.12718058	5.16912794	3.36888123	4.08971310	2.94368196	3.25032139
0.00007660	4.05639315	4.60131359	4.52402496	4.92757988	3.19087768	3.88997126	2.95888162	3.24706125
0.00008300	4.34613562	3.91111660	4.20654964	5.26574707	3.33591771	3.80008745	2.97408128	3.37094498
0.00008940	4.34613562	4.83137941	3.49222970	3.86476874	3.01946688	3.87998414	2.85755014	3.37746525
0.00009580	5.50510502	3.91111660	3.80970526	4.68603182	3.24361944	3.91993237	2.97661471	3.18511939
0.00010220	1.73845422	3.45098519	3.09538555	4.39617443	3.11176515	3.74515843	2.92088223	3.21772027
0.00011500	3.99108624	4.09185839	3.93258619	4.92776680	3.03961730	3.78251791	2.91886830	3.24187493
0.00012780	4.41870260	3.06889391	3.50428486	4.07896471	3.07858682	3.80939627	2.90887213	3.28681183
0.00014060	2.85077596	4.77383471	3.42641187	4.36288786	2.98116302	3.90224886	2.89762640	3.16484022
0.00015340	4.56124163	3.63720751	3.58215785	4.59871960	3.16626811	3.73609161	2.94510794	3.06212735
0.00016620	3.27839231	3.52354479	4.01045942	4.71663570	3.17601037	3.81917024	2.88513136	3.28520679
0.00017900	3.56346989	3.97819567	3.77684021	4.78738499	3.08508158	3.91202283	2.69770408	3.24026990
0.00019180	3.42093110	2.95523119	3.89364982	4.71663570	3.10781384	3.83138776	2.89512730	3.31409478
0.00020460	5.27393532	5.22848558	3.89364982	4.41005421	3.01363778	3.74586558	2.97384691	3.19854283
0.00023020	4.47107077	4.23028469	3.70002079	4.56611824	2.95289445	3.71516871	2.89941144	3.22758555
0.00025580	3.77246618	3.89631486	3.60416532	4.60079765	3.18201208	3.78011489	2.95720291	3.21101761
0.00028140	3.56288457	2.50477386	3.75753403	4.06996107	3.06504989	3.81138539	2.82317591	3.21890712
0.00030700	4.82037354	3.39535999	3.68084955	4.30120850	3.12753654	3.78733110	2.82317591	3.20628381
0.00033260	4.54093122	3.22837520	3.91090274	4.68276739	3.24449873	3.70554686	2.88050175	3.18024850
0.00035820	4.47107077	2.89440536	3.33576989	4.53245640	3.12272978	3.71997952	2.87373853	3.26387715
0.00038380	2.79441929	3.17271352	3.68084955	4.16245985	3.07466316	3.84533978	2.88296103	3.06190634
0.00040940	3.77246618	3.45102167	3.66167855	4.62495565	3.11952543	3.78159142	2.80118799	3.10293174
0.00046060	3.79720688	3.33268213	3.84233737	4.73435545	3.07456255	3.78576541	2.88257766	3.12784147
0.00051180	3.86562514	3.82438922	3.63565898	4.56025696	3.01860428	3.68316054	2.87088227	3.18667483
0.00056300	4.75506115	3.25073099	3.73899817	4.63326597	3.07377458	3.73741150	2.90957761	3.12861562
0.00061420	3.96825242	3.90634060	3.54171443	4.54340887	3.11002922	3.72031069	2.83673191	3.10343003
0.00066540	3.42090726	3.33268213	3.63565898	4.53779268	2.99890041	3.65393853	2.86890531	3.16227031
0.00071660	4.41297007	3.46926737	3.59808111	4.52656078	2.99653602	3.68342471	2.88620615	3.09488630
0.00076780	4.00246143	3.46926737	3.63565898	4.62203407	3.06561327	3.76775551	2.87906981	3.06951284
0.00081900	3.72878885	3.49658442	3.85173178	4.45916748	3.03487062	3.71376705	2.86874938	3.13881683
0.00092140	3.91448879	3.49784398	3.52467513	4.47649765	3.01633620	3.62692428	2.81825352	3.11022878
0.00102380	3.83048677	3.33763742	3.53846121	4.38586903	3.05048037	3.69750452	2.82438445	3.13366270
0.00112620	4.14969397	3.76667356	3.63956022	4.63679934	3.02667332	3.70350575	2.84503436	3.11058736
0.00122860	3.67928338	3.79522109	3.84744287	4.57911396	3.02279282	3.64732623	2.88260293	3.09396195
0.00133100	3.79688597	3.56804228	3.48167920	4.40605831	3.06159639	3.73243999	2.84847689	3.14406729
0.00143340	3.84728718	3.76849413	3.80363083	4.55988550	3.01968861	3.75647736	2.82722282	3.13185859
0.00153580	3.84728718	3.75513077	3.91861367	4.30167532	3.07944608	3.65424657	2.85880446	3.13163805
0.00163820	4.11609316	3.74176717	3.88641858	4.52241898	3.12743163	3.66293478	2.82242799	3.08950400
0.00184300	3.93185401	3.37729764	3.73335433	4.41768169	3.02928996	3.67478704	2.84456682	3.12890291
0.00204780	3.96475649	3.54916811	3.79659319	4.37186098	3.02902007	3.63874841	2.85320473	3.09114504
0.00225260	4.16440344	3.48368526	3.54689145	4.49988985	3.00480103	3.66688681	2.83931828	3.10743427
0.00245740	4.26316404	3.61638045	3.58630419	4.38398981	2.97599006	3.67693639	2.84706783	3.09138393
0.00266220	4.14794350	3.71465158	3.49915457	4.52243423	3.03263021	3.70717120	2.84130836	3.11455536
0.00286700	3.71998096	3.62293172	3.51144314	4.49779892	2.97642446	3.64982247	2.84979987	3.08584142
0.00307180	3.92573214	3.67534304	3.66046977	4.35852575	3.06677842	3.67057323	2.83783436	3.14598942
0.00327660	3.99980259	3.69499731	3.68309307	4.46063566	3.00269508	3.67640805	2.84957242	3.12048316
0.00368620	3.79863501	3.54317951	3.56725287	4.42178774	2.98180366	3.64655089	2.81938481	3.11138892
0.00409580	4.00385761	3.38270950	3.49499583	4.47795296	2.99620581	3.62926817	2.81338906	3.10707664
0.00450540	3.97568989	3.50953865	3.61788893	4.42030001	2.99199462	3.65008688	2.82150149	3.09331608
0.00491500	3.91935420	3.54485893	3.74118829	4.57421112	3.01022172	3.63442612	2.84016252	3.07815146
0.00532460	3.92337823	3.61400104	3.61445451	4.48644781	3.02289605	3.64399838	2.81815815	3.08276129
0.00573420	4.09270620	3.35379291	3.69207168	4.51258755	3.00957561	3.64821100	2.82429910	3.08791995
0.00614380	4.03845644	3.43089175	3.55977535	4.43802500	2.99329853	3.64748383	2.80810928	3.07831073
0.00655340	3.88933158	3.49835300	3.54087591	4.43227720	2.98334694	3.62282300	2.82871270	3.12143207
0.00737260	3.92393327	3.59174895	3.51974750	4.38939428	3.01660609	3.61346507	2.80230236	3.07564950
0.00819180	3.91222572	3.49844432	3.53926349	4.36646748	2.98684740	3.61886883	2.78135037	3.06471372
0.00901100	3.85732865	3.43507385	3.59514761	4.37739658	2.99818754	3.61602187	2.79549956	3.07425809
0.00983020	4.09607220	3.51754093	3.59013867	4.46641874	2.97943044	3.62146187	2.79670382	3.08226180
0.01064940	3.88922834	3.37164950	3.56580615	4.37170792	2.97561359	3.61648178	2.80049062	3.06991839
0.01146860	4.04970407	3.55261374	3.66142631	4.36242676	2.96328521	3.58949947	2.81186390	3.07424450
0.01228780	3.91139460	3.42720866	3.52131581	4.40300131	2.97113013	3.61721921	2.80550241	3.08959770
0.01310700	3.85990286	3.42565298	3.61033702	4.44369555	2.98005867	3.61701512	2.80485487	3.08662271
0.01474540	3.89398384	3.48286057	3.55990386	4.38363266	2.95794511	3.59161782	2.78718376	3.06000400
0.01638380	3.84343958	3.44932342	3.58538175	4.36467218	2.97035170	3.57892108	2.77941489	3.06584620
0.01802220	3.86126351	3.48385572	3.56181097	4.35730505	2.95970774	3.57462263	2.79485440	3.05932689
0.01966060	3.91112995	3.34181285	3.57240272	4.33948851	2.96306801	3.58166981	2.79870772	3.07078528
0.02129900	3.85674381	3.48664165	3.54278135	4.46342993	2.96734929	3.58713675	2.79647923	3.06307840
0.02293740	4.07880020	3.39540148	3.55999684	4.36853790	2.97623944	3.59398460	2.79996920	3.07710338
0.02457580	3.89582634	3.50254178	3.52263975	4.41383934	2.97530007	3.59624410	2.79798889	3.06790066
0.02621420	3.89502835	3.41513491	3.51324821	4.37539005	2.99307060	3.59887409	2.79734683	3.06789732
0.02949100	3.82791185	3.41246057	3.55964518	4.38222313	2.96768737	3.56413317	2.78106618	3.05007839
0.03276780	3.89174962	3.46733522	3.55478621	4.36364746	2.95613623	3.57236528	2.78833270	3.06016445
0.03604460	3.88554645	3.44642687	3.55935740	4.37679338	2.95533442	3.57510996	2.78612351	3.05226779
0.03932140	3.85443592	3.44246864	3.55388927	4.35361767	2.95154786	3.58653307	2.78642535	3.06173229
0.04259820	3.84207082	3.44455886	3.55955839	4.35137701	2.95496464	3.58777976	2.78984618	3.05382276
0.04587500	3.93526721	3.47905874	3.55102897	4.35180855	2.95893788	3.58157420	2.79540038	3.05792952
0.04915180	3.91514802	3.48303008	3.51108241	4.39855719	2.96590853	3.58794165	2.79053378	3.06188345
0.05242860	3.82565618	3.40833831	3.54091072	4.37273073	2.96367002	3.58575773	2.79697919	3.05544448
0.05898220	3.92375875	3.48698354	3.54653549	4.33537340	2.94684410	3.57017303	2.78246999	3.04674172
0.06553581	3.81556916	3.44784522	3.54241490	4.33082247	2.94336796	3.57716084	2.77713537	3.04665375
0.07208940	3.91114402	3.44761753	3.56259632	4.35221815	2.95039892	3.57761621	2.78882098	3.05014753
0.07864300	3.89167023	3.39935279	3.57895231	4.36348438	2.95470858	3.57385659	2.78961420	3.05085588
0.08519660	3.86394620	3.43101692	3.55400491	4.38831902	2.96092010	3.57109094	2.78957391	3.05241895
0.09175020	3.93118858	3.43147302	3.55507898	4.38187551	2.96297383	3.57972813	2.79435492	3.05288720
0.09830380	3.84476161	3.43819523	3.57974648	4.38358736	2.96250510	3.58572125	2.79624176	3.05317855
0.10485740	3.90682721	3.42157912	3.58128524	4.36804771	2.97256422	3.59308147	2.79675555	3.06376100
0.11796460	3.92263412	3.48247361	3.62114072	4.43170834	2.99133873	3.61684108	2.81373215	3.07718444
0.13107181	3.94015718	3.49851942	3.59990621	4.43091869	2.98512959	3.61509514	2.80628490	3.06898737
0.14417900	3.88169527	3.47591329	3.59155560	4.42227268	2.98117495	3.61426711	2.80701923	3.07298160
0.15728620	3.93818450	3.47403646	3.58262467	4.41679382	2.97751021	3.60587358	2.80163264	3.06106496
0.17039341	3.89332056	3.49806547	3.58618760	4.42919111	2.97492146	3.59655404	2.80103183	3.06483006
0.18350060	3.85669732	3.46456337	3.57205200	4.41844749	2.97584343	3.61020613	2.79709721	3.05826402
0.19660780	3.87588525	3.47834134	3.58623910	4.41891384	2.96573138	3.60268307	2.79526544	3.05332685
0.20971501	3.82922220	3.43750930	3.57965875	4.41469955	2.96673250	3.58978295	2.79567981	3.05045819
0.23592941	3.90289187	3.47905517	3.60970020	4.42265368	2.97522426	3.61227179	2.80226660	3.06152821
0.26214382	3.90386415	3.42961121	3.59004450	4.40719700	2.97144747	3.61202359	2.79361105	3.05259490
0.28835821	3.86626601	3.46385670	3.56753850	4.42063999	2.96481371	3.60341501	2.78908277	3.04681039
0.31457260	3.83837843	3.40077186	3.58412671	4.42404032	2.95132995	3.60720301	2.78394532	3.03632569
0.34078699	3.86139536	3.43611717	3.56387520	4.40524483	2.94708300	3.60067987	2.77744389	3.03353429
0.36700141	3.84744716	3.39947891	3.56234813	4.38646650	2.94817352	3.59800458	2.77105832	3.02767110
0.39321581	3.83939290	3.42927146	3.55968976	4.37222052	2.93835449	3.59962082	2.76312685	3.01642895
0.41943020	3.82291484	3.42559195	3.53893542	4.37845516	2.93025398	3.59205961	2.76332688	3.01071239
0.47185901	3.80946875	3.41261363	3.55890036	4.41519070	2.92315578	3.60491657	2.76246047	3.00491667
0.52428782	3.74977493	3.39323592	3.52541876	4.40479755	2.90228057	3.59571695	2.74645567	2.99094939
0.57671660	3.69258642	3.39304113	3.51773858	4.37684107	2.87963343	3.57080555	2.72839355	2.97026253
0.62914538	3.70841789	3.37833023	3.49346709	4.37019491	2.85569000	3.54648495	2.70826221	2.94783139
0.68157423	3.67617822	3.34777021	3.48174214	4.36267614	2.83590436	3.52289867	2.69513202	2.92284632
0.73400301	3.67800689	3.30490994	3.44952321	4.33359432	2.81989527	3.49543190	2.67587876	2.90275049
0.78643179	3.68261218	3.29681802	3.42973375	4.32358170	2.79021573	3.47127199	2.66551256	2.88461924
0.83886063	3.63609242	3.24405432	3.39940906	4.34312153	2.76889205	3.44614553	2.64672112	2.85762763
0.94371825	3.65330791	3.16901040	3.39667273	4.46766043	2.77191925	3.47737074	2.65677667	2.84427810
1.04857588	3.57195902	3.11671281	3.32862377	4.39545441	2.72018290	3.44661641	2.60853386	2.79474354
1.15343344	3.60050488	3.10714102	3.26277971	4.28878927	2.66543794	3.36448908	2.55639338	2.74524713
1.25829101	3.60950136	3.13765359	3.22158766	4.13923168	2.61366010	3.27622700	2.52515078	2.68780732
1.36314869	3.27858138	3.11143422	3.19730163	0.00000000	2.56662583	3.22699594	2.47771883	2.63390350
1.46800625	0.00000000	3.08453369	3.17871332	0.00000000	2.50782824	3.22146916	2.41936755	2.57336855
1.57286382	0.00000000	2.78581977	3.06996250	0.00000000	2.42845011	3.14636111	2.37470007	2.50230145
1.67772150	0.00000000	0.00000000	0.00000000	0.00000000	2.37343001	0.00000000	2.34854412	2.46243763
1.88743675	0.00000000	0.00000000	0.00000000	0.00000000	0.00000000	0.00000000	2.29702258	0.00000000
2.09715199	0.00000000	0.00000000	0.00000000	0.00000000	0.00000000	0.00000000	0.00000000	0.00000000
2.30686712	0.00000000	0.00000000	0.00000000	0.00000000	0.00000000	0.00000000	0.43369511	0.00000000
2.51658225	0.00000000	0.00000000	0.17387219	0.00000000	0.87873930	0.00000000	1.23133707	0.51301253
2.72629738	0.62836623	0.00000000	1.52631581	0.00000000	1.35737181	0.12745252	1.26494408	1.41896021
2.93601274	1.78156793	0.00000000	1.66979945	1.10672629	1.41666663	1.45487368	1.34504986	1.39549398
3.14572787	2.02513456	0.00000000	1.67293239	1.90915859	1.42414534	1.42866111	1.23894000	1.44242656
3.35544300	1.67863560	0.00000000	1.62312031	1.87292135	1.28000355	1.50125563	1.28901994	1.34350622
3.77487350	1.56584656	0.00000000	1.46142435	1.89804912	1.16037357	1.49464071	1.11774683	1.19675779
4.19430399	0.00000000	0.00000000	0.00000000	0.00000000	0.00000000	0.00000000	0.00000000	0.00000000
4.61373425	0.00000000	0.00000000	0.00000000	0.00000000	0.00000000	0.00000000	0.00000000	0.00000000
5.03316450	0.00000000	0.00000000	0.00000000	0.00000000	0.00000000	0.00000000	0.00000000	0.00000000
5.45259476	0.00000000	0.00000000	0.00000000	0.00000000	0.00000000	0.00000000	0.00000000	0.00000000
5.87202549	0.00000000	0.00000000	0.00000000	0.00000000	0.00000000	0.00000000	0.00000000	0.00000000
6.29145575	0.00000000	0.00000000	0.00000000	0.00000000	0.00000000	0.00000000	0.00000000	0.00000000
6.71088600	0.00000000	0.00000000	0.00000000	0.00000000	0.00000000	0.00000000	0.00000000	0.00000000
7.54974699	0.00000000	0.00000000	0.00000000	0.00000000	0.00000000	0.00000000	0.00000000	0.00000000
8.38860798	0.00000000	0.00000000	0.00000000	0.00000000	0.00000000	0.00000000	0.00000000	0.00000000
9.22746849	0.00000000	0.00000000	0.00000000	0.00000000	0.00000000	0.00000000	0.00000000	0.00000000
10.06632900	0.00000000	0.00000000	0.00000000	0.00000000	0.00000000	0.00000000	0.00000000	0.00000000
10.90518951	0.00000000	0.00000000	0.00000000	0.00000000	0.00000000	0.00000000	0.00000000	0.00000000
11.74405098	0.00000000	0.00000000	0.00000000	0.00000000	0.00000000	0.00000000	0.00000000	0.00000000
12.58291149	0.00000000	0.00000000	0.00000000	0.00000000	0.00000000	0.00000000	0.00000000	0.00000000
13.42177200	0.00000000	0.00000000	0.00000000	0.00000000	0.00000000	0.00000000	0.00000000	0.00000000
15.09949398	0.00000000	0.00000000	0.00000000	0.00000000	0.00000000	0.00000000	0.00000000	0.00000000
16.77721596	0.00000000	0.00000000	0.00000000	0.00000000	0.00000000	0.00000000	0.00000000	0.00000000
18.45493698	0.00000000	0.00000000	0.00000000	0.00000000	0.00000000	0.00000000	0.00000000	0.00000000
20.13265800	0.00000000	0.00000000	0.00000000	0.00000000	0.00000000	0.00000000	0.00000000	0.00000000
21.81037903	0.00000000	0.00000000	0.00000000	0.00000000	0.00000000	0.00000000	0.00000000	0.00000000
23.48810196	0.00000000	0.00000000	0.00000000	0.00000000	0.00000000	0.00000000	0.00000000	0.00000000
25.16582298	0.00000000	0.00000000	0.00000000	0.00000000	0.00000000	0.00000000	0.00000000	0.00000000
26.84354401	0.00000000	0.00000000	0.00000000	0.00000000	0.00000000	0.00000000	0.00000000	0.00000000
30.19898796	0.00000000	0.00000000	0.00000000	0.00000000	0.00000000	0.00000000	0.00000000	0.00000000
33.55443192	0.00000000	0.00000000	0.00000000	0.00000000	0.00000000	0.00000000	0.00000000	0.00000000
36.90987396	0.00000000	0.00000000	0.00000000	0.00000000	0.00000000	0.00000000	0.00000000	0.00000000
40.26531601	0.00000000	0.00000000	0.00000000	0.00000000	0.00000000	0.00000000	0.00000000	0.00000000
43.62075806	0.00000000	0.00000000	0.00000000	0.00000000	0.00000000	0.00000000	0.00000000	0.00000000
46.97620392	0.00000000	0.00000000	0.00000000	0.00000000	0.00000000	0.00000000	0.00000000	0.00000000
50.33164597	0.00000000	0.00000000	0.00000000	0.00000000	0.00000000	0.00000000	0.00000000	0.00000000
53.68708801	0.00000000	0.00000000	0.00000000	0.00000000	0.00000000	0.00000000	0.00000000	0.00000000
60.39797592	0.00000000	0.00000000	0.00000000	0.00000000	0.00000000	0.00000000	0.00000000	0.00000000
67.10886383	0.00000000	0.00000000	0.00000000	0.00000000	0.00000000	0.00000000	0.00000000	0.00000000
73.81974792	0.00000000	0.00000000	0.00000000	0.00000000	0.00000000	0.00000000	0.00000000	0.00000000
80.53063202	0.00000000	0.00000000	0.00000000	0.00000000	0.00000000	0.00000000	0.00000000	0.00000000
87.24151611	0.00000000	0.00000000	0.00000000	0.00000000	0.00000000	0.00000000	0.00000000	0.00000000
93.95240784	0.00000000	0.00000000	0.00000000	0.00000000	0.00000000	0.00000000	0.00000000	0.00000000
100.66329193	0.00000000	0.00000000	0.00000000	0.00000000	0.00000000	0.00000000	0.00000000	0.00000000
107.37417603	0.00000000	0.00000000	0.00000000	0.00000000	0.00000000	0.00000000	0.00000000	0.00000000
120.79595184	0.00000000	0.00000000	0.00000000	0.00000000	0.00000000	0.00000000	0.00000000	0.00000000
134.21772766	0.00000000	0.00000000	0.00000000	0.00000000	0.00000000	0.00000000	0.00000000	0.00000000
147.63949585	0.00000000	0.00000000	0.00000000	0.00000000	0.00000000	0.00000000	0.00000000	0.00000000
161.06126404	0.00000000	0.00000000	0.00000000	0.00000000	0.00000000	0.00000000	0.00000000	0.00000000
174.48303223	0.00000000	0.00000000	0.00000000	0.00000000	0.00000000	0.00000000	0.00000000	0.00000000
187.90481567	0.00000000	0.00000000	0.00000000	0.00000000	0.00000000	0.00000000	0.00000000	0.00000000
201.32658386	0.00000000	0.00000000	0.00000000	0.00000000	0.00000000	0.00000000	0.00000000	0.00000000
214.74835205	0.00000000	0.00000000	0.00000000	0.00000000	0.00000000	0.00000000	0.00000000	0.00000000
241.59190369	0.00000000	0.00000000	0.00000000	0.00000000	0.00000000	0.00000000	0.00000000	0.00000000
268.43545532	0.00000000	0.00000000	0.00000000	0.00000000	0.00000000	0.00000000	0.00000000	0.00000000
295.27899170	0.00000000	0.00000000	0.00000000	0.00000000	0.00000000	0.00000000	0.00000000	0.00000000
322.12252808	0.00000000	0.00000000	0.00000000	0.00000000	0.00000000	0.00000000	0.00000000	0.00000000
348.96606445	0.00000000	0.00000000	0.00000000	0.00000000	0.00000000	0.00000000	0.00000000	0.00000000
375.80963135	0.00000000	0.00000000	0.00000000	0.00000000	0.00000000	0.00000000	0.00000000	0.00000000
402.65316772	0.00000000	0.00000000	0.00000000	0.00000000	0.00000000	0.00000000	0.00000000	0.00000000
429.49670410	0.00000000	0.00000000	0.00000000	0.00000000	0.00000000	0.00000000	0.00000000	0.00000000
483.18380737	0.00000000	0.00000000	0.00000000	0.00000000	0.00000000	0.00000000	0.00000000	0.00000000
536.87091064	0.00000000	0.00000000	0.00000000	0.00000000	0.00000000	0.00000000	0.00000000	0.00000000
590.55798340	0.00000000	0.00000000	0.00000000	0.00000000	0.00000000	0.00000000	0.00000000	0.00000000
644.24505615	0.00000000	0.00000000	0.00000000	0.00000000	0.00000000	0.00000000	0.00000000	0.00000000
697.93212891	0.00000000	0.00000000	0.00000000	0.00000000	0.00000000	0.00000000	0.00000000	0.00000000
751.61926270	0.00000000	0.00000000	0.00000000	0.00000000	0.00000000	0.00000000	0.00000000	0.00000000
805.30633545	0.00000000	0.00000000	0.00000000	0.00000000	0.00000000	0.00000000	0.00000000	0.00000000
858.99340820	0.00000000	0.00000000	0.00000000	0.00000000	0.00000000	0.00000000	0.00000000	0.00000000
966.36761475	0.00000000	0.00000000	0.00000000	0.00000000	0.00000000	0.00000000	0.00000000	0.00000000
1073.74182129	0.00000000	0.00000000	0.00000000	0.00000000	0.00000000	0.00000000	0.00000000	0.00000000
1181.11596680	0.00000000	0.00000000	0.00000000	0.00000000	0.00000000	0.00000000	0.00000000	0.00000000
1288.49011230	0.00000000	0.00000000	0.00000000	0.00000000	0.00000000	0.00000000	0.00000000	0.00000000
1395.86425781	0.00000000	0.00000000	0.00000000	0.00000000	0.00000000	0.00000000	0.00000000	0.00000000
1503.23852539	0.00000000	0.00000000	0.00000000	0.00000000	0.00000000	0.00000000	0.00000000	0.00000000
1610.61267090	0.00000000	0.00000000	0.00000000	0.00000000	0.00000000	0.00000000	0.00000000	0.00000000
1717.98681641	0.00000000	0.00000000	0.00000000	0.00000000	0.00000000	0.00000000	0.00000000	0.00000000
1932.73522949	0.00000000	0.00000000	0.00000000	0.00000000	0.00000000	0.00000000	0.00000000	0.00000000
2147.48364258	0.00000000	0.00000000	0.00000000	0.00000000	0.00000000	0.00000000	0.00000000	0.00000000
2362.23193359	0.00000000	0.00000000	0.00000000	0.00000000	0.00000000	0.00000000	0.00000000	0.00000000
2576.98022461	0.00000000	0.00000000	0.00000000	0.00000000	0.00000000	0.00000000	0.00000000	0.00000000
2791.72851562	0.00000000	0.00000000	0.00000000	0.00000000	0.00000000	0.00000000	0.00000000	0.00000000
3006.47705078	0.00000000	0.00000000	0.00000000	0.00000000	0.00000000	0.00000000	0.00000000	0.00000000
3221.22534180	0.00000000	0.00000000	0.00000000	0.00000000	0.00000000	0.00000000	0.00000000	0.00000000
3435.97363281	0.00000000	0.00000000	0.00000000	0.00000000	0.00000000	0.00000000	0.00000000	0.00000000
0	0	0	0	0	0	0	0	0
