%3/28/2015 1:39:24 PM
%Duration	ID1		ID2		ID3		ID4		ID5		ID6		ID7		ID8
3000.000000	2.460480	3.070831	7.457733	15.163422	17.518997	34.208298	23.069382	22.048950
%Tau		Tau1		Tau2		Tau3		Tau4		Tau5		Tau6		Tau7		Tau8
%		0.000002	0.000001	0.000002	0.000005	0.000019	0.000019	0.000017	0.000019
%Delaytime	D1		D2		D3		D4		D5		D6		D7		D8
0.00000000	10.77556038	22.01667404	10.96961403	5.82203436	4.82455158	1.98160553	3.26895452	4.14370584
0.00000020	2.15511203	2.90786266	2.59635830	2.04775000	1.61660373	1.54202402	1.64640772	1.68978703
0.00000040	1.07755601	3.73868060	1.55781496	1.62615442	1.54082537	1.42689550	1.46745038	1.50962591
0.00000060	0.53877801	0.83081788	1.42799711	1.40531862	1.69238198	1.42340684	1.44955456	1.30461502
0.00000080	1.61633408	0.83081788	1.49290609	1.78676224	1.30086076	1.44085050	1.39586735	1.26112783
0.00000100	1.07755601	1.66163576	0.64908957	1.40531862	1.36400938	1.51760280	1.56289423	1.44750142
0.00000120	2.69389009	0.41540894	1.03854334	1.50569844	1.57871461	1.39200819	1.41376317	1.54690063
0.00000140	3.23266816	0.83081788	1.10345232	1.18448281	1.42715800	1.44782805	1.38990211	1.49720109
0.00000160	1.07755601	0.83081788	1.10345232	2.06782603	1.28823113	1.43736184	1.43762410	1.45371389
0.00000180	0.53877801	0.41540894	0.97363436	1.48562253	1.56608486	1.53155780	1.59868574	1.43507648
0.00000200	2.15511203	0.83081788	1.23327017	1.48562253	1.40189850	1.54900157	1.64640772	1.50962591
0.00000220	2.69389009	1.66163576	1.23327017	1.50569844	1.51556599	1.36409819	1.40779793	1.45371389
0.00000240	0.53877801	0.41540894	1.55781496	1.68638229	1.33875000	1.45829427	1.44358933	1.50962591
0.00000260	2.15511203	1.66163576	1.49290609	1.34509063	1.54082537	1.49318171	1.47938085	1.34188974
0.00000280	1.07755601	0.41540894	1.10345232	1.36516666	1.62923348	1.62924266	1.37200642	1.59038782
0.00000300	0.00000000	1.66163576	1.49290609	1.40531862	1.60397398	1.35014319	1.49131131	1.38537693
0.00000340	1.07755601	1.86934030	1.42799711	1.69642031	1.52188087	1.41991806	1.37498903	1.38227069
0.00000380	1.34694505	1.24622691	1.10345232	1.64623034	1.40821338	1.29083467	1.53605068	1.37295198
0.00000420	1.61633408	1.24622691	1.36308813	1.50569844	1.71132660	1.34839880	1.34516287	1.42265165
0.00000460	1.34694505	0.62311345	1.07099783	1.43543255	1.33875000	1.33444393	1.40183270	1.47545743
0.00000500	1.88572299	0.62311345	1.59026945	1.28486276	1.42715800	1.44608366	1.48236346	1.50030732
0.00000540	1.88572299	1.03852236	1.39554262	1.43543255	1.37663913	1.42515123	1.47341561	1.50030732
0.00000580	0.80816704	1.24622691	1.03854334	1.31497669	1.54082537	1.43736184	1.37797165	1.39780176
0.00000620	0.80816704	1.66163576	1.29817915	1.21459675	1.33875000	1.46701610	1.55692899	1.38848317
0.00000700	1.61633408	1.55778360	1.28195190	1.49064147	1.34822226	1.38328624	1.42718494	1.39314246
0.00000780	1.75102854	1.24622691	1.29817915	1.19452083	1.40821338	1.35450411	1.38244557	1.34499598
0.00000860	1.61633408	0.93467015	1.54158771	1.39026165	1.45241737	1.31612802	1.35112810	1.38692999
0.00000940	1.21225047	0.51926118	1.26572466	1.37520456	1.27244389	1.35275984	1.27507114	1.39314246
0.00001020	2.02041745	0.41540894	1.28195190	1.47056556	1.27560139	1.38590288	1.42569363	1.34810221
0.00001100	2.02041745	1.45393133	1.36308813	1.35010970	1.26297164	1.36409819	1.34516287	1.37916446
0.00001180	1.34694505	1.03852236	1.18458855	1.23969173	1.27244389	1.26118028	1.25717545	1.25802159
0.00001260	1.34694505	1.03852236	1.05477059	1.35512865	1.32296276	1.31874454	1.41972840	1.35586774
0.00001420	0.94286150	1.14237463	1.20892930	1.26729620	1.28033745	1.28385711	1.28401899	1.23938429
0.00001580	1.41429234	1.14237463	1.02231610	1.21961582	1.25507808	1.31002271	1.26164937	1.30306184
0.00001740	1.27959776	1.09044850	1.17647493	1.28737223	1.16982746	1.24330056	1.29296696	1.19822681
0.00001900	1.27959776	1.14237463	1.17647493	1.21459675	1.28033745	1.21451843	1.21169043	1.23239529
0.00002060	1.21225047	1.35007906	1.05477059	1.18197334	1.16193390	1.21102965	1.19826865	1.24093735
0.00002220	0.94286150	1.40200520	1.25761104	1.21208727	1.25981426	1.19445813	1.15651190	1.19356740
0.00002380	0.80816704	0.98659629	1.32252002	1.18950176	1.16982746	1.16349554	1.15502059	1.20754540
0.00002540	1.07755601	0.83081788	1.06288421	1.14433086	1.13667452	1.14212692	1.15576625	1.15706933
0.00002860	1.34439421	1.27552557	1.04628158	1.19430220	1.20427823	1.17028046	1.14362383	1.10068488
0.00003180	1.07551539	1.48377466	1.12707543	1.13157618	1.14284348	1.14591324	1.10821176	1.12826025
0.00003500	1.04190552	0.85902745	1.14727390	1.15666664	1.10582519	1.12567961	1.09852004	1.12670672
0.00003820	0.90746605	0.88505858	1.11495638	1.11903107	1.04517806	1.10022461	1.08249140	1.11660862
0.00004140	1.00829566	1.06727648	1.05032122	1.06006861	1.09401083	1.09478545	1.12349486	1.11155963
0.00004460	1.00829566	0.98918313	1.08667850	1.08390450	1.10737741	1.09783137	1.07354522	1.08281910
0.00004780	0.87385619	1.24949443	1.15939307	1.05630505	1.03649271	1.07585740	1.06832659	1.06961393
0.00005100	1.17634487	1.27552557	1.05032122	1.01866949	1.04279351	1.05997515	1.02806866	1.04320371
0.00005740	0.92377084	1.10764205	1.11117733	1.10615849	1.01804721	1.04469419	1.00446999	1.04686296
0.00006380	0.90697503	1.25098395	1.03036439	1.02029800	1.03970778	1.04600060	1.00446999	1.03288150
0.00007020	1.05813754	1.02945554	1.07885218	1.02969873	1.03143740	1.02727544	1.01434886	1.00802553
0.00007660	0.99095416	0.92520690	1.03844571	1.04160643	1.04049540	1.04251683	1.01453519	0.98297536
0.00008300	1.10852504	1.00339341	1.09703505	1.02029800	1.05939913	1.01780391	0.99869186	1.02880359
0.00008940	1.15891254	1.15976644	1.03642535	1.06730187	1.03187394	1.02988815	1.01062095	1.01074409
0.00009580	0.80620003	0.89914477	1.05258799	0.96263987	0.99445868	0.99844718	0.97838902	1.04571307
0.00010220	1.17570829	1.05551779	1.03642535	1.05163395	0.98815715	1.01751053	1.00131559	1.03911054
0.00011500	1.08362448	1.01690924	1.01896572	1.04770613	1.01875055	1.01018298	1.01693141	1.01329446
0.00012780	0.84001899	1.14728224	0.98160034	1.00324273	1.02427018	1.01089144	0.99979162	1.00145221
0.00014060	0.98282218	0.93216676	0.96746206	1.06680655	1.02229881	1.00506103	1.00583220	1.02164233
0.00015340	1.06682408	0.98431599	1.00583732	1.00700021	1.00495172	1.02620292	0.99297744	0.99960786
0.00016620	1.13402557	1.00387192	1.02906454	0.98821294	1.02446723	1.01394284	1.00378287	0.99824893
0.00017900	0.99962258	0.89305490	1.00179780	1.01764643	1.01047122	1.01423657	1.00713623	1.01572120
0.00019180	0.94922143	0.93868542	1.01593614	0.99541473	1.03373218	1.01314688	1.01952517	1.03514993
0.00020460	1.02482319	0.97779733	1.00179780	1.02923191	1.00849998	1.01325583	0.99493361	1.02817583
0.00023020	1.04600680	1.03142142	1.01575422	1.00980544	1.00963032	1.00987339	1.01139879	1.01442587
0.00025580	0.87729603	1.00857341	1.02937162	1.02623773	1.00165641	0.99875641	1.00804377	1.00904036
0.00028140	0.96586919	0.99225348	0.99860644	1.03802097	1.00224710	1.00510514	0.99751270	1.00059319
0.00030700	1.01226461	1.00530946	0.97944123	1.03175092	0.99397790	1.01042354	0.99779230	1.01354825
0.00033260	0.92790926	1.04121339	0.97843254	1.01842690	1.00136113	1.00618935	1.00206494	1.01519787
0.00035820	0.93212700	0.91065371	0.99502933	1.01168644	1.00541818	1.00221133	1.00063479	1.01416421
0.00038380	0.90260261	1.00857341	1.03890550	1.01307070	1.00140262	1.01075578	1.00864947	0.99955976
0.00040940	0.92369145	1.07058930	0.98948181	1.03692377	1.01262558	1.01500618	1.00905454	1.00848746
0.00046060	0.97206402	1.03960061	1.00932336	1.00878942	1.01201749	1.00483930	0.99434042	1.01779628
0.00051180	0.93410921	1.07381940	1.01743758	1.00081873	1.01308000	1.00057364	0.99820435	1.00587308
0.00056300	0.91314703	1.00864065	0.98113656	1.00458205	1.01313651	1.00696397	1.00902808	1.01511776
0.00061420	0.97219580	0.95987105	0.98592627	1.01030552	1.00225317	1.00877273	1.01482403	0.99803573
0.00066540	0.98484910	1.02505755	0.99832553	1.02961957	1.00481391	1.00020862	1.00209165	1.00624669
0.00071660	0.98484910	1.01202023	1.01088321	1.01825082	1.00691068	1.00561023	0.99237603	1.00896418
0.00076780	1.02913570	1.07883644	1.03710067	1.01064551	1.02303493	1.00182390	0.99613786	1.00801289
0.00081900	0.94899809	1.01364994	1.00387180	1.01129925	1.00108683	1.00977278	1.00665927	1.01799977
0.00092140	0.96995294	0.99806696	1.00880384	1.02805591	1.00465870	1.00689399	1.01035368	0.99897563
0.00102380	1.03222418	0.99224073	0.99719250	1.01621306	1.00065994	1.00570893	1.00568151	1.01051724
0.00112620	1.00372720	0.97104251	1.01001859	1.00681126	1.01020730	1.00139642	1.00317740	1.01727152
0.00122860	0.99409330	0.99945945	0.99916500	1.01303995	0.99691147	1.00221503	1.00284910	1.00151968
0.00133100	1.04474771	0.97733200	0.99096167	1.01798844	1.00508177	1.00606573	1.00282311	1.01422524
0.00143340	1.00148046	0.97814709	1.00845683	1.01549399	1.00135040	1.00427067	1.00272739	1.00704217
0.00153580	1.00148046	0.99212247	0.99987531	1.00696743	1.00214338	1.00859296	1.00108969	1.01201391
0.00163820	0.96784204	1.03043783	1.01438820	1.01741338	1.00570595	1.00787663	0.98802722	1.01337218
0.00184300	0.97654104	1.04624319	1.00117064	1.01740789	1.00988436	1.00944006	1.00500929	1.00635266
0.00204780	0.97074705	0.99572366	1.00648022	1.01259637	1.00686014	1.00750196	1.00237465	1.01117468
0.00225260	0.98549527	0.98431599	1.00384045	1.01034975	1.00075340	1.01466072	0.99911278	1.01224756
0.00245740	1.01327407	0.98827243	1.00257599	1.01546872	1.00521648	1.00592625	1.00568295	1.00993574
0.00266220	0.96205866	1.02167654	1.00843942	1.01063073	1.00332558	1.00762188	1.00526941	1.01023650
0.00286700	1.00457537	1.01149237	0.99619102	1.02142322	0.99926996	1.00424492	1.00208056	1.00957692
0.00307180	1.02300310	0.97971767	1.01433456	1.00988650	1.00022721	1.01230526	1.00413513	1.01004136
0.00327660	0.94718605	0.96057147	0.99935192	1.02040637	1.00851583	1.00628185	1.00296557	1.00647211
0.00368620	0.99403274	0.99036235	1.01066816	1.00904346	1.00469828	1.00905848	1.00398469	1.01166511
0.00409580	0.99810731	0.98783314	1.00799656	1.01001060	1.00273669	1.00757647	1.00247669	1.00912988
0.00450540	1.02785015	0.96592903	1.00432909	1.01449430	1.00323880	1.00603831	1.00925887	1.00907314
0.00491500	0.99206227	0.98835820	1.02257180	1.01833498	1.00828707	1.00720429	1.00630116	1.00671434
0.00532460	0.97285259	1.00232649	1.00766468	1.01710272	1.00469911	1.00817943	1.00317085	1.00875545
0.00573420	1.01706123	0.97800106	0.99595070	1.01265574	1.00506639	1.00589740	1.00580597	1.01262248
0.00614380	0.98837823	0.99063098	1.00881851	1.01373899	1.00622058	1.00770199	1.00035453	1.01247561
0.00655340	0.99560475	0.98854005	0.99359453	1.01305568	1.00923264	1.00859761	1.00130224	1.00645506
0.00737260	1.01382744	1.00482452	1.00666392	1.02101374	1.00336862	1.00844431	1.00385058	1.00990510
0.00819180	1.00346494	1.02566731	1.00303924	1.01596832	1.00598657	1.00754237	1.00236869	1.00890470
0.00901100	1.02723205	1.01281869	1.00084043	1.01682746	1.00260293	1.00621891	1.00395942	1.00920355
0.00983020	1.02961254	1.01454675	1.00509846	1.01854038	1.00307095	1.00904107	1.00501001	1.00821924
0.01064940	1.00858927	1.00624800	1.00463974	1.01432538	0.99882001	1.00731885	1.00460041	1.00471842
0.01146860	0.99400443	1.01322532	1.00275743	1.00863099	1.00370562	1.00749278	1.00400972	1.00952923
0.01228780	1.01359987	0.98980963	1.01584291	1.01778746	1.00469208	1.00752890	1.00376940	1.01010084
0.01310700	1.01637268	1.00142062	1.00410271	1.01597345	1.00543869	1.00802064	1.00237870	1.00877428
0.01474540	1.00162959	0.99962056	1.00467873	1.01735544	1.00454950	1.00775504	1.00244486	1.00933397
0.01638380	0.99630392	0.99628401	1.00747669	1.01507151	1.00368094	1.00857151	1.00418746	1.01273358
0.01802220	1.00786674	1.00019526	1.00786471	1.01303971	1.00296283	1.00766814	1.00345659	1.01030195
0.01966060	0.99840248	0.99259090	1.00444341	1.01404512	1.00549650	1.00735927	1.00320971	1.01094842
0.02129900	1.00642133	1.01471162	1.00455558	1.01674533	1.00560987	1.00668037	1.00284147	1.00921309
0.02293740	1.00130522	1.01647818	1.01097834	1.01574266	1.00515568	1.00994122	1.00390279	1.00911319
0.02457580	0.99309987	1.01605952	1.00375009	1.01676452	1.00465286	1.00602734	1.00199270	1.01127005
0.02621420	1.01558971	1.00140107	1.00055897	1.01573002	1.00580215	1.00733781	1.00360715	1.01011729
0.02949100	0.99968243	1.00070941	1.00488019	1.01364362	1.00643373	1.00686908	1.00478005	1.00990677
0.03276780	0.99070621	1.00480759	1.00456560	1.01569068	1.00536394	1.00695610	1.00254357	1.01027405
0.03604460	1.00341940	1.00198376	1.00298464	1.01384199	1.00491297	1.00756443	1.00271320	1.01033342
0.03932140	1.00730181	1.00464416	1.00378799	1.01383650	1.00510323	1.00751185	1.00310230	1.00942695
0.04259820	1.00869870	1.00568259	1.00218678	1.01473892	1.00480413	1.00729179	1.00413060	1.00864971
0.04587500	0.99707609	0.99882823	1.00268197	1.01478028	1.00515306	1.00709808	1.00355852	1.01003826
0.04915180	0.99868876	1.00174987	1.00503469	1.01531851	1.00542200	1.00759721	1.00277722	1.00935984
0.05242860	1.00861001	0.99474311	1.00086808	1.01351619	1.00499785	1.00690937	1.00085878	1.00910091
0.05898220	0.99212867	1.00793922	1.00303149	1.01474869	1.00432062	1.00832891	1.00286102	1.00914538
0.06553581	0.99589455	0.99830800	1.00244129	1.01513255	1.00481212	1.00681353	1.00310600	1.00877094
0.07208940	1.00574946	0.99995494	1.00200808	1.01600206	1.00602198	1.00729251	1.00290036	1.00995910
0.07864300	1.00296426	0.99887156	1.00079930	1.01460314	1.00435758	1.00714612	1.00391221	1.00966847
0.08519660	0.99871802	1.00280714	1.00311792	1.01497769	1.00572610	1.00743639	1.00228703	1.00795507
0.09175020	1.00300109	0.99912387	1.00146985	1.01235878	1.00511372	1.00763607	1.00267351	1.00976038
0.09830380	0.99755186	1.00474358	1.00304210	1.01345611	1.00482500	1.00742328	1.00263286	1.00986040
0.10485740	1.00092697	1.00147533	1.00064921	1.01381302	1.00447989	1.00733256	1.00292814	1.00879419
0.11796460	0.99984789	1.00314772	1.00553823	1.01346445	1.00501978	1.00683713	1.00277209	1.00967717
0.13107181	0.99995214	1.00087988	1.00118291	1.01493502	1.00433195	1.00687706	1.00279081	1.00967610
0.14417900	0.99903893	1.00734699	1.00260055	1.01247764	1.00493801	1.00694442	1.00332117	1.00923645
0.15728620	1.00040662	1.00121462	1.00462127	1.01268756	1.00509393	1.00662255	1.00306201	1.00950944
0.17039341	1.00102270	1.00044286	1.00250471	1.01190150	1.00506771	1.00595009	1.00355542	1.00889230
0.18350060	0.99577689	1.00333047	1.00488544	1.01343822	1.00488818	1.00617504	1.00252426	1.00943625
0.19660780	1.00457358	0.99834144	1.00203943	1.01342952	1.00426769	1.00597155	1.00246513	1.00905955
0.20971501	1.00524640	1.00073099	1.00493455	1.01328290	1.00415087	1.00556779	1.00242567	1.00879061
0.23592941	1.00151277	1.00223434	1.00189161	1.01210964	1.00399196	1.00503397	1.00312352	1.00873137
0.26214382	1.00705945	0.99941188	1.00120258	1.01263380	1.00425220	1.00484538	1.00280547	1.00850284
0.28835821	1.00362182	1.00163424	1.00394309	1.01110423	1.00318611	1.00449598	1.00231552	1.00876606
0.31457260	1.00068653	1.00212729	1.00405574	1.00998938	1.00356102	1.00414181	1.00220084	1.00832415
0.34078699	1.00097609	0.99971271	1.00236928	1.01109970	1.00333643	1.00337529	1.00146127	1.00796640
0.36700141	1.00053751	1.00092173	1.00156236	1.00983250	1.00282013	1.00340474	1.00120795	1.00750124
0.39321581	1.00000954	0.99858755	1.00264764	1.00996482	1.00243616	1.00312150	1.00183201	1.00751042
0.41943020	1.00063181	0.99928641	1.00155270	1.00834358	1.00253928	1.00290978	1.00176346	1.00746727
0.47185901	1.00047374	0.99993664	1.00148118	1.00746012	1.00119054	1.00251627	1.00104189	1.00713766
0.52428782	1.00268555	0.99896455	1.00262272	1.00551355	1.00124860	1.00218379	1.00065744	1.00660586
0.57671660	1.00136518	0.99954891	1.00221550	1.00482297	1.00071836	1.00238490	1.00100791	1.00626135
0.62914538	1.00132263	1.00065303	1.00161624	1.00448453	1.00063896	1.00178111	1.00010955	1.00540733
0.68157423	0.99900550	0.99986869	0.99937963	1.00269043	1.00019407	1.00170743	1.00037956	1.00518727
0.73400301	1.00113642	1.00162935	1.00034201	1.00073504	0.99985951	1.00119722	0.99995863	1.00418055
0.78643179	1.00191009	1.00136924	1.00035095	0.99922478	0.99923509	1.00083625	0.99927437	1.00394070
0.83886063	1.00281084	1.00133419	0.99905825	0.99875289	0.99902111	1.00063491	0.99976772	1.00318944
0.94371825	1.00082576	1.00016749	0.99941379	0.99708200	0.99842721	0.99958640	0.99936932	1.00188375
1.04857588	0.99919027	1.00022113	0.99934775	0.99530548	0.99745888	0.99927968	0.99918842	1.00063467
1.15343344	1.00001264	0.99833071	0.99881864	0.99444920	0.99673146	0.99945402	0.99913561	0.99970901
1.25829101	0.99923819	0.99945503	0.99641174	0.99453187	0.99635875	0.99914616	0.99922717	0.99850953
1.36314869	0.99850261	0.99881750	0.99774277	0.99362397	0.99604475	0.99830943	0.99895656	0.99727005
1.46800625	0.99810714	0.99826658	0.99871278	0.99415535	0.99579644	0.99774933	0.99928987	0.99571216
1.57286382	0.99710387	0.99784040	0.99804378	0.99536371	0.99635863	0.99759978	0.99958265	0.99453574
1.67772150	0.99999410	1.00056243	0.99838173	0.99530929	0.99686158	0.99812347	0.99941093	0.99320638
1.88743675	0.99712098	1.00044990	0.99941301	0.99792403	0.99918932	0.99896258	0.99877417	0.99165255
2.09715199	0.99724913	0.99969751	1.00097084	0.99919546	1.00209570	0.99844098	0.99869996	0.99060547
2.30686712	0.99831426	0.99863410	1.00095236	0.99958706	1.00329387	0.99847007	0.99848890	0.99032545
2.51658225	0.99780470	0.99806970	1.00098324	1.00099862	1.00316608	0.99882072	0.99832559	0.99109614
2.72629738	0.99939990	1.00001562	1.00004303	0.99987888	1.00253367	0.99806845	0.99852711	0.99275184
2.93601274	0.99924839	1.00017774	0.99936897	0.99634671	1.00146472	0.99770784	0.99904221	0.99472713
3.14572787	1.00016856	0.99893630	0.99703622	0.99294239	1.00004649	0.99511361	0.99955273	0.99704987
3.35544300	0.99999976	0.99819875	0.99717790	0.99038517	0.99786645	0.99240458	0.99927622	0.99838847
3.77487350	1.00057459	1.00227726	0.99598241	0.98467934	0.99526125	0.99639511	0.99952078	0.99982774
4.19430399	0.99919140	0.99837607	0.99817067	0.98908776	0.99783182	1.00048637	0.99972808	0.99967033
4.61373425	1.00094700	1.00117540	0.99894494	0.99866968	0.99885774	1.00000763	1.00019956	0.99984258
5.03316450	1.00000000	1.00000000	1.00000000	1.00000000	1.00000000	1.00000000	1.00000000	1.00000000
5.45259476	0.00000000	0.00000000	0.00000000	0.00000000	0.00000000	0.00000000	0.00000000	0.00000000
5.87202549	0.00000000	0.00000000	0.00000000	0.00000000	0.00000000	0.00000000	0.00000000	0.00000000
6.29145575	0.00000000	0.00000000	0.00000000	0.00000000	0.00000000	0.00000000	0.00000000	0.00000000
6.71088600	0.00000000	0.00000000	0.00000000	0.00000000	0.00000000	0.00000000	0.00000000	0.00000000
7.54974699	0.00000000	0.00000000	0.00000000	0.00000000	0.00000000	0.00000000	0.00000000	0.00000000
8.38860798	0.00000000	0.00000000	0.00000000	0.00000000	0.00000000	0.00000000	0.00000000	0.00000000
9.22746849	0.00000000	0.00000000	0.00000000	0.00000000	0.00000000	0.00000000	0.00000000	0.00000000
10.06632900	0.00000000	0.00000000	0.00000000	0.00000000	0.00000000	0.00000000	0.00000000	0.00000000
10.90518951	0.00000000	0.00000000	0.00000000	0.00000000	0.00000000	0.00000000	0.00000000	0.00000000
11.74405098	0.00000000	0.00000000	0.00000000	0.00000000	0.00000000	0.00000000	0.00000000	0.00000000
12.58291149	0.00000000	0.00000000	0.00000000	0.00000000	0.00000000	0.00000000	0.00000000	0.00000000
13.42177200	0.00000000	0.00000000	0.00000000	0.00000000	0.00000000	0.00000000	0.00000000	0.00000000
15.09949398	0.00000000	0.00000000	0.00000000	0.00000000	0.00000000	0.00000000	0.00000000	0.00000000
16.77721596	0.00000000	0.00000000	0.00000000	0.00000000	0.00000000	0.00000000	0.00000000	0.00000000
18.45493698	0.00000000	0.00000000	0.00000000	0.00000000	0.00000000	0.00000000	0.00000000	0.00000000
20.13265800	0.00000000	0.00000000	0.00000000	0.00000000	0.00000000	0.00000000	0.00000000	0.00000000
21.81037903	0.00000000	0.00000000	0.00000000	0.00000000	0.00000000	0.00000000	0.00000000	0.00000000
23.48810196	0.00000000	0.00000000	0.00000000	0.00000000	0.00000000	0.00000000	0.00000000	0.00000000
25.16582298	0.00000000	0.00000000	0.00000000	0.00000000	0.00000000	0.00000000	0.00000000	0.00000000
26.84354401	0.00000000	0.00000000	0.00000000	0.00000000	0.00000000	0.00000000	0.00000000	0.00000000
30.19898796	0.00000000	0.00000000	0.00000000	0.00000000	0.00000000	0.00000000	0.00000000	0.00000000
33.55443192	0.00000000	0.00000000	0.00000000	0.00000000	0.00000000	0.00000000	0.00000000	0.00000000
36.90987396	0.00000000	0.00000000	0.00000000	0.00000000	0.00000000	0.00000000	0.00000000	0.00000000
40.26531601	0.00000000	0.00000000	0.00000000	0.00000000	0.00000000	0.00000000	0.00000000	0.00000000
43.62075806	0.00000000	0.00000000	0.00000000	0.00000000	0.00000000	0.00000000	0.00000000	0.00000000
46.97620392	0.00000000	0.00000000	0.00000000	0.00000000	0.00000000	0.00000000	0.00000000	0.00000000
50.33164597	0.00000000	0.00000000	0.00000000	0.00000000	0.00000000	0.00000000	0.00000000	0.00000000
53.68708801	0.00000000	0.00000000	0.00000000	0.00000000	0.00000000	0.00000000	0.00000000	0.00000000
60.39797592	0.00000000	0.00000000	0.00000000	0.00000000	0.00000000	0.00000000	0.00000000	0.00000000
67.10886383	0.00000000	0.00000000	0.00000000	0.00000000	0.00000000	0.00000000	0.00000000	0.00000000
73.81974792	0.00000000	0.00000000	0.00000000	0.00000000	0.00000000	0.00000000	0.00000000	0.00000000
80.53063202	0.00000000	0.00000000	0.00000000	0.00000000	0.00000000	0.00000000	0.00000000	0.00000000
87.24151611	0.00000000	0.00000000	0.00000000	0.00000000	0.00000000	0.00000000	0.00000000	0.00000000
93.95240784	0.00000000	0.00000000	0.00000000	0.00000000	0.00000000	0.00000000	0.00000000	0.00000000
100.66329193	0.00000000	0.00000000	0.00000000	0.00000000	0.00000000	0.00000000	0.00000000	0.00000000
107.37417603	0.00000000	0.00000000	0.00000000	0.00000000	0.00000000	0.00000000	0.00000000	0.00000000
120.79595184	0.00000000	0.00000000	0.00000000	0.00000000	0.00000000	0.00000000	0.00000000	0.00000000
134.21772766	0.00000000	0.00000000	0.00000000	0.00000000	0.00000000	0.00000000	0.00000000	0.00000000
147.63949585	0.00000000	0.00000000	0.00000000	0.00000000	0.00000000	0.00000000	0.00000000	0.00000000
161.06126404	0.00000000	0.00000000	0.00000000	0.00000000	0.00000000	0.00000000	0.00000000	0.00000000
174.48303223	0.00000000	0.00000000	0.00000000	0.00000000	0.00000000	0.00000000	0.00000000	0.00000000
187.90481567	0.00000000	0.00000000	0.00000000	0.00000000	0.00000000	0.00000000	0.00000000	0.00000000
201.32658386	0.00000000	0.00000000	0.00000000	0.00000000	0.00000000	0.00000000	0.00000000	0.00000000
214.74835205	0.00000000	0.00000000	0.00000000	0.00000000	0.00000000	0.00000000	0.00000000	0.00000000
241.59190369	0.00000000	0.00000000	0.00000000	0.00000000	0.00000000	0.00000000	0.00000000	0.00000000
268.43545532	0.00000000	0.00000000	0.00000000	0.00000000	0.00000000	0.00000000	0.00000000	0.00000000
295.27899170	0.00000000	0.00000000	0.00000000	0.00000000	0.00000000	0.00000000	0.00000000	0.00000000
322.12252808	0.00000000	0.00000000	0.00000000	0.00000000	0.00000000	0.00000000	0.00000000	0.00000000
348.96606445	0.00000000	0.00000000	0.00000000	0.00000000	0.00000000	0.00000000	0.00000000	0.00000000
375.80963135	0.00000000	0.00000000	0.00000000	0.00000000	0.00000000	0.00000000	0.00000000	0.00000000
402.65316772	0.00000000	0.00000000	0.00000000	0.00000000	0.00000000	0.00000000	0.00000000	0.00000000
429.49670410	0.00000000	0.00000000	0.00000000	0.00000000	0.00000000	0.00000000	0.00000000	0.00000000
483.18380737	0.00000000	0.00000000	0.00000000	0.00000000	0.00000000	0.00000000	0.00000000	0.00000000
536.87091064	0.00000000	0.00000000	0.00000000	0.00000000	0.00000000	0.00000000	0.00000000	0.00000000
590.55798340	0.00000000	0.00000000	0.00000000	0.00000000	0.00000000	0.00000000	0.00000000	0.00000000
644.24505615	0.00000000	0.00000000	0.00000000	0.00000000	0.00000000	0.00000000	0.00000000	0.00000000
697.93212891	0.00000000	0.00000000	0.00000000	0.00000000	0.00000000	0.00000000	0.00000000	0.00000000
751.61926270	0.00000000	0.00000000	0.00000000	0.00000000	0.00000000	0.00000000	0.00000000	0.00000000
805.30633545	0.00000000	0.00000000	0.00000000	0.00000000	0.00000000	0.00000000	0.00000000	0.00000000
858.99340820	0.00000000	0.00000000	0.00000000	0.00000000	0.00000000	0.00000000	0.00000000	0.00000000
966.36761475	0.00000000	0.00000000	0.00000000	0.00000000	0.00000000	0.00000000	0.00000000	0.00000000
1073.74182129	0.00000000	0.00000000	0.00000000	0.00000000	0.00000000	0.00000000	0.00000000	0.00000000
1181.11596680	0.00000000	0.00000000	0.00000000	0.00000000	0.00000000	0.00000000	0.00000000	0.00000000
1288.49011230	0.00000000	0.00000000	0.00000000	0.00000000	0.00000000	0.00000000	0.00000000	0.00000000
1395.86425781	0.00000000	0.00000000	0.00000000	0.00000000	0.00000000	0.00000000	0.00000000	0.00000000
1503.23852539	0.00000000	0.00000000	0.00000000	0.00000000	0.00000000	0.00000000	0.00000000	0.00000000
1610.61267090	0.00000000	0.00000000	0.00000000	0.00000000	0.00000000	0.00000000	0.00000000	0.00000000
1717.98681641	0.00000000	0.00000000	0.00000000	0.00000000	0.00000000	0.00000000	0.00000000	0.00000000
1932.73522949	0.00000000	0.00000000	0.00000000	0.00000000	0.00000000	0.00000000	0.00000000	0.00000000
2147.48364258	0.00000000	0.00000000	0.00000000	0.00000000	0.00000000	0.00000000	0.00000000	0.00000000
2362.23193359	0.00000000	0.00000000	0.00000000	0.00000000	0.00000000	0.00000000	0.00000000	0.00000000
2576.98022461	0.00000000	0.00000000	0.00000000	0.00000000	0.00000000	0.00000000	0.00000000	0.00000000
2791.72851562	0.00000000	0.00000000	0.00000000	0.00000000	0.00000000	0.00000000	0.00000000	0.00000000
3006.47705078	0.00000000	0.00000000	0.00000000	0.00000000	0.00000000	0.00000000	0.00000000	0.00000000
3221.22534180	0.00000000	0.00000000	0.00000000	0.00000000	0.00000000	0.00000000	0.00000000	0.00000000
3435.97363281	0.00000000	0.00000000	0.00000000	0.00000000	0.00000000	0.00000000	0.00000000	0.00000000
0	0	0	0	0	0	0	0	0
