%1/16/2015 6:15:50 PM
%Duration	ID1		ID2		ID3		ID4		ID5		ID6		ID7		ID8
3000.000000	2.384186	2.431870	10.347366	4.482269	2.260208	21.896362	24.280548	20.980835
%Tau		Tau1		Tau2		Tau3		Tau4		Tau5		Tau6		Tau7		Tau8
%		0.000002	0.000001	0.000017	0.000001	0.000002	0.000038	0.000041	0.000025
%Delaytime	D1		D2		D3		D4		D5		D6		D7		D8
0.00000000	9.31257915	28.61139679	6.28674936	16.48463631	27.39015579	2.06161857	2.96347094	4.23336506
0.00000020	2.14905667	5.83906031	1.81239629	3.77772903	4.02796412	1.64786804	1.56606185	1.88149548
0.00000040	3.58176112	2.33562422	1.64248407	2.06057954	4.02796412	1.43385923	1.44559562	1.33525491
0.00000060	0.71635222	1.75171816	1.52920938	1.37371969	0.00000000	1.48379469	1.41547906	1.28214812
0.00000080	1.43270445	1.16781211	1.38761592	0.68685985	0.80559283	1.40532470	1.61424839	1.44905496
0.00000100	2.14905667	1.75171816	1.33097851	1.20200467	0.00000000	1.27691948	1.53594530	1.24421477
0.00000120	2.86540890	0.58390605	1.35929716	1.37371969	0.80559283	1.58366549	1.58413184	1.45664167
0.00000140	1.43270445	1.16781211	1.64248407	1.37371969	2.41677856	1.33398843	1.37331581	1.54768181
0.00000160	4.29811335	0.58390605	1.64248407	1.54543459	0.80559283	1.29118669	1.52992201	1.45664167
0.00000180	2.14905667	1.75171816	1.61416543	1.54543459	3.22237134	1.47666097	1.41547906	1.50216174
0.00000200	0.00000000	1.16781211	1.47257197	2.91915417	0.80559283	1.51946282	1.30103600	1.35042822
0.00000220	0.00000000	0.00000000	1.33097851	1.20200467	2.41677856	1.54086363	1.58413184	1.37318826
0.00000240	0.71635222	1.75171816	1.27434111	1.37371969	2.41677856	1.47666097	1.44559562	1.40353501
0.00000260	2.14905667	0.58390605	1.21770370	1.54543459	1.61118567	1.66213536	1.54799199	1.33525491
0.00000280	0.00000000	1.16781211	1.35929716	1.71714950	0.00000000	1.49806190	1.64436495	1.47940171
0.00000300	0.00000000	1.75171816	1.55752802	0.68685985	4.02796412	1.35538936	1.56606185	1.52492177
0.00000340	0.35817611	1.45976508	1.30265975	1.28786218	1.20838928	1.53729689	1.59919012	1.47560835
0.00000380	0.71635222	1.45976508	1.43009388	1.11614716	0.80559283	1.56226456	1.53594530	1.34663486
0.00000420	0.71635222	0.58390605	1.51504993	1.54543459	1.20838928	1.34468889	1.44258392	1.47940171
0.00000460	0.00000000	1.16781211	1.50089061	1.63129210	0.80559283	1.43385923	1.41849065	1.36180818
0.00000500	1.07452834	0.29195303	1.41593456	1.63129210	1.20838928	1.50162876	1.38235080	1.44905496
0.00000540	1.79088056	1.75171816	1.41593456	1.63129210	0.80559283	1.53016329	1.45161891	1.61216855
0.00000580	2.50723267	1.45976508	1.37345648	1.80300701	1.20838928	1.44812655	1.36428082	1.46802175
0.00000620	1.43270445	0.87585908	1.45841265	1.63129210	1.20838928	1.41602516	1.52088702	1.38456821
0.00000700	1.25361633	1.16781211	1.24602246	1.37371969	0.80559283	1.36430633	1.44408977	1.45664167
0.00000780	0.71635222	0.87585908	1.45133293	1.71714950	1.00699103	1.52124619	1.33567011	1.24231815
0.00000860	0.53726417	0.87585908	1.41593456	1.28786218	1.00699103	1.36073959	1.40042078	1.44146836
0.00000940	0.53726417	1.31378865	1.20354438	1.37371969	0.80559283	1.46596062	1.39138579	1.41870832
0.00001020	0.53726417	1.89769471	1.55044830	1.11614716	1.20838928	1.39819109	1.40192652	1.28025150
0.00001100	2.14905667	1.60574162	1.55752802	1.84593582	0.80559283	1.40175796	1.44860721	1.41301835
0.00001180	0.89544028	1.45976508	1.23894274	1.50250590	2.61817670	1.44277632	1.40794992	1.37318826
0.00001260	1.61179245	1.45976508	1.30973947	1.37371969	1.40978742	1.41067493	1.38536251	1.54578507
0.00001420	1.25361633	1.31378865	1.36637688	1.39518404	1.51048660	1.32150459	1.45538354	1.39974165
0.00001580	0.98498428	1.02183557	1.25664186	1.56689894	1.51048660	1.36073959	1.40267944	1.31154656
0.00001740	0.62680817	1.97068286	1.33451831	1.18054032	1.10769010	1.39194918	1.39289165	1.33051324
0.00001900	1.88042450	1.16781211	1.34159803	1.28786218	1.51048660	1.35538936	1.33039975	1.39405155
0.00002060	1.61179245	1.09482384	1.51858985	1.20200467	1.20838928	1.30010366	1.28898942	1.34473825
0.00002220	1.79088056	1.09482384	1.33451831	1.18054032	1.40978742	1.31169581	1.36653960	1.31344318
0.00002380	1.61179245	1.24080038	1.30619967	1.28786218	1.30908835	1.29297006	1.30103600	1.33809984
0.00002540	1.16407239	1.16781211	1.30265975	1.45957708	1.20838928	1.27959454	1.38987994	1.31533980
0.00002860	1.22102022	1.31193781	1.19159222	1.16730726	1.45820403	1.26200306	1.29657054	1.27549577
0.00003180	1.35668910	1.02039611	1.22164726	1.15659797	0.95537502	1.21605527	1.21645176	1.22656620
0.00003500	1.71847296	1.12972426	1.20750368	0.96383166	1.10622370	1.25441945	1.24618506	1.29972303
0.00003820	1.31146622	1.45770872	1.23932660	1.45645666	1.30735528	1.23166859	1.23565280	1.20851445
0.00004140	1.13057435	1.20260966	1.23402286	1.27439964	1.00565791	1.25441945	1.23979044	1.22656620
0.00004460	1.40191209	1.16616690	1.18982434	1.03879631	1.15650666	1.20802557	1.20029473	1.23844230
0.00004780	1.04012835	1.16616690	1.14385784	1.04950559	0.80452633	1.19821143	1.23001063	1.16053486
0.00005100	1.08535135	0.94751066	1.15623343	1.24227190	0.95537502	1.16118550	1.14987421	1.15340924
0.00005740	0.79016107	0.74749702	1.05372620	1.13370669	1.25499415	1.11480021	1.14049530	1.14301944
0.00006380	1.30940974	1.09389806	1.17826557	1.01605785	1.22989416	1.11435437	1.12601590	1.10521984
0.00007020	1.03849745	0.87511843	1.09170628	1.19253111	1.20479429	1.11725223	1.07450676	1.15607607
0.00007660	0.83531314	0.96627659	1.16678321	1.09627295	1.17969441	1.12594593	1.10365427	1.11685085
0.00008300	1.06107342	1.29444599	1.08287370	1.00001478	0.77809632	1.08113992	1.08484948	1.11518669
0.00008940	0.94819331	1.16682458	1.01486290	1.12835896	1.02909517	1.08288956	1.06265974	1.05432808
0.00009580	1.08364952	1.36737251	1.04666018	1.11231601	0.80319625	1.07776260	1.05062473	1.08523285
0.00010220	1.60289824	1.09389806	1.14470172	1.09092534	0.90359575	1.08376431	1.03727329	1.05052447
0.00011500	0.96803415	1.08340728	1.02467418	0.95463252	1.13024235	1.05405343	1.04875338	1.03294265
0.00012780	1.10310864	0.98326039	1.05382431	1.02683163	1.09256756	1.03598964	1.02376509	1.02532840
0.00014060	0.91175306	1.10161579	1.06177437	1.01613545	1.23070836	1.02749932	1.03212583	1.01215124
0.00015340	1.08059621	1.01057315	1.04808259	0.94393635	0.92931038	1.03887260	1.01015818	1.05144536
0.00016620	0.95677793	1.11982441	0.98930985	0.98404694	0.92931038	1.01545703	1.01701593	1.01974881
0.00017900	1.02431512	1.01967752	0.96634370	0.98672098	0.92931038	1.01066244	1.00160944	0.99054533
0.00019180	0.84421581	1.05609453	1.02287567	1.09100854	0.99210161	1.01857913	0.99071223	0.99897403
0.00020460	1.04682755	1.07430303	1.00785935	1.00543928	1.13024235	0.99995810	1.00696421	1.01120150
0.00023020	0.92689431	0.98378927	1.01994169	1.00031722	1.01620901	1.00008702	1.00625658	1.00104046
0.00025580	0.93251181	1.06086040	1.01199234	1.02713537	0.92211562	1.00482738	0.99404579	0.98994023
0.00028140	0.94936442	0.90671825	1.00073075	1.03786254	0.99111748	0.98475087	1.00635040	0.99641037
0.00030700	0.93251181	1.02459157	1.01416898	0.97618085	0.93466139	1.00031018	1.00443923	0.99896288
0.00033260	1.08980298	1.02912521	1.01902676	1.02579439	0.94093430	1.00293124	1.00516200	0.99746281
0.00035820	0.99992234	0.99285650	1.00492632	0.93320042	1.02248192	0.98781812	1.00088823	0.98397654
0.00038380	0.96606588	1.06539392	0.98681951	0.93722284	0.96602589	1.00270820	1.00047994	0.99946988
0.00040940	1.06716585	1.06086040	0.99233985	0.92515558	1.07893801	1.00584686	1.00218499	1.00623715
0.00046060	1.05560207	0.89412284	0.99774307	0.97372234	0.95848453	1.00724816	0.99983209	1.00649071
0.00051180	1.10052133	0.99837232	0.99774307	1.03005338	1.03679204	0.99419743	0.99253374	1.00123715
0.00056300	1.12315667	1.03694582	1.00325608	1.00926459	1.02426291	1.00241160	0.98379290	1.00518477
0.00061420	1.09226990	1.08005738	1.00502026	0.94421560	0.98041064	1.00648296	0.98500532	1.00984478
0.00066540	1.02207255	1.02333164	0.98087329	0.93683892	0.88330925	1.00320458	1.00377047	0.99859554
0.00071660	1.04453564	0.98248917	1.00314581	1.01321077	0.95535219	1.00406909	0.99892998	0.99471867
0.00076780	1.10069346	0.99383426	0.97734499	0.99711734	1.03992438	1.00521588	1.00073421	0.99237394
0.00081900	1.00522518	1.07778835	0.99120700	1.00918734	1.00233674	1.00651443	0.99937540	0.99949461
0.00092140	1.00756013	1.05732763	1.00453079	0.99253571	0.96820140	1.00017166	1.00951755	0.99763089
0.00102380	0.98230094	1.03004181	0.99222726	1.04386330	1.02773488	0.99983698	1.00057769	0.99549270
0.00112620	0.99212396	0.98683918	1.00751007	0.98816770	1.07630157	1.00102389	1.00788832	1.00662434
0.00122860	0.98806864	1.02890491	1.01528943	1.00825036	1.04827476	0.99808913	1.00001538	0.99864876
0.00133100	0.91929680	0.99934518	0.99231321	1.01194608	0.93545598	0.98997116	0.99651730	0.99158406
0.00143340	0.98385811	1.05732763	1.00312746	0.99817121	1.08744800	0.98810279	1.00817025	0.99756306
0.00153580	1.03578782	1.02208340	1.01016593	0.98574030	0.91351897	0.99415249	0.99151802	0.99903458
0.00163820	1.05543697	1.01071429	1.00442755	0.98103666	0.95112526	1.00257039	0.99675727	0.99843979
0.00184300	1.01837254	0.97515684	1.00657427	0.99192816	1.06762779	0.99941784	0.99601388	0.99622667
0.00204780	1.01416731	0.97686362	1.00602210	0.99327135	0.96950024	0.99854320	1.00193906	1.00080204
0.00225260	1.02888572	1.04441988	1.00364375	1.01500762	0.95756650	0.99983448	0.99966729	1.00564945
0.00245740	1.05621994	0.98639655	1.00700879	0.99233991	0.91705555	1.00255835	0.99590814	1.00271928
0.00266220	1.03309095	1.04953957	0.99997139	0.98392713	0.95379984	0.99697483	1.00501764	1.00481951
0.00286700	1.00645769	1.00445843	0.99607807	1.00491893	1.05428243	0.99307269	0.99545419	1.00001168
0.00307180	1.02818489	0.95497495	0.99891877	1.00038469	0.96589470	0.99427480	1.00740731	0.99642199
0.00327660	1.00785947	0.94928718	1.01333177	1.01548624	0.97626489	0.99965852	1.00212908	0.99149609
0.00368620	0.99621713	0.97221708	0.99372363	0.99019194	1.02787948	1.00570571	0.99931753	1.00052214
0.00409580	0.99395776	1.01554263	1.00402963	1.00059223	1.01570356	0.99984640	1.00224113	1.00114560
0.00450540	1.01378369	1.00290072	0.99855679	1.01495719	1.00470603	0.99849766	1.00153697	1.00191820
0.00491500	1.00151443	0.98485649	1.00056088	0.99025130	0.99213737	1.00153184	0.99524337	1.00000405
0.00532460	0.98609036	1.01042986	1.00380886	0.99932462	1.06205046	0.99964404	0.99536192	1.00061238
0.00573420	0.95459324	0.98542482	1.00023258	0.98537004	1.01749909	1.00077176	1.00092924	1.00057912
0.00614380	0.97106385	1.01241887	1.00300384	1.00461733	0.98647535	1.00156438	1.00308681	1.00062227
0.00655340	1.01187277	1.00474679	1.00288975	0.99211568	0.97390878	0.99746495	1.00183177	0.99947977
0.00737260	0.98451710	1.00545609	1.00531578	0.99707955	0.98781425	0.99834687	0.99938196	0.99838954
0.00819180	1.02312565	0.99380279	0.99932683	1.00454164	1.00018001	1.00068212	0.99674827	0.99826539
0.00901100	0.98892522	0.99479753	1.00770307	0.99870855	1.00161946	1.00053418	0.99972171	1.00176859
0.00983020	1.01382446	1.02066064	1.00041914	1.00529695	0.97695661	1.00021577	0.99491394	1.00021577
0.01064940	1.00555813	1.00815654	1.00331819	1.00732577	0.99283338	0.99885643	0.99940664	0.99479979
0.01146860	1.02153051	0.99608213	1.00411642	1.00165892	0.99132359	0.99878937	1.00126743	0.99961865
0.01228780	1.00257421	0.99693614	1.00013936	1.00619936	1.00437379	0.99915308	0.99750614	1.00325608
0.01310700	1.00327635	0.98727477	0.99726099	1.00102925	0.97217947	0.99885160	0.99930471	0.99761999
0.01474540	0.98851192	1.00047219	1.00335658	0.99837458	0.98984724	0.99857122	1.00078452	0.99675769
0.01638380	1.00657737	1.01833093	1.00079894	1.01061618	0.99528581	0.99860018	1.00128937	0.99998319
0.01802220	0.99157745	0.99662882	1.00094783	1.00194931	0.99292684	1.00012887	1.00073791	0.99902171
0.01966060	0.99047798	0.99968815	0.99843210	1.00758302	0.98922455	0.99971384	0.99974549	1.00106287
0.02129900	1.01250565	0.98858917	1.00123119	0.98857367	0.99692136	1.00023592	0.99937224	0.99845290
0.02293740	1.01834786	0.98639041	0.99782789	1.00333202	0.99827033	1.00308824	1.00101554	0.99935758
0.02457580	0.99273789	1.00061858	0.99716449	0.99263984	0.99014157	1.00115085	0.99904126	1.00083303
0.02621420	0.99570024	1.00552285	0.99696827	1.00264621	0.99979639	0.99981165	1.00064349	0.99983072
0.02949100	0.99291903	0.99879581	1.00201058	0.99885237	1.00036597	0.99829501	0.99967235	1.00041485
0.03276780	0.98536235	1.00687325	1.00341916	0.99467200	1.01403868	0.99959362	0.99935454	1.00033903
0.03604460	0.99131882	1.00417256	1.00038779	1.00061798	0.98273844	0.99853009	0.99972385	1.00143266
0.03932140	1.01015353	1.00043559	1.00068998	1.00112796	0.99691749	1.00160170	0.99861127	1.00016570
0.04259820	1.00521004	1.00011241	1.00114441	0.99690229	0.98482215	1.00103199	0.99858016	1.00082779
0.04587500	0.99229795	0.98680747	1.00225425	0.99664760	0.98614770	1.00070286	1.00114596	0.99917084
0.04915180	0.99776274	0.99705029	1.00087881	1.00369227	0.99241680	1.00116527	0.99919146	1.00081468
0.05242860	1.01168525	1.00530684	1.00006020	1.00309062	1.00339925	0.99926394	0.99892086	1.00198293
0.05898220	1.00400448	1.00082755	1.00087953	0.99894905	1.00107908	0.99875301	1.00110722	1.00002468
0.06553581	1.00920773	1.00180924	1.00076842	0.99746543	1.01356936	1.00028503	1.00038445	0.99897838
0.07208940	1.00005651	1.00011909	0.99890381	0.99632865	0.99784774	0.99896836	1.00095141	1.00051641
0.07864300	0.99874276	0.99275047	1.00178277	0.99960417	1.00441289	0.99989253	1.00012457	0.99981827
0.08519660	0.99903339	0.99750197	0.99927592	1.00146770	1.00611770	0.99959457	1.00120842	1.00007844
0.09175020	1.00387752	1.00308132	1.00077462	0.99946451	0.99656081	0.99998766	0.99978215	0.99941671
0.09830380	0.99982500	1.00423527	0.99938089	1.00095069	0.99435782	0.99935907	1.00057721	0.99973220
0.10485740	1.00494087	0.99762630	1.00046575	1.00392628	1.00422359	1.00045240	1.00046670	1.00006032
0.11796460	1.00280035	1.00147200	0.99968040	1.00131023	0.99645835	0.99870360	1.00060546	1.00026357
0.13107181	1.00089514	0.99919164	1.00090826	1.00008082	0.99777669	0.99994606	0.99961984	0.99981320
0.14417900	1.00024271	1.00247991	1.00083673	1.00042081	0.99705380	0.99965334	1.00052190	1.00012076
0.15728620	1.00206804	1.00701714	1.00063133	0.99961656	1.00032532	0.99974823	1.00023246	1.00096619
0.17039341	0.99713832	1.00329852	1.00143778	0.99786884	1.00461543	0.99994141	1.00068343	0.99923086
0.18350060	1.00063360	0.99420673	1.00116289	0.99850011	1.00006139	1.00018454	1.00083041	1.00003457
0.19660780	1.00223768	0.99516571	1.00166178	0.99915469	0.99528897	1.00029850	0.99971139	1.00015295
0.20971501	0.99867052	1.00182760	0.99938780	1.00114846	0.99162573	1.00036871	0.99933976	1.00009108
0.23592941	1.00349402	0.99502474	1.00003231	1.00155997	0.99890542	1.00041831	1.00044060	1.00027204
0.26214382	1.00644863	1.00736856	0.99885774	0.99816853	1.00109398	1.00035036	1.00018418	1.00037253
0.28835821	1.00327003	0.99829692	1.00061059	0.99896145	0.99993676	0.99956679	0.99986207	0.99988353
0.31457260	0.99684584	1.00136220	1.00112736	1.00077057	0.99901426	0.99964553	1.00029576	1.00026512
0.34078699	1.00220919	0.99375057	0.99979508	1.00213099	1.00171936	1.00007772	0.99980789	1.00017476
0.36700141	1.00134504	0.99842834	1.00051284	0.99934942	0.99786156	1.00013041	0.99973983	0.99970734
0.39321581	0.99904889	0.99740529	0.99994791	0.99943203	1.00354743	1.00010967	0.99982715	1.00006449
0.41943020	1.00052321	1.00070953	0.99996573	1.00136900	1.00733089	1.00027180	1.00069427	0.99974096
0.47185901	0.99811149	0.99864084	1.00117075	0.99945825	0.99675065	1.00010550	1.00011790	1.00005078
0.52428782	1.00205088	0.99894911	1.00034070	1.00062561	0.99838030	0.99965668	0.99974334	1.00000823
0.57671660	0.99677533	0.99848539	1.00027037	0.99936932	1.00029635	0.99974734	0.99998564	1.00013506
0.62914538	0.99885559	1.00024354	1.00073469	1.00014961	0.99936014	1.00011253	1.00008118	1.00014687
0.68157423	1.00092578	0.99891758	0.99971753	1.00062728	0.99907976	0.99982291	1.00016057	1.00010002
0.73400301	1.00044918	1.00057375	1.00023460	0.99986744	1.00030661	1.00034440	1.00019395	0.99992603
0.78643179	1.00428677	1.00143206	1.00031722	1.00020885	0.99917370	1.00002432	1.00011444	0.99966776
0.83886063	0.99971342	0.99877787	1.00010037	1.00055087	0.99962825	1.00046802	1.00023472	0.99985194
0.94371825	0.99844849	1.00100970	1.00029802	0.99983186	0.99988157	0.99987131	1.00012434	0.99979985
1.04857588	1.00404930	0.99999219	0.99972653	0.99989814	1.00101125	1.00013649	0.99983209	0.99965882
1.15343344	0.99798423	1.00197887	0.99928063	1.00005507	0.99839711	0.99996114	0.99967903	1.00000262
1.25829101	0.99920863	1.00033557	1.00019348	0.99959451	0.99908268	1.00009167	0.99970126	0.99988693
1.36314869	1.00036371	0.99937946	0.99996501	0.99970770	1.00001109	0.99957162	0.99972129	0.99961120
1.46800625	0.99677461	1.00093210	0.99930590	1.00004506	1.00223160	0.99992079	0.99987102	0.99973029
1.57286382	0.99893200	1.00109529	0.99947810	0.99965203	0.99944657	1.00004375	0.99994063	0.99984539
1.67772150	0.99800426	0.99778044	0.99939191	0.99984568	1.00041318	0.99992847	1.00022745	0.99991208
1.88743675	0.99950731	0.99864495	0.99924082	0.99986041	0.99969494	1.00010192	0.99972337	0.99997264
2.09715199	1.00052583	1.00115502	0.99970359	0.99964607	0.99941629	1.00000775	0.99984485	1.00014853
2.30686712	0.99969304	1.00145209	1.00008214	0.99938875	0.99983186	1.00008833	0.99997520	1.00001884
2.51658225	0.99966425	1.00017071	0.99926490	1.00021946	0.99974054	0.99990749	1.00017941	1.00019825
2.72629738	0.99718493	0.99875146	0.99989897	1.00000989	0.99959189	1.00026262	1.00022066	1.00024927
2.93601274	0.99706060	0.99914062	1.00024998	0.99979770	1.00002229	1.00005496	1.00008595	0.99973047
3.14572787	0.99892795	0.99993402	1.00019932	0.99975950	0.99974018	0.99999291	1.00030601	1.00010192
3.35544300	0.99923086	1.00018299	1.00029564	1.00046015	1.00223160	0.99965847	1.00018311	1.00009489
3.77487350	0.99836844	1.00002360	0.99989426	0.99951512	0.99958283	0.99994701	0.99991459	0.99995345
4.19430399	1.00093782	1.00049269	1.00010800	1.00043881	0.99914157	1.00004900	0.99987340	0.99999094
4.61373425	0.99948645	0.99935728	0.99986434	0.99966401	1.00109470	0.99999529	0.99984586	1.00005555
5.03316450	1.00000000	1.00000000	1.00000000	1.00000000	1.00000000	1.00000000	1.00000000	1.00000000
5.45259476	0.00000000	0.00000000	0.00000000	0.00000000	0.00000000	0.00000000	0.00000000	0.00000000
5.87202549	0.00000000	0.00000000	0.00000000	0.00000000	0.00000000	0.00000000	0.00000000	0.00000000
6.29145575	0.00000000	0.00000000	0.00000000	0.00000000	0.00000000	0.00000000	0.00000000	0.00000000
6.71088600	0.00000000	0.00000000	0.00000000	0.00000000	0.00000000	0.00000000	0.00000000	0.00000000
7.54974699	0.00000000	0.00000000	0.00000000	0.00000000	0.00000000	0.00000000	0.00000000	0.00000000
8.38860798	0.00000000	0.00000000	0.00000000	0.00000000	0.00000000	0.00000000	0.00000000	0.00000000
9.22746849	0.00000000	0.00000000	0.00000000	0.00000000	0.00000000	0.00000000	0.00000000	0.00000000
10.06632900	0.00000000	0.00000000	0.00000000	0.00000000	0.00000000	0.00000000	0.00000000	0.00000000
10.90518951	0.00000000	0.00000000	0.00000000	0.00000000	0.00000000	0.00000000	0.00000000	0.00000000
11.74405098	0.00000000	0.00000000	0.00000000	0.00000000	0.00000000	0.00000000	0.00000000	0.00000000
12.58291149	0.00000000	0.00000000	0.00000000	0.00000000	0.00000000	0.00000000	0.00000000	0.00000000
13.42177200	0.00000000	0.00000000	0.00000000	0.00000000	0.00000000	0.00000000	0.00000000	0.00000000
15.09949398	0.00000000	0.00000000	0.00000000	0.00000000	0.00000000	0.00000000	0.00000000	0.00000000
16.77721596	0.00000000	0.00000000	0.00000000	0.00000000	0.00000000	0.00000000	0.00000000	0.00000000
18.45493698	0.00000000	0.00000000	0.00000000	0.00000000	0.00000000	0.00000000	0.00000000	0.00000000
20.13265800	0.00000000	0.00000000	0.00000000	0.00000000	0.00000000	0.00000000	0.00000000	0.00000000
21.81037903	0.00000000	0.00000000	0.00000000	0.00000000	0.00000000	0.00000000	0.00000000	0.00000000
23.48810196	0.00000000	0.00000000	0.00000000	0.00000000	0.00000000	0.00000000	0.00000000	0.00000000
25.16582298	0.00000000	0.00000000	0.00000000	0.00000000	0.00000000	0.00000000	0.00000000	0.00000000
26.84354401	0.00000000	0.00000000	0.00000000	0.00000000	0.00000000	0.00000000	0.00000000	0.00000000
30.19898796	0.00000000	0.00000000	0.00000000	0.00000000	0.00000000	0.00000000	0.00000000	0.00000000
33.55443192	0.00000000	0.00000000	0.00000000	0.00000000	0.00000000	0.00000000	0.00000000	0.00000000
36.90987396	0.00000000	0.00000000	0.00000000	0.00000000	0.00000000	0.00000000	0.00000000	0.00000000
40.26531601	0.00000000	0.00000000	0.00000000	0.00000000	0.00000000	0.00000000	0.00000000	0.00000000
43.62075806	0.00000000	0.00000000	0.00000000	0.00000000	0.00000000	0.00000000	0.00000000	0.00000000
46.97620392	0.00000000	0.00000000	0.00000000	0.00000000	0.00000000	0.00000000	0.00000000	0.00000000
50.33164597	0.00000000	0.00000000	0.00000000	0.00000000	0.00000000	0.00000000	0.00000000	0.00000000
53.68708801	0.00000000	0.00000000	0.00000000	0.00000000	0.00000000	0.00000000	0.00000000	0.00000000
60.39797592	0.00000000	0.00000000	0.00000000	0.00000000	0.00000000	0.00000000	0.00000000	0.00000000
67.10886383	0.00000000	0.00000000	0.00000000	0.00000000	0.00000000	0.00000000	0.00000000	0.00000000
73.81974792	0.00000000	0.00000000	0.00000000	0.00000000	0.00000000	0.00000000	0.00000000	0.00000000
80.53063202	0.00000000	0.00000000	0.00000000	0.00000000	0.00000000	0.00000000	0.00000000	0.00000000
87.24151611	0.00000000	0.00000000	0.00000000	0.00000000	0.00000000	0.00000000	0.00000000	0.00000000
93.95240784	0.00000000	0.00000000	0.00000000	0.00000000	0.00000000	0.00000000	0.00000000	0.00000000
100.66329193	0.00000000	0.00000000	0.00000000	0.00000000	0.00000000	0.00000000	0.00000000	0.00000000
107.37417603	0.00000000	0.00000000	0.00000000	0.00000000	0.00000000	0.00000000	0.00000000	0.00000000
120.79595184	0.00000000	0.00000000	0.00000000	0.00000000	0.00000000	0.00000000	0.00000000	0.00000000
134.21772766	0.00000000	0.00000000	0.00000000	0.00000000	0.00000000	0.00000000	0.00000000	0.00000000
147.63949585	0.00000000	0.00000000	0.00000000	0.00000000	0.00000000	0.00000000	0.00000000	0.00000000
161.06126404	0.00000000	0.00000000	0.00000000	0.00000000	0.00000000	0.00000000	0.00000000	0.00000000
174.48303223	0.00000000	0.00000000	0.00000000	0.00000000	0.00000000	0.00000000	0.00000000	0.00000000
187.90481567	0.00000000	0.00000000	0.00000000	0.00000000	0.00000000	0.00000000	0.00000000	0.00000000
201.32658386	0.00000000	0.00000000	0.00000000	0.00000000	0.00000000	0.00000000	0.00000000	0.00000000
214.74835205	0.00000000	0.00000000	0.00000000	0.00000000	0.00000000	0.00000000	0.00000000	0.00000000
241.59190369	0.00000000	0.00000000	0.00000000	0.00000000	0.00000000	0.00000000	0.00000000	0.00000000
268.43545532	0.00000000	0.00000000	0.00000000	0.00000000	0.00000000	0.00000000	0.00000000	0.00000000
295.27899170	0.00000000	0.00000000	0.00000000	0.00000000	0.00000000	0.00000000	0.00000000	0.00000000
322.12252808	0.00000000	0.00000000	0.00000000	0.00000000	0.00000000	0.00000000	0.00000000	0.00000000
348.96606445	0.00000000	0.00000000	0.00000000	0.00000000	0.00000000	0.00000000	0.00000000	0.00000000
375.80963135	0.00000000	0.00000000	0.00000000	0.00000000	0.00000000	0.00000000	0.00000000	0.00000000
402.65316772	0.00000000	0.00000000	0.00000000	0.00000000	0.00000000	0.00000000	0.00000000	0.00000000
429.49670410	0.00000000	0.00000000	0.00000000	0.00000000	0.00000000	0.00000000	0.00000000	0.00000000
483.18380737	0.00000000	0.00000000	0.00000000	0.00000000	0.00000000	0.00000000	0.00000000	0.00000000
536.87091064	0.00000000	0.00000000	0.00000000	0.00000000	0.00000000	0.00000000	0.00000000	0.00000000
590.55798340	0.00000000	0.00000000	0.00000000	0.00000000	0.00000000	0.00000000	0.00000000	0.00000000
644.24505615	0.00000000	0.00000000	0.00000000	0.00000000	0.00000000	0.00000000	0.00000000	0.00000000
697.93212891	0.00000000	0.00000000	0.00000000	0.00000000	0.00000000	0.00000000	0.00000000	0.00000000
751.61926270	0.00000000	0.00000000	0.00000000	0.00000000	0.00000000	0.00000000	0.00000000	0.00000000
805.30633545	0.00000000	0.00000000	0.00000000	0.00000000	0.00000000	0.00000000	0.00000000	0.00000000
858.99340820	0.00000000	0.00000000	0.00000000	0.00000000	0.00000000	0.00000000	0.00000000	0.00000000
966.36761475	0.00000000	0.00000000	0.00000000	0.00000000	0.00000000	0.00000000	0.00000000	0.00000000
1073.74182129	0.00000000	0.00000000	0.00000000	0.00000000	0.00000000	0.00000000	0.00000000	0.00000000
1181.11596680	0.00000000	0.00000000	0.00000000	0.00000000	0.00000000	0.00000000	0.00000000	0.00000000
1288.49011230	0.00000000	0.00000000	0.00000000	0.00000000	0.00000000	0.00000000	0.00000000	0.00000000
1395.86425781	0.00000000	0.00000000	0.00000000	0.00000000	0.00000000	0.00000000	0.00000000	0.00000000
1503.23852539	0.00000000	0.00000000	0.00000000	0.00000000	0.00000000	0.00000000	0.00000000	0.00000000
1610.61267090	0.00000000	0.00000000	0.00000000	0.00000000	0.00000000	0.00000000	0.00000000	0.00000000
1717.98681641	0.00000000	0.00000000	0.00000000	0.00000000	0.00000000	0.00000000	0.00000000	0.00000000
1932.73522949	0.00000000	0.00000000	0.00000000	0.00000000	0.00000000	0.00000000	0.00000000	0.00000000
2147.48364258	0.00000000	0.00000000	0.00000000	0.00000000	0.00000000	0.00000000	0.00000000	0.00000000
2362.23193359	0.00000000	0.00000000	0.00000000	0.00000000	0.00000000	0.00000000	0.00000000	0.00000000
2576.98022461	0.00000000	0.00000000	0.00000000	0.00000000	0.00000000	0.00000000	0.00000000	0.00000000
2791.72851562	0.00000000	0.00000000	0.00000000	0.00000000	0.00000000	0.00000000	0.00000000	0.00000000
3006.47705078	0.00000000	0.00000000	0.00000000	0.00000000	0.00000000	0.00000000	0.00000000	0.00000000
3221.22534180	0.00000000	0.00000000	0.00000000	0.00000000	0.00000000	0.00000000	0.00000000	0.00000000
3435.97363281	0.00000000	0.00000000	0.00000000	0.00000000	0.00000000	0.00000000	0.00000000	0.00000000
0	0	0	0	0	0	0	0	0
