%1/16/2015 6:58:37 AM
%Duration	ID1		ID2		ID3		ID4		ID5		ID6		ID7		ID8
3000.000000	2.050400	2.861023	10.166168	4.701614	1.955032	10.929108	23.374557	21.209717
%Tau		Tau1		Tau2		Tau3		Tau4		Tau5		Tau6		Tau7		Tau8
%		0.000001	0.000001	0.000005	0.000001	0.000001	0.000022	0.000032	0.000032
%Delaytime	D1		D2		D3		D4		D5		D6		D7		D8
0.00000000	7.60940218	26.77739525	9.07355213	16.08008575	25.89035416	2.27538538	3.16001511	4.13803625
0.00000020	8.69645977	4.31893444	2.36399055	4.09311247	3.23629427	1.40227246	1.70405769	1.76800072
0.00000040	3.26117253	1.29568040	1.52964103	2.48510408	0.80907357	1.56102026	1.48207319	1.47841442
0.00000060	1.08705747	1.29568040	1.59917009	1.46182597	0.00000000	1.13769269	1.41678369	1.38696611
0.00000080	0.00000000	0.00000000	1.18199527	0.73091298	1.61814713	1.48164630	1.49513113	1.50127649
0.00000100	0.00000000	2.59136081	1.25152445	1.31564331	0.00000000	1.53456235	1.54736280	1.45555234
0.00000120	3.26117253	2.59136081	1.73822844	2.04655623	0.00000000	1.32289851	1.37760985	1.42506957
0.00000140	1.08705747	0.86378694	1.59917009	1.02327812	1.61814713	1.21706665	1.36455202	1.44031096
0.00000160	2.17411494	2.15946722	1.32105362	1.16946077	0.00000000	1.48164630	1.48207319	1.52413857
0.00000180	3.26117253	1.29568040	1.39058268	1.75419104	3.23629427	1.45518839	1.39066780	1.54700065
0.00000200	1.08705747	0.86378694	1.28628898	1.75419104	1.61814713	1.58747828	1.57347858	1.52413857
0.00000220	1.08705747	1.29568040	1.66869926	0.58473039	1.61814713	1.19060862	1.45595741	1.47079372
0.00000240	2.17411494	0.86378694	1.28628898	2.48510408	0.80907357	1.42873037	1.56694961	1.58510411
0.00000260	4.34822989	1.72757387	1.11246622	1.90037370	0.80907357	1.71976805	1.37108099	1.42506957
0.00000280	4.34822989	1.72757387	1.56440556	1.31564331	0.80907357	1.71976805	1.56694961	1.44793165
0.00000300	2.17411494	0.00000000	1.39058268	1.46182597	0.80907357	1.53456235	1.39066780	1.56986272
0.00000340	2.17411494	1.72757387	1.40796494	1.60800850	1.21361041	1.29644060	1.47227979	1.39458680
0.00000380	1.63058627	0.64784020	1.51225865	1.68109977	1.21361041	1.33612752	1.38413882	1.51270747
0.00000420	1.08705747	0.64784020	1.37320042	1.16946077	1.61814713	1.26998258	1.52124691	1.28408670
0.00000460	0.54352874	0.21594673	1.49487638	0.87709552	0.40453678	1.17737973	1.41678369	1.44031096
0.00000500	2.17411494	2.15946722	1.58178782	1.75419104	0.40453678	1.45518839	1.53104043	1.49365580
0.00000540	1.63058627	1.07973361	1.42534733	1.09636939	2.42722082	1.57424927	1.49513113	1.40220749
0.00000580	0.54352874	0.86378694	1.66869926	1.53491724	1.61814713	1.49487531	1.43310606	1.38696611
0.00000620	2.17411494	1.29568040	1.39058268	1.53491724	0.40453678	1.26998258	1.58000755	1.42506957
0.00000700	1.08705747	1.51162708	1.32105362	1.42528021	0.60680521	1.45518839	1.41025472	1.41173339
0.00000780	1.35882187	0.75581354	1.47749412	1.31564331	1.01134193	1.40888691	1.42984152	1.35457814
0.00000860	1.35882187	1.40365374	1.45142066	1.42528021	0.60680521	1.42211592	1.43473828	1.32409537
0.00000940	1.63058627	1.07973361	1.35581815	1.09636939	0.80907357	1.36919999	1.45269287	1.42697477
0.00001020	1.35882187	1.07973361	1.34712696	1.57146287	2.83175755	1.44857395	1.37434542	1.38887131
0.00001100	0.81529313	0.97176027	1.46011186	0.95018685	0.60680521	1.45518839	1.36291969	1.38506091
0.00001180	1.35882187	1.83554721	1.45142066	1.20600641	2.22495222	1.28982604	1.34006834	1.41935408
0.00001260	1.08705747	1.61960042	1.29498017	1.31564331	0.60680521	1.45518839	1.40699017	1.44602644
0.00001420	1.08705747	1.24169374	1.45142066	1.33391619	1.61814713	1.34604931	1.36373591	1.38410830
0.00001580	0.95117527	0.97176027	1.15592194	1.20600641	1.92154980	1.34274197	1.34741342	1.41173339
0.00001740	0.95117527	1.40365374	1.29063463	1.42528021	1.21361041	1.37250721	1.35394239	1.30790138
0.00001900	0.67941093	1.51162708	1.36885488	1.31564331	0.91020775	1.26336813	1.32945883	1.33457386
0.00002060	1.63058627	1.07973361	1.31236243	1.07809663	1.11247611	1.26667535	1.34986186	1.31742728
0.00002220	1.22293973	1.40365374	1.24717891	1.22427917	1.71928132	1.28321159	1.32048154	1.31075919
0.00002380	1.08705747	1.51162708	1.14288521	1.40700746	1.21361041	1.25344634	1.25437582	1.30123329
0.00002540	1.08705747	1.24169374	1.30367124	1.40700746	0.80907357	1.29313326	1.32782662	1.26312983
0.00002860	1.17344046	1.00655162	1.17178035	1.20260966	0.80186939	1.29568160	1.26552558	1.29661238
0.00003180	1.17344046	1.30579662	1.16523409	1.21172035	0.60140204	1.20325077	1.21165609	1.23851955
0.00003500	1.03538871	1.14257205	1.17832661	1.13883495	1.15268731	1.19664860	1.22554982	1.24851918
0.00003820	0.82831091	0.76171470	1.08886111	1.06594944	1.40327144	1.25606835	1.20106328	1.21090174
0.00004140	1.10441458	1.14257205	1.16523409	1.33926988	1.20280409	1.32869256	1.21371460	1.17280805
0.00004460	1.10441458	1.38740897	1.20232952	1.12972426	0.65151888	1.16525316	1.18922818	1.17042720
0.00004780	1.51857007	1.38740897	1.18705499	1.06594944	1.45338833	1.17350566	1.17984164	1.22613919
0.00005100	1.17344046	1.11536801	1.12595654	1.24816310	0.95221990	1.09428167	1.13250101	1.14709485
0.00005740	1.06824350	1.01965702	1.13437188	1.18589187	0.95221990	1.12532210	1.10491061	1.15333903
0.00006380	1.10270298	1.25077927	1.10164964	1.16308630	1.00233674	1.16660321	1.09981036	1.14452040
0.00007020	1.20608139	1.11482501	1.07765329	1.01256931	1.30303776	1.08899474	1.08165359	1.10781562
0.00007660	0.75810826	0.96527529	1.02966070	1.11747503	0.90210307	1.07000542	1.11572301	1.07754624
0.00008300	0.86148667	1.03325236	1.08965147	1.00344706	0.97727835	1.11541462	1.06370091	1.08634734
0.00008940	1.17162192	0.93808442	1.03511441	1.02169144	1.07751203	1.09312284	1.05452049	1.05703175
0.00009580	0.72364885	1.00606155	0.99475688	1.07642496	1.27797937	1.02459633	1.06818902	1.05987465
0.00010220	0.93040562	0.99246609	1.05802000	0.95783579	1.02739513	1.08156419	1.04676819	1.02388608
0.00011500	0.85815728	0.90978575	1.06775606	0.91106790	1.14015806	1.01333344	1.01938105	1.04209387
0.00012780	1.08127820	1.03878522	1.03832328	1.00445235	1.02739513	1.03065538	1.01101792	1.02683210
0.00014060	1.01262558	1.03199577	1.04595399	0.91106790	1.17774570	1.00632215	1.02662218	1.03100526
0.00015340	0.85815728	1.10667968	1.00562012	1.03406215	1.01486599	1.01787019	1.02529633	1.01443183
0.00016620	1.04695189	1.02520633	1.05249465	1.02267373	1.05245364	1.01333344	1.01611733	1.00656259
0.00017900	1.06411505	1.14062691	1.00725532	1.07050478	1.01486599	1.04797733	1.00867212	0.99249309
0.00019180	1.06411505	1.17457414	1.00180483	0.95889896	1.16521645	1.00879681	0.99927425	1.00726163
0.00020460	1.18448615	1.05915356	1.00343990	0.98850870	1.09004116	1.04674006	1.01170170	1.00593388
0.00023020	1.15896058	0.96398407	0.98323917	1.02630723	0.99838072	0.97916001	1.01770246	1.02238703
0.00025580	1.11603618	1.02847600	0.98054779	0.99441308	0.95426899	0.98699826	1.00663543	1.00143039
0.00028140	0.94433826	1.01829302	0.97046435	1.01498795	0.88521004	1.00680006	1.00658441	1.01155603
0.00030700	0.93575341	1.02168727	1.03396285	1.01498795	1.14888966	0.99318630	1.01505041	0.98966163
0.00033260	0.97009295	1.06581330	0.98245549	1.00473559	1.04216218	1.00205588	1.00532448	1.00348604
0.00035820	0.95292318	0.95719546	0.98678190	1.01384878	0.91032237	1.01422572	0.99344128	1.01468515
0.00038380	1.02160227	1.04205322	1.03007650	0.95454544	1.05471838	1.01752603	1.00501847	0.99811697
0.00040940	1.02160227	1.00798750	1.01154602	1.02509582	1.08610880	1.01855743	0.99777633	1.02066720
0.00046060	1.03548110	0.97845447	0.98674989	1.03292322	0.89732081	0.98468703	1.01084065	1.01051700
0.00051180	0.93665922	0.93444091	0.98695385	1.02039611	0.95379549	0.98625028	1.00095665	1.00116706
0.00056300	1.00110829	0.95136923	0.99089736	0.98509222	0.97889543	0.97561657	1.00630248	1.01090181
0.00061420	1.03548110	1.01231098	0.98341835	0.97939801	1.05419505	0.98459840	0.99860805	1.01236582
0.00066540	0.91499907	0.93624753	0.99388891	1.05626941	1.03223264	1.00262237	0.99893993	1.00222695
0.00071660	1.06535101	0.97349423	1.01020670	1.00217474	0.86594594	0.99333018	1.00113535	1.00441742
0.00076780	1.08682990	0.92101020	0.99035341	1.03861749	1.01027024	0.98245984	0.99633604	1.01136541
0.00081900	1.06105530	1.03275037	0.99783242	0.98338395	0.99772030	0.99533534	1.01038694	1.00428200
0.00092140	0.91770923	0.98789120	1.00151455	0.99228483	1.02918947	1.02319896	1.00621903	1.00613332
0.00102380	1.03108585	0.98958278	0.99630898	1.00281680	0.97883153	0.98917842	1.00528681	1.00203407
0.00112620	0.93910104	0.96505463	1.00743425	0.97855276	1.00715792	0.99614769	0.99828684	1.00018632
0.00122860	0.95175225	1.00226974	1.00709403	0.99819213	1.02132106	1.00815487	1.00130045	1.00300145
0.00133100	0.96886241	0.92022741	1.00743425	0.98481458	0.98843741	0.98675203	0.99694180	1.00361109
0.00143340	0.98616308	1.04455960	1.01366103	0.95322084	0.99158531	1.00957012	1.00367785	0.99682987
0.00153580	1.00755489	0.93798912	1.01022398	0.96986598	1.06241286	1.00340521	0.99516040	1.00004733
0.00163820	0.93054432	1.02341461	0.98991340	0.97612864	0.98670000	0.99589771	0.99848050	1.00015032
0.00184300	0.98681670	0.95673490	0.99636745	0.98523456	0.99432933	1.00272429	1.01071835	1.00099361
0.00204780	1.04329753	0.97994637	1.00571418	0.99505699	0.98097736	0.99737144	1.00505996	1.00372577
0.00225260	0.99960482	0.99122083	0.99922329	1.00409603	1.01475000	1.00292242	1.00319612	1.00958133
0.00245740	1.04862595	1.01219678	1.00717700	0.99989706	1.02967274	1.00742269	0.99296415	0.99700409
0.00266220	0.99020463	1.01683795	0.99031878	0.98729706	1.01144099	1.00277174	0.99610138	1.00244224
0.00286700	0.99553400	1.01936948	0.99545103	1.00231707	1.02164960	0.99478757	1.00079691	1.00249684
0.00307180	1.01258814	0.96735543	0.99167782	0.99704999	1.04346478	0.99339229	1.00035059	1.00262606
0.00327660	0.96888697	1.01490402	1.00687039	0.98779690	1.04896080	1.00124717	0.99058068	1.00378311
0.00368620	1.01643419	1.00929010	0.99985516	1.01050258	1.01463306	0.99422264	1.00426996	1.00018871
0.00409580	0.99376643	1.03116810	1.00116348	1.00772369	1.00407159	1.00147200	1.00115716	1.00277221
0.00450540	1.00246692	0.98322153	0.99300474	1.00145483	0.96615571	0.99809295	1.00301468	1.00209868
0.00491500	1.06522083	1.00404286	0.99494231	0.98442233	1.00547826	0.99604362	1.00506914	1.00262821
0.00532460	0.95407194	0.97772986	1.00277877	0.99190432	0.98873323	0.99910438	0.99962074	1.00276351
0.00573420	1.03404307	1.01803660	0.99652392	0.98520434	1.00879109	1.00180757	1.00098121	1.00446391
0.00614380	0.99893671	1.01145613	0.99820673	0.99119037	0.99738562	1.00473106	0.99997067	0.99799579
0.00655340	0.98172623	1.00521183	1.00760615	0.98285466	0.98637348	0.99941355	0.99722838	0.99653661
0.00737260	1.00698721	1.00071049	1.00103498	1.00426328	1.00942671	0.99579471	0.99520332	0.99901658
0.00819180	0.99901003	1.00449800	1.00487852	1.00447774	0.98691601	0.99926335	1.00372195	1.00301576
0.00901100	0.99502140	1.00194645	0.99582195	1.00447679	0.99402463	1.00135005	0.99884284	1.00361145
0.00983020	0.98031944	0.99102193	0.99674052	1.00497556	0.99603146	0.99645180	1.00189173	1.00272322
0.01064940	1.03118467	1.01265192	0.99783742	0.99749053	0.98829824	0.99785048	0.99866247	1.00114119
0.01146860	1.00812256	1.02145207	0.99909467	1.00690210	1.00632834	1.00281990	1.00146818	1.00236332
0.01228780	0.99615914	0.98776275	0.99741161	0.99920249	0.97307622	0.99896824	0.99867719	1.00029171
0.01310700	0.99194664	1.00865650	0.99409616	0.98911917	0.99681616	0.99925834	0.99857336	1.00316036
0.01474540	1.02452838	1.00585818	1.00100958	1.00223386	1.00640380	0.99872988	0.99785906	1.00122118
0.01638380	0.99912894	1.00608599	1.00309849	1.00410092	1.00307691	1.00321901	1.00337124	1.00187373
0.01802220	1.00032604	0.99197870	1.00154185	1.00344002	1.00189185	0.99849010	1.00168276	1.00107419
0.01966060	0.98430890	1.00099051	0.99892771	0.99905223	0.98227566	0.99650258	1.00054812	1.00045609
0.02129900	0.99242055	0.99007702	0.99575615	0.99662572	0.98069596	0.99982798	1.00168169	1.00046754
0.02293740	1.01210141	0.99561542	1.00161362	0.99545079	0.99915868	0.99974042	1.00045228	1.00121379
0.02457580	0.99063408	1.00948238	0.99668241	0.99746692	0.97919250	1.00403130	1.00014985	1.00477791
0.02621420	1.01343119	0.99464244	0.99817735	1.00189590	0.98981440	1.00081134	1.00024223	1.00272048
0.02949100	0.99409866	0.99337614	0.99812305	1.00223505	1.00174379	1.00056911	1.00139928	1.00271356
0.03276780	1.00247943	1.00176597	1.00347590	0.99507171	1.00231802	0.99816751	1.00065541	1.00283647
0.03604460	0.99750286	0.99556160	1.00071895	1.00521410	1.01593935	1.00254333	0.99954611	1.00087714
0.03932140	1.01051044	1.00709784	1.00088918	1.00590467	0.99206591	0.99959815	1.00075543	1.00103617
0.04259820	1.00032604	0.99708211	0.99865496	0.99399465	1.00295031	1.00123668	1.00021017	1.00201166
0.04587500	0.99626946	0.99892247	0.99943012	0.99797583	1.01021075	0.99984181	1.00015843	1.00251222
0.04915180	1.00589526	1.00153184	1.00524271	0.99751645	0.99976271	1.00098097	0.99933523	1.00126863
0.05242860	1.01135623	1.00105739	0.99695635	0.99810052	0.99620062	0.99971044	1.00093579	1.00243711
0.05898220	1.00402594	1.00487876	0.99844742	0.99837238	1.00873351	0.99971843	0.99990046	1.00061536
0.06553581	1.01633823	1.00105083	0.99991602	0.99693739	0.98790359	0.99904013	0.99960136	1.00167799
0.07208940	0.99598622	1.00127566	1.00046825	1.00209022	0.99918407	1.00024951	1.00026596	1.00210571
0.07864300	0.99392277	0.99542642	0.99978977	1.00144207	0.99686199	1.00095379	1.00087607	1.00246131
0.08519660	0.99813235	1.00401855	1.00204790	0.99946004	0.99917376	0.99912310	1.00034630	1.00158906
0.09175020	1.00239325	0.99441630	0.99805492	0.99864042	0.99972606	0.99946386	1.00046372	1.00156295
0.09830380	0.99974930	1.00079811	0.99905765	1.00058258	0.99945515	0.99958026	0.99970728	1.00361526
0.10485740	1.00661576	0.99794316	1.00134706	0.99918288	1.00457728	1.00022745	1.00002313	1.00156534
0.11796460	1.00515711	0.99887556	1.00090182	0.99951184	0.99863160	1.00057137	1.00054812	1.00157726
0.13107181	0.99363136	1.00565362	1.00066876	0.99891871	1.00423181	1.00006640	1.00104046	1.00254142
0.14417900	0.99829781	0.99910128	1.00003994	0.99964148	0.99741137	0.99899948	1.00102866	1.00217652
0.15728620	1.00393498	1.00125897	0.99889982	1.00074577	0.99891347	1.00047827	1.00034654	1.00192678
0.17039341	1.00117123	1.00030303	0.99956828	0.99988043	1.00518632	1.00031090	0.99967152	1.00234306
0.18350060	0.98934305	0.99991792	0.99797344	0.99929982	1.00125039	1.00023401	1.00038195	1.00178635
0.19660780	1.00154209	0.99877465	0.99973339	0.99912703	0.99717534	1.00019419	0.99958187	1.00155926
0.20971501	0.99805427	0.99858761	1.00150931	0.99903470	1.00348556	1.00030434	0.99947602	1.00118136
0.23592941	0.99694550	1.00140870	1.00031865	0.99857551	0.99986774	1.00008786	0.99989736	1.00160253
0.26214382	0.99829513	0.99919343	0.99957085	1.00112915	0.99834532	0.99985456	1.00026727	1.00095212
0.28835821	1.00254416	0.99957734	0.99979538	0.99945480	1.00340807	1.00060833	1.00008142	1.00142288
0.31457260	0.99892920	0.99789381	1.00081909	0.99985850	0.99777341	0.99933290	0.99998266	1.00147414
0.34078699	1.00221431	1.00009513	1.00066185	0.99884707	1.00260782	0.99959087	0.99993694	1.00061464
0.36700141	1.00385690	0.99593514	0.99894047	0.99957228	0.99635416	0.99950582	0.99989831	1.00105417
0.39321581	1.00465560	0.99927473	1.00013208	1.00226533	0.99922848	1.00017285	1.00023472	1.00096560
0.41943020	1.00143659	1.00120234	0.99969769	0.99810296	1.00063872	1.00005603	0.99979889	1.00063586
0.47185901	1.00319505	1.00117481	0.99955320	1.00045812	0.99915862	1.00045979	0.99979138	1.00089407
0.52428782	1.00089574	1.00026429	1.00037038	0.99948525	1.00123835	0.99951100	1.00029707	1.00078988
0.57671660	1.00015211	0.99809420	1.00027788	1.00056958	0.99750495	1.00027132	1.00030720	1.00069904
0.62914538	0.99878883	1.00444686	1.00033820	0.99956238	1.00229263	0.99982715	0.99996114	1.00050998
0.68157423	1.00105155	1.00179279	0.99977702	1.00060701	0.99739152	0.99969417	0.99999219	1.00035977
0.73400301	1.00399327	1.00063431	0.99994123	0.99946827	1.00165212	0.99956530	0.99983776	1.00086749
0.78643179	1.00123227	1.00151765	0.99962556	0.99983710	1.00011778	0.99974084	0.99980193	1.00038064
0.83886063	0.99897671	0.99826825	0.99986809	1.00009775	1.00016987	1.00092518	0.99993777	1.00027311
0.94371825	0.99826646	0.99900752	1.00000274	1.00050652	0.99770832	1.00015104	0.99995381	1.00005424
1.04857588	1.00122964	0.99775815	0.99980623	0.99959219	0.99876237	1.00008357	1.00038302	1.00003242
1.15343344	1.00179517	1.00092828	0.99995518	0.99994254	0.99868906	1.00002611	1.00040352	0.99986082
1.25829101	1.00035369	0.99991858	0.99998623	0.99953431	1.00122035	0.99991721	0.99983263	0.99895412
1.36314869	0.99966329	1.00240195	0.99988031	0.99970740	1.00027931	0.99993396	0.99970746	0.99885130
1.46800625	0.99964935	0.99923140	0.99990916	0.99983454	1.00103843	0.99994564	0.99984366	0.99891764
1.57286382	1.00005555	0.99936146	0.99991202	0.99963653	1.00033665	0.99981368	0.99986047	0.99909925
1.67772150	0.99768662	0.99847800	1.00023806	0.99981761	1.00072372	0.99980122	1.00014365	0.99923098
1.88743675	0.99905103	0.99975741	0.99970150	1.00000668	1.00034928	0.99986714	0.99998760	0.99938893
2.09715199	0.99893075	1.00034690	0.99977523	0.99997878	1.00024939	0.99990803	0.99992859	0.99966472
2.30686712	0.99984783	0.99888098	1.00037563	1.00046706	0.99821013	0.99998766	0.99991888	0.99972886
2.51658225	1.00279820	1.00083947	0.99983925	0.99938726	0.99803442	0.99965024	0.99987155	0.99983811
2.72629738	0.99932033	0.99769789	0.99993050	0.99978775	1.00053620	0.99974573	0.99957365	1.00038183
2.93601274	1.00089383	1.00017059	0.99975032	1.00039852	0.99966294	0.99988258	0.99987012	1.00059688
3.14572787	0.99624616	1.00107884	0.99977738	0.99916965	1.00000238	1.00017524	0.99962610	1.00005043
3.35544300	1.00008130	1.00063264	1.00045586	0.99978673	1.00143707	1.00021195	1.00004423	1.00054717
3.77487350	1.00136912	1.00053406	1.00026631	1.00001156	0.99913776	0.99985796	0.99993503	0.99989635
4.19430399	0.99792963	0.99808270	0.99996471	0.99996096	0.99943978	1.00020301	1.00011945	1.00022388
4.61373425	0.99735910	0.99941450	0.99985862	1.00003219	0.99959326	1.00011146	1.00002193	0.99980503
5.03316450	1.00000000	1.00000000	1.00000000	1.00000000	1.00000000	1.00000000	1.00000000	1.00000000
5.45259476	0.00000000	0.00000000	0.00000000	0.00000000	0.00000000	0.00000000	0.00000000	0.00000000
5.87202549	0.00000000	0.00000000	0.00000000	0.00000000	0.00000000	0.00000000	0.00000000	0.00000000
6.29145575	0.00000000	0.00000000	0.00000000	0.00000000	0.00000000	0.00000000	0.00000000	0.00000000
6.71088600	0.00000000	0.00000000	0.00000000	0.00000000	0.00000000	0.00000000	0.00000000	0.00000000
7.54974699	0.00000000	0.00000000	0.00000000	0.00000000	0.00000000	0.00000000	0.00000000	0.00000000
8.38860798	0.00000000	0.00000000	0.00000000	0.00000000	0.00000000	0.00000000	0.00000000	0.00000000
9.22746849	0.00000000	0.00000000	0.00000000	0.00000000	0.00000000	0.00000000	0.00000000	0.00000000
10.06632900	0.00000000	0.00000000	0.00000000	0.00000000	0.00000000	0.00000000	0.00000000	0.00000000
10.90518951	0.00000000	0.00000000	0.00000000	0.00000000	0.00000000	0.00000000	0.00000000	0.00000000
11.74405098	0.00000000	0.00000000	0.00000000	0.00000000	0.00000000	0.00000000	0.00000000	0.00000000
12.58291149	0.00000000	0.00000000	0.00000000	0.00000000	0.00000000	0.00000000	0.00000000	0.00000000
13.42177200	0.00000000	0.00000000	0.00000000	0.00000000	0.00000000	0.00000000	0.00000000	0.00000000
15.09949398	0.00000000	0.00000000	0.00000000	0.00000000	0.00000000	0.00000000	0.00000000	0.00000000
16.77721596	0.00000000	0.00000000	0.00000000	0.00000000	0.00000000	0.00000000	0.00000000	0.00000000
18.45493698	0.00000000	0.00000000	0.00000000	0.00000000	0.00000000	0.00000000	0.00000000	0.00000000
20.13265800	0.00000000	0.00000000	0.00000000	0.00000000	0.00000000	0.00000000	0.00000000	0.00000000
21.81037903	0.00000000	0.00000000	0.00000000	0.00000000	0.00000000	0.00000000	0.00000000	0.00000000
23.48810196	0.00000000	0.00000000	0.00000000	0.00000000	0.00000000	0.00000000	0.00000000	0.00000000
25.16582298	0.00000000	0.00000000	0.00000000	0.00000000	0.00000000	0.00000000	0.00000000	0.00000000
26.84354401	0.00000000	0.00000000	0.00000000	0.00000000	0.00000000	0.00000000	0.00000000	0.00000000
30.19898796	0.00000000	0.00000000	0.00000000	0.00000000	0.00000000	0.00000000	0.00000000	0.00000000
33.55443192	0.00000000	0.00000000	0.00000000	0.00000000	0.00000000	0.00000000	0.00000000	0.00000000
36.90987396	0.00000000	0.00000000	0.00000000	0.00000000	0.00000000	0.00000000	0.00000000	0.00000000
40.26531601	0.00000000	0.00000000	0.00000000	0.00000000	0.00000000	0.00000000	0.00000000	0.00000000
43.62075806	0.00000000	0.00000000	0.00000000	0.00000000	0.00000000	0.00000000	0.00000000	0.00000000
46.97620392	0.00000000	0.00000000	0.00000000	0.00000000	0.00000000	0.00000000	0.00000000	0.00000000
50.33164597	0.00000000	0.00000000	0.00000000	0.00000000	0.00000000	0.00000000	0.00000000	0.00000000
53.68708801	0.00000000	0.00000000	0.00000000	0.00000000	0.00000000	0.00000000	0.00000000	0.00000000
60.39797592	0.00000000	0.00000000	0.00000000	0.00000000	0.00000000	0.00000000	0.00000000	0.00000000
67.10886383	0.00000000	0.00000000	0.00000000	0.00000000	0.00000000	0.00000000	0.00000000	0.00000000
73.81974792	0.00000000	0.00000000	0.00000000	0.00000000	0.00000000	0.00000000	0.00000000	0.00000000
80.53063202	0.00000000	0.00000000	0.00000000	0.00000000	0.00000000	0.00000000	0.00000000	0.00000000
87.24151611	0.00000000	0.00000000	0.00000000	0.00000000	0.00000000	0.00000000	0.00000000	0.00000000
93.95240784	0.00000000	0.00000000	0.00000000	0.00000000	0.00000000	0.00000000	0.00000000	0.00000000
100.66329193	0.00000000	0.00000000	0.00000000	0.00000000	0.00000000	0.00000000	0.00000000	0.00000000
107.37417603	0.00000000	0.00000000	0.00000000	0.00000000	0.00000000	0.00000000	0.00000000	0.00000000
120.79595184	0.00000000	0.00000000	0.00000000	0.00000000	0.00000000	0.00000000	0.00000000	0.00000000
134.21772766	0.00000000	0.00000000	0.00000000	0.00000000	0.00000000	0.00000000	0.00000000	0.00000000
147.63949585	0.00000000	0.00000000	0.00000000	0.00000000	0.00000000	0.00000000	0.00000000	0.00000000
161.06126404	0.00000000	0.00000000	0.00000000	0.00000000	0.00000000	0.00000000	0.00000000	0.00000000
174.48303223	0.00000000	0.00000000	0.00000000	0.00000000	0.00000000	0.00000000	0.00000000	0.00000000
187.90481567	0.00000000	0.00000000	0.00000000	0.00000000	0.00000000	0.00000000	0.00000000	0.00000000
201.32658386	0.00000000	0.00000000	0.00000000	0.00000000	0.00000000	0.00000000	0.00000000	0.00000000
214.74835205	0.00000000	0.00000000	0.00000000	0.00000000	0.00000000	0.00000000	0.00000000	0.00000000
241.59190369	0.00000000	0.00000000	0.00000000	0.00000000	0.00000000	0.00000000	0.00000000	0.00000000
268.43545532	0.00000000	0.00000000	0.00000000	0.00000000	0.00000000	0.00000000	0.00000000	0.00000000
295.27899170	0.00000000	0.00000000	0.00000000	0.00000000	0.00000000	0.00000000	0.00000000	0.00000000
322.12252808	0.00000000	0.00000000	0.00000000	0.00000000	0.00000000	0.00000000	0.00000000	0.00000000
348.96606445	0.00000000	0.00000000	0.00000000	0.00000000	0.00000000	0.00000000	0.00000000	0.00000000
375.80963135	0.00000000	0.00000000	0.00000000	0.00000000	0.00000000	0.00000000	0.00000000	0.00000000
402.65316772	0.00000000	0.00000000	0.00000000	0.00000000	0.00000000	0.00000000	0.00000000	0.00000000
429.49670410	0.00000000	0.00000000	0.00000000	0.00000000	0.00000000	0.00000000	0.00000000	0.00000000
483.18380737	0.00000000	0.00000000	0.00000000	0.00000000	0.00000000	0.00000000	0.00000000	0.00000000
536.87091064	0.00000000	0.00000000	0.00000000	0.00000000	0.00000000	0.00000000	0.00000000	0.00000000
590.55798340	0.00000000	0.00000000	0.00000000	0.00000000	0.00000000	0.00000000	0.00000000	0.00000000
644.24505615	0.00000000	0.00000000	0.00000000	0.00000000	0.00000000	0.00000000	0.00000000	0.00000000
697.93212891	0.00000000	0.00000000	0.00000000	0.00000000	0.00000000	0.00000000	0.00000000	0.00000000
751.61926270	0.00000000	0.00000000	0.00000000	0.00000000	0.00000000	0.00000000	0.00000000	0.00000000
805.30633545	0.00000000	0.00000000	0.00000000	0.00000000	0.00000000	0.00000000	0.00000000	0.00000000
858.99340820	0.00000000	0.00000000	0.00000000	0.00000000	0.00000000	0.00000000	0.00000000	0.00000000
966.36761475	0.00000000	0.00000000	0.00000000	0.00000000	0.00000000	0.00000000	0.00000000	0.00000000
1073.74182129	0.00000000	0.00000000	0.00000000	0.00000000	0.00000000	0.00000000	0.00000000	0.00000000
1181.11596680	0.00000000	0.00000000	0.00000000	0.00000000	0.00000000	0.00000000	0.00000000	0.00000000
1288.49011230	0.00000000	0.00000000	0.00000000	0.00000000	0.00000000	0.00000000	0.00000000	0.00000000
1395.86425781	0.00000000	0.00000000	0.00000000	0.00000000	0.00000000	0.00000000	0.00000000	0.00000000
1503.23852539	0.00000000	0.00000000	0.00000000	0.00000000	0.00000000	0.00000000	0.00000000	0.00000000
1610.61267090	0.00000000	0.00000000	0.00000000	0.00000000	0.00000000	0.00000000	0.00000000	0.00000000
1717.98681641	0.00000000	0.00000000	0.00000000	0.00000000	0.00000000	0.00000000	0.00000000	0.00000000
1932.73522949	0.00000000	0.00000000	0.00000000	0.00000000	0.00000000	0.00000000	0.00000000	0.00000000
2147.48364258	0.00000000	0.00000000	0.00000000	0.00000000	0.00000000	0.00000000	0.00000000	0.00000000
2362.23193359	0.00000000	0.00000000	0.00000000	0.00000000	0.00000000	0.00000000	0.00000000	0.00000000
2576.98022461	0.00000000	0.00000000	0.00000000	0.00000000	0.00000000	0.00000000	0.00000000	0.00000000
2791.72851562	0.00000000	0.00000000	0.00000000	0.00000000	0.00000000	0.00000000	0.00000000	0.00000000
3006.47705078	0.00000000	0.00000000	0.00000000	0.00000000	0.00000000	0.00000000	0.00000000	0.00000000
3221.22534180	0.00000000	0.00000000	0.00000000	0.00000000	0.00000000	0.00000000	0.00000000	0.00000000
3435.97363281	0.00000000	0.00000000	0.00000000	0.00000000	0.00000000	0.00000000	0.00000000	0.00000000
2	2	2	2	2	2	2	2	2
