%1/16/2015 4:45:22 PM
%Duration	ID1		ID2		ID3		ID4		ID5		ID6		ID7		ID8
3000.000000	3.738403	4.320145	15.964508	8.745193	7.076263	39.691925	19.340515	19.855499
%Tau		Tau1		Tau2		Tau3		Tau4		Tau5		Tau6		Tau7		Tau8
%		0.000001	0.000002	0.000006	0.000005	0.000003	0.000057	0.000024	0.000022
%Delaytime	D1		D2		D3		D4		D5		D6		D7		D8
0.00000000	7.10054111	16.44375801	5.61612701	7.63600206	8.27211285	1.80526412	3.56326008	4.09976292
0.00000020	1.77513528	3.00800443	2.08679032	1.90900052	1.40205300	1.50928211	1.60660839	1.77071476
0.00000040	1.01436293	2.40640354	1.47055686	1.94795966	1.47215569	1.51831973	1.56173110	1.59523857
0.00000060	2.53590751	3.20853806	1.38652503	1.20773506	1.12164247	1.40083075	1.27451611	1.68297660
0.00000080	1.26795375	1.40373540	1.51257277	1.28565335	1.40205300	1.44375932	1.56173110	1.68297660
0.00000100	1.52154446	2.20586991	1.33050382	1.01293910	1.26184773	1.45731580	1.46300089	1.37988138
0.00000120	1.01436293	1.80480266	1.38652503	1.12981665	1.68246365	1.49120688	1.54378009	1.59523857
0.00000140	1.01436293	0.00000000	1.54058337	1.28565335	2.38349009	1.39631188	1.41812360	1.38785756
0.00000160	1.52154446	1.20320177	1.79267895	1.36357176	1.61236095	1.45505643	1.41812360	1.44369090
0.00000180	1.26795375	1.20320177	1.44254625	1.48044932	0.63092387	1.51154149	1.48992729	1.45964324
0.00000200	1.52154446	1.80480266	1.23246670	1.48044932	1.33195043	1.38275540	1.28349161	1.59523857
0.00000220	0.76077223	1.60426903	1.35851443	1.44149017	0.91133446	1.50024450	1.65148568	1.45166707
0.00000240	2.02872586	0.60160089	1.21846139	1.36357176	1.68246365	1.45505643	1.29246712	1.30809557
0.00000260	1.26795375	1.20320177	1.34450912	1.32461262	1.19174504	1.36468017	1.75919127	1.57130992
0.00000280	0.76077223	1.60426903	1.38652503	1.90900052	1.33195043	1.43020296	1.44505000	1.42773855
0.00000300	1.26795375	0.60160089	1.63862050	1.94795966	1.33195043	1.47539103	1.49890280	1.57928610
0.00000340	1.39474916	1.40373540	1.41453564	1.32461262	1.26184773	1.39179313	1.52134144	1.49154806
0.00000380	1.26795375	0.80213451	1.26748002	1.48044932	1.40205300	1.40083075	1.41812360	1.50351238
0.00000420	0.88756764	1.50400221	1.40753305	1.34409225	1.33195043	1.35338318	1.56173110	1.44767892
0.00000460	0.50718147	0.70186770	1.45655155	1.05189824	1.19174504	1.39631188	1.44505000	1.31607175
0.00000500	2.91629362	2.00533628	1.35151184	1.46096981	1.15669370	1.52735734	1.49890280	1.30809557
0.00000540	1.14115834	1.30346859	1.34450912	1.30513299	1.33195043	1.48329890	1.51236606	1.28815508
0.00000580	0.63397688	1.50400221	1.38652503	1.30513299	1.50720704	1.42455447	1.41363585	1.57529807
0.00000620	0.88756764	1.70453584	1.33050382	1.55836773	1.15669370	1.49007714	1.32836890	1.48357189
0.00000700	1.45814681	1.70453584	1.36551714	1.29539323	1.36700165	1.41382229	1.47197640	1.33601224
0.00000780	1.33135140	1.45386875	1.22546411	1.49992895	1.19174504	1.40196037	1.41363585	1.36392891
0.00000860	0.82416993	1.20320177	1.27448261	1.51940858	1.24432206	1.42624903	1.39119720	1.34997058
0.00000940	0.88756764	1.80480266	1.32350123	1.28565335	1.13916814	1.41890597	1.37324631	1.42773855
0.00001020	1.33135140	1.05280149	1.37602115	1.26617384	1.27937341	1.43867576	1.42485523	1.36392891
0.00001100	1.14115834	0.90240133	1.27098131	1.33435237	1.31442475	1.42003560	1.37997794	1.35794675
0.00001180	0.95096529	0.95253474	1.30599463	1.47070956	1.05153978	1.39292276	1.47646415	1.35196471
0.00001260	1.39474916	1.40373540	1.21496010	1.15903604	1.12164247	1.35225344	1.38446558	1.43571472
0.00001420	1.29965258	1.27840185	1.42153835	1.38305140	1.31442475	1.37654209	1.42934299	1.37389922
0.00001580	1.33135140	1.15306830	1.29198933	1.30513299	1.41957867	1.37682450	1.33958828	1.34897363
0.00001740	1.20455599	1.35360193	1.27098131	1.36844170	1.32318759	1.34349835	1.37773407	1.29513431
0.00001900	1.42644799	1.22826850	1.26397872	1.32948256	1.43710434	1.36016142	1.34295404	1.34398842
0.00002060	1.01436293	0.92746800	1.21320939	1.31487274	1.34071326	1.36524510	1.23188269	1.28217304
0.00002220	1.36305022	1.30346859	1.31824923	1.31974268	1.48091853	1.33135402	1.31602764	1.28616107
0.00002380	1.17285717	1.22826850	1.26923072	1.19312537	1.39329016	1.30932486	1.25656521	1.24229205
0.00002540	0.88756764	1.02773488	1.27098131	1.36357176	1.25308490	1.37625968	1.23412657	1.20540214
0.00002860	1.33606565	1.22765958	1.21549058	1.23254311	1.29068291	1.33060944	1.26500189	1.20737147
0.00003180	1.36787677	0.91448116	1.23569024	1.20580161	1.32151842	1.29890466	1.25658715	1.21386266
0.00003500	1.27244353	0.97711682	1.20670819	1.28845739	1.22460699	1.27555072	1.23470914	1.22682500
0.00003820	0.97023821	1.10238826	1.19616926	1.12800789	1.30389810	1.25545216	1.19656277	1.20835018
0.00004140	1.11338806	1.15249681	1.24622917	1.25442266	1.32158315	1.23804283	1.18702614	1.24080586
0.00004460	1.39968789	1.15249681	1.15664828	1.13773215	1.14096677	1.21511340	1.14439189	1.16490948
0.00004780	1.22472692	1.06480682	1.19177806	1.11342168	1.10131931	1.22756886	1.20441639	1.11997080
0.00005100	1.09748256	1.07733393	1.13820505	1.23497415	1.20264065	1.21766114	1.14327002	1.15342522
0.00005740	1.17701030	1.10111415	1.13259566	1.19577265	1.17134452	1.19023395	1.11533618	1.11372936
0.00006380	1.23267961	1.05731988	1.04520261	1.20306396	1.15152860	1.18067980	1.09600472	1.09252632
0.00007020	1.10543525	0.98224390	1.13523054	1.15688574	1.12951076	1.16822398	1.07247090	1.07405126
0.00007660	0.98614371	1.05106354	1.12778950	1.11678362	1.12070370	1.15392816	1.08759987	1.07055604
0.00008300	1.11338806	0.88214260	1.08167660	1.15931618	1.07226467	1.13595223	1.03548920	1.06105125
0.00008940	1.20086861	1.11988318	1.08255494	1.09004891	1.03483450	1.12193954	1.08255684	1.09700215
0.00009580	1.15315199	0.98850024	1.06323147	1.11556840	1.13391435	1.11592388	1.06882882	1.05705678
0.00010220	1.05771863	0.98850024	1.03644204	1.17754447	1.09208059	1.10339737	1.03885114	1.03134179
0.00011500	1.00771368	1.11114085	1.06836939	1.05803823	1.10043359	1.09575903	1.02657843	1.01931226
0.00012780	1.11934364	1.02976155	1.03679192	1.05986130	1.03874767	1.07197845	1.02069867	1.02779722
0.00014060	0.94000173	0.95777214	1.01990676	1.07809293	1.02773225	1.07194304	1.01175666	1.02979362
0.00015340	1.01567984	1.00159180	1.02714324	1.03555262	1.05306756	1.06273842	1.02225649	1.03553343
0.00016620	1.15906990	1.13618064	1.03501499	1.02035964	1.04535687	1.05718029	0.99509704	1.01981139
0.00017900	0.95991701	1.07671118	1.03326070	0.99179685	1.07399678	1.04719687	1.02855635	0.98122263
0.00019180	0.99178147	1.03915143	1.00977540	1.01678729	1.00900614	1.04443550	1.00305939	1.01778138
0.00020460	0.94796783	1.07984114	1.04639482	1.00159323	1.01120925	1.03664696	1.00066197	1.01765656
0.00023020	1.07303417	0.95856375	1.01864064	0.98774219	0.96715909	1.02934968	0.98893452	1.01588380
0.00025580	1.04317236	1.00711846	1.01401174	1.01236737	1.01282132	1.03252578	1.01314127	1.00885177
0.00028140	1.06108952	0.97892535	0.97803599	1.03608048	1.06563544	1.02759039	1.00687504	1.00080490
0.00030700	1.01530135	0.94759977	1.01072133	1.01236737	1.00181830	1.00784707	0.99597102	1.01679063
0.00033260	1.03122771	1.06663704	1.00929546	1.00693178	1.02157366	1.00360990	1.00715518	0.99807668
0.00035820	0.99340272	0.97109395	1.00543451	1.06165636	1.00562012	1.01180112	1.00626254	0.99609691
0.00038380	0.91775280	1.06820333	0.99350119	0.99385870	0.99131697	1.01463175	1.01510167	0.99491167
0.00040940	1.04914474	1.00711846	1.00227582	0.99233854	1.00176930	1.00938618	1.00123930	1.00465965
0.00046060	1.01156116	1.03886235	1.00325191	1.01251471	0.98885691	1.00803101	1.00402117	0.99363595
0.00051180	0.95884460	0.97849077	1.00365770	0.97674489	1.00091410	0.99821812	0.99887788	0.98741841
0.00056300	0.98371089	0.98484457	0.99843740	1.01342797	0.99376082	0.99831539	0.99929774	0.99664223
0.00061420	1.00161457	1.05227816	1.00956893	1.00048995	0.99871308	1.00350893	1.00613785	1.00272071
0.00066540	0.99085796	1.02248192	0.99651819	1.01114476	1.00449073	1.00891423	0.99635887	0.99391639
0.00071660	1.03164625	1.01385665	1.00120103	1.00520849	0.99266028	0.99992311	0.99062103	1.00737846
0.00076780	1.06746042	0.98868334	0.99306357	0.99835896	0.99798548	0.99909306	0.99789834	1.00416875
0.00081900	1.00975990	1.03651023	0.98911542	0.98998731	1.03513134	1.00755405	0.99922782	1.01060486
0.00092140	0.99735111	0.99879342	0.99143428	1.00855982	1.02074862	1.00697565	1.00631642	1.00376773
0.00102380	1.01577449	1.00820124	0.99481404	0.99516612	0.98494011	1.00337589	1.00731456	1.00107348
0.00112620	1.02464175	1.03594697	0.99845201	1.00255406	1.00486147	1.00645006	0.99868298	1.00566781
0.00122860	1.01667559	1.02379620	1.00562954	1.01236951	1.00422370	1.00005960	1.00235963	0.99932742
0.00133100	1.03858244	0.98099160	0.99588245	0.98726004	1.00628459	0.99765748	0.99414873	1.00141513
0.00143340	0.98779839	1.02096808	1.00030410	1.00849164	0.97962993	1.00254190	1.00080144	0.99977994
0.00153580	0.97883654	1.00520790	0.99632078	1.00107503	0.99496949	0.99995863	1.01013315	0.99314237
0.00163820	0.98969769	0.98295122	1.00291741	0.99833608	0.99125999	1.00262141	1.00290239	1.00113201
0.00184300	0.98232442	0.99772036	0.99762523	1.00517654	1.00288785	1.00066733	1.00350702	0.99942881
0.00204780	0.99077344	0.98234385	0.99456704	0.99468577	1.00170207	1.00370467	0.99380314	0.99787575
0.00225260	0.99102193	1.01637709	0.99469590	1.01045752	1.00434792	0.99790692	1.00223708	0.99779177
0.00245740	1.01462948	0.99626529	0.99958819	0.99494648	1.00753319	0.99602586	1.00024021	0.99513543
0.00266220	1.01596665	0.99430454	0.99906546	1.01209211	0.99847788	1.00368249	0.99533576	1.00349307
0.00286700	1.00826240	0.98410851	1.00806880	0.99031073	1.00190794	1.00172436	1.00588942	0.99394119
0.00307180	1.00577712	1.00116718	1.00316894	1.00125837	0.99425334	1.00560546	1.00116861	1.00138795
0.00327660	0.97620279	1.00889766	1.00324833	0.98845214	1.00063384	0.99916941	0.99826962	1.00115430
0.00368620	1.01023626	1.00171196	1.00706291	0.99725449	0.99142629	0.99396491	1.00020468	0.99873388
0.00409580	0.99683595	0.98028237	0.99792969	0.99810767	1.00121701	0.99782586	0.99925405	1.00196588
0.00450540	0.99333012	0.99365664	1.00590312	0.99953401	0.99810994	1.00177932	0.99947762	1.00184417
0.00491500	0.99050802	0.99617016	1.00175214	0.99761879	0.99215508	0.99949735	0.99849218	1.00023949
0.00532460	0.98446077	0.98382014	0.99712753	0.99592823	1.01279640	0.99573874	1.00048959	0.99450213
0.00573420	1.01225150	1.00538599	1.00409722	0.99909711	0.99718368	0.99878532	0.99788779	1.00248742
0.00614380	1.02230895	1.00391793	1.00213695	1.00238490	0.97967440	0.99755526	0.99968368	1.00165451
0.00655340	1.01008570	0.98698533	1.00127590	1.00344718	0.99703199	0.99833834	0.99544823	1.00422323
0.00737260	0.99312264	0.99266475	0.99939382	1.00196195	0.99987644	1.00071883	1.00196576	1.00158095
0.00819180	1.00827217	0.99256682	1.00180507	1.00082767	0.99900532	0.99871713	1.00148427	0.99906915
0.00901100	0.98562574	0.98739314	0.99935699	1.00240076	0.99908650	1.00473905	1.00097001	0.99688274
0.00983020	1.00127101	0.99423152	0.99842042	0.99575078	1.00679052	1.00347555	0.99885583	1.00442100
0.01064940	0.99900848	0.99878508	1.00160122	0.99880165	1.00043201	1.00288093	0.99994123	0.99900860
0.01146860	1.01698291	0.99972761	1.00085318	1.00455177	0.99411196	1.00374818	1.00074434	0.99957329
0.01228780	1.00340915	1.00365829	0.99738550	0.99931026	1.00136435	1.00169861	0.99984455	0.99904823
0.01310700	0.98766595	0.98910588	1.00007308	0.99682468	1.00194681	1.00008607	1.00374985	0.99977815
0.01474540	0.98856866	1.00129259	1.00043523	1.00083888	0.99441916	1.00126815	0.99959487	0.99952358
0.01638380	0.99913228	0.99713486	0.99960524	1.00019240	0.99873817	0.99957550	1.00032139	0.99895823
0.01802220	0.99801660	0.99982840	0.99978131	0.99539214	0.99999452	0.99776065	0.99885094	1.00157440
0.01966060	1.00102270	1.00039101	0.99903417	0.99999416	1.00830853	1.00051296	1.00275040	0.99669087
0.02129900	0.99643606	1.00165367	0.99787688	0.99772340	0.99894774	1.00322878	1.00062847	0.99952346
0.02293740	1.00992072	1.01051867	0.99773443	0.99834478	0.99600369	0.99985391	1.00096214	0.99949932
0.02457580	1.00551844	0.99491608	1.00245893	1.00411534	0.99962366	0.99912792	1.00258756	0.99898940
0.02621420	1.00527036	0.99617213	0.99988198	0.99602008	1.00231004	1.00229955	0.99966508	1.00020826
0.02949100	1.00486362	1.00100994	1.00019705	1.00208652	1.00419724	0.99992049	1.00073159	1.00074244
0.03276780	1.00401175	1.00314271	1.00087368	1.00237560	0.99880219	1.00003386	1.00159550	1.00100040
0.03604460	1.00114679	1.00130618	0.99986476	0.99859095	1.00159740	1.00116134	0.99943936	0.99830049
0.03932140	1.00119364	1.00080478	0.99890459	0.99917656	1.00240421	1.00134885	1.00142014	1.00032079
0.04259820	0.99415749	1.00732172	0.99993056	1.00352025	0.99902731	1.00077844	1.00117028	1.00007141
0.04587500	1.00469625	0.99864095	1.00123811	0.99989134	0.99685299	1.00167716	0.99930054	0.99995446
0.04915180	0.99925637	0.99139458	0.99946839	0.99859971	0.99742621	1.00139105	0.99911070	0.99991405
0.05242860	0.99724048	1.00635874	1.00057733	1.00175059	0.99710858	1.00153112	1.00037849	0.99931628
0.05898220	0.99870539	0.99486750	1.00153446	1.00208700	0.99976981	1.00013161	1.00195658	1.00019860
0.06553581	1.00204945	1.00103498	1.00042331	1.00126946	1.00096571	1.00148320	0.99912876	0.99991393
0.07208940	0.99877429	1.00023890	0.99957269	0.99932504	0.99721020	1.00088263	1.00030470	1.00065482
0.07864300	1.00111830	1.00297546	1.00037408	0.99925983	1.00201166	1.00142324	0.99957383	1.00004971
0.08519660	0.99543083	0.99676108	1.00049114	0.99920374	1.00399792	1.00083804	1.00104427	1.00002015
0.09175020	1.00151324	1.00139296	1.00048053	0.99767435	0.99847668	1.00083506	0.99910986	0.99932820
0.09830380	1.00224340	0.99903351	0.99928391	1.00356615	1.00172830	0.99959379	1.00115836	1.00093603
0.10485740	0.99925536	1.00225377	1.00103962	1.00148702	1.00326014	1.00062108	0.99848348	0.99936771
0.11796460	1.00293124	1.00143051	1.00108337	1.00121403	1.00082231	1.00003672	0.99966472	0.99985558
0.13107181	1.00022185	0.99989516	1.00124133	1.00156450	1.00161839	1.00023782	1.00048804	0.99982494
0.14417900	0.99779636	1.00053728	1.00181174	0.99890250	1.00094891	1.00054812	1.00030959	0.99970669
0.15728620	0.99735719	1.00068355	0.99968100	1.00054646	1.00131929	1.00155592	1.00085759	1.00094557
0.17039341	1.00037229	0.99781376	1.00075662	1.00097454	1.00122583	1.00032568	1.00034261	0.99990404
0.18350060	0.99940121	1.00010252	1.00061512	0.99969780	1.00072896	1.00035155	1.00113392	1.00097620
0.19660780	1.00040174	0.99792790	1.00037575	0.99963033	1.00238597	1.00046337	1.00076663	1.00094080
0.20971501	1.00117421	1.00128520	0.99890935	0.99973387	0.99852431	1.00131094	0.99985456	0.99903643
0.23592941	1.00235868	1.00026166	1.00019324	1.00063300	1.00162172	1.00065529	1.00073969	0.99976921
0.26214382	1.00055540	1.00082910	1.00012970	1.00053620	1.00125849	1.00097001	0.99973327	1.00018859
0.28835821	0.99997365	0.99947339	0.99974996	1.00196385	0.99906498	1.00048614	1.00041127	1.00039423
0.31457260	0.99897403	0.99762666	1.00057554	1.00165069	1.00069916	1.00072420	1.00028455	0.99981105
0.34078699	1.00015020	1.00019264	1.00004041	0.99985212	1.00080931	1.00008512	1.00031519	1.00037980
0.36700141	1.00181818	0.99938083	0.99954826	1.00027192	1.00081933	1.00116611	1.00036132	1.00012684
0.39321581	1.00148857	0.99878615	0.99976236	0.99900025	0.99964130	1.00030923	0.99918687	0.99968117
0.41943020	0.99889988	0.99918866	1.00021780	1.00131404	1.00084436	1.00092137	1.00015485	1.00026333
0.47185901	1.00085044	0.99929047	0.99970210	1.00042892	1.00167096	1.00051415	0.99998528	0.99971056
0.52428782	1.00083983	1.00052202	0.99958658	1.00006437	0.99960196	1.00039744	0.99993384	0.99995130
0.57671660	0.99887222	1.00110197	0.99981725	1.00066364	1.00088727	1.00072873	0.99990171	0.99964178
0.62914538	0.99994546	1.00093281	0.99971938	1.00020850	0.99999404	1.00055623	1.00049376	1.00009251
0.68157423	0.99812460	1.00143814	1.00009263	1.00071383	1.00132799	1.00022864	1.00020313	0.99972850
0.73400301	1.00001109	0.99923152	0.99969816	0.99988037	0.99990165	1.00059891	1.00012624	0.99988765
0.78643179	0.99927086	0.99916452	0.99986780	1.00036132	1.00097442	1.00007689	1.00057733	0.99982190
0.83886063	0.99775195	1.00067079	1.00039876	0.99989122	0.99946868	1.00021565	1.00013912	0.99980444
0.94371825	0.99943995	0.99946505	1.00031555	1.00022173	0.99995381	1.00003564	1.00007594	1.00004852
1.04857588	0.99939436	0.99964952	1.00023770	1.00011480	0.99999869	1.00016546	0.99994004	1.00015843
1.15343344	1.00080442	0.99975473	0.99956763	0.99974620	1.00014937	0.99993092	0.99978811	1.00037265
1.25829101	0.99970734	1.00049376	0.99964976	0.99992967	0.99958360	0.99992788	0.99995679	1.00010216
1.36314869	0.99938279	1.00027192	0.99958104	0.99951190	0.99899125	0.99966031	1.00001228	1.00009120
1.46800625	1.00101316	0.99932939	0.99997342	1.00014186	0.99955755	0.99934286	0.99958807	0.99992859
1.57286382	1.00064421	0.99918276	0.99963892	0.99966705	0.99961096	0.99942696	1.00040674	1.00003171
1.67772150	0.99984795	0.99928051	0.99998444	0.99950719	0.99955148	0.99947566	0.99984080	0.99966037
1.88743675	1.00017929	0.99982488	1.00035846	0.99936491	0.99861443	0.99940443	0.99992990	0.99972314
2.09715199	0.99909139	0.99946827	1.00024688	0.99970412	0.99866951	0.99933904	0.99993628	0.99986213
2.30686712	0.99894792	0.99934781	0.99966794	0.99971420	0.99895769	0.99918294	0.99997222	1.00003016
2.51658225	0.99875706	0.99939764	0.99991041	0.99939090	0.99971932	0.99913859	1.00026691	1.00001061
2.72629738	1.00086319	1.00039268	0.99986225	0.99925309	0.99983311	0.99913299	1.00016141	1.00010049
2.93601274	0.99921376	0.99965668	0.99987888	0.99952877	1.00007939	0.99946058	0.99951804	1.00003624
3.14572787	1.00018203	0.99982089	0.99976850	0.99947220	1.00014400	0.99961960	0.99948710	0.99997461
3.35544300	1.00067711	1.00039327	0.99921298	0.99935317	1.00081193	0.99977738	0.99989420	1.00000143
3.77487350	1.00089478	0.99949932	1.00020266	1.00047064	1.00096881	1.00025713	0.99989027	1.00004363
4.19430399	1.00083876	0.99970496	0.99966359	0.99993718	1.00074589	1.00030088	0.99979824	0.99997652
4.61373425	1.00025141	1.00045455	1.00020683	1.00009859	0.99964422	0.99959266	1.00010669	0.99993104
5.03316450	1.00000000	1.00000000	1.00000000	1.00000000	1.00000000	1.00000000	1.00000000	1.00000000
5.45259476	0.00000000	0.00000000	0.00000000	0.00000000	0.00000000	0.00000000	0.00000000	0.00000000
5.87202549	0.00000000	0.00000000	0.00000000	0.00000000	0.00000000	0.00000000	0.00000000	0.00000000
6.29145575	0.00000000	0.00000000	0.00000000	0.00000000	0.00000000	0.00000000	0.00000000	0.00000000
6.71088600	0.00000000	0.00000000	0.00000000	0.00000000	0.00000000	0.00000000	0.00000000	0.00000000
7.54974699	0.00000000	0.00000000	0.00000000	0.00000000	0.00000000	0.00000000	0.00000000	0.00000000
8.38860798	0.00000000	0.00000000	0.00000000	0.00000000	0.00000000	0.00000000	0.00000000	0.00000000
9.22746849	0.00000000	0.00000000	0.00000000	0.00000000	0.00000000	0.00000000	0.00000000	0.00000000
10.06632900	0.00000000	0.00000000	0.00000000	0.00000000	0.00000000	0.00000000	0.00000000	0.00000000
10.90518951	0.00000000	0.00000000	0.00000000	0.00000000	0.00000000	0.00000000	0.00000000	0.00000000
11.74405098	0.00000000	0.00000000	0.00000000	0.00000000	0.00000000	0.00000000	0.00000000	0.00000000
12.58291149	0.00000000	0.00000000	0.00000000	0.00000000	0.00000000	0.00000000	0.00000000	0.00000000
13.42177200	0.00000000	0.00000000	0.00000000	0.00000000	0.00000000	0.00000000	0.00000000	0.00000000
15.09949398	0.00000000	0.00000000	0.00000000	0.00000000	0.00000000	0.00000000	0.00000000	0.00000000
16.77721596	0.00000000	0.00000000	0.00000000	0.00000000	0.00000000	0.00000000	0.00000000	0.00000000
18.45493698	0.00000000	0.00000000	0.00000000	0.00000000	0.00000000	0.00000000	0.00000000	0.00000000
20.13265800	0.00000000	0.00000000	0.00000000	0.00000000	0.00000000	0.00000000	0.00000000	0.00000000
21.81037903	0.00000000	0.00000000	0.00000000	0.00000000	0.00000000	0.00000000	0.00000000	0.00000000
23.48810196	0.00000000	0.00000000	0.00000000	0.00000000	0.00000000	0.00000000	0.00000000	0.00000000
25.16582298	0.00000000	0.00000000	0.00000000	0.00000000	0.00000000	0.00000000	0.00000000	0.00000000
26.84354401	0.00000000	0.00000000	0.00000000	0.00000000	0.00000000	0.00000000	0.00000000	0.00000000
30.19898796	0.00000000	0.00000000	0.00000000	0.00000000	0.00000000	0.00000000	0.00000000	0.00000000
33.55443192	0.00000000	0.00000000	0.00000000	0.00000000	0.00000000	0.00000000	0.00000000	0.00000000
36.90987396	0.00000000	0.00000000	0.00000000	0.00000000	0.00000000	0.00000000	0.00000000	0.00000000
40.26531601	0.00000000	0.00000000	0.00000000	0.00000000	0.00000000	0.00000000	0.00000000	0.00000000
43.62075806	0.00000000	0.00000000	0.00000000	0.00000000	0.00000000	0.00000000	0.00000000	0.00000000
46.97620392	0.00000000	0.00000000	0.00000000	0.00000000	0.00000000	0.00000000	0.00000000	0.00000000
50.33164597	0.00000000	0.00000000	0.00000000	0.00000000	0.00000000	0.00000000	0.00000000	0.00000000
53.68708801	0.00000000	0.00000000	0.00000000	0.00000000	0.00000000	0.00000000	0.00000000	0.00000000
60.39797592	0.00000000	0.00000000	0.00000000	0.00000000	0.00000000	0.00000000	0.00000000	0.00000000
67.10886383	0.00000000	0.00000000	0.00000000	0.00000000	0.00000000	0.00000000	0.00000000	0.00000000
73.81974792	0.00000000	0.00000000	0.00000000	0.00000000	0.00000000	0.00000000	0.00000000	0.00000000
80.53063202	0.00000000	0.00000000	0.00000000	0.00000000	0.00000000	0.00000000	0.00000000	0.00000000
87.24151611	0.00000000	0.00000000	0.00000000	0.00000000	0.00000000	0.00000000	0.00000000	0.00000000
93.95240784	0.00000000	0.00000000	0.00000000	0.00000000	0.00000000	0.00000000	0.00000000	0.00000000
100.66329193	0.00000000	0.00000000	0.00000000	0.00000000	0.00000000	0.00000000	0.00000000	0.00000000
107.37417603	0.00000000	0.00000000	0.00000000	0.00000000	0.00000000	0.00000000	0.00000000	0.00000000
120.79595184	0.00000000	0.00000000	0.00000000	0.00000000	0.00000000	0.00000000	0.00000000	0.00000000
134.21772766	0.00000000	0.00000000	0.00000000	0.00000000	0.00000000	0.00000000	0.00000000	0.00000000
147.63949585	0.00000000	0.00000000	0.00000000	0.00000000	0.00000000	0.00000000	0.00000000	0.00000000
161.06126404	0.00000000	0.00000000	0.00000000	0.00000000	0.00000000	0.00000000	0.00000000	0.00000000
174.48303223	0.00000000	0.00000000	0.00000000	0.00000000	0.00000000	0.00000000	0.00000000	0.00000000
187.90481567	0.00000000	0.00000000	0.00000000	0.00000000	0.00000000	0.00000000	0.00000000	0.00000000
201.32658386	0.00000000	0.00000000	0.00000000	0.00000000	0.00000000	0.00000000	0.00000000	0.00000000
214.74835205	0.00000000	0.00000000	0.00000000	0.00000000	0.00000000	0.00000000	0.00000000	0.00000000
241.59190369	0.00000000	0.00000000	0.00000000	0.00000000	0.00000000	0.00000000	0.00000000	0.00000000
268.43545532	0.00000000	0.00000000	0.00000000	0.00000000	0.00000000	0.00000000	0.00000000	0.00000000
295.27899170	0.00000000	0.00000000	0.00000000	0.00000000	0.00000000	0.00000000	0.00000000	0.00000000
322.12252808	0.00000000	0.00000000	0.00000000	0.00000000	0.00000000	0.00000000	0.00000000	0.00000000
348.96606445	0.00000000	0.00000000	0.00000000	0.00000000	0.00000000	0.00000000	0.00000000	0.00000000
375.80963135	0.00000000	0.00000000	0.00000000	0.00000000	0.00000000	0.00000000	0.00000000	0.00000000
402.65316772	0.00000000	0.00000000	0.00000000	0.00000000	0.00000000	0.00000000	0.00000000	0.00000000
429.49670410	0.00000000	0.00000000	0.00000000	0.00000000	0.00000000	0.00000000	0.00000000	0.00000000
483.18380737	0.00000000	0.00000000	0.00000000	0.00000000	0.00000000	0.00000000	0.00000000	0.00000000
536.87091064	0.00000000	0.00000000	0.00000000	0.00000000	0.00000000	0.00000000	0.00000000	0.00000000
590.55798340	0.00000000	0.00000000	0.00000000	0.00000000	0.00000000	0.00000000	0.00000000	0.00000000
644.24505615	0.00000000	0.00000000	0.00000000	0.00000000	0.00000000	0.00000000	0.00000000	0.00000000
697.93212891	0.00000000	0.00000000	0.00000000	0.00000000	0.00000000	0.00000000	0.00000000	0.00000000
751.61926270	0.00000000	0.00000000	0.00000000	0.00000000	0.00000000	0.00000000	0.00000000	0.00000000
805.30633545	0.00000000	0.00000000	0.00000000	0.00000000	0.00000000	0.00000000	0.00000000	0.00000000
858.99340820	0.00000000	0.00000000	0.00000000	0.00000000	0.00000000	0.00000000	0.00000000	0.00000000
966.36761475	0.00000000	0.00000000	0.00000000	0.00000000	0.00000000	0.00000000	0.00000000	0.00000000
1073.74182129	0.00000000	0.00000000	0.00000000	0.00000000	0.00000000	0.00000000	0.00000000	0.00000000
1181.11596680	0.00000000	0.00000000	0.00000000	0.00000000	0.00000000	0.00000000	0.00000000	0.00000000
1288.49011230	0.00000000	0.00000000	0.00000000	0.00000000	0.00000000	0.00000000	0.00000000	0.00000000
1395.86425781	0.00000000	0.00000000	0.00000000	0.00000000	0.00000000	0.00000000	0.00000000	0.00000000
1503.23852539	0.00000000	0.00000000	0.00000000	0.00000000	0.00000000	0.00000000	0.00000000	0.00000000
1610.61267090	0.00000000	0.00000000	0.00000000	0.00000000	0.00000000	0.00000000	0.00000000	0.00000000
1717.98681641	0.00000000	0.00000000	0.00000000	0.00000000	0.00000000	0.00000000	0.00000000	0.00000000
1932.73522949	0.00000000	0.00000000	0.00000000	0.00000000	0.00000000	0.00000000	0.00000000	0.00000000
2147.48364258	0.00000000	0.00000000	0.00000000	0.00000000	0.00000000	0.00000000	0.00000000	0.00000000
2362.23193359	0.00000000	0.00000000	0.00000000	0.00000000	0.00000000	0.00000000	0.00000000	0.00000000
2576.98022461	0.00000000	0.00000000	0.00000000	0.00000000	0.00000000	0.00000000	0.00000000	0.00000000
2791.72851562	0.00000000	0.00000000	0.00000000	0.00000000	0.00000000	0.00000000	0.00000000	0.00000000
3006.47705078	0.00000000	0.00000000	0.00000000	0.00000000	0.00000000	0.00000000	0.00000000	0.00000000
3221.22534180	0.00000000	0.00000000	0.00000000	0.00000000	0.00000000	0.00000000	0.00000000	0.00000000
3435.97363281	0.00000000	0.00000000	0.00000000	0.00000000	0.00000000	0.00000000	0.00000000	0.00000000
0	0	0	0	0	0	0	0	0
