%1/16/2015 8:06:50 AM
%Duration	ID1		ID2		ID3		ID4		ID5		ID6		ID7		ID8
3000.000000	2.574921	3.213882	9.784698	5.102158	3.747940	16.918182	18.320084	15.163422
%Tau		Tau1		Tau2		Tau3		Tau4		Tau5		Tau6		Tau7		Tau8
%		0.000001	0.000002	0.000004	0.000009	0.000002	0.000032	0.000035	0.000019
%Delaytime	D1		D2		D3		D4		D5		D6		D7		D8
0.00000000	6.04222727	22.56764030	7.95434713	13.47470760	13.68881130	2.80129576	3.70649719	5.21771336
0.00000020	3.29576039	3.54634333	2.19302082	1.71736467	3.04195809	1.53729653	1.68572330	1.89243495
0.00000040	1.64788020	2.25676394	2.00717163	1.18894482	2.28146839	1.54868388	1.40302432	1.48691320
0.00000060	0.00000000	1.93436909	1.85849237	1.58525968	2.28146839	1.56007123	1.37161338	1.56801748
0.00000080	1.64788020	1.93436909	1.56113350	1.45315468	0.76048952	1.48035955	1.59149027	1.55450010
0.00000100	3.84505367	2.57915878	1.26377475	1.84946966	0.25349650	1.68533242	1.27738035	1.32470441
0.00000120	3.29576039	1.28957939	1.00358582	1.58525968	1.01398599	1.56007123	1.47631669	1.24360013
0.00000140	1.09858680	1.61197424	1.70981288	0.92473483	0.25349650	1.34371102	1.61243093	1.55450010
0.00000160	0.54929340	1.28957939	1.48679388	1.45315468	1.26748252	1.41203535	1.51819801	1.23008275
0.00000180	1.09858680	2.57915878	1.37528431	0.79262984	0.25349650	1.51452172	1.22502875	1.66263926
0.00000200	0.00000000	2.25676394	1.74698281	1.18894482	1.52097905	1.36648571	1.50772762	1.56801748
0.00000220	0.54929340	1.93436909	1.00358582	1.18894482	1.77447546	1.66255772	1.30879140	1.66263926
0.00000240	0.54929340	0.64478970	1.11509538	1.32104981	1.77447546	1.34371102	1.44490564	1.33822179
0.00000260	0.00000000	1.93436909	1.41245413	1.71736467	0.50699300	1.28677416	1.49725735	1.63560450
0.00000280	1.09858680	1.28957939	1.41245413	1.32104981	2.02797198	1.29816151	1.57054961	1.55450010
0.00000300	1.09858680	0.64478970	1.44962406	1.58525968	1.26748252	1.32093620	1.39255404	1.39229143
0.00000340	0.27464670	0.64478970	1.28235972	0.99078733	1.26748252	1.41772902	1.57054961	1.41932619
0.00000380	1.64788020	1.77317166	1.37528431	0.85868233	1.14073420	1.42342269	1.47631669	1.29766965
0.00000420	1.64788020	1.12838197	1.20801997	1.51920724	0.76048952	1.44050372	1.57578480	1.54774141
0.00000460	1.09858680	1.12838197	1.41245413	1.25499725	2.28146839	1.33801734	1.47108150	1.49367189
0.00000500	1.92252684	1.77317166	1.50537872	1.51920724	1.90122378	1.49174702	1.44490564	1.63560450
0.00000540	1.37323344	0.96718454	1.41245413	1.71736467	0.63374126	1.33801734	1.40302432	1.49367189
0.00000580	0.82394010	0.96718454	1.35669935	1.38710225	1.01398599	1.50882804	1.43443537	1.38553274
0.00000620	0.82394010	1.12838197	1.69122803	1.58525968	1.39423072	1.57145858	1.35590780	1.35849798
0.00000700	0.82394010	1.20898068	1.36599183	1.38710225	1.39423072	1.44335055	1.51819801	1.43284357
0.00000780	2.05985022	1.04778326	1.44962406	1.28802347	1.26748252	1.38072002	1.52605069	1.52408600
0.00000860	0.82394010	1.53137553	1.33811450	0.92473483	0.82386363	1.38356686	1.44228804	1.39905012
0.00000940	0.54929340	1.45077682	1.52396369	1.32104981	0.95061189	1.45189118	1.39255404	1.38215339
0.00001020	1.23591018	1.12838197	1.44033158	1.15591860	1.71110141	1.36933267	1.32187927	1.27739358
0.00001100	1.37323344	1.69257295	1.33811450	1.12289226	1.20410836	1.35225153	1.34543753	1.40242946
0.00001180	1.37323344	1.12838197	0.94783109	1.81644344	1.33085668	1.46327853	1.40564191	1.43622291
0.00001260	1.23591018	1.04778326	1.31023705	1.22197104	1.26748252	1.35794520	1.33758473	1.50043058
0.00001420	1.44189513	1.41047752	1.41245413	1.45315468	1.17242134	1.37360287	1.33627594	1.36863601
0.00001580	1.51055682	1.00748396	1.35669935	1.22197104	1.29916954	1.36506236	1.36376059	1.27908325
0.00001740	1.02992511	0.72538841	1.25912857	1.38710225	1.33085668	1.37217951	1.39778912	1.41594684
0.00001900	1.30457187	1.45077682	1.18478882	1.40361536	0.98229897	1.33374703	1.36637819	1.37539470
0.00002060	1.23591018	1.32987881	1.26842105	1.45315468	1.29916954	1.34940469	1.39124525	1.38046372
0.00002220	1.16724849	1.49107623	1.22195876	1.15591860	1.10904717	1.43481004	1.34805512	1.30442834
0.00002380	0.75527841	1.45077682	1.27771342	1.32104981	1.14073420	1.32805336	1.31664407	1.21149623
0.00002540	0.89260179	1.00748396	1.30094457	1.40361536	1.07736015	1.33090019	1.24596941	1.33822179
0.00002860	0.93535745	0.88547206	1.35184562	1.39134276	1.17701030	1.23430133	1.26755488	1.27681983
0.00003180	1.21250045	1.26783502	1.21224022	1.27608359	0.98614371	1.27256334	1.26296210	1.29025126
0.00003500	1.10857189	1.40870547	1.19362617	1.09496212	1.03386033	1.23217571	1.19834554	1.28101718
0.00003820	0.79678601	1.20746183	1.27738941	1.25961804	1.03386033	1.23713553	1.21270478	1.27514100
0.00004140	1.42035770	1.08671570	1.18199241	1.25961804	1.14519918	1.21800458	1.23815978	1.23484683
0.00004460	1.03928614	1.26783502	1.17966557	1.07026362	1.35197127	1.23430133	1.15853119	1.26087010
0.00004780	0.93535745	1.26783502	1.19595289	1.09496212	1.09748256	1.22225595	1.24142325	1.21050251
0.00005100	1.10857189	1.06659126	1.15639806	1.00440133	1.24063241	1.14360642	1.18007004	1.19287384
0.00005740	1.34810662	1.05542362	1.12883866	1.29727376	1.22290456	1.13607442	1.18642163	1.18893075
0.00006380	1.03700507	1.08557856	1.16258752	1.08723903	1.23084545	1.17857087	1.13683009	1.12637758
0.00007020	1.07157195	1.13583684	1.09858119	1.10371232	1.11967230	1.07407916	1.09410930	1.12050009
0.00007660	0.74318695	0.97501034	1.05552232	1.17372394	1.08790863	1.12790704	1.10878444	1.12553787
0.00008300	1.26168954	1.03532028	1.13698494	1.37140369	1.00849926	1.14207232	1.07812977	1.14277494
0.00008940	1.19239223	1.01521695	1.09043491	1.00075412	0.95291263	1.12401164	1.11954606	1.10837269
0.00009580	1.03686273	0.96495873	1.05319488	0.98839909	1.01644015	1.08293235	1.08139086	1.05589294
0.00010220	0.98501962	1.12578511	1.13814867	1.08723903	1.20702267	1.08647370	1.08204317	1.09409821
0.00011500	1.05082428	1.04515314	1.10258520	1.07416427	1.14349520	1.03906047	1.07749248	1.07092285
0.00012780	0.97330445	1.13559902	1.08400548	0.95481265	1.07202673	1.05057609	1.04728544	1.02350354
0.00014060	1.15418398	0.99993014	1.04278195	1.00214171	1.00452876	1.03197396	1.05120420	1.04070878
0.00015340	1.06805086	0.88938510	1.05961978	1.07622206	0.98467642	1.03518319	1.01252568	1.02413297
0.00016620	0.87006390	1.00997972	1.05265236	1.03095067	1.11570191	1.04793918	1.03146660	1.04238737
0.00017900	0.83560592	1.05017793	1.05845857	1.02271962	0.93306029	1.02809656	0.97758281	1.01932895
0.00019180	0.97343779	1.08032656	1.02652478	1.00419950	0.99261731	0.99638379	1.01513815	1.03065944
0.00020460	0.92175084	1.03007877	0.99110734	0.99185276	0.94894218	1.02012408	1.02752841	1.03170860
0.00023020	0.97059304	1.07781410	1.03647828	0.98511231	1.01075470	0.99949300	1.01085389	1.00571966
0.00025580	1.12157416	1.05771506	1.00103807	1.02937543	0.99881667	0.99472690	0.99820703	1.00729394
0.00028140	1.05686796	0.99490535	0.99987614	1.04790425	1.00478566	1.00600207	1.01124287	1.00089204
0.00030700	1.03961301	1.07781410	0.98331803	0.94084918	1.02468240	1.00768590	0.99127162	1.01697087
0.00033260	0.97922051	1.09540081	1.02602053	1.00467050	0.97891992	1.00511575	1.00905883	0.99377680
0.00035820	1.00078928	1.04264069	1.01236737	1.01496422	1.02269280	1.02736104	0.99353749	1.00616097
0.00038380	0.90169674	0.99239302	1.00597644	1.00364113	0.98488897	1.01530790	0.97811675	1.01508176
0.00040940	1.04838431	0.99741775	1.02195358	1.00569987	1.10029006	0.99065018	0.99812543	0.99856180
0.00046060	1.04622710	0.97073287	0.99699330	0.97731739	1.02621114	1.00373316	0.99547470	0.99684173
0.00051180	1.03759837	1.00589526	1.00644004	1.00451207	0.95746493	0.99189430	1.01178563	0.99253863
0.00056300	1.00739801	1.00589526	0.99426734	0.98085231	0.98934722	0.99293900	0.99614990	0.99054456
0.00061420	1.00092649	0.91547769	0.99601138	0.99590164	1.01335335	0.98528761	1.00239599	0.99358815
0.00066540	1.03112686	0.97575611	1.00033593	0.93880194	1.01136053	0.98662335	0.99700725	0.99133170
0.00071660	1.01414776	1.00338364	1.00905609	0.96915221	1.03726733	0.98740208	1.00690854	1.01314020
0.00076780	1.03356755	0.98580247	1.01283479	0.97275311	1.01634264	0.99077171	1.00956202	0.99188769
0.00081900	0.92567950	0.98203510	1.01893878	0.96606576	1.00248623	0.99194932	0.99443859	1.00290751
0.00092140	1.03759849	1.03443086	0.99634272	0.99847835	0.96824396	0.99651408	0.99959487	1.00248909
0.00102380	0.96641189	1.02184653	0.99205601	0.95327973	0.99713194	1.00075483	0.99206239	1.00827539
0.00112620	1.02357686	0.96773392	1.01214528	0.99847835	1.02701604	0.99671650	0.99365300	1.00811779
0.00122860	0.98582637	0.99154025	0.99252725	1.00130320	0.97969955	0.99426001	0.99643081	1.01796448
0.00133100	0.98690498	0.99154025	1.00001121	0.99077404	0.98268795	0.99124068	0.99820834	1.00672615
0.00143340	1.03206396	0.97004759	1.00059247	1.01421165	1.01954496	0.99457079	0.99945354	1.00538707
0.00153580	1.02020121	1.01974523	0.99866778	0.99905884	0.96973819	0.99792057	1.01972234	1.00280893
0.00163820	1.05578959	1.02414882	1.00804055	0.99546325	1.01556039	0.99037486	0.99834496	1.00632286
0.00184300	1.02439713	1.02488518	1.00808430	1.01010919	0.99813336	0.99817502	1.00029278	1.00323141
0.00204780	0.99850398	1.02268314	0.99915367	1.00484347	0.98022962	1.00432205	1.00014055	1.00191820
0.00225260	0.94078386	1.00349414	0.99356270	0.97896338	0.99291140	0.99501342	1.00517380	1.01155305
0.00245740	1.00875330	1.01041472	0.99516189	0.99623370	1.00226724	0.99097246	0.99292213	1.00973535
0.00266220	0.97854465	0.98912728	0.98394442	1.00322938	0.97168458	0.99911714	0.99553841	1.00083697
0.00286700	1.00443780	1.00643075	0.98362029	1.02852511	0.96612453	0.99304342	0.99588728	1.00296497
0.00307180	1.04543531	1.03065550	1.00151479	0.99359894	0.98669481	1.00834656	1.00169539	1.00183177
0.00327660	0.97476858	0.98671383	1.00525236	1.00425661	1.00186324	0.99555022	1.00050914	1.00193346
0.00368620	1.00187802	1.00832283	1.00592196	0.98349625	1.00500083	1.00069594	0.99684650	0.99854076
0.00409580	1.02036142	1.00260401	1.00249374	0.99886483	1.00046480	0.99884909	0.99918061	1.00180328
0.00450540	0.97476625	0.99667495	1.00724781	0.99661160	0.99524432	0.99480593	1.00228477	1.00455999
0.00491500	0.95547217	1.00727284	1.00286055	1.00992620	1.01314306	1.00098526	1.00069809	1.00116038
0.00532460	1.00890589	0.99494356	1.00015926	0.97899055	0.98822397	0.99285942	1.00188947	0.99708867
0.00573420	0.98758334	1.02296126	0.99046522	0.98123693	0.99564880	1.00231719	0.99866456	1.00182652
0.00614380	1.02794027	0.99273992	1.00529134	0.99589473	0.99303877	0.99612808	1.00034642	1.00188053
0.00655340	0.98704457	1.01246655	1.00588906	1.00058508	1.00232923	0.99644500	1.00192928	0.99934489
0.00737260	1.02538812	0.98651779	0.99981481	1.00154269	1.00328970	1.00447261	0.99940914	1.00192809
0.00819180	1.00237715	1.00606859	0.99997586	1.00244951	1.00294852	1.00037897	0.99879897	0.99784327
0.00901100	1.00722277	0.98987794	0.98905283	1.00330734	0.99518871	0.99822479	0.99904710	1.00093389
0.00983020	1.02122140	0.97403228	0.99925280	0.99922264	1.01148343	0.99879199	0.99972457	0.99794376
0.01064940	0.99066567	0.99313337	1.00038171	1.00189674	0.99484777	0.99981940	1.00240803	1.00018179
0.01146860	1.02151215	0.99232107	0.99676824	1.00608110	0.98947740	1.00153089	1.00014460	1.00127435
0.01228780	1.00764763	1.00929177	0.99865603	1.00041091	1.00301123	0.99634176	0.99878711	1.00420845
0.01310700	1.00643528	0.99001396	1.00064242	0.99983156	0.99391431	1.00166154	1.00098586	0.99527156
0.01474540	1.00361741	0.99060476	0.99634963	0.99904937	0.99888456	0.99980760	1.00099576	1.00339639
0.01638380	0.99448270	0.99472654	1.00379360	0.99648350	1.00099242	0.99895209	0.99861437	0.99930519
0.01802220	1.00625503	0.99187279	0.99813932	0.99908757	1.01100957	0.99776536	0.99972284	1.00271344
0.01966060	1.01034367	1.00490332	1.00093615	1.00495207	0.99299294	0.99982607	0.99937165	0.99984187
0.02129900	1.00705457	0.99829763	1.00169194	1.00216055	1.00486946	1.00179279	1.00019383	1.00101399
0.02293740	0.99629897	1.00927460	1.00577438	1.00131249	0.99454331	0.99760640	1.00004160	0.99668920
0.02457580	1.00135875	1.00689733	0.99795955	0.99771637	1.01169407	1.00041509	0.99897707	0.99944502
0.02621420	1.00572753	1.00383914	0.99821717	0.99858701	1.00195491	1.00262988	1.00176156	0.99963093
0.02949100	0.98531413	0.99938166	1.00047541	1.00220394	0.99868304	1.00101757	0.99974841	0.99967027
0.03276780	0.99731129	1.00711894	0.99832666	0.99640316	0.99990785	1.00001764	1.00211132	0.99879169
0.03604460	0.99843484	1.00372565	1.00016844	0.99967259	1.00358307	1.00037253	1.00161552	0.99966115
0.03932140	0.99406391	1.00367391	0.99927831	1.00800836	0.99793905	1.00000942	0.99912494	1.00174892
0.04259820	0.99706912	0.99623275	0.99974990	1.00119507	0.99646598	0.99845475	1.00207102	1.00166261
0.04587500	1.00066578	1.00451267	0.99773735	1.00600362	0.99964416	1.00025153	0.99898839	0.99929971
0.04915180	1.00553560	0.99290586	1.00062680	0.99984646	0.99702394	1.00075042	0.99834758	1.00108099
0.05242860	0.99873269	1.01182067	0.99794960	1.00195384	0.99972200	0.99979180	1.00089014	1.00070119
0.05898220	0.99838519	0.99820095	1.00319660	0.99998873	1.00214934	1.00130248	1.00064397	1.00182366
0.06553581	1.01198769	1.00411534	1.00002694	1.00091243	1.00185633	0.99865746	1.00016928	1.00048852
0.07208940	1.00283396	0.99892157	1.00250876	1.00074768	0.99447864	0.99924588	1.00017965	1.00082159
0.07864300	1.00493014	1.00002432	1.00033677	1.00201106	0.99864066	0.99990273	1.00006723	0.99905467
0.08519660	1.00759685	0.99673271	1.00014853	0.99937665	1.00076115	1.00072110	0.99959397	0.99964476
0.09175020	1.00175583	0.99839354	0.99868602	0.99927896	1.00542867	1.00032055	0.99936843	1.00061059
0.09830380	0.99884766	1.00496507	0.99991196	0.99925232	0.99781924	0.99928880	0.99897242	0.99973929
0.10485740	0.99048030	1.00306201	0.99995863	0.99826229	1.00210249	0.99903637	1.00023687	1.00028765
0.11796460	1.00112975	0.99751860	1.00061381	0.99794579	1.00410926	0.99952203	1.00056803	1.00127351
0.13107181	0.99810123	1.00142658	1.00026405	0.99939692	0.99859917	0.99897802	1.00023985	1.00147343
0.14417900	1.00115943	1.00203347	0.99915034	1.00134182	1.00200903	0.99970299	1.00040042	0.99963945
0.15728620	1.00245488	0.99574268	0.99975008	0.99903470	0.99909842	1.00017142	0.99993283	1.00016451
0.17039341	0.99611670	1.00123918	0.99961895	0.99981970	1.00066578	1.00000429	1.00040877	1.00153399
0.18350060	0.99682111	0.99935162	0.99943596	0.99991006	0.99895245	1.00043857	0.99960977	1.00114727
0.19660780	0.99990350	0.99869066	1.00106573	0.99848700	1.00202405	1.00015521	0.99912733	0.99977314
0.20971501	1.00052047	1.00020158	1.00216711	1.00059068	0.99739039	0.99931914	1.00003302	1.00127554
0.23592941	1.00175369	1.00231791	1.00049853	1.00161910	0.99987143	1.00029969	0.99999684	1.00046241
0.26214382	1.00096071	1.00151944	1.00086665	1.00017369	1.00049663	0.99995679	1.00052762	0.99997562
0.28835821	1.00001705	1.00027013	1.00083268	1.00124681	1.00047755	1.00003326	1.00014770	1.00061476
0.31457260	0.99776918	0.99744570	1.00069523	0.99938959	0.99758184	1.00070369	0.99975348	0.99996507
0.34078699	1.00319362	0.99915689	1.00010741	1.00130749	1.00061035	1.00020289	0.99989450	1.00032163
0.36700141	0.99524182	0.99975860	1.00022411	1.00055242	1.00023341	1.00047326	0.99942499	1.00072873
0.39321581	0.99935728	0.99624997	0.99912632	0.99919087	1.00197017	0.99978465	0.99972916	1.00064731
0.41943020	0.99931550	0.99902231	1.00008428	1.00114274	0.99958283	1.00031841	1.00005972	0.99912441
0.47185901	0.99899364	1.00127363	0.99996424	0.99966705	0.99987072	0.99991435	1.00004685	1.00031435
0.52428782	1.00251925	0.99864304	1.00052226	0.99994719	0.99969369	1.00013375	1.00003076	0.99987584
0.57671660	0.99993294	0.99696344	0.99990213	1.00050735	1.00135934	0.99970430	0.99950784	1.00015211
0.62914538	0.99918956	0.99523830	0.99998897	1.00052691	0.99823231	0.99979275	1.00017047	1.00029004
0.68157423	0.99704957	0.99845701	0.99966842	0.99918252	0.99935448	0.99972695	0.99959612	0.99941558
0.73400301	0.99726552	1.00126362	0.99978375	0.99875337	0.99917179	1.00003266	0.99985951	1.00031126
0.78643179	1.00443077	0.99954730	1.00002265	1.00059283	1.00066590	1.00018227	1.00005484	1.00028205
0.83886063	1.00102508	0.99967140	0.99919009	1.00044572	0.99941027	1.00022793	0.99956101	0.99992347
0.94371825	1.00046349	0.99949425	1.00008976	0.99988836	1.00098217	0.99928391	1.00022316	1.00003219
1.04857588	1.00009251	1.00024545	1.00032127	0.99977046	0.99920905	0.99992722	1.00015581	1.00005007
1.15343344	0.99851751	1.00189674	0.99996251	1.00013208	0.99861300	1.00034845	0.99982977	0.99986053
1.25829101	0.99752128	1.00148523	1.00053144	1.00074840	0.99824548	0.99959499	0.99994981	0.99946046
1.36314869	0.99887556	1.00083458	1.00025880	0.99999690	0.99904090	1.00022364	1.00003123	0.99927521
1.46800625	0.99554300	1.00088215	1.00040543	0.99979210	1.00020337	0.99996704	0.99989712	0.99981189
1.57286382	1.00155330	1.00056696	1.00059664	1.00075912	1.00061655	1.00029910	0.99955904	0.99941158
1.67772150	0.99994522	0.99998963	1.00015795	1.00007963	1.00025082	0.99994904	0.99925303	0.99989879
1.88743675	1.00093865	0.99798942	0.99971968	0.99990600	1.00087535	1.00000823	1.00004518	1.00020683
2.09715199	0.99883258	0.99959606	1.00034571	0.99955338	1.00088608	0.99985480	0.99978721	0.99986887
2.30686712	0.99857581	1.00108635	0.99993736	1.00011814	1.00084138	0.99995291	1.00039244	0.99992383
2.51658225	1.00124812	1.00066590	0.99954325	0.99951297	1.00049329	0.99992532	1.00008166	1.00045395
2.72629738	1.00328910	1.00025427	1.00004947	1.00052881	0.99951214	1.00009477	1.00020945	1.00058722
2.93601274	1.00173795	0.99999303	0.99974120	0.99957144	1.00014913	1.00030971	1.00006795	1.00037515
3.14572787	0.99824113	0.99940902	1.00055909	0.99998868	0.99927342	1.00006366	0.99994469	0.99966758
3.35544300	1.00131214	0.99862140	1.00068820	0.99871135	1.00001562	1.00005186	1.00085640	1.00019324
3.77487350	1.00106823	1.00093925	0.99956572	0.99964482	1.00034499	0.99998218	1.00008309	1.00023448
4.19430399	0.99911469	0.99978518	1.00002789	1.00032568	1.00048959	0.99988049	1.00012279	1.00003052
4.61373425	1.00065780	0.99956512	1.00027299	1.00143802	0.99999326	0.99995756	0.99961114	0.99990046
5.03316450	1.00000000	1.00000000	1.00000000	1.00000000	1.00000000	1.00000000	1.00000000	1.00000000
5.45259476	0.00000000	0.00000000	0.00000000	0.00000000	0.00000000	0.00000000	0.00000000	0.00000000
5.87202549	0.00000000	0.00000000	0.00000000	0.00000000	0.00000000	0.00000000	0.00000000	0.00000000
6.29145575	0.00000000	0.00000000	0.00000000	0.00000000	0.00000000	0.00000000	0.00000000	0.00000000
6.71088600	0.00000000	0.00000000	0.00000000	0.00000000	0.00000000	0.00000000	0.00000000	0.00000000
7.54974699	0.00000000	0.00000000	0.00000000	0.00000000	0.00000000	0.00000000	0.00000000	0.00000000
8.38860798	0.00000000	0.00000000	0.00000000	0.00000000	0.00000000	0.00000000	0.00000000	0.00000000
9.22746849	0.00000000	0.00000000	0.00000000	0.00000000	0.00000000	0.00000000	0.00000000	0.00000000
10.06632900	0.00000000	0.00000000	0.00000000	0.00000000	0.00000000	0.00000000	0.00000000	0.00000000
10.90518951	0.00000000	0.00000000	0.00000000	0.00000000	0.00000000	0.00000000	0.00000000	0.00000000
11.74405098	0.00000000	0.00000000	0.00000000	0.00000000	0.00000000	0.00000000	0.00000000	0.00000000
12.58291149	0.00000000	0.00000000	0.00000000	0.00000000	0.00000000	0.00000000	0.00000000	0.00000000
13.42177200	0.00000000	0.00000000	0.00000000	0.00000000	0.00000000	0.00000000	0.00000000	0.00000000
15.09949398	0.00000000	0.00000000	0.00000000	0.00000000	0.00000000	0.00000000	0.00000000	0.00000000
16.77721596	0.00000000	0.00000000	0.00000000	0.00000000	0.00000000	0.00000000	0.00000000	0.00000000
18.45493698	0.00000000	0.00000000	0.00000000	0.00000000	0.00000000	0.00000000	0.00000000	0.00000000
20.13265800	0.00000000	0.00000000	0.00000000	0.00000000	0.00000000	0.00000000	0.00000000	0.00000000
21.81037903	0.00000000	0.00000000	0.00000000	0.00000000	0.00000000	0.00000000	0.00000000	0.00000000
23.48810196	0.00000000	0.00000000	0.00000000	0.00000000	0.00000000	0.00000000	0.00000000	0.00000000
25.16582298	0.00000000	0.00000000	0.00000000	0.00000000	0.00000000	0.00000000	0.00000000	0.00000000
26.84354401	0.00000000	0.00000000	0.00000000	0.00000000	0.00000000	0.00000000	0.00000000	0.00000000
30.19898796	0.00000000	0.00000000	0.00000000	0.00000000	0.00000000	0.00000000	0.00000000	0.00000000
33.55443192	0.00000000	0.00000000	0.00000000	0.00000000	0.00000000	0.00000000	0.00000000	0.00000000
36.90987396	0.00000000	0.00000000	0.00000000	0.00000000	0.00000000	0.00000000	0.00000000	0.00000000
40.26531601	0.00000000	0.00000000	0.00000000	0.00000000	0.00000000	0.00000000	0.00000000	0.00000000
43.62075806	0.00000000	0.00000000	0.00000000	0.00000000	0.00000000	0.00000000	0.00000000	0.00000000
46.97620392	0.00000000	0.00000000	0.00000000	0.00000000	0.00000000	0.00000000	0.00000000	0.00000000
50.33164597	0.00000000	0.00000000	0.00000000	0.00000000	0.00000000	0.00000000	0.00000000	0.00000000
53.68708801	0.00000000	0.00000000	0.00000000	0.00000000	0.00000000	0.00000000	0.00000000	0.00000000
60.39797592	0.00000000	0.00000000	0.00000000	0.00000000	0.00000000	0.00000000	0.00000000	0.00000000
67.10886383	0.00000000	0.00000000	0.00000000	0.00000000	0.00000000	0.00000000	0.00000000	0.00000000
73.81974792	0.00000000	0.00000000	0.00000000	0.00000000	0.00000000	0.00000000	0.00000000	0.00000000
80.53063202	0.00000000	0.00000000	0.00000000	0.00000000	0.00000000	0.00000000	0.00000000	0.00000000
87.24151611	0.00000000	0.00000000	0.00000000	0.00000000	0.00000000	0.00000000	0.00000000	0.00000000
93.95240784	0.00000000	0.00000000	0.00000000	0.00000000	0.00000000	0.00000000	0.00000000	0.00000000
100.66329193	0.00000000	0.00000000	0.00000000	0.00000000	0.00000000	0.00000000	0.00000000	0.00000000
107.37417603	0.00000000	0.00000000	0.00000000	0.00000000	0.00000000	0.00000000	0.00000000	0.00000000
120.79595184	0.00000000	0.00000000	0.00000000	0.00000000	0.00000000	0.00000000	0.00000000	0.00000000
134.21772766	0.00000000	0.00000000	0.00000000	0.00000000	0.00000000	0.00000000	0.00000000	0.00000000
147.63949585	0.00000000	0.00000000	0.00000000	0.00000000	0.00000000	0.00000000	0.00000000	0.00000000
161.06126404	0.00000000	0.00000000	0.00000000	0.00000000	0.00000000	0.00000000	0.00000000	0.00000000
174.48303223	0.00000000	0.00000000	0.00000000	0.00000000	0.00000000	0.00000000	0.00000000	0.00000000
187.90481567	0.00000000	0.00000000	0.00000000	0.00000000	0.00000000	0.00000000	0.00000000	0.00000000
201.32658386	0.00000000	0.00000000	0.00000000	0.00000000	0.00000000	0.00000000	0.00000000	0.00000000
214.74835205	0.00000000	0.00000000	0.00000000	0.00000000	0.00000000	0.00000000	0.00000000	0.00000000
241.59190369	0.00000000	0.00000000	0.00000000	0.00000000	0.00000000	0.00000000	0.00000000	0.00000000
268.43545532	0.00000000	0.00000000	0.00000000	0.00000000	0.00000000	0.00000000	0.00000000	0.00000000
295.27899170	0.00000000	0.00000000	0.00000000	0.00000000	0.00000000	0.00000000	0.00000000	0.00000000
322.12252808	0.00000000	0.00000000	0.00000000	0.00000000	0.00000000	0.00000000	0.00000000	0.00000000
348.96606445	0.00000000	0.00000000	0.00000000	0.00000000	0.00000000	0.00000000	0.00000000	0.00000000
375.80963135	0.00000000	0.00000000	0.00000000	0.00000000	0.00000000	0.00000000	0.00000000	0.00000000
402.65316772	0.00000000	0.00000000	0.00000000	0.00000000	0.00000000	0.00000000	0.00000000	0.00000000
429.49670410	0.00000000	0.00000000	0.00000000	0.00000000	0.00000000	0.00000000	0.00000000	0.00000000
483.18380737	0.00000000	0.00000000	0.00000000	0.00000000	0.00000000	0.00000000	0.00000000	0.00000000
536.87091064	0.00000000	0.00000000	0.00000000	0.00000000	0.00000000	0.00000000	0.00000000	0.00000000
590.55798340	0.00000000	0.00000000	0.00000000	0.00000000	0.00000000	0.00000000	0.00000000	0.00000000
644.24505615	0.00000000	0.00000000	0.00000000	0.00000000	0.00000000	0.00000000	0.00000000	0.00000000
697.93212891	0.00000000	0.00000000	0.00000000	0.00000000	0.00000000	0.00000000	0.00000000	0.00000000
751.61926270	0.00000000	0.00000000	0.00000000	0.00000000	0.00000000	0.00000000	0.00000000	0.00000000
805.30633545	0.00000000	0.00000000	0.00000000	0.00000000	0.00000000	0.00000000	0.00000000	0.00000000
858.99340820	0.00000000	0.00000000	0.00000000	0.00000000	0.00000000	0.00000000	0.00000000	0.00000000
966.36761475	0.00000000	0.00000000	0.00000000	0.00000000	0.00000000	0.00000000	0.00000000	0.00000000
1073.74182129	0.00000000	0.00000000	0.00000000	0.00000000	0.00000000	0.00000000	0.00000000	0.00000000
1181.11596680	0.00000000	0.00000000	0.00000000	0.00000000	0.00000000	0.00000000	0.00000000	0.00000000
1288.49011230	0.00000000	0.00000000	0.00000000	0.00000000	0.00000000	0.00000000	0.00000000	0.00000000
1395.86425781	0.00000000	0.00000000	0.00000000	0.00000000	0.00000000	0.00000000	0.00000000	0.00000000
1503.23852539	0.00000000	0.00000000	0.00000000	0.00000000	0.00000000	0.00000000	0.00000000	0.00000000
1610.61267090	0.00000000	0.00000000	0.00000000	0.00000000	0.00000000	0.00000000	0.00000000	0.00000000
1717.98681641	0.00000000	0.00000000	0.00000000	0.00000000	0.00000000	0.00000000	0.00000000	0.00000000
1932.73522949	0.00000000	0.00000000	0.00000000	0.00000000	0.00000000	0.00000000	0.00000000	0.00000000
2147.48364258	0.00000000	0.00000000	0.00000000	0.00000000	0.00000000	0.00000000	0.00000000	0.00000000
2362.23193359	0.00000000	0.00000000	0.00000000	0.00000000	0.00000000	0.00000000	0.00000000	0.00000000
2576.98022461	0.00000000	0.00000000	0.00000000	0.00000000	0.00000000	0.00000000	0.00000000	0.00000000
2791.72851562	0.00000000	0.00000000	0.00000000	0.00000000	0.00000000	0.00000000	0.00000000	0.00000000
3006.47705078	0.00000000	0.00000000	0.00000000	0.00000000	0.00000000	0.00000000	0.00000000	0.00000000
3221.22534180	0.00000000	0.00000000	0.00000000	0.00000000	0.00000000	0.00000000	0.00000000	0.00000000
3435.97363281	0.00000000	0.00000000	0.00000000	0.00000000	0.00000000	0.00000000	0.00000000	0.00000000
0	0	0	0	0	0	0	0	0
