%6/10/2015 2:17:21 PM
%Duration	ID1		ID2		ID3		ID4		ID5		ID6		ID7		ID8
3000.000000	16.069412	15.354156	14.219284	11.777878	0.667572	15.478134	16.813278	98.705292
%Tau		Tau1		Tau2		Tau3		Tau4		Tau5		Tau6		Tau7		Tau8
%		0.000021	0.000024	0.000017	0.000019	0.000002	0.000019	0.000021	0.000665
%Delaytime	D1		D2		D3		D4		D5		D6		D7		D8
0.00000000	2.89965153	5.20872879	5.20842648	6.42782116	52.84965515	2.45038438	3.90668583	1.94773996
0.00000020	1.86060977	1.69006634	1.76460350	2.05603719	0.00000000	1.42592990	1.84421754	1.48838496
0.00000040	1.69146347	1.59309530	1.26652992	1.40676224	7.54995060	1.45361781	1.50592911	1.42823875
0.00000060	1.53439903	1.49612427	1.35191393	1.64482963	0.00000000	1.42592990	1.37497878	1.43384826
0.00000080	1.66729975	1.24677026	1.36614466	1.45004725	0.00000000	1.53668177	1.52775419	1.46002591
0.00000100	1.34108889	1.46841824	1.38037527	1.42840469	0.00000000	1.20442629	1.38589132	1.43478322
0.00000120	1.44982576	1.46841824	1.42306733	1.45004725	7.54995060	1.30133414	1.62596691	1.43665302
0.00000140	1.31692517	1.42685926	1.65075803	1.38511968	0.00000000	1.53668177	1.37497878	1.45535135
0.00000160	1.31692517	1.41300631	1.30922186	1.34183478	0.00000000	1.61974561	1.58231688	1.42636895
0.00000180	1.38941646	1.39915323	1.35191393	1.34183478	0.00000000	1.37055397	1.30950356	1.40143788
0.00000200	1.46190774	1.32988822	1.46575928	1.16869473	0.00000000	1.19058228	1.52775419	1.44943023
0.00000220	1.15986061	1.42685926	1.38037527	1.38511968	0.00000000	1.39824200	1.57140434	1.45130002
0.00000240	1.48607147	1.38530028	1.19537652	1.34183478	0.00000000	1.24595821	1.34224117	1.43042028
0.00000260	1.43774390	1.49612427	1.49422061	1.36347723	0.00000000	1.68896556	1.38589132	1.43571806
0.00000280	1.43774390	1.60694826	1.46575928	1.49333215	0.00000000	1.14905035	1.35315371	1.45722115
0.00000300	1.60689032	1.64850736	1.73614216	1.40676224	0.00000000	1.23211420	1.58231688	1.44008100
0.00000340	1.49815333	1.54460979	1.67210412	1.64482963	0.00000000	1.29441214	1.49501657	1.41094291
0.00000380	1.42566204	1.44071221	1.50845134	1.61236596	0.00000000	1.48822784	1.43499768	1.45535135
0.00000420	1.23235190	1.42685926	1.45864403	1.41758347	0.00000000	1.50207174	1.27676606	1.42029202
0.00000460	1.44378483	1.50305080	1.43729794	1.36347723	0.00000000	1.43977392	1.36406624	1.44054854
0.00000500	1.34712982	1.38530028	1.45152867	1.55825973	3.77497530	1.31517804	1.67507339	1.45628619
0.00000540	1.47398961	1.27447629	1.45152867	1.48251092	3.77497530	1.29441214	1.30404735	1.42356420
0.00000580	1.48003054	1.19828475	1.25229919	1.35265601	0.00000000	1.52283776	1.38043499	1.44288576
0.00000620	1.46794868	1.38530028	1.44441330	1.57990217	3.77497530	1.42592990	1.39134753	1.44756043
0.00000700	1.39243686	1.48573458	1.46931696	1.60695529	0.00000000	1.36017096	1.38589132	1.41639650
0.00000780	1.36223221	1.28486598	1.47643232	1.43922591	0.00000000	1.37401497	1.36406624	1.45363736
0.00000860	1.34108889	1.40261650	1.35902929	1.33642411	3.77497530	1.19404328	1.39953196	1.43665302
0.00000940	1.30786371	1.32642496	1.53691268	1.42840469	1.88748765	1.39131999	1.42681324	1.43299127
0.00001020	1.44680536	1.44417548	1.41950965	1.46627903	1.88748765	1.40862489	1.42681324	1.40642405
0.00001100	1.45586681	1.38876355	1.41595197	1.37429845	0.00000000	1.29441214	1.45955086	1.40829396
0.00001180	1.36827314	1.32988822	1.22383785	1.29313910	1.88748765	1.52283776	1.38043499	1.43275750
0.00001260	1.28974092	1.33335149	1.39816368	1.36347723	0.00000000	1.41900790	1.33951306	1.41943502
0.00001420	1.37129354	1.41646945	1.29499125	1.36618257	0.00000000	1.44669592	1.33132863	1.43388724
0.00001580	1.37129354	1.23638046	1.38749063	1.37159312	0.94374382	1.27883768	1.43090546	1.43443263
0.00001740	1.38488567	1.38703191	1.28609705	1.36888790	0.94374382	1.41381645	1.45682275	1.42936850
0.00001900	1.35921168	1.30910873	1.36614466	1.34995067	0.94374382	1.28749013	1.31223178	1.42823875
0.00002060	1.33957863	1.27793944	1.30566430	1.26338065	3.77497530	1.30133414	1.22629559	1.43680882
0.00002220	1.32296610	1.28313434	1.24162626	1.32560289	0.94374382	1.45880938	1.26994562	1.42983592
0.00002380	1.27614880	1.25023353	1.22917438	1.31748688	2.83123159	1.32383060	1.34769750	1.43003070
0.00002540	1.36072195	1.36452079	1.18292475	1.12811506	0.94374382	1.30652559	1.25084877	1.42582357
0.00002860	1.24288380	1.19712508	1.29424429	1.19361734	1.87415874	1.22342348	1.23352849	1.42090547
0.00003180	1.26468885	1.25862718	1.23642576	1.20443153	1.87415874	1.22169435	1.22466898	1.41341197
0.00003500	1.25867367	1.20665359	1.16259611	1.17874777	2.34269834	1.21996510	1.18923056	1.41178763
0.00003820	1.20228148	1.18239927	1.24710000	1.25039184	0.00000000	1.20007908	1.20831275	1.40017664
0.00004140	1.18949926	1.16160977	1.11989939	1.13278747	1.40561903	1.21910048	1.17628193	1.39732754
0.00004460	1.15566397	1.16940582	1.18928146	1.15036058	0.00000000	1.17759919	1.19197953	1.40934837
0.00004780	1.16468668	1.06112754	1.18216538	1.09628952	0.93707937	1.15598392	1.16744483	1.39000964
0.00005100	1.16619051	1.18499792	1.12612593	1.09628952	0.93707937	1.10151350	1.16676331	1.38954127
0.00005740	1.11699486	1.11666310	1.12286448	1.12155879	0.94374382	1.12381828	1.10374427	1.38595569
0.00006380	1.12639725	1.10540116	1.06191671	1.07162178	1.17967987	1.12557364	1.08023858	1.38656592
0.00007020	1.07976174	1.08980775	1.09350276	1.04533195	0.23593596	1.05330503	1.05571103	1.37572157
0.00007660	1.07976174	1.05255675	1.05301917	1.06017852	0.47187191	1.11040342	1.05809557	1.37389469
0.00008300	1.05834591	1.08374357	1.05788946	1.02846086	0.47187191	1.00697923	1.07989800	1.36195600
0.00008940	1.05947423	1.04649258	1.06856632	1.07367539	0.70780790	1.03943455	1.06218350	1.35684645
0.00009580	1.06850064	1.06121981	1.04899216	1.00956523	0.94374382	1.05157399	1.04208446	1.36023211
0.00010220	1.01283777	1.01703835	1.06278300	1.01766336	0.70780790	1.05417049	1.03973997	1.35161531
0.00011500	1.04388499	1.03879964	1.01612318	1.00117993	0.70494515	1.03086185	1.06010568	1.33955872
0.00012780	1.02978349	1.02970445	1.04774475	1.05311048	1.29239953	1.02155924	0.99079430	1.32611907
0.00014060	1.01981854	1.02927136	1.03082049	1.00826132	1.40989029	1.01982844	1.01787174	1.32111311
0.00015340	1.00893378	1.04053199	1.00719345	1.01598966	0.70494515	1.01939583	1.00033104	1.31773841
0.00016620	0.99238771	1.02602303	1.01521003	1.03015220	1.64487207	1.02242458	1.02349150	1.31105316
0.00017900	1.00350142	1.04074860	1.00251710	0.99474597	1.05741775	1.01939583	0.98364180	1.30495822
0.00019180	0.97962195	0.98357886	1.03547418	1.03757060	0.70494515	1.02285731	1.00646174	1.29516065
0.00020460	1.00839007	1.02710581	1.00719345	0.98328108	1.05741775	0.98348331	0.98466355	1.29248011
0.00023020	1.01851702	0.99962127	1.02130783	0.99233174	1.29633272	1.00226462	1.01078045	1.28252673
0.00025580	1.00468075	1.00835848	1.02041733	1.01405263	1.35525692	1.00981832	0.98983753	1.27091277
0.00028140	0.99658608	0.98619080	0.99748915	0.99820542	1.00171161	1.00202644	1.00175214	1.26223707
0.00030700	0.99818623	0.98500133	0.99125624	1.02683735	1.11956012	1.00743747	0.98792410	1.25459039
0.00033260	0.98406762	1.00327611	0.99559700	0.98283732	0.64816636	1.00254571	0.98905122	1.24894023
0.00035820	1.00100994	0.98683959	1.00694978	1.00067997	0.64816636	0.99984026	1.00200784	1.23968661
0.00038380	0.97335714	1.00109172	1.01585400	1.01076722	1.11956012	0.99116117	1.00814521	1.23387957
0.00040940	0.97794956	1.00200021	0.99314833	1.00756431	1.35525692	1.01778257	1.00439465	1.22312367
0.00046060	0.99298084	1.00995862	1.00289786	0.98552811	0.89107472	1.00607634	1.01314783	1.21521246
0.00051180	1.00016534	1.01066148	1.00619280	1.00127411	1.00988472	1.00088036	0.99912483	1.20480621
0.00056300	0.99849695	1.00458419	0.98801631	0.99798465	1.09899211	0.99281573	1.00065923	1.19403040
0.00061420	1.00141644	0.99328458	0.98545629	0.99790031	0.83166975	0.99472106	1.00385594	1.18452799
0.00066540	0.99661344	1.00188088	0.98996419	1.02663374	0.89107472	1.00784063	0.99754781	1.17642939
0.00071660	0.99110419	1.01280212	1.00666022	1.02300656	1.03958714	1.00137818	1.00690544	1.16936183
0.00076780	1.00968337	0.98371506	1.00209665	0.99747539	1.09899211	0.99522978	0.99938059	1.16215789
0.00081900	1.01672578	0.99555534	0.98998600	0.99334204	1.18809962	0.98042113	0.99822974	1.15651846
0.00092140	0.98441368	1.00005913	0.99751550	0.99541026	0.97719610	0.99549925	1.00029981	1.14584327
0.00102380	0.99613881	1.00250864	1.00425005	0.99512994	0.94806588	1.00740016	1.00385857	1.13285887
0.00112620	1.00271881	1.01020336	0.99409258	0.97985852	0.91843879	1.00825012	1.00275302	1.12249815
0.00122860	1.01321697	0.99784791	0.99219429	0.99792820	1.14064169	0.99677771	1.00200963	1.11291361
0.00133100	1.00203490	1.00306058	1.01465797	0.99788600	1.28877699	0.99547780	0.98961496	1.10601544
0.00143340	1.01514494	1.00017297	0.99483806	1.00189674	0.82955760	1.00346696	0.98408014	1.10152304
0.00153580	1.00634134	1.00469327	0.99832255	1.00036478	1.11101472	0.99533147	0.99381256	1.09322786
0.00163820	0.99988544	1.01091647	0.99173313	0.99244338	1.25914991	1.00346172	1.00148320	1.08828032
0.00184300	0.99754769	1.00008345	1.00392175	0.99349618	0.88565785	0.99223936	1.00091243	1.07937944
0.00204780	0.99577284	0.99402434	0.99308819	0.99591517	1.03326750	1.00611866	1.00099087	1.06937003
0.00225260	1.00014246	0.99700516	1.00272620	1.00057304	1.10707235	1.00292253	0.99606937	1.06111693
0.00245740	1.00303459	0.99805003	0.99689543	0.99962574	0.97422367	1.00183344	1.00013137	1.05170453
0.00266220	1.00041115	1.00298500	1.00405192	0.99945080	1.03326750	0.99661499	0.99903947	1.04707551
0.00286700	0.99917763	0.99653947	1.00008142	1.00060010	0.99636513	0.99987447	0.99769819	1.04197145
0.00307180	1.00158191	0.99186146	1.01643670	1.00360119	0.99636513	0.99675864	0.99599499	1.03922617
0.00327660	1.01049650	0.98926574	0.99551105	1.00222886	1.01112604	1.00279176	0.99173695	1.03535235
0.00368620	1.00113022	0.99863803	0.99677902	1.00260234	0.94791102	1.00286198	0.99815542	1.02693939
0.00409580	1.00434113	0.99660850	0.99661219	0.99966520	0.97372961	1.00292730	0.99460906	1.01927066
0.00450540	1.00213885	0.99562007	1.00903058	0.99319720	0.97692257	0.99573249	0.99838495	1.01502967
0.00491500	1.00143254	0.99514472	1.00806546	1.00226939	1.01378763	1.00039196	0.99924487	1.00968206
0.00532460	0.99866843	0.99729902	1.00270164	1.00167251	0.99954820	1.00023758	1.00265956	1.00562668
0.00573420	1.00159252	1.00290811	1.00241530	1.00577319	1.05856216	0.99875730	0.99917972	1.00633419
0.00614380	1.00253260	0.99820060	0.99826556	0.99756885	1.06225049	1.00126827	0.99830216	1.00762987
0.00655340	1.00396788	1.00075114	0.99236232	1.00475442	1.09544587	1.00297117	0.99834359	1.00636065
0.00737260	1.00166774	1.00050652	1.00244784	0.99728692	0.97359747	0.99927652	0.99710429	1.00346208
0.00819180	1.00118065	0.99657947	1.00022221	0.99700201	0.96071434	1.00073493	1.00017548	0.99978781
0.00901100	1.00454640	1.00116158	1.00037050	1.00326467	0.96304286	0.99891561	1.00042260	0.99771589
0.00983020	0.99884474	1.00019240	0.99835020	0.99798208	0.96991658	0.99708587	0.99929190	1.00050318
0.01064940	1.00255167	1.00067508	1.00019574	1.00221264	1.02749121	1.00131881	1.00077784	0.99990922
0.01146860	1.00492787	0.99924028	1.00195801	0.99880880	1.07168448	1.00139523	1.00317144	0.99724108
0.01228780	0.99940842	0.99550909	1.00359881	0.99962986	1.00355327	1.00171876	0.99915910	0.99885416
0.01310700	1.00346720	0.99884617	1.00282311	1.00146008	1.12197065	1.00430143	1.00080395	1.00165009
0.01474540	1.00142562	1.00390053	0.99925947	1.00301182	0.99618751	0.99987590	1.00085378	1.00282538
0.01638380	1.00165415	1.00029898	1.00242341	0.99941319	1.00897503	0.99954808	0.99875921	1.00496900
0.01802220	1.00160336	0.99847716	1.00409925	1.00197911	1.01183927	0.99878788	0.99963027	1.00540268
0.01966060	1.00145161	1.00154233	1.00093329	0.99630231	0.97040814	0.99831188	0.99950337	1.00876856
0.02129900	0.99998969	1.00146019	1.00407600	0.99658692	0.94510782	1.00042832	0.99695659	1.00402367
0.02293740	1.00163913	0.99968314	0.99923819	0.99913287	1.02156389	0.99854225	0.99916589	1.00069702
0.02457580	0.99992990	0.99836349	1.00331342	1.00191438	1.03169668	1.00175607	1.00122941	1.00051188
0.02621420	1.00091803	1.00080109	1.00214648	1.00090027	1.03867149	0.99986196	0.99816364	1.00570881
0.02949100	1.00208020	1.00221241	1.00187349	1.00084221	1.02144909	1.00074661	0.99973714	1.00826824
0.03276780	1.00089812	0.99884337	1.00146270	1.00023818	0.99618775	0.99953854	0.99985725	1.00246119
0.03604460	1.00040674	0.99969506	1.00074828	0.99821299	0.99526709	0.99979860	0.99858463	0.99904335
0.03932140	1.00200093	0.99909031	1.00123227	0.99910307	0.99162680	1.00018466	0.99918526	0.99434584
0.04259820	0.99861097	0.99579173	1.00160837	1.00115073	1.00677574	0.99906927	0.99886626	0.99781531
0.04587500	1.00182438	1.00006664	1.00062311	1.00112033	0.99388605	1.00177813	1.00010061	1.00534999
0.04915180	1.00068760	1.00009239	1.00146234	0.99899507	0.99623263	1.00136662	1.00138676	1.00291026
0.05242860	1.00013876	0.99941850	0.99978328	1.00478566	0.94464773	0.99828821	0.99931359	0.99828565
0.05898220	1.00037801	1.00065768	1.00069463	1.00082874	0.99899328	1.00024259	0.99973249	1.00472295
0.06553581	1.00032389	1.00088787	1.00033057	0.99899155	0.99345231	1.00113833	1.00040185	0.99965644
0.07208940	1.00005674	0.99938720	1.00103104	1.00020754	1.02733839	1.00050747	0.99998033	1.00520241
0.07864300	1.00092709	0.99960697	1.00117922	0.99926782	0.98668146	1.00061440	0.99975604	0.99952650
0.08519660	1.00008869	1.00099814	1.00052893	1.00016880	0.97819096	0.99994242	0.99984950	0.99652886
0.09175020	1.00163674	0.99946904	1.00057983	0.99894750	1.00453424	1.00098944	0.99927324	0.99643195
0.09830380	1.00031841	0.99937862	1.00001085	1.00038099	0.98829371	0.99844319	0.99984753	0.99450469
0.10485740	1.00153315	0.99973786	1.00009704	0.99995345	1.01522541	0.99928188	0.99914902	0.99343306
0.11796460	0.99901909	0.99998170	1.00094557	0.99991149	0.99005550	0.99972099	1.00141764	0.99874312
0.13107181	0.99877828	0.99943358	1.00021696	1.00038826	1.01062584	1.00033486	0.99984968	0.99664623
0.14417900	0.99946445	0.99984175	0.99997526	0.99955273	1.00458169	0.99951816	1.00011790	1.00281525
0.15728620	1.00019789	0.99968690	1.00056016	1.00129056	1.01380265	0.99968433	0.99921227	1.00170636
0.17039341	1.00015628	1.00015402	0.99999881	0.99927086	0.96571517	0.99889129	0.99898487	0.99896789
0.18350060	1.00035679	1.00004673	1.00117779	1.00022769	0.99990040	0.99930185	0.99958670	0.99952251
0.19660780	1.00029421	0.99998581	1.00201106	0.99881369	0.99232584	0.99976653	0.99995679	1.00273716
0.20971501	0.99955136	1.00007045	1.00126815	0.99951601	1.00043929	0.99924529	0.99991131	0.99797821
0.23592941	0.99997765	0.99996203	1.00085354	0.99872190	1.00529110	0.99998772	1.00021982	1.00109231
0.26214382	0.99946785	0.99969012	1.00030410	0.99968547	1.00821340	0.99922407	1.00008631	1.00130200
0.28835821	0.99966681	1.00002635	1.00139415	0.99928278	1.00335681	1.00011361	0.99936134	0.99804968
0.31457260	0.99972284	1.00050175	1.00072527	1.00006330	0.99425316	1.00059962	0.99977380	1.00150847
0.34078699	0.99982333	1.00034773	1.00082409	1.00008869	0.99480927	0.99996203	0.99962211	0.99902886
0.36700141	1.00035870	0.99929845	1.00032473	1.00028861	1.00126100	0.99991661	1.00030506	1.00423908
0.39321581	1.00002193	0.99965352	0.99977458	0.99948084	0.99293602	1.00041544	0.99986744	0.99977082
0.41943020	1.00031233	1.00010991	0.99994379	1.00071096	1.00419772	1.00152397	1.00025368	1.00246453
0.47185901	1.00003195	1.00022364	1.00054324	1.00028825	0.99091715	0.99926722	0.99955380	0.99902260
0.52428782	1.00021899	1.00008476	0.99997735	0.99989736	1.00173509	0.99979466	1.00013995	1.00023806
0.57671660	1.00062191	0.99988544	1.00006175	0.99954790	0.99774742	0.99966049	0.99986905	1.00357854
0.62914538	1.00003445	0.99977171	1.00011766	0.99969727	0.98364228	1.00031364	1.00011241	1.00425363
0.68157423	1.00012600	0.99974668	1.00043428	0.99973118	1.00281823	0.99961191	1.00004435	1.00254297
0.73400301	1.00051987	0.99945903	0.99983561	1.00008273	1.00345325	0.99989408	0.99988222	0.99995869
0.78643179	1.00014114	1.00022447	0.99998248	1.00117862	0.99182606	0.99974519	1.00020146	0.99865675
0.83886063	1.00050092	0.99982291	0.99993128	1.00069606	1.00779629	1.00056183	0.99981153	1.00030422
0.94371825	0.99985564	1.00007868	0.99996316	0.99977064	0.99723840	0.99979931	1.00017858	1.00127876
1.04857588	1.00029337	0.99989372	0.99982321	0.99966371	1.00153971	1.00014937	1.00000727	0.99811029
1.15343344	1.00039721	0.99985135	0.99974895	0.99987531	1.00171030	1.00018346	0.99997985	0.99988878
1.25829101	0.99951136	0.99998802	1.00002277	1.00014699	1.00339973	1.00000930	0.99981278	1.00030136
1.36314869	1.00011754	1.00016105	0.99967432	0.99973309	1.00054264	0.99991620	0.99999017	1.00060058
1.46800625	0.99993354	1.00003135	0.99962187	1.00009763	1.00580621	1.00001204	1.00009739	0.99830377
1.57286382	0.99979049	0.99963629	0.99996567	1.00082982	0.99236393	0.99990392	0.99996603	1.00114787
1.67772150	1.00002253	0.99992383	0.99943513	1.00043309	1.00157881	0.99949205	1.00006950	0.99793977
1.88743675	0.99983692	0.99995446	0.99948937	0.99959135	0.99477851	1.00040781	1.00001395	0.99858403
2.09715199	0.99950498	1.00009525	0.99950504	1.00016749	1.00063002	0.99939603	0.99998707	0.99999648
2.30686712	0.99948448	1.00012362	0.99954897	1.00031066	1.00439227	1.00040913	0.99998885	0.99854642
2.51658225	1.00009847	1.00015283	0.99954730	0.99970549	1.00204206	0.99973893	1.00002038	0.99788213
2.72629738	0.99973625	1.00021505	0.99947172	0.99979228	1.00350320	0.99999881	1.00003242	0.99974579
2.93601274	0.99957937	0.99980438	0.99948609	1.00006247	0.99500006	0.99999642	1.00002515	0.99881721
3.14572787	0.99982876	0.99996698	1.00004101	1.00054884	1.00269997	0.99988800	0.99999923	0.99855077
3.35544300	1.00058317	0.99980587	1.00067759	0.99944282	0.99868423	1.00029802	0.99992830	0.99789894
3.77487350	0.99962234	0.99990833	0.99994004	1.00007415	0.99939501	0.99989623	1.00003600	0.99883419
4.19430399	1.00046575	1.00012839	0.99991131	1.00004721	0.99360728	1.00005877	0.99999088	1.00022948
4.61373425	1.00001979	1.00036752	1.00059736	0.99993503	1.00126624	1.00014317	1.00000727	0.99868071
5.03316450	1.00000000	1.00000000	1.00000000	1.00000000	1.00000000	1.00000000	1.00000000	1.00000000
5.45259476	0.00000000	0.00000000	0.00000000	0.00000000	0.00000000	0.00000000	0.00000000	0.00000000
5.87202549	0.00000000	0.00000000	0.00000000	0.00000000	0.00000000	0.00000000	0.00000000	0.00000000
6.29145575	0.00000000	0.00000000	0.00000000	0.00000000	0.00000000	0.00000000	0.00000000	0.00000000
6.71088600	0.00000000	0.00000000	0.00000000	0.00000000	0.00000000	0.00000000	0.00000000	0.00000000
7.54974699	0.00000000	0.00000000	0.00000000	0.00000000	0.00000000	0.00000000	0.00000000	0.00000000
8.38860798	0.00000000	0.00000000	0.00000000	0.00000000	0.00000000	0.00000000	0.00000000	0.00000000
9.22746849	0.00000000	0.00000000	0.00000000	0.00000000	0.00000000	0.00000000	0.00000000	0.00000000
10.06632900	0.00000000	0.00000000	0.00000000	0.00000000	0.00000000	0.00000000	0.00000000	0.00000000
10.90518951	0.00000000	0.00000000	0.00000000	0.00000000	0.00000000	0.00000000	0.00000000	0.00000000
11.74405098	0.00000000	0.00000000	0.00000000	0.00000000	0.00000000	0.00000000	0.00000000	0.00000000
12.58291149	0.00000000	0.00000000	0.00000000	0.00000000	0.00000000	0.00000000	0.00000000	0.00000000
13.42177200	0.00000000	0.00000000	0.00000000	0.00000000	0.00000000	0.00000000	0.00000000	0.00000000
15.09949398	0.00000000	0.00000000	0.00000000	0.00000000	0.00000000	0.00000000	0.00000000	0.00000000
16.77721596	0.00000000	0.00000000	0.00000000	0.00000000	0.00000000	0.00000000	0.00000000	0.00000000
18.45493698	0.00000000	0.00000000	0.00000000	0.00000000	0.00000000	0.00000000	0.00000000	0.00000000
20.13265800	0.00000000	0.00000000	0.00000000	0.00000000	0.00000000	0.00000000	0.00000000	0.00000000
21.81037903	0.00000000	0.00000000	0.00000000	0.00000000	0.00000000	0.00000000	0.00000000	0.00000000
23.48810196	0.00000000	0.00000000	0.00000000	0.00000000	0.00000000	0.00000000	0.00000000	0.00000000
25.16582298	0.00000000	0.00000000	0.00000000	0.00000000	0.00000000	0.00000000	0.00000000	0.00000000
26.84354401	0.00000000	0.00000000	0.00000000	0.00000000	0.00000000	0.00000000	0.00000000	0.00000000
30.19898796	0.00000000	0.00000000	0.00000000	0.00000000	0.00000000	0.00000000	0.00000000	0.00000000
33.55443192	0.00000000	0.00000000	0.00000000	0.00000000	0.00000000	0.00000000	0.00000000	0.00000000
36.90987396	0.00000000	0.00000000	0.00000000	0.00000000	0.00000000	0.00000000	0.00000000	0.00000000
40.26531601	0.00000000	0.00000000	0.00000000	0.00000000	0.00000000	0.00000000	0.00000000	0.00000000
43.62075806	0.00000000	0.00000000	0.00000000	0.00000000	0.00000000	0.00000000	0.00000000	0.00000000
46.97620392	0.00000000	0.00000000	0.00000000	0.00000000	0.00000000	0.00000000	0.00000000	0.00000000
50.33164597	0.00000000	0.00000000	0.00000000	0.00000000	0.00000000	0.00000000	0.00000000	0.00000000
53.68708801	0.00000000	0.00000000	0.00000000	0.00000000	0.00000000	0.00000000	0.00000000	0.00000000
60.39797592	0.00000000	0.00000000	0.00000000	0.00000000	0.00000000	0.00000000	0.00000000	0.00000000
67.10886383	0.00000000	0.00000000	0.00000000	0.00000000	0.00000000	0.00000000	0.00000000	0.00000000
73.81974792	0.00000000	0.00000000	0.00000000	0.00000000	0.00000000	0.00000000	0.00000000	0.00000000
80.53063202	0.00000000	0.00000000	0.00000000	0.00000000	0.00000000	0.00000000	0.00000000	0.00000000
87.24151611	0.00000000	0.00000000	0.00000000	0.00000000	0.00000000	0.00000000	0.00000000	0.00000000
93.95240784	0.00000000	0.00000000	0.00000000	0.00000000	0.00000000	0.00000000	0.00000000	0.00000000
100.66329193	0.00000000	0.00000000	0.00000000	0.00000000	0.00000000	0.00000000	0.00000000	0.00000000
107.37417603	0.00000000	0.00000000	0.00000000	0.00000000	0.00000000	0.00000000	0.00000000	0.00000000
120.79595184	0.00000000	0.00000000	0.00000000	0.00000000	0.00000000	0.00000000	0.00000000	0.00000000
134.21772766	0.00000000	0.00000000	0.00000000	0.00000000	0.00000000	0.00000000	0.00000000	0.00000000
147.63949585	0.00000000	0.00000000	0.00000000	0.00000000	0.00000000	0.00000000	0.00000000	0.00000000
161.06126404	0.00000000	0.00000000	0.00000000	0.00000000	0.00000000	0.00000000	0.00000000	0.00000000
174.48303223	0.00000000	0.00000000	0.00000000	0.00000000	0.00000000	0.00000000	0.00000000	0.00000000
187.90481567	0.00000000	0.00000000	0.00000000	0.00000000	0.00000000	0.00000000	0.00000000	0.00000000
201.32658386	0.00000000	0.00000000	0.00000000	0.00000000	0.00000000	0.00000000	0.00000000	0.00000000
214.74835205	0.00000000	0.00000000	0.00000000	0.00000000	0.00000000	0.00000000	0.00000000	0.00000000
241.59190369	0.00000000	0.00000000	0.00000000	0.00000000	0.00000000	0.00000000	0.00000000	0.00000000
268.43545532	0.00000000	0.00000000	0.00000000	0.00000000	0.00000000	0.00000000	0.00000000	0.00000000
295.27899170	0.00000000	0.00000000	0.00000000	0.00000000	0.00000000	0.00000000	0.00000000	0.00000000
322.12252808	0.00000000	0.00000000	0.00000000	0.00000000	0.00000000	0.00000000	0.00000000	0.00000000
348.96606445	0.00000000	0.00000000	0.00000000	0.00000000	0.00000000	0.00000000	0.00000000	0.00000000
375.80963135	0.00000000	0.00000000	0.00000000	0.00000000	0.00000000	0.00000000	0.00000000	0.00000000
402.65316772	0.00000000	0.00000000	0.00000000	0.00000000	0.00000000	0.00000000	0.00000000	0.00000000
429.49670410	0.00000000	0.00000000	0.00000000	0.00000000	0.00000000	0.00000000	0.00000000	0.00000000
483.18380737	0.00000000	0.00000000	0.00000000	0.00000000	0.00000000	0.00000000	0.00000000	0.00000000
536.87091064	0.00000000	0.00000000	0.00000000	0.00000000	0.00000000	0.00000000	0.00000000	0.00000000
590.55798340	0.00000000	0.00000000	0.00000000	0.00000000	0.00000000	0.00000000	0.00000000	0.00000000
644.24505615	0.00000000	0.00000000	0.00000000	0.00000000	0.00000000	0.00000000	0.00000000	0.00000000
697.93212891	0.00000000	0.00000000	0.00000000	0.00000000	0.00000000	0.00000000	0.00000000	0.00000000
751.61926270	0.00000000	0.00000000	0.00000000	0.00000000	0.00000000	0.00000000	0.00000000	0.00000000
805.30633545	0.00000000	0.00000000	0.00000000	0.00000000	0.00000000	0.00000000	0.00000000	0.00000000
858.99340820	0.00000000	0.00000000	0.00000000	0.00000000	0.00000000	0.00000000	0.00000000	0.00000000
966.36761475	0.00000000	0.00000000	0.00000000	0.00000000	0.00000000	0.00000000	0.00000000	0.00000000
1073.74182129	0.00000000	0.00000000	0.00000000	0.00000000	0.00000000	0.00000000	0.00000000	0.00000000
1181.11596680	0.00000000	0.00000000	0.00000000	0.00000000	0.00000000	0.00000000	0.00000000	0.00000000
1288.49011230	0.00000000	0.00000000	0.00000000	0.00000000	0.00000000	0.00000000	0.00000000	0.00000000
1395.86425781	0.00000000	0.00000000	0.00000000	0.00000000	0.00000000	0.00000000	0.00000000	0.00000000
1503.23852539	0.00000000	0.00000000	0.00000000	0.00000000	0.00000000	0.00000000	0.00000000	0.00000000
1610.61267090	0.00000000	0.00000000	0.00000000	0.00000000	0.00000000	0.00000000	0.00000000	0.00000000
1717.98681641	0.00000000	0.00000000	0.00000000	0.00000000	0.00000000	0.00000000	0.00000000	0.00000000
1932.73522949	0.00000000	0.00000000	0.00000000	0.00000000	0.00000000	0.00000000	0.00000000	0.00000000
2147.48364258	0.00000000	0.00000000	0.00000000	0.00000000	0.00000000	0.00000000	0.00000000	0.00000000
2362.23193359	0.00000000	0.00000000	0.00000000	0.00000000	0.00000000	0.00000000	0.00000000	0.00000000
2576.98022461	0.00000000	0.00000000	0.00000000	0.00000000	0.00000000	0.00000000	0.00000000	0.00000000
2791.72851562	0.00000000	0.00000000	0.00000000	0.00000000	0.00000000	0.00000000	0.00000000	0.00000000
3006.47705078	0.00000000	0.00000000	0.00000000	0.00000000	0.00000000	0.00000000	0.00000000	0.00000000
3221.22534180	0.00000000	0.00000000	0.00000000	0.00000000	0.00000000	0.00000000	0.00000000	0.00000000
3435.97363281	0.00000000	0.00000000	0.00000000	0.00000000	0.00000000	0.00000000	0.00000000	0.00000000
1	1	1	1	1	1	1	1	1
