%6/14/2015 11:33:46 AM
%Duration	ID1		ID2		ID3		ID4		ID5		ID6		ID7		ID8
3000.000000	18.396378	14.781952	19.140244	14.791489	18.033981	12.378693	17.518997	58.126450
%Tau		Tau1		Tau2		Tau3		Tau4		Tau5		Tau6		Tau7		Tau8
%		0.000045	0.000022	0.000021	0.000070	0.000024	0.000045	0.000025	0.000070
%Delaytime	D1		D2		D3		D4		D5		D6		D7		D8
0.00000000	2.02176499	2.19086051	2.11185932	1.63596964	1.75223482	1.20904648	1.75275242	1.49854171
0.00000020	1.97184503	1.36928785	2.13159633	2.12676048	1.52080762	1.71811867	1.58493567	1.95119035
0.00000040	2.39616609	1.79252231	1.46053815	1.79956663	1.50427711	1.84538674	1.73410618	1.78659081
0.00000060	2.32128596	1.74273002	1.83554125	1.55417120	1.63652122	2.09992290	1.93921542	1.89460933
0.00000080	1.87200475	1.41908014	2.09212232	1.96316361	1.91753995	2.60899496	1.41711903	1.78659081
0.00000100	2.27136564	1.71783388	1.57896018	1.92226434	1.58692968	2.16355681	1.67816722	1.91689885
0.00000120	1.94688487	1.66804159	1.67764521	2.57665229	1.81835687	2.73626304	1.79004502	1.78487623
0.00000140	2.14656544	1.29459941	1.69738221	2.45395446	1.76876533	2.22719097	1.47305787	1.90146756
0.00000160	1.87200475	1.61824930	1.36185312	2.24945831	1.75223482	2.41809297	1.37982643	1.77801800
0.00000180	1.84704471	1.41908014	1.63817120	2.57665229	1.70264328	2.48172688	1.58493567	1.80716574
0.00000200	2.09664536	1.91700304	2.05264831	1.51327193	1.58692968	1.78175271	1.56628942	1.82945538
0.00000220	1.82208455	1.54356086	1.51974916	1.75866735	1.96713150	2.16355681	1.62222838	1.77287424
0.00000240	1.97184503	1.79252231	1.38159013	1.79956663	1.53733814	2.22719097	1.51035047	1.88603640
0.00000260	2.12160540	1.46887243	1.81580424	2.00406289	1.70264328	2.09992290	1.36118007	1.73172438
0.00000280	1.99680507	1.51866472	1.55922318	2.00406289	2.08284521	1.78175271	1.73410618	1.83116984
0.00000300	2.27136564	1.71783388	1.73685622	2.61755157	1.37203288	2.16355681	1.43576527	1.84831572
0.00000340	2.04672527	1.48132050	1.48027515	2.35170650	1.81009161	2.32264185	1.65019774	1.78401899
0.00000380	2.05920529	1.64314544	1.82567275	2.16765976	1.53733814	2.00447178	1.59425890	1.79945016
0.00000420	2.05920529	1.69293773	1.76646173	1.96316361	1.46295071	1.59085059	1.83666086	1.76944506
0.00000460	1.77216446	1.95434725	1.77633023	2.08586144	1.61999071	2.22719097	1.65019774	1.79859293
0.00000500	1.97184503	1.63069737	1.78619874	1.98361325	1.59519494	2.03628874	1.68749034	1.67342865
0.00000540	1.94688487	1.73028195	1.37172163	1.84046590	1.66131699	1.97265470	1.31456435	1.67942965
0.00000580	1.89696479	1.35683978	1.76646173	2.06541181	1.42988968	1.90902078	1.54764307	1.80973768
0.00000620	1.87200475	1.64314544	1.77633023	2.26990795	1.57039917	2.16355681	1.60358202	1.77630341
0.00000700	2.02800512	1.41908014	1.66284239	1.78934181	1.62412333	2.05219722	1.56162786	1.75744307
0.00000780	1.90944481	1.54978490	1.62336838	1.96316361	1.69851065	2.05219722	1.57095098	1.71800768
0.00000860	1.71600437	1.59957719	1.53948617	1.95293880	1.47534859	1.84538674	1.47305787	1.71543586
0.00000940	1.80336452	1.53111279	1.51974916	1.86091554	1.69437802	2.06810570	1.43576527	1.69914734
0.00001020	1.82832468	1.54978490	1.43586695	1.92226434	1.71090853	1.81356966	1.51967371	1.68243027
0.00001100	1.80336452	1.54356086	1.64803970	2.16765976	1.58279705	1.89311218	1.43110371	1.68800259
0.00001180	1.60992408	1.67426562	1.47534096	2.00406289	1.55800128	1.78175271	1.53365839	1.67214274
0.00001260	1.79088449	1.57468104	1.62336838	1.71776819	1.61585808	1.68630159	1.47305787	1.63442206
0.00001420	1.71288431	1.54044890	1.56169033	1.79445422	1.49187911	1.81356966	1.41711903	1.64685273
0.00001580	1.65984416	1.45331240	1.47534096	1.83024108	1.35136974	1.89311218	1.33787227	1.60527420
0.00001740	1.67232418	1.31327152	1.52221632	1.98361325	1.48154759	1.81356966	1.37982643	1.59691560
0.00001900	1.60368407	1.39418399	1.49507785	1.82001626	1.35963500	1.82947814	1.40313423	1.55319381
0.00002060	1.56312394	1.44397628	1.51481485	1.72799301	1.35550237	1.86129522	1.28193331	1.54805017
0.00002220	1.62240410	1.25414324	1.33471477	1.61040759	1.32657397	1.60675907	1.38914955	1.54290640
0.00002380	1.58808398	1.27592731	1.42846549	1.72799301	1.30177820	1.62266767	1.34253383	1.53047574
0.00002540	1.52256382	1.31638360	1.32484627	1.72799301	1.36170137	1.52721655	1.31223357	1.50818622
0.00002860	1.54004598	1.41485596	1.45878720	1.62662899	1.31307268	1.64496171	1.17355180	1.51559544
0.00003180	1.51323342	1.42804801	1.34687662	1.67357755	1.25284004	1.50752366	1.28496504	1.48491120
0.00003500	1.47636616	1.31591499	1.37452507	1.71776438	1.27255249	1.74804020	1.24039972	1.48731124
0.00003820	1.50653028	1.27468956	1.29289627	1.53273189	1.33278525	1.61060214	1.19831038	1.45263362
0.00004140	1.44620204	1.33570313	1.33371067	1.56863379	1.30321646	1.53329325	1.20821369	1.41771662
0.00004460	1.40765905	1.27139151	1.31791151	1.67357755	1.25393510	1.46457422	1.15498304	1.40293097
0.00004780	1.50653028	1.29777575	1.27051413	1.73709619	1.26926708	1.52470338	1.22306883	1.39428711
0.00005100	1.46128416	1.28623271	1.31922817	1.54101694	1.27693307	1.50759661	1.24782729	1.39314973
0.00005740	1.44758630	1.25162148	1.28875554	1.69642365	1.21003819	1.43791807	1.20348930	1.36919975
0.00006380	1.41262448	1.22457266	1.31230640	1.66627717	1.19646537	1.57445621	1.22194779	1.35076439
0.00007020	1.40180290	1.26555574	1.29333484	1.57994866	1.22747874	1.51685417	1.19302952	1.31785202
0.00007660	1.37433290	1.25080180	1.30183935	1.52787757	1.22911108	1.42938435	1.18810725	1.30824864
0.00008300	1.44758630	1.20899916	1.31099808	1.60872483	1.16490781	1.62139118	1.17826283	1.30813563
0.00008940	1.44175935	1.24096584	1.28875554	1.52102613	1.18993616	1.51258731	1.17580175	1.31582654
0.00009580	1.43926203	1.31391573	1.27894270	1.52656627	1.27209461	1.60219049	1.17580175	1.29184890
0.00010220	1.48254812	1.28440785	1.22595322	1.50189996	1.23564017	1.57872307	1.15795851	1.29428065
0.00011500	1.42334294	1.23639560	1.29980171	1.59622717	1.23280632	1.46915674	1.23445272	1.28271770
0.00012780	1.41838777	1.26165318	1.30402815	1.54585588	1.24173379	1.52219486	1.17665935	1.28516293
0.00014060	1.44316316	1.20136106	1.23900557	1.52339292	1.23524117	1.47339976	1.19837010	1.27765870
0.00015340	1.40228391	1.22458160	1.27639353	1.54993999	1.24555147	1.56568611	1.18002307	1.27544832
0.00016620	1.38081193	1.27102292	1.31930852	1.55062068	1.22769606	1.51370871	1.19347751	1.26887155
0.00017900	1.44853115	1.21276772	1.31020534	1.57989061	1.17088330	1.46491373	1.16259325	1.26702642
0.00019180	1.41508448	1.22906280	1.30240262	1.59350443	1.21092284	1.42354393	1.17849410	1.26676524
0.00020460	1.39939344	1.27309775	1.29720080	1.57104158	1.21528089	1.45430601	1.17635357	1.25555062
0.00023020	1.41182899	1.26053977	1.28493941	1.53074038	1.20436430	1.49047029	1.18861008	1.26291525
0.00025580	1.42027390	1.24493253	1.29401815	1.54694951	1.21149075	1.51207137	1.17827559	1.25739443
0.00028140	1.41084647	1.24918902	1.29627919	1.56113231	1.19925475	1.49731946	1.17736375	1.26185310
0.00030700	1.40982175	1.25020254	1.27124524	1.55876851	1.20062840	1.45253682	1.18055522	1.26534724
0.00033260	1.38235903	1.24371636	1.29256451	1.55072355	1.20076287	1.47150362	1.18541849	1.26770937
0.00035820	1.45224547	1.24270296	1.28271246	1.55038583	1.20573807	1.55211222	1.19316936	1.26161540
0.00038380	1.43277562	1.26743126	1.29385662	1.52990341	1.19721937	1.49415827	1.17523611	1.25890398
0.00040940	1.41883934	1.23560870	1.30471241	1.55489528	1.23016536	1.48836291	1.18253100	1.27188039
0.00046060	1.41430438	1.23897433	1.27560818	1.51365340	1.20253706	1.48068798	1.17379248	1.25948203
0.00051180	1.40656650	1.23753655	1.27483928	1.53711569	1.22322512	1.46404457	1.16638780	1.25658345
0.00056300	1.42143142	1.21510482	1.26207721	1.54465711	1.20570838	1.46482813	1.17938387	1.25787115
0.00061420	1.40787220	1.22830379	1.27992976	1.51834583	1.21734154	1.52862322	1.16170323	1.25705171
0.00066540	1.40011549	1.25772417	1.29823053	1.52577806	1.19818246	1.50616276	1.16820121	1.25324440
0.00071660	1.42048073	1.22622418	1.29453826	1.53264940	1.20099056	1.48605275	1.18074381	1.25528502
0.00076780	1.40591955	1.23055685	1.27691340	1.54505134	1.21195543	1.46698737	1.20261097	1.25451970
0.00081900	1.40418851	1.24758494	1.29112101	1.55628014	1.22726619	1.45915222	1.18420482	1.25384891
0.00092140	1.41004181	1.23734021	1.28153527	1.54735696	1.20865965	1.48147309	1.18069816	1.25793850
0.00102380	1.40059102	1.24710679	1.26861668	1.54051149	1.20102155	1.49495399	1.17648518	1.25848854
0.00112620	1.39680052	1.22891223	1.27212536	1.53377342	1.20088863	1.48743582	1.18350708	1.25968182
0.00122860	1.39714527	1.24492657	1.27336144	1.54134333	1.20347047	1.47752500	1.17295551	1.25660634
0.00133100	1.40598989	1.23430800	1.29141200	1.55986989	1.20214212	1.49094784	1.16870463	1.24984872
0.00143340	1.39308369	1.23170340	1.28327155	1.53324950	1.20778799	1.48978114	1.16949320	1.25498807
0.00153580	1.41668749	1.21531057	1.27661240	1.55978668	1.21060681	1.48005831	1.18312430	1.24790990
0.00163820	1.41061366	1.23274159	1.27499235	1.53566206	1.21279478	1.48511422	1.18141985	1.25403810
0.00184300	1.40672231	1.22738445	1.27129292	1.54872990	1.19806314	1.49326909	1.17270637	1.25062215
0.00204780	1.40031374	1.22888672	1.26965654	1.53734744	1.20119858	1.48182750	1.18233848	1.24991953
0.00225260	1.40493131	1.21791101	1.26929379	1.52850831	1.20658171	1.48240590	1.17813933	1.24780965
0.00245740	1.39573741	1.23444641	1.27010584	1.55626488	1.19657016	1.49822533	1.17714190	1.24957216
0.00266220	1.41471875	1.22998881	1.27861655	1.54027307	1.20844972	1.47591937	1.18031073	1.24981070
0.00286700	1.40196800	1.22132647	1.28013575	1.53890991	1.20206559	1.49103200	1.17456758	1.25054598
0.00307180	1.40107203	1.23418021	1.28037536	1.52552629	1.20731354	1.47922671	1.18304992	1.25446045
0.00327660	1.40533006	1.23594594	1.28292704	1.55086541	1.20290840	1.47737336	1.17710531	1.24842763
0.00368620	1.39000523	1.21987164	1.27544332	1.53386784	1.20520854	1.47745597	1.17411065	1.25134802
0.00409580	1.39919233	1.22581100	1.27225101	1.53472149	1.19938433	1.47893739	1.16574240	1.25063145
0.00450540	1.40498090	1.22845280	1.27146530	1.54238081	1.19945812	1.48889267	1.17286396	1.25111544
0.00491500	1.39687610	1.22329867	1.27152216	1.53896511	1.20870197	1.49174964	1.17679691	1.24910593
0.00532460	1.39996588	1.23227322	1.26948404	1.53858304	1.19860327	1.47107959	1.17395437	1.24853814
0.00573420	1.39591062	1.23288965	1.27734876	1.52292681	1.20400679	1.46436286	1.16657484	1.24340737
0.00614380	1.40795434	1.22372162	1.27099085	1.53143978	1.20902991	1.47262692	1.16881382	1.24857700
0.00655340	1.40106928	1.22257972	1.26583910	1.53567517	1.20229769	1.47150803	1.16921937	1.24712110
0.00737260	1.39552081	1.22663677	1.26586461	1.53360105	1.20026886	1.47523642	1.17375040	1.24566233
0.00819180	1.39200199	1.23028576	1.26822054	1.52612376	1.20376849	1.46874940	1.17082119	1.24470842
0.00901100	1.39561391	1.22224367	1.27084816	1.53705740	1.19931757	1.47927606	1.17150140	1.24428654
0.00983020	1.39857125	1.22653735	1.26833355	1.52895248	1.19789910	1.46442437	1.17000163	1.24721563
0.01064940	1.39117730	1.22107208	1.26689088	1.52960455	1.20108962	1.47572279	1.16955769	1.24637210
0.01146860	1.39899075	1.22638214	1.26759100	1.53432190	1.20302999	1.47967207	1.16923785	1.24929607
0.01228780	1.40045822	1.22437394	1.26597500	1.53481996	1.20038772	1.48214328	1.16859055	1.24602544
0.01310700	1.39407647	1.22287905	1.26886499	1.53386533	1.19993782	1.47702157	1.17060006	1.24425447
0.01474540	1.39328957	1.22307813	1.26977479	1.52639496	1.19851613	1.47697628	1.16848445	1.24336410
0.01638380	1.39374197	1.22114253	1.26514316	1.52039802	1.19835091	1.46693933	1.17040050	1.24452674
0.01802220	1.38961363	1.21880186	1.26784813	1.52706122	1.19859731	1.46799684	1.16760194	1.24409604
0.01966060	1.38868845	1.22219062	1.26807463	1.52515185	1.19986427	1.46950197	1.16934764	1.24275625
0.02129900	1.39367974	1.22209144	1.26557720	1.52923310	1.19885325	1.46388435	1.16900229	1.24405897
0.02293740	1.39082420	1.22348225	1.27131844	1.52591598	1.20153368	1.48256814	1.16955090	1.24267483
0.02457580	1.39030433	1.22194910	1.27047253	1.52931416	1.19801319	1.46761870	1.16929615	1.24385285
0.02621420	1.38724017	1.22112978	1.27072644	1.53017366	1.19880366	1.47114515	1.17055583	1.24391901
0.02949100	1.38861954	1.22113657	1.26669788	1.52841139	1.19618702	1.47038925	1.16646957	1.24168825
0.03276780	1.39173245	1.22357929	1.26512098	1.52945948	1.19718599	1.46966040	1.16613424	1.24218071
0.03604460	1.39087427	1.22235119	1.26660442	1.52605045	1.19804180	1.47423971	1.16864741	1.24131644
0.03932140	1.39353240	1.22272551	1.26650119	1.52819967	1.19838583	1.47193635	1.16660988	1.24145782
0.04259820	1.39130425	1.22374308	1.26762962	1.52833295	1.19623220	1.47191191	1.17045045	1.24302161
0.04587500	1.39273369	1.22069705	1.26675415	1.52995563	1.19509113	1.47298849	1.16834247	1.24239600
0.04915180	1.39358163	1.22163916	1.26822639	1.52708459	1.19891250	1.47419453	1.16782296	1.24326098
0.05242860	1.39572418	1.22431958	1.26652265	1.53065765	1.19808006	1.47285926	1.16851592	1.24328172
0.05898220	1.38881564	1.22010970	1.26686990	1.52607965	1.19528639	1.46890974	1.16715872	1.24093652
0.06553581	1.39020467	1.21946859	1.26637495	1.52936816	1.19561172	1.46929538	1.16628551	1.24146628
0.07208940	1.39028764	1.22147954	1.26668870	1.52743840	1.19758093	1.47104537	1.16604912	1.24181795
0.07864300	1.39206028	1.22014797	1.26759231	1.52857411	1.19742358	1.47225845	1.16720045	1.24228787
0.08519660	1.38929558	1.21923113	1.26852512	1.52978110	1.19607735	1.47568488	1.16694796	1.24271441
0.09175020	1.39277697	1.22094405	1.26870000	1.53146589	1.19733751	1.47328115	1.16705716	1.24297178
0.09830380	1.39253020	1.22285295	1.26930296	1.53298783	1.19808578	1.47445035	1.16788721	1.24278748
0.10485740	1.39340305	1.22183025	1.27064359	1.53077495	1.19701731	1.47269487	1.16861916	1.24324524
0.11796460	1.39666724	1.22426641	1.27286041	1.53724349	1.19992578	1.47756481	1.16985679	1.24578774
0.13107181	1.39459634	1.22207940	1.27129328	1.53404939	1.19840407	1.47658575	1.16746294	1.24354315
0.14417900	1.38918877	1.21923792	1.27043271	1.53119922	1.19659173	1.47322655	1.16499138	1.24190724
0.15728620	1.38733125	1.21629143	1.26769662	1.52812660	1.19465399	1.47047317	1.16318166	1.23987663
0.17039341	1.38644791	1.21510231	1.26715648	1.52932107	1.19232666	1.46958327	1.16095066	1.23744750
0.18350060	1.38229668	1.21162128	1.26463604	1.52657104	1.19044256	1.46812010	1.15971923	1.23445749
0.19660780	1.37988877	1.20858920	1.26113653	1.52380812	1.18749726	1.46426415	1.15647209	1.23217738
0.20971501	1.37837946	1.20577073	1.25985122	1.52021062	1.18674588	1.46375477	1.15368593	1.23042011
0.23592941	1.37540948	1.20290184	1.25606358	1.51706433	1.18204749	1.45908701	1.15047097	1.22629857
0.26214382	1.37046301	1.19711053	1.25277984	1.51339710	1.17761087	1.45433581	1.14516115	1.22189915
0.28835821	1.36568534	1.19294977	1.24936306	1.50796092	1.17296350	1.44977844	1.14169466	1.21674550
0.31457260	1.36053514	1.18962705	1.24503052	1.50270224	1.16880107	1.44614792	1.13636088	1.21178341
0.34078699	1.35568631	1.18471730	1.24064302	1.49744868	1.16429591	1.43988502	1.13181531	1.20642340
0.36700141	1.35163534	1.17988670	1.23610556	1.49504685	1.15888464	1.43638396	1.12720823	1.20069504
0.39321581	1.34523547	1.17583919	1.23261261	1.48807478	1.15388715	1.43045843	1.12203991	1.19468462
0.41943020	1.34145784	1.17162728	1.22762692	1.48257005	1.14973187	1.42777598	1.11724067	1.18867600
0.47185901	1.32694924	1.15792251	1.21426439	1.46906745	1.13532436	1.41239953	1.10274160	1.17266941
0.52428782	1.31744874	1.14767659	1.20535958	1.45838940	1.12575746	1.40278006	1.09309709	1.16151130
0.57671660	1.30778515	1.13799775	1.19674861	1.44857240	1.11672246	1.39157546	1.08273244	1.15025437
0.62914538	1.29797018	1.12769735	1.18808281	1.43715823	1.10771704	1.38357186	1.07434177	1.13868666
0.68157423	1.28742409	1.11803102	1.17881656	1.42600477	1.09784806	1.37304163	1.06409335	1.12637079
0.73400301	1.27784026	1.10746765	1.17119551	1.41477299	1.08810389	1.36382377	1.05483556	1.11431170
0.78643179	1.26803696	1.09757292	1.16192496	1.40376508	1.07859993	1.35182822	1.04669726	1.10268009
0.83886063	1.25923908	1.08717692	1.15139771	1.39170182	1.06786001	1.34206629	1.04390919	1.09098303
0.94371825	1.24188375	1.06716180	1.13343692	1.37186253	1.04944849	1.32579279	1.03800845	1.06697392
1.04857588	1.22114718	1.04620576	1.11265624	1.34675384	1.03714240	1.30140138	1.03270125	1.04006326
1.15343344	1.20079756	1.03842700	1.09217477	1.32206666	1.03555739	1.27976942	1.03056335	1.01382339
1.25829101	1.17885196	1.03393781	1.07918990	1.29709077	1.03541470	1.25764096	1.02814031	0.99728799
1.36314869	1.15905178	1.03146446	1.07235646	1.27209032	1.03531051	1.23508036	1.02908325	0.98487675
1.46800625	1.13529682	1.02754116	1.06655860	1.24664497	1.03539491	1.21399105	1.03308380	0.97389305
1.57286382	1.11175060	1.02647555	1.06200624	1.22104692	1.03369153	1.19222128	1.03917682	0.96687198
1.67772150	1.09042275	1.02681673	1.05904460	1.19501805	1.03181291	1.17216265	1.04613900	0.96314824
1.88743675	1.08161652	1.02557063	1.04678142	1.11352849	1.03062034	1.12566948	1.05901766	0.96048111
2.09715199	1.07925880	1.03516710	1.04764426	1.08279347	1.02752650	1.11061561	1.05841899	0.96293634
2.30686712	1.07295394	1.04733396	1.05588531	1.06929588	1.02754664	1.09726524	1.04713702	0.97181273
2.51658225	1.05672777	1.05894816	1.05939698	1.06169736	1.03201973	1.07952273	1.03373706	0.98285937
2.72629738	1.04273057	1.06502211	1.05680263	1.06225896	1.03375351	1.05863810	1.02904141	0.99353069
2.93601274	1.02614903	1.05766594	1.05355358	1.06792986	1.02975893	1.02888978	1.02761102	0.99350077
3.14572787	1.02001882	1.04204237	1.04744005	1.05861795	1.02180147	1.00645602	1.02298975	1.00333023
3.35544300	1.01143754	1.02263784	1.03144073	1.04979110	1.01731098	0.99709213	1.00874245	1.00629032
3.77487350	1.01392603	0.99687779	1.01479840	0.00000000	1.00911558	0.92921960	0.96452725	0.98181736
4.19430399	0.00000000	0.99479115	1.00589740	0.00000000	1.02494860	0.00000000	0.94111300	0.94752729
4.61373425	0.00000000	0.00000000	0.00000000	0.00000000	0.00000000	0.00000000	0.93956119	0.00000000
5.03316450	0.00000000	0.00000000	0.00000000	0.00000000	0.00000000	0.00000000	0.00000000	0.00000000
5.45259476	0.00000000	0.00000000	0.00000000	0.00000000	0.00000000	0.00000000	0.00000000	0.00000000
5.87202549	0.00000000	0.00000000	0.00000000	0.00000000	0.00000000	0.00000000	0.00000000	0.00000000
6.29145575	0.00000000	0.00000000	0.00000000	0.00000000	0.00000000	0.00000000	0.00000000	0.00000000
6.71088600	0.00000000	0.00000000	0.00000000	0.00000000	0.00000000	0.00000000	0.00000000	0.00000000
7.54974699	0.00000000	0.00000000	0.00000000	0.00000000	0.00000000	0.00000000	0.00000000	0.00000000
8.38860798	0.00000000	0.00000000	0.00000000	0.00000000	0.00000000	0.00000000	0.00000000	0.00000000
9.22746849	0.00000000	0.00000000	0.00000000	0.00000000	0.00000000	0.00000000	0.00000000	0.00000000
10.06632900	0.00000000	0.00000000	0.00000000	0.00000000	0.00000000	0.00000000	0.00000000	0.00000000
10.90518951	0.00000000	0.00000000	0.00000000	0.00000000	0.00000000	0.00000000	0.00000000	0.00000000
11.74405098	0.00000000	0.00000000	0.00000000	0.00000000	0.00000000	0.00000000	0.00000000	0.00000000
12.58291149	0.00000000	0.00000000	0.00000000	0.00000000	0.00000000	0.00000000	0.00000000	0.00000000
13.42177200	0.00000000	0.00000000	0.00000000	0.00000000	0.00000000	0.00000000	0.00000000	0.00000000
15.09949398	0.00000000	0.00000000	0.00000000	0.00000000	0.00000000	0.00000000	0.00000000	0.00000000
16.77721596	0.00000000	0.00000000	0.00000000	0.00000000	0.00000000	0.00000000	0.00000000	0.00000000
18.45493698	0.00000000	0.00000000	0.00000000	0.00000000	0.00000000	0.00000000	0.00000000	0.00000000
20.13265800	0.00000000	0.00000000	0.00000000	0.00000000	0.00000000	0.00000000	0.00000000	0.00000000
21.81037903	0.00000000	0.00000000	0.00000000	0.00000000	0.00000000	0.00000000	0.00000000	0.00000000
23.48810196	0.00000000	0.00000000	0.00000000	0.00000000	0.00000000	0.00000000	0.00000000	0.00000000
25.16582298	0.00000000	0.00000000	0.00000000	0.00000000	0.00000000	0.00000000	0.00000000	0.00000000
26.84354401	0.00000000	0.00000000	0.00000000	0.00000000	0.00000000	0.00000000	0.00000000	0.00000000
30.19898796	0.00000000	0.00000000	0.00000000	0.00000000	0.00000000	0.00000000	0.00000000	0.00000000
33.55443192	0.00000000	0.00000000	0.00000000	0.00000000	0.00000000	0.00000000	0.00000000	0.00000000
36.90987396	0.00000000	0.00000000	0.00000000	0.00000000	0.00000000	0.00000000	0.00000000	0.00000000
40.26531601	0.00000000	0.00000000	0.00000000	0.00000000	0.00000000	0.00000000	0.00000000	0.00000000
43.62075806	0.00000000	0.00000000	0.00000000	0.00000000	0.00000000	0.00000000	0.00000000	0.00000000
46.97620392	0.00000000	0.00000000	0.00000000	0.00000000	0.00000000	0.00000000	0.00000000	0.00000000
50.33164597	0.00000000	0.00000000	0.00000000	0.00000000	0.00000000	0.00000000	0.00000000	0.00000000
53.68708801	0.00000000	0.00000000	0.00000000	0.00000000	0.00000000	0.00000000	0.00000000	0.00000000
60.39797592	0.00000000	0.00000000	0.00000000	0.00000000	0.00000000	0.00000000	0.00000000	0.00000000
67.10886383	0.00000000	0.00000000	0.00000000	0.00000000	0.00000000	0.00000000	0.00000000	0.00000000
73.81974792	0.00000000	0.00000000	0.00000000	0.00000000	0.00000000	0.00000000	0.00000000	0.00000000
80.53063202	0.00000000	0.00000000	0.00000000	0.00000000	0.00000000	0.00000000	0.00000000	0.00000000
87.24151611	0.00000000	0.00000000	0.00000000	0.00000000	0.00000000	0.00000000	0.00000000	0.00000000
93.95240784	0.00000000	0.00000000	0.00000000	0.00000000	0.00000000	0.00000000	0.00000000	0.00000000
100.66329193	0.00000000	0.00000000	0.00000000	0.00000000	0.00000000	0.00000000	0.00000000	0.00000000
107.37417603	0.00000000	0.00000000	0.00000000	0.00000000	0.00000000	0.00000000	0.00000000	0.00000000
120.79595184	0.00000000	0.00000000	0.00000000	0.00000000	0.00000000	0.00000000	0.00000000	0.00000000
134.21772766	0.00000000	0.00000000	0.00000000	0.00000000	0.00000000	0.00000000	0.00000000	0.00000000
147.63949585	0.00000000	0.00000000	0.00000000	0.00000000	0.00000000	0.00000000	0.00000000	0.00000000
161.06126404	0.00000000	0.00000000	0.00000000	0.00000000	0.00000000	0.00000000	0.00000000	0.00000000
174.48303223	0.00000000	0.00000000	0.00000000	0.00000000	0.00000000	0.00000000	0.00000000	0.00000000
187.90481567	0.00000000	0.00000000	0.00000000	0.00000000	0.00000000	0.00000000	0.00000000	0.00000000
201.32658386	0.00000000	0.00000000	0.00000000	0.00000000	0.00000000	0.00000000	0.00000000	0.00000000
214.74835205	0.00000000	0.00000000	0.00000000	0.00000000	0.00000000	0.00000000	0.00000000	0.00000000
241.59190369	0.00000000	0.00000000	0.00000000	0.00000000	0.00000000	0.00000000	0.00000000	0.00000000
268.43545532	0.00000000	0.00000000	0.00000000	0.00000000	0.00000000	0.00000000	0.00000000	0.00000000
295.27899170	0.00000000	0.00000000	0.00000000	0.00000000	0.00000000	0.00000000	0.00000000	0.00000000
322.12252808	0.00000000	0.00000000	0.00000000	0.00000000	0.00000000	0.00000000	0.00000000	0.00000000
348.96606445	0.00000000	0.00000000	0.00000000	0.00000000	0.00000000	0.00000000	0.00000000	0.00000000
375.80963135	0.00000000	0.00000000	0.00000000	0.00000000	0.00000000	0.00000000	0.00000000	0.00000000
402.65316772	0.00000000	0.00000000	0.00000000	0.00000000	0.00000000	0.00000000	0.00000000	0.00000000
429.49670410	0.00000000	0.00000000	0.00000000	0.00000000	0.00000000	0.00000000	0.00000000	0.00000000
483.18380737	0.00000000	0.00000000	0.00000000	0.00000000	0.00000000	0.00000000	0.00000000	0.00000000
536.87091064	0.00000000	0.00000000	0.00000000	0.00000000	0.00000000	0.00000000	0.00000000	0.00000000
590.55798340	0.00000000	0.00000000	0.00000000	0.00000000	0.00000000	0.00000000	0.00000000	0.00000000
644.24505615	0.00000000	0.00000000	0.00000000	0.00000000	0.00000000	0.00000000	0.00000000	0.00000000
697.93212891	0.00000000	0.00000000	0.00000000	0.00000000	0.00000000	0.00000000	0.00000000	0.00000000
751.61926270	0.00000000	0.00000000	0.00000000	0.00000000	0.00000000	0.00000000	0.00000000	0.00000000
805.30633545	0.00000000	0.00000000	0.00000000	0.00000000	0.00000000	0.00000000	0.00000000	0.00000000
858.99340820	0.00000000	0.00000000	0.00000000	0.00000000	0.00000000	0.00000000	0.00000000	0.00000000
966.36761475	0.00000000	0.00000000	0.00000000	0.00000000	0.00000000	0.00000000	0.00000000	0.00000000
1073.74182129	0.00000000	0.00000000	0.00000000	0.00000000	0.00000000	0.00000000	0.00000000	0.00000000
1181.11596680	0.00000000	0.00000000	0.00000000	0.00000000	0.00000000	0.00000000	0.00000000	0.00000000
1288.49011230	0.00000000	0.00000000	0.00000000	0.00000000	0.00000000	0.00000000	0.00000000	0.00000000
1395.86425781	0.00000000	0.00000000	0.00000000	0.00000000	0.00000000	0.00000000	0.00000000	0.00000000
1503.23852539	0.00000000	0.00000000	0.00000000	0.00000000	0.00000000	0.00000000	0.00000000	0.00000000
1610.61267090	0.00000000	0.00000000	0.00000000	0.00000000	0.00000000	0.00000000	0.00000000	0.00000000
1717.98681641	0.00000000	0.00000000	0.00000000	0.00000000	0.00000000	0.00000000	0.00000000	0.00000000
1932.73522949	0.00000000	0.00000000	0.00000000	0.00000000	0.00000000	0.00000000	0.00000000	0.00000000
2147.48364258	0.00000000	0.00000000	0.00000000	0.00000000	0.00000000	0.00000000	0.00000000	0.00000000
2362.23193359	0.00000000	0.00000000	0.00000000	0.00000000	0.00000000	0.00000000	0.00000000	0.00000000
2576.98022461	0.00000000	0.00000000	0.00000000	0.00000000	0.00000000	0.00000000	0.00000000	0.00000000
2791.72851562	0.00000000	0.00000000	0.00000000	0.00000000	0.00000000	0.00000000	0.00000000	0.00000000
3006.47705078	0.00000000	0.00000000	0.00000000	0.00000000	0.00000000	0.00000000	0.00000000	0.00000000
3221.22534180	0.00000000	0.00000000	0.00000000	0.00000000	0.00000000	0.00000000	0.00000000	0.00000000
3435.97363281	0.00000000	0.00000000	0.00000000	0.00000000	0.00000000	0.00000000	0.00000000	0.00000000
0	0	0	0	0	0	0	0	0
