%6/14/2015 11:36:09 AM
%Duration	ID1		ID2		ID3		ID4		ID5		ID6		ID7		ID8
3000.000000	23.679733	19.302368	20.427704	19.826889	22.554398	18.920898	21.305084	130.653381
%Tau		Tau1		Tau2		Tau3		Tau4		Tau5		Tau6		Tau7		Tau8
%		0.000025	0.000016	0.000014	0.000017	0.000022	0.000024	0.000014	0.000128
%Delaytime	D1		D2		D3		D4		D5		D6		D7		D8
0.00000000	2.01369429	4.84420204	4.46676445	4.33014059	3.38203597	2.46260691	3.18596458	1.82352567
0.00000020	1.47031641	1.87202668	1.69851375	1.82036316	1.75389338	1.48948002	1.84607291	1.48957574
0.00000040	1.57259929	1.42841852	1.45353580	1.41755939	1.34354854	1.44976056	1.68975222	1.46548271
0.00000060	1.49588716	1.52601230	1.59235656	1.47178304	1.46929944	1.44976056	1.42177391	1.46003568
0.00000080	1.55342126	1.34856904	1.56785882	1.35558963	1.35016704	1.43983066	1.48876846	1.45416951
0.00000100	1.50227988	1.40180206	1.39637423	1.54149902	1.36340392	1.31074250	1.43666160	1.45563602
0.00000120	1.48949444	1.47277927	1.19222593	1.44854426	1.37664092	1.41997099	1.45899308	1.48852825
0.00000140	1.42556763	1.49939585	1.36371052	1.44079804	1.43620706	1.45969045	1.42177391	1.47721493
0.00000160	1.41917503	1.36631334	1.45353580	1.73515463	1.55533946	1.54905927	1.50365615	1.46401620
0.00000180	1.46392369	1.45503497	1.29021716	1.41755939	1.47591782	1.57884884	1.42177391	1.47616744
0.00000200	1.56620657	1.34856904	1.37187648	1.57248390	1.58843172	1.41004109	1.25800931	1.47407246
0.00000220	1.46392369	1.24210310	1.45353580	1.24714243	1.55533946	1.42990088	1.67486453	1.47491038
0.00000240	1.34885550	1.40180206	1.47803354	1.58797634	1.48915482	1.51926970	1.50365615	1.44914138
0.00000260	1.44474566	1.53488445	1.44536984	1.42530560	1.26412690	1.34053206	1.36222315	1.45416951
0.00000280	1.34885550	1.35744119	1.45353580	1.51051414	1.49577320	1.46962035	1.48132467	1.44285631
0.00000300	1.29771411	1.44616282	1.44536984	1.41755939	1.36340392	1.41004109	1.30267239	1.42085826
0.00000340	1.43835306	1.41511023	1.17997706	1.34009719	1.44944394	1.46962035	1.32872581	1.43866622
0.00000380	1.46392369	1.41067421	1.36779356	1.39819384	1.50239170	1.43486583	1.45899308	1.45856905
0.00000420	1.44154942	1.35300505	1.35554457	1.38657451	1.45275319	1.55898917	1.28406274	1.46066415
0.00000460	1.46072745	1.44616282	1.41678905	1.45629048	1.33031166	1.44976056	1.44410539	1.44840813
0.00000500	1.35205185	1.35744119	1.42087209	1.45629048	1.51231945	1.42990088	1.43666160	1.45731211
0.00000540	1.34885550	1.39736593	1.31879795	1.34784341	1.32369316	1.53416443	1.49621236	1.43719971
0.00000580	1.55661762	1.38849378	1.24122155	1.36333585	1.33693004	1.52423453	1.51109993	1.44338000
0.00000620	1.38401520	1.34413290	1.21264076	1.32073152	1.49577320	1.50437486	1.39572048	1.41509700
0.00000700	1.43355846	1.35522318	1.43516243	1.40400350	1.34851241	1.29336512	1.44968832	1.44233251
0.00000780	1.43036222	1.39958394	1.36983502	1.32073152	1.37167704	1.39266384	1.47946370	1.43751395
0.00000860	1.41597867	1.42398238	1.32492232	1.32460463	1.31707466	1.28095281	1.31756008	1.44809389
0.00000940	1.32967746	1.40402007	1.31675649	1.36333585	1.38160467	1.40011120	1.34919643	1.43353331
0.00001020	1.42556763	1.38849378	1.26980233	1.31685841	1.30052853	1.40011120	1.31197727	1.43578553
0.00001100	1.28812504	1.34635103	1.32083941	1.26844454	1.41469705	1.41004109	1.36408412	1.45490277
0.00001180	1.34406102	1.34635103	1.29430008	1.34397030	1.40311468	1.34053206	1.40874720	1.43023360
0.00001260	1.33127558	1.38405764	1.35350311	1.29361975	1.30714703	1.31322491	1.37338889	1.43164778
0.00001420	1.33367288	1.34635103	1.27898896	1.34590685	1.38160467	1.22385609	1.40409482	1.41884184
0.00001580	1.31129849	1.25541127	1.26674008	1.31201708	1.28067315	1.27598786	1.23102546	1.40907371
0.00001740	1.26415253	1.23433995	1.29430008	1.28974664	1.31459272	1.28715897	1.32500398	1.41253054
0.00001900	1.28572774	1.28424585	1.12996078	1.21809411	1.30052853	1.32067227	1.26917517	1.41135204
0.00002060	1.23139000	1.24099398	1.30348682	1.29265153	1.23765314	1.27474666	1.24033022	1.40213382
0.00002220	1.25376439	1.21992266	1.17589414	1.26747632	1.21862495	1.23130345	1.25428748	1.40043163
0.00002380	1.23059094	1.20661438	1.21264076	1.24617410	1.28398240	1.17917168	1.26266170	1.41043544
0.00002540	1.16826224	1.17777979	1.15854156	1.19872856	1.20538807	1.17544806	1.24498260	1.38128817
0.00002860	1.18871295	1.18169856	1.14738631	1.21426463	1.19777763	1.18121457	1.15753543	1.37910104
0.00003180	1.19630730	1.15351021	1.12450981	1.12367666	1.17221403	1.22942746	1.18442249	1.36764574
0.00003500	1.17032671	1.14245594	1.14535284	1.17137980	1.10789275	1.15772629	1.17236972	1.35474539
0.00003820	1.14314699	1.14743042	1.12501812	1.11018479	1.12809622	1.11878514	1.14131045	1.34590065
0.00004140	1.08239233	1.10376608	1.12603486	1.14102328	1.13757944	1.10085988	1.13482046	1.33733559
0.00004460	1.09398365	1.13305986	1.12145960	1.09717476	1.11902523	1.08973384	1.11581409	1.34012055
0.00004780	1.10036266	1.12698007	1.09959972	1.05814481	1.07738137	1.08231640	1.15892613	1.32843840
0.00005100	1.07518184	1.05125844	1.07316458	1.10729373	1.12644696	1.06871796	1.08707273	1.31519663
0.00005740	1.06429136	1.09894466	1.07557762	1.06582248	1.07352257	1.06991541	1.09921753	1.30590439
0.00006380	1.06748807	1.06214726	1.09972787	1.03110671	1.05456233	1.05908632	1.07511497	1.29023325
0.00007020	1.08387101	1.04361010	1.00516045	1.04846454	1.03601420	1.05351710	1.08322644	1.26777112
0.00007660	1.04251409	1.05108035	1.02880228	1.03785694	1.05724144	1.01917338	1.05101240	1.26077700
0.00008300	1.04231429	1.03613997	1.03744555	1.01567745	1.02653408	1.04054129	1.03502119	1.24234664
0.00008940	1.01374400	1.04637682	0.99117869	1.00820386	1.04817355	1.03002143	1.02018881	1.22978854
0.00009580	1.03392303	1.02313638	1.03542912	0.98964059	1.02570975	1.02907419	1.01649690	1.22520876
0.00010220	1.02053702	1.01234603	1.01560009	0.99663198	1.02117574	1.00803483	1.03550124	1.20935047
0.00011500	1.00489461	1.02998269	1.01741326	1.02406466	1.00573671	1.00262344	1.01065350	1.19707644
0.00012780	0.99420214	1.04160833	0.99923158	1.01212609	1.02005291	0.98914975	1.01389992	1.17598522
0.00014060	0.99739993	0.99593592	0.99883348	0.98693848	1.01201940	0.99999058	0.98584229	1.15760422
0.00015340	0.99160397	1.00340962	1.01154780	1.02153230	1.01119542	0.98744619	1.02189982	1.14923370
0.00016620	1.00459492	1.01420486	1.00962389	1.01224673	1.00892961	1.01501298	1.00197387	1.13203418
0.00017900	1.00499463	1.02112496	0.99589264	0.98402822	1.00089598	1.00184906	1.00406086	1.11758995
0.00019180	1.00371027	1.00825369	1.01114953	1.01333201	1.02437866	0.98140633	1.01265669	1.11017752
0.00020460	1.00519443	0.99275273	1.01418400	0.99331379	0.98750681	1.00587559	1.00558412	1.10088170
0.00023020	1.01691639	1.00559366	1.00289822	1.00938797	0.98360050	0.99793255	1.00158203	1.08561182
0.00025580	0.99599212	0.99659353	1.00582325	0.99868244	0.99482751	1.00714183	1.01072967	1.07000363
0.00028140	1.00578713	0.99721664	1.00531447	0.99862206	0.98128301	0.99907500	1.00469792	1.05701244
0.00030700	0.99920523	0.99706084	1.00730252	1.00770831	1.00780559	1.00774240	0.98184675	1.04674482
0.00033260	0.99245858	1.01646316	1.00685740	1.00185061	0.99220103	1.00472426	0.99791217	1.04058516
0.00035820	1.00505233	0.98697031	0.98700142	0.99671757	0.99045002	0.99328917	0.99611425	1.03386569
0.00038380	0.99040961	1.00531673	1.00288153	1.00035715	1.00837207	1.00567138	0.99878216	1.02815795
0.00040940	0.99168825	0.99333966	0.98965561	1.00322330	1.00626051	1.00528455	0.99033022	1.02204621
0.00046060	0.99336249	0.99607432	1.00241959	0.99629700	0.99232900	1.00114036	1.00533080	1.01797163
0.00051180	0.99968451	1.00425458	0.99004400	0.99389541	0.99962914	0.99823803	1.01099145	1.01587653
0.00056300	1.00206864	0.99410272	0.99769592	1.00597346	0.99331868	1.01499403	1.00489533	1.00847077
0.00061420	1.00850546	1.01006603	0.99750507	0.99505901	0.99984175	1.01238275	1.00686932	1.00457025
0.00066540	1.00972986	1.00954664	1.00253165	0.99916553	1.00360644	0.99233782	0.99911857	1.00181603
0.00071660	0.99307728	1.00861275	1.01207602	1.01073039	1.00225627	1.00301814	0.99741906	1.00023603
0.00076780	1.00394738	0.98562825	1.00585711	0.99993443	0.99008417	0.99411786	1.00505352	0.99946547
0.00081900	1.00553656	0.99258077	0.99971688	1.00419188	0.99373758	0.99899364	1.00628579	1.00012565
0.00092140	1.00210547	1.00160837	0.99751872	0.99841118	0.99000323	0.99578637	0.99879712	1.00138080
0.00102380	1.00613749	1.00197160	0.99521053	1.00155461	0.99603808	1.00344932	0.99325180	0.99909127
0.00112620	0.99915498	0.99920452	1.00017703	0.98996115	0.99861419	0.99475849	1.00010359	0.99986619
0.00122860	0.99982679	1.00530934	0.99688196	0.99280238	1.00917614	0.99497026	1.00373566	0.99894273
0.00133100	1.00802004	1.00503266	0.99557531	1.00149405	1.00363076	0.99309289	1.00994897	1.00063157
0.00143340	0.99867719	0.99778634	0.99979424	0.99983001	1.00384998	0.99518317	0.99875909	1.00344169
0.00153580	1.00224745	0.99968857	1.00335908	1.01085198	0.99941760	0.99591863	0.99984652	1.00041544
0.00163820	1.00161076	0.99498475	0.99806064	1.00699449	0.99615413	0.99416286	1.00130105	1.00195372
0.00184300	1.00601232	0.99521506	0.99483705	0.99796414	1.00735247	0.99903828	0.99515796	1.00421894
0.00204780	1.00161934	1.00328553	0.99822766	0.99654818	0.99724913	1.00334835	1.00174606	1.00247407
0.00225260	1.00205851	0.99551862	0.99509114	1.00422716	1.00437319	1.00363886	1.00167179	0.99923933
0.00245740	1.00144696	0.99994802	1.00054419	0.99607086	0.99701244	1.00387907	0.99885875	0.99806064
0.00266220	1.00209033	1.00482810	0.99977130	0.99987143	0.99658918	0.99726415	1.00481617	0.99957824
0.00286700	1.00403965	1.00108325	1.00738418	1.00385785	1.00091887	1.00297570	1.00268137	0.99884278
0.00307180	1.00124562	1.00944602	0.99806118	0.99787992	1.00276220	1.00037646	0.99988776	0.99769002
0.00327660	1.00135565	1.00132537	1.00023377	0.99922681	1.00128913	1.00038421	1.00134993	0.99782425
0.00368620	0.99873251	0.99640262	1.00110865	0.99822670	0.99748474	0.99908233	1.00174963	1.00054634
0.00409580	0.99826193	0.99888223	0.99779212	0.99794531	0.99711806	1.00182343	1.00002301	0.99700820
0.00450540	0.99784881	0.99916399	1.00363624	1.00210083	1.00042057	0.99628735	1.00092196	0.99833006
0.00491500	0.99560618	1.00099766	1.00190187	1.00068474	0.99815887	0.99473065	1.00068355	0.99836034
0.00532460	0.99996209	1.00079823	0.99613380	0.99856907	1.00115073	0.99787050	0.99994892	1.00292730
0.00573420	0.99959922	1.00073755	1.00000358	1.00034416	1.00518966	1.00122583	1.00321722	1.00154817
0.00614380	0.99902713	1.00197768	0.99892879	1.00431371	1.00029075	0.99799335	0.99976498	0.99838680
0.00655340	0.99804389	0.99993163	0.99836457	1.00655663	0.99949312	1.00165486	0.99596846	0.99828637
0.00737260	0.99911499	0.99949902	0.99832845	1.00390315	1.00128770	0.99865043	0.99979365	0.99923486
0.00819180	1.00180304	0.99818587	0.99829131	1.00391638	0.99908507	1.00042188	1.00143600	0.99983108
0.00901100	0.99995035	1.00084853	1.00038695	1.00588918	1.00225270	1.00076354	0.99814939	0.99911839
0.00983020	0.99900794	0.99972218	0.99864495	1.00149560	0.99868047	1.00102043	1.00178277	1.00057197
0.01064940	1.00086331	0.99842650	0.99827510	1.00119138	0.99957085	0.99995404	1.00017810	0.99868768
0.01146860	1.00084472	0.99984801	1.00061643	1.00491738	0.99901652	1.00213540	0.99974769	0.99871641
0.01228780	1.00011098	0.99847215	1.00106955	0.99806231	1.00188541	1.00095963	1.00098157	0.99884725
0.01310700	1.00072336	0.99688601	0.99953264	1.00390649	1.00351226	1.00049973	1.00402522	0.99673569
0.01474540	0.99976850	1.00206077	0.99841887	1.00126863	0.99923539	0.99975467	1.00118113	0.99819696
0.01638380	1.00125241	1.00206685	0.99867487	1.00084734	1.00285017	1.00027013	1.00091469	1.00120449
0.01802220	1.00147676	1.00032675	0.99758804	1.00435805	1.00124133	0.99973810	1.00014365	1.00306571
0.01966060	1.00179970	0.99912888	1.00113881	1.00349140	0.99887860	1.00073469	1.00047278	0.99848229
0.02129900	1.00091612	0.99997163	1.00094283	1.00183594	0.99893022	1.00056708	1.00151241	0.99974787
0.02293740	0.99875355	0.99864233	0.99933964	1.00338876	0.99895418	0.99866927	0.99925590	1.00359070
0.02457580	1.00107825	1.00018334	1.00251114	1.00010729	0.99819607	1.00212610	0.99978572	0.99745762
0.02621420	0.99991381	0.99992335	1.00105202	1.00104928	0.99997789	0.99877590	1.00141764	1.00054848
0.02949100	1.00099957	0.99892110	0.99994427	1.00247622	1.00134027	1.00157118	0.99893290	1.00078857
0.03276780	1.00099492	1.00089741	1.00123560	1.00053012	0.99985361	1.00258982	1.00062299	0.99795979
0.03604460	1.00155234	1.00002980	0.99910814	1.00196934	0.99910063	0.99914825	1.00183213	1.00041866
0.03932140	0.99852216	1.00039721	0.99837327	1.00307941	0.99836195	0.99910975	1.00093830	0.99949187
0.04259820	1.00068831	1.00155842	1.00130999	1.00263870	0.99955767	1.00144660	1.00068998	1.00015378
0.04587500	1.00034535	0.99948591	0.99908507	1.00019801	1.00117922	0.99943417	1.00033474	0.99927360
0.04915180	0.99991339	1.00050890	1.00124550	1.00145495	1.00243700	0.99971080	0.99936539	1.00064969
0.05242860	1.00059903	1.00052691	0.99956280	1.00086105	0.99963939	0.99789941	1.00103474	1.00074899
0.05898220	1.00080585	1.00032187	1.00070906	1.00135827	0.99842989	1.00037694	1.00096583	1.00067937
0.06553581	1.00074160	1.00024426	1.00003397	1.00125802	1.00124824	1.00054812	1.00030637	0.99937761
0.07208940	1.00096321	1.00091481	1.00022304	1.00172079	0.99870765	0.99903768	1.00094628	0.99954933
0.07864300	1.00088346	0.99986625	1.00128782	1.00110126	1.00070131	1.00056875	1.00033402	0.99971175
0.08519660	0.99949431	1.00084686	0.99990386	1.00008810	1.00013781	1.00016856	1.00011384	1.00074267
0.09175020	1.00110412	0.99906135	1.00006795	1.00151062	1.00046790	0.99933451	1.00086975	0.99962062
0.09830380	1.00041628	1.00063467	1.00040221	1.00167847	1.00063872	1.00023973	0.99926674	0.99941510
0.10485740	1.00095904	1.00128019	1.00169754	1.00081968	0.99922431	1.00052190	1.00070560	0.99997163
0.11796460	1.00019884	1.00108361	1.00023627	1.00106442	1.00010026	0.99997687	1.00068772	0.99979234
0.13107181	1.00016356	1.00035000	1.00054038	1.00113881	1.00032926	1.00034142	1.00115478	0.99968147
0.14417900	1.00097454	0.99998939	1.00020051	1.00028384	1.00008845	1.00049019	1.00032985	1.00000310
0.15728620	1.00058973	1.00026894	1.00009882	1.00045061	0.99996066	0.99993455	1.00125182	1.00014901
0.17039341	1.00084281	0.99988306	1.00033736	1.00146091	1.00003386	1.00012970	1.00119722	1.00065124
0.18350060	0.99962348	1.00006104	1.00027728	1.00034690	1.00052679	1.00025809	1.00087821	0.99917477
0.19660780	1.00095391	1.00000644	1.00002980	1.00035203	1.00062156	0.99936163	1.00018764	1.00080788
0.20971501	1.00034153	1.00005007	1.00005174	1.00101745	0.99959666	0.99974555	1.00062764	1.00066507
0.23592941	1.00043428	1.00057828	1.00036728	1.00029266	0.99982589	1.00021005	0.99985081	0.99995083
0.26214382	1.00018942	0.99965543	1.00049102	1.00028062	1.00072336	1.00005293	1.00034440	0.99990869
0.28835821	1.00039077	1.00031018	1.00000072	1.00077999	0.99983203	0.99970675	1.00022566	1.00000179
0.31457260	0.99996817	1.00010741	0.99987781	1.00117111	0.99995005	1.00036430	1.00053871	0.99941552
0.34078699	1.00027478	1.00000226	1.00029635	1.00032640	0.99983007	0.99990779	1.00019765	0.99993777
0.36700141	1.00004125	0.99982738	0.99976021	1.00046146	1.00027394	1.00046289	0.99939764	0.99978977
0.39321581	1.00011849	0.99979872	0.99989986	1.00097418	1.00029111	1.00113249	1.00010359	0.99977982
0.41943020	1.00023258	0.99960738	1.00021696	1.00081289	0.99985218	1.00084984	0.99965972	0.99995464
0.47185901	0.99991655	0.99963927	1.00004363	1.00038159	0.99996078	1.00001776	1.00012648	0.99994928
0.52428782	0.99980974	1.00007594	1.00014436	1.00007582	0.99993140	1.00029004	1.00031614	0.99961418
0.57671660	1.00020814	0.99973780	0.99978334	0.99967366	1.00041080	1.00022840	0.99992806	0.99959970
0.62914538	1.00007355	0.99972922	1.00003719	0.99977845	0.99986547	0.99976426	0.99948585	0.99980813
0.68157423	0.99993783	0.99986589	0.99956822	0.99953943	0.99998379	1.00034451	0.99994290	1.00036335
0.73400301	0.99976861	1.00001097	1.00029707	0.99951208	1.00031483	0.99953938	0.99999213	1.00030005
0.78643179	1.00024223	1.00010204	0.99968046	0.99961579	0.99959463	0.99993700	0.99943089	0.99999493
0.83886063	1.00012863	1.00008941	0.99982208	1.00008678	1.00015819	0.99996752	1.00007868	0.99997473
0.94371825	1.00016844	1.00001872	0.99980128	0.99948359	0.99991393	1.00020254	0.99973291	1.00008643
1.04857588	1.00014746	1.00004292	0.99976641	0.99982619	1.00010467	0.99996489	1.00019360	0.99997658
1.15343344	0.99974549	0.99986619	0.99981558	0.99992371	1.00001514	1.00012136	0.99952203	1.00009716
1.25829101	0.99990416	0.99989814	0.99995404	0.99973094	0.99982256	0.99990690	1.00007868	0.99960381
1.36314869	1.00000012	0.99994349	0.99998969	0.99950975	0.99958676	1.00023544	0.99942082	0.99983597
1.46800625	1.00007176	0.99994600	1.00031149	1.00011539	0.99973536	0.99996024	0.99982715	0.99999511
1.57286382	0.99990010	0.99977547	1.00013113	0.99982572	1.00017726	1.00009096	1.00004172	1.00000477
1.67772150	0.99962032	0.99999303	1.00004578	1.00037134	1.00008070	1.00017726	0.99988818	1.00014997
1.88743675	0.99982339	1.00001156	1.00017393	1.00055659	1.00011826	1.00019920	1.00007212	1.00013268
2.09715199	0.99974644	0.99982017	1.00038135	1.00056565	0.99981427	1.00025237	0.99996227	0.99989605
2.30686712	1.00013542	0.99996150	0.99988800	1.00023377	0.99987322	0.99978548	0.99998671	0.99977565
2.51658225	0.99991095	0.99988002	0.99975687	0.99974501	0.99993134	1.00004292	1.00019407	0.99999690
2.72629738	0.99980807	1.00007439	0.99990219	0.99926794	1.00015414	0.99990880	1.00016141	1.00023139
2.93601274	1.00022197	0.99974775	0.99992353	0.99988639	0.99973029	0.99999690	0.99977124	1.00013363
3.14572787	0.99991417	0.99996632	0.99990416	0.99970579	0.99997371	1.00017095	0.99915886	0.99979937
3.35544300	1.00026608	0.99983096	1.00015199	1.00050604	1.00001800	0.99991381	0.99956858	0.99989510
3.77487350	1.00018418	1.00028014	1.00004959	1.00022316	0.99995047	1.00005710	1.00000024	0.99990600
4.19430399	0.99970788	0.99994552	1.00054002	1.00027299	1.00003326	1.00008273	0.99995053	1.00018322
4.61373425	0.99998134	1.00001645	0.99940383	0.99980456	0.99997032	1.00000179	1.00011420	0.99988949
5.03316450	1.00000000	1.00000000	1.00000000	1.00000000	1.00000000	1.00000000	1.00000000	1.00000000
5.45259476	0.00000000	0.00000000	0.00000000	0.00000000	0.00000000	0.00000000	0.00000000	0.00000000
5.87202549	0.00000000	0.00000000	0.00000000	0.00000000	0.00000000	0.00000000	0.00000000	0.00000000
6.29145575	0.00000000	0.00000000	0.00000000	0.00000000	0.00000000	0.00000000	0.00000000	0.00000000
6.71088600	0.00000000	0.00000000	0.00000000	0.00000000	0.00000000	0.00000000	0.00000000	0.00000000
7.54974699	0.00000000	0.00000000	0.00000000	0.00000000	0.00000000	0.00000000	0.00000000	0.00000000
8.38860798	0.00000000	0.00000000	0.00000000	0.00000000	0.00000000	0.00000000	0.00000000	0.00000000
9.22746849	0.00000000	0.00000000	0.00000000	0.00000000	0.00000000	0.00000000	0.00000000	0.00000000
10.06632900	0.00000000	0.00000000	0.00000000	0.00000000	0.00000000	0.00000000	0.00000000	0.00000000
10.90518951	0.00000000	0.00000000	0.00000000	0.00000000	0.00000000	0.00000000	0.00000000	0.00000000
11.74405098	0.00000000	0.00000000	0.00000000	0.00000000	0.00000000	0.00000000	0.00000000	0.00000000
12.58291149	0.00000000	0.00000000	0.00000000	0.00000000	0.00000000	0.00000000	0.00000000	0.00000000
13.42177200	0.00000000	0.00000000	0.00000000	0.00000000	0.00000000	0.00000000	0.00000000	0.00000000
15.09949398	0.00000000	0.00000000	0.00000000	0.00000000	0.00000000	0.00000000	0.00000000	0.00000000
16.77721596	0.00000000	0.00000000	0.00000000	0.00000000	0.00000000	0.00000000	0.00000000	0.00000000
18.45493698	0.00000000	0.00000000	0.00000000	0.00000000	0.00000000	0.00000000	0.00000000	0.00000000
20.13265800	0.00000000	0.00000000	0.00000000	0.00000000	0.00000000	0.00000000	0.00000000	0.00000000
21.81037903	0.00000000	0.00000000	0.00000000	0.00000000	0.00000000	0.00000000	0.00000000	0.00000000
23.48810196	0.00000000	0.00000000	0.00000000	0.00000000	0.00000000	0.00000000	0.00000000	0.00000000
25.16582298	0.00000000	0.00000000	0.00000000	0.00000000	0.00000000	0.00000000	0.00000000	0.00000000
26.84354401	0.00000000	0.00000000	0.00000000	0.00000000	0.00000000	0.00000000	0.00000000	0.00000000
30.19898796	0.00000000	0.00000000	0.00000000	0.00000000	0.00000000	0.00000000	0.00000000	0.00000000
33.55443192	0.00000000	0.00000000	0.00000000	0.00000000	0.00000000	0.00000000	0.00000000	0.00000000
36.90987396	0.00000000	0.00000000	0.00000000	0.00000000	0.00000000	0.00000000	0.00000000	0.00000000
40.26531601	0.00000000	0.00000000	0.00000000	0.00000000	0.00000000	0.00000000	0.00000000	0.00000000
43.62075806	0.00000000	0.00000000	0.00000000	0.00000000	0.00000000	0.00000000	0.00000000	0.00000000
46.97620392	0.00000000	0.00000000	0.00000000	0.00000000	0.00000000	0.00000000	0.00000000	0.00000000
50.33164597	0.00000000	0.00000000	0.00000000	0.00000000	0.00000000	0.00000000	0.00000000	0.00000000
53.68708801	0.00000000	0.00000000	0.00000000	0.00000000	0.00000000	0.00000000	0.00000000	0.00000000
60.39797592	0.00000000	0.00000000	0.00000000	0.00000000	0.00000000	0.00000000	0.00000000	0.00000000
67.10886383	0.00000000	0.00000000	0.00000000	0.00000000	0.00000000	0.00000000	0.00000000	0.00000000
73.81974792	0.00000000	0.00000000	0.00000000	0.00000000	0.00000000	0.00000000	0.00000000	0.00000000
80.53063202	0.00000000	0.00000000	0.00000000	0.00000000	0.00000000	0.00000000	0.00000000	0.00000000
87.24151611	0.00000000	0.00000000	0.00000000	0.00000000	0.00000000	0.00000000	0.00000000	0.00000000
93.95240784	0.00000000	0.00000000	0.00000000	0.00000000	0.00000000	0.00000000	0.00000000	0.00000000
100.66329193	0.00000000	0.00000000	0.00000000	0.00000000	0.00000000	0.00000000	0.00000000	0.00000000
107.37417603	0.00000000	0.00000000	0.00000000	0.00000000	0.00000000	0.00000000	0.00000000	0.00000000
120.79595184	0.00000000	0.00000000	0.00000000	0.00000000	0.00000000	0.00000000	0.00000000	0.00000000
134.21772766	0.00000000	0.00000000	0.00000000	0.00000000	0.00000000	0.00000000	0.00000000	0.00000000
147.63949585	0.00000000	0.00000000	0.00000000	0.00000000	0.00000000	0.00000000	0.00000000	0.00000000
161.06126404	0.00000000	0.00000000	0.00000000	0.00000000	0.00000000	0.00000000	0.00000000	0.00000000
174.48303223	0.00000000	0.00000000	0.00000000	0.00000000	0.00000000	0.00000000	0.00000000	0.00000000
187.90481567	0.00000000	0.00000000	0.00000000	0.00000000	0.00000000	0.00000000	0.00000000	0.00000000
201.32658386	0.00000000	0.00000000	0.00000000	0.00000000	0.00000000	0.00000000	0.00000000	0.00000000
214.74835205	0.00000000	0.00000000	0.00000000	0.00000000	0.00000000	0.00000000	0.00000000	0.00000000
241.59190369	0.00000000	0.00000000	0.00000000	0.00000000	0.00000000	0.00000000	0.00000000	0.00000000
268.43545532	0.00000000	0.00000000	0.00000000	0.00000000	0.00000000	0.00000000	0.00000000	0.00000000
295.27899170	0.00000000	0.00000000	0.00000000	0.00000000	0.00000000	0.00000000	0.00000000	0.00000000
322.12252808	0.00000000	0.00000000	0.00000000	0.00000000	0.00000000	0.00000000	0.00000000	0.00000000
348.96606445	0.00000000	0.00000000	0.00000000	0.00000000	0.00000000	0.00000000	0.00000000	0.00000000
375.80963135	0.00000000	0.00000000	0.00000000	0.00000000	0.00000000	0.00000000	0.00000000	0.00000000
402.65316772	0.00000000	0.00000000	0.00000000	0.00000000	0.00000000	0.00000000	0.00000000	0.00000000
429.49670410	0.00000000	0.00000000	0.00000000	0.00000000	0.00000000	0.00000000	0.00000000	0.00000000
483.18380737	0.00000000	0.00000000	0.00000000	0.00000000	0.00000000	0.00000000	0.00000000	0.00000000
536.87091064	0.00000000	0.00000000	0.00000000	0.00000000	0.00000000	0.00000000	0.00000000	0.00000000
590.55798340	0.00000000	0.00000000	0.00000000	0.00000000	0.00000000	0.00000000	0.00000000	0.00000000
644.24505615	0.00000000	0.00000000	0.00000000	0.00000000	0.00000000	0.00000000	0.00000000	0.00000000
697.93212891	0.00000000	0.00000000	0.00000000	0.00000000	0.00000000	0.00000000	0.00000000	0.00000000
751.61926270	0.00000000	0.00000000	0.00000000	0.00000000	0.00000000	0.00000000	0.00000000	0.00000000
805.30633545	0.00000000	0.00000000	0.00000000	0.00000000	0.00000000	0.00000000	0.00000000	0.00000000
858.99340820	0.00000000	0.00000000	0.00000000	0.00000000	0.00000000	0.00000000	0.00000000	0.00000000
966.36761475	0.00000000	0.00000000	0.00000000	0.00000000	0.00000000	0.00000000	0.00000000	0.00000000
1073.74182129	0.00000000	0.00000000	0.00000000	0.00000000	0.00000000	0.00000000	0.00000000	0.00000000
1181.11596680	0.00000000	0.00000000	0.00000000	0.00000000	0.00000000	0.00000000	0.00000000	0.00000000
1288.49011230	0.00000000	0.00000000	0.00000000	0.00000000	0.00000000	0.00000000	0.00000000	0.00000000
1395.86425781	0.00000000	0.00000000	0.00000000	0.00000000	0.00000000	0.00000000	0.00000000	0.00000000
1503.23852539	0.00000000	0.00000000	0.00000000	0.00000000	0.00000000	0.00000000	0.00000000	0.00000000
1610.61267090	0.00000000	0.00000000	0.00000000	0.00000000	0.00000000	0.00000000	0.00000000	0.00000000
1717.98681641	0.00000000	0.00000000	0.00000000	0.00000000	0.00000000	0.00000000	0.00000000	0.00000000
1932.73522949	0.00000000	0.00000000	0.00000000	0.00000000	0.00000000	0.00000000	0.00000000	0.00000000
2147.48364258	0.00000000	0.00000000	0.00000000	0.00000000	0.00000000	0.00000000	0.00000000	0.00000000
2362.23193359	0.00000000	0.00000000	0.00000000	0.00000000	0.00000000	0.00000000	0.00000000	0.00000000
2576.98022461	0.00000000	0.00000000	0.00000000	0.00000000	0.00000000	0.00000000	0.00000000	0.00000000
2791.72851562	0.00000000	0.00000000	0.00000000	0.00000000	0.00000000	0.00000000	0.00000000	0.00000000
3006.47705078	0.00000000	0.00000000	0.00000000	0.00000000	0.00000000	0.00000000	0.00000000	0.00000000
3221.22534180	0.00000000	0.00000000	0.00000000	0.00000000	0.00000000	0.00000000	0.00000000	0.00000000
3435.97363281	0.00000000	0.00000000	0.00000000	0.00000000	0.00000000	0.00000000	0.00000000	0.00000000
0	0	0	0	0	0	0	0	0
