%6/10/2015 2:18:53 PM
%Duration	ID1		ID2		ID3		ID4		ID5		ID6		ID7		ID8
3000.000000	25.901794	22.954941	21.810532	24.127960	0.839233	25.691986	25.920868	102.243423
%Tau		Tau1		Tau2		Tau3		Tau4		Tau5		Tau6		Tau7		Tau8
%		0.000057	0.000048	0.000045	0.000051	0.000001	0.000064	0.000051	0.000281
%Delaytime	D1		D2		D3		D4		D5		D6		D7		D8
0.00000000	2.12044907	4.17043686	4.35413408	3.69194174	43.97562790	2.06855965	2.73123980	1.92412782
0.00000020	1.55638874	1.72613263	1.60713565	1.70444643	0.00000000	1.57556129	1.42024469	1.48966730
0.00000040	1.50938380	1.45524311	1.52925682	1.65522051	0.00000000	1.56539643	1.38382816	1.45439053
0.00000060	1.47282434	1.58753800	1.50093722	1.39063132	0.00000000	1.39767540	1.34741163	1.44325054
0.00000080	1.48849261	1.43004417	1.48677742	1.51984930	0.00000000	1.41800523	1.49307775	1.46831560
0.00000100	1.35792315	1.27885008	1.38057911	1.51984930	0.00000000	1.37226307	1.43585181	1.45562840
0.00000120	1.45715594	1.34814739	1.57881606	1.34140551	0.00000000	1.32652104	1.46706593	1.43829942
0.00000140	1.29002690	1.49934149	1.59297585	1.47062349	0.00000000	1.43833506	1.41504240	1.45222449
0.00000160	1.31614089	1.60013747	1.50093722	1.41524434	0.00000000	1.39259291	1.38903058	1.49399948
0.00000180	1.54594326	1.27885008	1.37349916	1.42139757	0.00000000	1.40275788	1.43064940	1.44201279
0.00000200	1.36314583	1.25995076	1.49385738	1.58753490	3.99778438	1.43833506	1.31099510	1.43427670
0.00000220	1.35270035	1.50564122	1.50801718	1.50754285	0.00000000	1.42817008	1.65435100	1.43458605
0.00000240	1.32136357	1.60013747	1.51509702	1.53215575	0.00000000	1.50948942	1.65955341	1.46274555
0.00000260	1.47282434	1.43004417	1.11154318	1.56907523	0.00000000	1.33160341	1.48267305	1.41880441
0.00000280	1.39448261	1.45524311	1.33101988	1.55061555	0.00000000	1.44849992	1.47226834	1.45872283
0.00000300	1.43104208	1.32294834	1.38057911	1.42139757	3.99778438	1.49424207	1.44625652	1.45222449
0.00000340	1.56683433	1.39539552	1.49031734	1.28294969	3.99778438	1.40784025	1.44105422	1.46893454
0.00000380	1.46760154	1.47414243	1.42305839	1.56907523	1.99889219	1.49678326	1.48267305	1.45949638
0.00000420	1.50416100	1.40169525	1.43721819	1.34448206	0.00000000	1.43071139	1.35521519	1.43984663
0.00000460	1.43104208	1.51194096	1.49739730	1.37524831	0.00000000	1.42054641	1.46706593	1.42978966
0.00000500	1.43365347	1.41429472	1.34163964	1.51061952	3.99778438	1.50694811	1.51648843	1.42421973
0.00000540	1.45715594	1.38909578	1.30978012	1.42139757	1.99889219	1.40529907	1.41764355	1.45005834
0.00000580	1.38142562	1.48044217	1.39119887	1.40293789	0.00000000	1.35447454	1.58411908	1.46336448
0.00000620	1.43104208	1.41744459	1.30270028	1.47062349	0.00000000	1.52727795	1.45406008	1.44433367
0.00000700	1.42059648	1.42216945	1.33455980	1.33832884	0.00000000	1.44341743	1.45145893	1.44642234
0.00000780	1.39187121	1.40012026	1.32393992	1.41524434	0.00000000	1.49551260	1.39553356	1.45988321
0.00000860	1.39578831	1.46154296	1.46199787	1.41832089	1.99889219	1.44341743	1.44625652	1.45763969
0.00000940	1.47674131	1.39539552	1.31686008	1.36294186	0.99944609	1.40911090	1.47486949	1.45090938
0.00001020	1.40231669	1.43634391	1.40004873	1.47831500	0.00000000	1.45358241	1.43455124	1.44193542
0.00001100	1.39578831	1.43319404	1.32570994	1.39524627	0.00000000	1.48915958	1.40723884	1.41663826
0.00001180	1.44540465	1.46784270	1.49208736	1.44908714	0.00000000	1.43579376	1.42284596	1.44533932
0.00001260	1.37359142	1.37492132	1.32393992	1.43062735	1.99889219	1.36209822	1.39683414	1.45044518
0.00001420	1.41863787	1.33948517	1.48500752	1.42678165	1.49916911	1.37925148	1.43260038	1.44584215
0.00001580	1.40035820	1.31901097	1.36110938	1.34140551	0.99944609	1.43325257	1.36757076	1.44549406
0.00001740	1.38077271	1.33161044	1.37703907	1.40678358	0.99944609	1.46374726	1.36106789	1.43648148
0.00001900	1.43691766	1.37649620	1.37526917	1.40678358	0.99944609	1.39068699	1.41309142	1.44077504
0.00002060	1.43626475	1.38752079	1.40978360	1.39447713	0.99944609	1.39704001	1.35261405	1.44375336
0.00002220	1.35139465	1.30404902	1.38942897	1.33909798	0.99944609	1.33287406	1.39358258	1.42750752
0.00002380	1.33311486	1.38358343	1.34517956	1.32986820	0.99944609	1.42372298	1.33895779	1.43199456
0.00002540	1.38338411	1.35680950	1.31951499	1.35755777	1.99889219	1.35320389	1.32139981	1.43083405
0.00002860	1.35332000	1.32318032	1.30702627	1.38322020	1.48488879	1.33823574	1.32696235	1.42782915
0.00003180	1.29948735	1.30478656	1.30569625	1.33860016	1.23740733	1.37479961	1.30138779	1.42663872
0.00003500	1.32721937	1.27934825	1.28131139	1.30782771	0.74244440	1.30548728	1.29653192	1.41644323
0.00003820	1.31482148	1.28287053	1.30704665	1.28628707	0.24748147	1.27909780	1.28680289	1.42252982
0.00004140	1.29459345	1.27073848	1.28044462	1.31859803	0.98992586	1.29372334	1.25734401	1.42068660
0.00004460	1.25609505	1.25351870	1.21791089	1.27974784	0.98992586	1.27750802	1.26770318	1.40655494
0.00004780	1.27371299	1.22573233	1.20061982	1.25320673	0.74244440	1.26892352	1.27806234	1.40002680
0.00005100	1.22444797	1.23982120	1.23741877	1.26128447	0.74244440	1.26383638	1.24664462	1.40791821
0.00005740	1.22203398	1.20436370	1.21732390	1.22820568	0.98919916	1.24469090	1.20892859	1.39512765
0.00006380	1.18075645	1.15288508	1.19780064	1.18604636	1.36014891	1.21388352	1.20750356	1.38354051
0.00007020	1.17080808	1.19457686	1.14965785	1.18063891	0.49459958	1.19815385	1.16362679	1.37956738
0.00007660	1.14993274	1.14074945	1.15629554	1.16735601	0.74189937	1.16145134	1.14856935	1.36374223
0.00008300	1.15319455	1.14817071	1.11103761	1.14733541	0.74189937	1.11616910	1.13869309	1.35875463
0.00008940	1.14031065	1.14014566	1.12501431	1.11942208	1.97839832	1.14063740	1.13156915	1.35234320
0.00009580	1.11291182	1.12115955	1.13366663	1.12288713	1.60744870	1.12284219	1.15018845	1.34317529
0.00010220	1.13574409	1.09612167	1.09593463	1.11691952	1.48379874	1.12268341	1.10048294	1.33491170
0.00011500	1.09245014	1.07785392	1.08069766	1.07512295	0.67957538	1.09655452	1.08018517	1.31589437
0.00012780	1.07025182	1.07080460	1.07104850	1.08195496	1.05025291	1.07408679	1.07701194	1.30539310
0.00014060	1.05760205	1.05446959	1.04831219	1.07108152	0.98847330	1.07495999	1.07030344	1.28986990
0.00015340	1.03940272	1.07943618	1.03899586	1.06471527	1.23559165	1.05734909	1.06325662	1.27477670
0.00016620	1.05320919	1.05681944	1.02757215	1.02476752	1.23559165	1.06876755	1.04302108	1.26114428
0.00017900	1.03451991	1.03518176	1.02324677	1.01917195	1.11203241	1.05312741	1.03970015	1.25106895
0.00019180	1.02219641	1.01186490	1.01038134	1.02117777	0.98847330	1.04002786	1.02545798	1.23294556
0.00020460	1.02423668	1.02359867	1.01237762	1.02252483	0.86491412	1.01525772	1.02319002	1.22710288
0.00023020	1.02698445	1.00843513	1.01835930	1.01102233	0.83341253	1.02927303	1.00532937	1.20575500
0.00025580	1.02484882	1.01465607	1.01143610	1.00258088	0.86427969	1.01867306	1.01668346	1.19438446
0.00028140	1.01208997	1.01119769	1.00829494	1.00460231	1.04948246	1.02970970	1.01070917	1.17811441
0.00030700	1.00911105	1.00918937	1.00580251	1.01070011	0.98774821	0.99433666	1.00689745	1.16523075
0.00033260	1.00511193	1.00915515	1.00641179	0.99568403	0.98774821	1.01619828	0.99978787	1.15111828
0.00035820	1.01825178	0.99406826	1.01643658	1.00025618	1.08034956	0.99628198	0.99448913	1.14603615
0.00038380	1.01505530	1.01077163	1.01116669	1.00590181	0.89514679	0.99409848	1.01338542	1.13363612
0.00040940	1.00825405	1.00827348	1.00540638	0.99300319	1.04948246	1.00198555	0.99669206	1.12317932
0.00046060	0.99912161	0.99557507	1.00820291	1.00595272	0.80254543	1.00599527	1.01222837	1.10911238
0.00051180	1.00479186	1.00722957	1.01238966	1.01198840	1.14208388	1.00273705	1.00287855	1.09812868
0.00056300	0.99686807	1.01031458	1.01270664	1.00585651	0.86427969	1.00371051	0.99991751	1.09079576
0.00061420	1.00377786	1.00027609	1.02055323	0.99857986	1.00318182	1.00323343	1.00099933	1.08095777
0.00066540	1.00335598	1.00642157	1.00347376	0.99165446	0.94144750	1.00373018	0.99983007	1.07387924
0.00071660	1.01071429	0.99901277	1.01190257	0.99167889	1.08034956	1.00792253	0.99378633	1.06841397
0.00076780	1.00185108	0.99837148	1.00400054	1.00734150	1.04948246	1.00063717	1.00499475	1.06409013
0.00081900	0.99112946	0.99064487	1.00120020	1.00531220	1.06530678	0.99964368	0.99707186	1.05723643
0.00092140	1.00206089	1.00617969	1.00446630	1.00109541	0.98702389	0.99478471	1.00081670	1.04793358
0.00102380	0.99850518	1.00177121	0.99803561	0.99773169	1.04100180	1.00331521	1.01044631	1.04438460
0.00112620	0.99887174	0.99511826	0.99339443	1.00109041	1.14895749	0.99714088	1.00255239	1.04380476
0.00122860	0.99786437	0.99901217	1.00117123	1.00224030	0.99473506	1.00049281	0.99924147	1.03950524
0.00133100	0.99101859	0.99767435	1.01020396	1.00366735	1.01786840	0.99910313	1.00143313	1.03627431
0.00143340	0.99730700	1.00526571	1.01017439	1.00013793	0.77111244	0.99996674	1.00923228	1.03183520
0.00153580	1.00190318	1.00399888	0.99881172	1.00071537	0.90991271	0.99953026	1.00502777	1.03091681
0.00163820	1.00020182	0.99429137	0.99590296	0.99801809	0.90991271	0.99570239	1.00240660	1.02817309
0.00184300	0.99749166	1.00378323	1.00653231	1.00329053	1.02557957	1.00013196	0.99639648	1.02301836
0.00204780	0.99721515	1.00076389	1.00402546	1.00226092	0.98316836	0.99984431	1.00558853	1.01639736
0.00225260	0.99636292	1.00206256	0.99156034	1.00375700	0.86750150	0.99855876	0.99707711	1.01435912
0.00245740	0.99348879	0.99723876	1.00148225	1.00233805	1.02172399	1.00705135	1.00013733	1.01053667
0.00266220	0.99622917	1.00063181	0.99907380	1.00508320	0.95232385	0.99563527	0.99994701	1.00769234
0.00286700	0.99867272	1.00004315	1.00056124	1.00146377	0.95617944	0.99668151	1.00237429	1.00644004
0.00307180	0.99334991	1.00063181	1.00952017	0.99935335	0.95617944	0.99527967	1.00218892	1.00472224
0.00327660	1.00108385	0.99867636	0.99854320	1.00516987	1.05256844	0.99963456	0.99386603	1.00140858
0.00368620	1.00098622	1.00256968	0.99446785	0.99783051	1.03902519	0.99371326	1.00196254	1.00393093
0.00409580	1.00202787	1.00185597	1.00068533	0.99722493	0.99839294	1.00139892	1.00691199	1.00261760
0.00450540	1.00162292	1.00586700	1.00338411	1.00162852	0.97904426	1.00346315	0.99893141	0.99869514
0.00491500	1.00300133	0.99806744	1.00901890	0.99902338	0.89390999	0.99949473	0.99271649	0.99798328
0.00532460	1.00555933	1.00061166	1.00031495	1.00606382	1.03515553	0.99803555	1.00278616	0.99782592
0.00573420	1.00123930	1.00158262	1.00340855	0.99734622	1.04096007	0.99315673	1.00285017	0.99851090
0.00614380	1.00098193	1.00430286	1.00130272	1.00260055	0.93841201	0.99769151	1.00462031	1.00141490
0.00655340	0.99383700	1.00196791	1.00410938	1.00317180	1.02548110	1.00604153	1.00170541	0.99907136
0.00737260	0.99934202	1.00498188	1.00181484	1.00225616	1.00096619	0.99825513	1.00109947	1.00032544
0.00819180	1.00343931	1.00448513	1.00257111	1.00434792	0.96155244	1.00004089	1.00060499	0.99960798
0.00901100	1.00271034	1.00012362	1.00246549	0.99937397	1.03529418	1.00451171	1.00472665	0.99814796
0.00983020	0.99619037	1.00207806	1.00521493	1.00155115	1.00327468	1.00067520	0.99777687	1.00148737
0.01064940	1.00018203	1.00378931	1.00654209	1.00199771	0.98192847	1.00178313	1.00439560	1.00623524
0.01146860	1.00096798	1.00136912	1.00005007	1.00573111	1.02753186	0.99673700	0.99985290	1.00146604
0.01228780	0.99999785	1.00270271	1.00464392	1.00014758	1.00193608	1.00163817	0.99987394	0.99492157
0.01310700	1.00112534	1.00235987	1.00322330	0.99833727	1.09270775	1.00038469	0.99826640	0.99645233
0.01474540	1.00238550	1.00114822	1.00101197	0.99973238	1.00863910	0.99949300	1.00110650	1.00486887
0.01638380	1.00155473	1.00311983	1.00428200	1.00354922	0.95656759	1.00176907	1.00076437	1.00328529
0.01802220	1.00288022	0.99988973	1.00334585	1.00044560	0.99745297	1.00107515	1.00112355	1.00225973
0.01966060	1.00129306	1.00153708	1.00110960	1.00379264	0.99563152	0.99925101	1.00302374	0.99555200
0.02129900	1.00176370	0.99821979	1.00119090	0.99815488	1.00278962	1.00096929	1.00092077	1.00101125
0.02293740	1.00348723	1.00119007	1.00526321	1.00059295	0.98095816	1.00050616	1.00030708	1.00395155
0.02457580	0.99895120	1.00253308	1.00165176	1.00019598	0.95392460	1.00221241	1.00177467	0.99542367
0.02621420	1.00116515	0.99816513	1.00430822	0.99897355	1.02095938	1.00208962	1.00267541	0.99473411
0.02949100	1.00122404	1.00187480	1.00401330	1.00118244	0.99516135	0.99874336	1.00144780	1.00258791
0.03276780	1.00025666	0.99988967	1.00339532	1.00258756	0.99443227	1.00174916	1.00045133	1.00156176
0.03604460	1.00067329	1.00152552	1.00263917	1.00106978	0.98167741	0.99944460	1.00237596	0.99783254
0.03932140	1.00118136	0.99877256	1.00301731	1.00149965	1.03838420	0.99899083	1.00048995	0.99702549
0.04259820	1.00185239	1.00259387	1.00175774	1.00098670	0.98823893	0.99896687	1.00264525	0.99821919
0.04587500	0.99966979	1.00037050	1.00455749	1.00177252	0.99466830	1.00123656	1.00328624	1.00013340
0.04915180	0.99839264	0.99981087	1.00437558	1.00111878	1.00399935	0.99903005	1.00119185	1.00365424
0.05242860	1.00064409	1.00036371	1.00247693	1.00014114	1.00351465	1.00208008	0.99919474	1.00309896
0.05898220	1.00083208	0.99992740	1.00265467	1.00085521	1.00454676	1.00150657	0.99981827	1.00326729
0.06553581	1.00053430	1.00177598	1.00177884	1.00044453	1.00332141	0.99944776	1.00128484	0.99800342
0.07208940	0.99922568	1.00183582	1.00314367	0.99925309	1.01147795	1.00100636	1.00095713	1.00016308
0.07864300	1.00089681	0.99992919	1.00347030	1.00143278	1.00904596	0.99972260	1.00046110	1.00456285
0.08519660	1.00118494	1.00126290	1.00133407	1.00079608	1.00077927	1.00057864	1.00190163	1.00284672
0.09175020	0.99995285	1.00218320	1.00150061	1.00046527	0.99579251	1.00022757	1.00107896	0.99948287
0.09830380	1.00012386	1.00167572	1.00282872	1.00012136	1.00163078	1.00004411	1.00041223	1.00168121
0.10485740	1.00133169	1.00049996	1.00118041	1.00195563	1.00089645	1.00001597	1.00062466	0.99982989
0.11796460	1.00066221	1.00125229	1.00262165	0.99992073	1.00262368	1.00044107	1.00053179	1.00136077
0.13107181	1.00075614	1.00085843	1.00198817	1.00201106	0.99443287	1.00014842	0.99940175	1.00151908
0.14417900	1.00032413	1.00125992	1.00104594	1.00172329	1.00333238	1.00113773	1.00029385	0.99830806
0.15728620	1.00021756	1.00069344	1.00225592	1.00031400	1.00510669	1.00003302	1.00057161	1.00162816
0.17039341	1.00008106	1.00068831	1.00112057	1.00116932	0.98880649	1.00094128	1.00101686	1.00136423
0.18350060	1.00088859	1.00002480	1.00216460	1.00198495	0.99007374	0.99984783	1.00037217	1.00102258
0.19660780	1.00034642	1.00092685	1.00160706	1.00057089	1.00678265	1.00100160	1.00020528	1.00193024
0.20971501	1.00134218	1.00127876	1.00159514	1.00003827	1.00571847	0.99972469	1.00086927	0.99996001
0.23592941	1.00079405	0.99996436	1.00161028	1.00077498	0.98856515	1.00002360	1.00126350	1.00124979
0.26214382	1.00027883	1.00006890	1.00141394	0.99998242	1.00523233	1.00077498	1.00150669	1.00017953
0.28835821	1.00019968	1.00023293	1.00197113	1.00005877	0.98970944	1.00075066	1.00076222	0.99940491
0.31457260	1.00001848	1.00061738	1.00165665	1.00047183	1.00427532	1.00090241	1.00062740	1.00114000
0.34078699	1.00010824	1.00048435	1.00144267	1.00087225	0.99939185	1.00019145	1.00126338	0.99988836
0.36700141	1.00097144	1.00033605	1.00090826	1.00126672	1.00079632	1.00102174	1.00084186	1.00057769
0.39321581	1.00068784	1.00065172	1.00028527	0.99991226	0.99162918	1.00008690	1.00034678	0.99912870
0.41943020	1.00050080	1.00082684	1.00088036	1.00123668	1.00153601	1.00028443	1.00085568	1.00062668
0.47185901	1.00008869	1.00084829	1.00144589	1.00042975	0.99953020	1.00011075	1.00128794	1.00010753
0.52428782	1.00058365	1.00099540	1.00096464	1.00073671	1.00283754	0.99970913	1.00013745	1.00014400
0.57671660	0.99991661	1.00104225	1.00082207	1.00095189	1.00156295	1.00048769	1.00089622	0.99816430
0.62914538	1.00040126	1.00107861	1.00109982	1.00109971	1.00388110	1.00104189	1.00068355	1.00057495
0.68157423	1.00034928	1.00105011	1.00066590	1.00097013	0.99486208	1.00020075	1.00121737	1.00017834
0.73400301	1.00057232	1.00076556	1.00120282	1.00095916	1.00006187	1.00046933	1.00045955	1.00079155
0.78643179	1.00040293	1.00062501	1.00151718	1.00011671	1.00393891	1.00070918	1.00020933	0.99898314
0.83886063	1.00015724	1.00038326	1.00165164	1.00044918	0.99822241	1.00018919	1.00021100	0.99978912
0.94371825	1.00001872	1.00029993	1.00086081	1.00069034	1.00476670	1.00036132	1.00056672	1.00013626
1.04857588	1.00027716	1.00044179	1.00056398	1.00069630	1.00010610	1.00044405	1.00025046	1.00092566
1.15343344	1.00009108	0.99997139	1.00030446	1.00123930	0.99865419	1.00032735	1.00059354	1.00100708
1.25829101	1.00014210	1.00058103	1.00052285	1.00093961	0.99571913	1.00053227	1.00022936	1.00048804
1.36314869	0.99980485	1.00026476	1.00106370	1.00030100	0.99971944	1.00023806	1.00035894	1.00008333
1.46800625	0.99999857	1.00042212	1.00086999	0.99995804	0.99597162	1.00011313	1.00029588	1.00037742
1.57286382	0.99974453	0.99972183	1.00090325	1.00029755	1.00010765	1.00026131	1.00013924	0.99993080
1.67772150	0.99940753	1.00000238	1.00100684	1.00013268	0.99909246	0.99958026	1.00034153	1.00012910
1.88743675	0.99954545	0.99988979	1.00064206	1.00033534	0.99772370	1.00025761	0.99968344	1.00000024
2.09715199	0.99948239	0.99988627	1.00017571	0.99959230	0.99718666	1.00013638	0.99980730	1.00063324
2.30686712	1.00002742	0.99996734	1.00094795	1.00069213	1.00012791	1.00024462	0.99998301	1.00058639
2.51658225	1.00033474	1.00018525	1.00053620	1.00007510	1.00305772	1.00036800	0.99996608	0.99998420
2.72629738	0.99974751	0.99991268	0.99979603	0.99965942	1.00342226	0.99992698	1.00017214	0.99933445
2.93601274	0.99976891	1.00020754	1.00019836	1.00052810	0.99647486	1.00016046	1.00031352	1.00051749
3.14572787	1.00043190	1.00008154	1.00077379	0.99954534	1.00048685	1.00026429	1.00012600	1.00074959
3.35544300	1.00019741	0.99984258	1.00023293	0.99988085	1.00482547	1.00033343	0.99968827	1.00062597
3.77487350	1.00033975	0.99990332	0.99951792	1.00010741	0.99910724	1.00008893	0.99981892	0.99924034
4.19430399	0.99956083	0.99992418	1.00010383	1.00000596	1.00054073	0.99998116	0.99999928	1.00007939
4.61373425	0.99993670	1.00000453	1.00041473	0.99994558	0.99975228	0.99999380	1.00000060	1.00071967
5.03316450	1.00000000	1.00000000	1.00000000	1.00000000	1.00000000	1.00000000	1.00000000	1.00000000
5.45259476	0.00000000	0.00000000	0.00000000	0.00000000	0.00000000	0.00000000	0.00000000	0.00000000
5.87202549	0.00000000	0.00000000	0.00000000	0.00000000	0.00000000	0.00000000	0.00000000	0.00000000
6.29145575	0.00000000	0.00000000	0.00000000	0.00000000	0.00000000	0.00000000	0.00000000	0.00000000
6.71088600	0.00000000	0.00000000	0.00000000	0.00000000	0.00000000	0.00000000	0.00000000	0.00000000
7.54974699	0.00000000	0.00000000	0.00000000	0.00000000	0.00000000	0.00000000	0.00000000	0.00000000
8.38860798	0.00000000	0.00000000	0.00000000	0.00000000	0.00000000	0.00000000	0.00000000	0.00000000
9.22746849	0.00000000	0.00000000	0.00000000	0.00000000	0.00000000	0.00000000	0.00000000	0.00000000
10.06632900	0.00000000	0.00000000	0.00000000	0.00000000	0.00000000	0.00000000	0.00000000	0.00000000
10.90518951	0.00000000	0.00000000	0.00000000	0.00000000	0.00000000	0.00000000	0.00000000	0.00000000
11.74405098	0.00000000	0.00000000	0.00000000	0.00000000	0.00000000	0.00000000	0.00000000	0.00000000
12.58291149	0.00000000	0.00000000	0.00000000	0.00000000	0.00000000	0.00000000	0.00000000	0.00000000
13.42177200	0.00000000	0.00000000	0.00000000	0.00000000	0.00000000	0.00000000	0.00000000	0.00000000
15.09949398	0.00000000	0.00000000	0.00000000	0.00000000	0.00000000	0.00000000	0.00000000	0.00000000
16.77721596	0.00000000	0.00000000	0.00000000	0.00000000	0.00000000	0.00000000	0.00000000	0.00000000
18.45493698	0.00000000	0.00000000	0.00000000	0.00000000	0.00000000	0.00000000	0.00000000	0.00000000
20.13265800	0.00000000	0.00000000	0.00000000	0.00000000	0.00000000	0.00000000	0.00000000	0.00000000
21.81037903	0.00000000	0.00000000	0.00000000	0.00000000	0.00000000	0.00000000	0.00000000	0.00000000
23.48810196	0.00000000	0.00000000	0.00000000	0.00000000	0.00000000	0.00000000	0.00000000	0.00000000
25.16582298	0.00000000	0.00000000	0.00000000	0.00000000	0.00000000	0.00000000	0.00000000	0.00000000
26.84354401	0.00000000	0.00000000	0.00000000	0.00000000	0.00000000	0.00000000	0.00000000	0.00000000
30.19898796	0.00000000	0.00000000	0.00000000	0.00000000	0.00000000	0.00000000	0.00000000	0.00000000
33.55443192	0.00000000	0.00000000	0.00000000	0.00000000	0.00000000	0.00000000	0.00000000	0.00000000
36.90987396	0.00000000	0.00000000	0.00000000	0.00000000	0.00000000	0.00000000	0.00000000	0.00000000
40.26531601	0.00000000	0.00000000	0.00000000	0.00000000	0.00000000	0.00000000	0.00000000	0.00000000
43.62075806	0.00000000	0.00000000	0.00000000	0.00000000	0.00000000	0.00000000	0.00000000	0.00000000
46.97620392	0.00000000	0.00000000	0.00000000	0.00000000	0.00000000	0.00000000	0.00000000	0.00000000
50.33164597	0.00000000	0.00000000	0.00000000	0.00000000	0.00000000	0.00000000	0.00000000	0.00000000
53.68708801	0.00000000	0.00000000	0.00000000	0.00000000	0.00000000	0.00000000	0.00000000	0.00000000
60.39797592	0.00000000	0.00000000	0.00000000	0.00000000	0.00000000	0.00000000	0.00000000	0.00000000
67.10886383	0.00000000	0.00000000	0.00000000	0.00000000	0.00000000	0.00000000	0.00000000	0.00000000
73.81974792	0.00000000	0.00000000	0.00000000	0.00000000	0.00000000	0.00000000	0.00000000	0.00000000
80.53063202	0.00000000	0.00000000	0.00000000	0.00000000	0.00000000	0.00000000	0.00000000	0.00000000
87.24151611	0.00000000	0.00000000	0.00000000	0.00000000	0.00000000	0.00000000	0.00000000	0.00000000
93.95240784	0.00000000	0.00000000	0.00000000	0.00000000	0.00000000	0.00000000	0.00000000	0.00000000
100.66329193	0.00000000	0.00000000	0.00000000	0.00000000	0.00000000	0.00000000	0.00000000	0.00000000
107.37417603	0.00000000	0.00000000	0.00000000	0.00000000	0.00000000	0.00000000	0.00000000	0.00000000
120.79595184	0.00000000	0.00000000	0.00000000	0.00000000	0.00000000	0.00000000	0.00000000	0.00000000
134.21772766	0.00000000	0.00000000	0.00000000	0.00000000	0.00000000	0.00000000	0.00000000	0.00000000
147.63949585	0.00000000	0.00000000	0.00000000	0.00000000	0.00000000	0.00000000	0.00000000	0.00000000
161.06126404	0.00000000	0.00000000	0.00000000	0.00000000	0.00000000	0.00000000	0.00000000	0.00000000
174.48303223	0.00000000	0.00000000	0.00000000	0.00000000	0.00000000	0.00000000	0.00000000	0.00000000
187.90481567	0.00000000	0.00000000	0.00000000	0.00000000	0.00000000	0.00000000	0.00000000	0.00000000
201.32658386	0.00000000	0.00000000	0.00000000	0.00000000	0.00000000	0.00000000	0.00000000	0.00000000
214.74835205	0.00000000	0.00000000	0.00000000	0.00000000	0.00000000	0.00000000	0.00000000	0.00000000
241.59190369	0.00000000	0.00000000	0.00000000	0.00000000	0.00000000	0.00000000	0.00000000	0.00000000
268.43545532	0.00000000	0.00000000	0.00000000	0.00000000	0.00000000	0.00000000	0.00000000	0.00000000
295.27899170	0.00000000	0.00000000	0.00000000	0.00000000	0.00000000	0.00000000	0.00000000	0.00000000
322.12252808	0.00000000	0.00000000	0.00000000	0.00000000	0.00000000	0.00000000	0.00000000	0.00000000
348.96606445	0.00000000	0.00000000	0.00000000	0.00000000	0.00000000	0.00000000	0.00000000	0.00000000
375.80963135	0.00000000	0.00000000	0.00000000	0.00000000	0.00000000	0.00000000	0.00000000	0.00000000
402.65316772	0.00000000	0.00000000	0.00000000	0.00000000	0.00000000	0.00000000	0.00000000	0.00000000
429.49670410	0.00000000	0.00000000	0.00000000	0.00000000	0.00000000	0.00000000	0.00000000	0.00000000
483.18380737	0.00000000	0.00000000	0.00000000	0.00000000	0.00000000	0.00000000	0.00000000	0.00000000
536.87091064	0.00000000	0.00000000	0.00000000	0.00000000	0.00000000	0.00000000	0.00000000	0.00000000
590.55798340	0.00000000	0.00000000	0.00000000	0.00000000	0.00000000	0.00000000	0.00000000	0.00000000
644.24505615	0.00000000	0.00000000	0.00000000	0.00000000	0.00000000	0.00000000	0.00000000	0.00000000
697.93212891	0.00000000	0.00000000	0.00000000	0.00000000	0.00000000	0.00000000	0.00000000	0.00000000
751.61926270	0.00000000	0.00000000	0.00000000	0.00000000	0.00000000	0.00000000	0.00000000	0.00000000
805.30633545	0.00000000	0.00000000	0.00000000	0.00000000	0.00000000	0.00000000	0.00000000	0.00000000
858.99340820	0.00000000	0.00000000	0.00000000	0.00000000	0.00000000	0.00000000	0.00000000	0.00000000
966.36761475	0.00000000	0.00000000	0.00000000	0.00000000	0.00000000	0.00000000	0.00000000	0.00000000
1073.74182129	0.00000000	0.00000000	0.00000000	0.00000000	0.00000000	0.00000000	0.00000000	0.00000000
1181.11596680	0.00000000	0.00000000	0.00000000	0.00000000	0.00000000	0.00000000	0.00000000	0.00000000
1288.49011230	0.00000000	0.00000000	0.00000000	0.00000000	0.00000000	0.00000000	0.00000000	0.00000000
1395.86425781	0.00000000	0.00000000	0.00000000	0.00000000	0.00000000	0.00000000	0.00000000	0.00000000
1503.23852539	0.00000000	0.00000000	0.00000000	0.00000000	0.00000000	0.00000000	0.00000000	0.00000000
1610.61267090	0.00000000	0.00000000	0.00000000	0.00000000	0.00000000	0.00000000	0.00000000	0.00000000
1717.98681641	0.00000000	0.00000000	0.00000000	0.00000000	0.00000000	0.00000000	0.00000000	0.00000000
1932.73522949	0.00000000	0.00000000	0.00000000	0.00000000	0.00000000	0.00000000	0.00000000	0.00000000
2147.48364258	0.00000000	0.00000000	0.00000000	0.00000000	0.00000000	0.00000000	0.00000000	0.00000000
2362.23193359	0.00000000	0.00000000	0.00000000	0.00000000	0.00000000	0.00000000	0.00000000	0.00000000
2576.98022461	0.00000000	0.00000000	0.00000000	0.00000000	0.00000000	0.00000000	0.00000000	0.00000000
2791.72851562	0.00000000	0.00000000	0.00000000	0.00000000	0.00000000	0.00000000	0.00000000	0.00000000
3006.47705078	0.00000000	0.00000000	0.00000000	0.00000000	0.00000000	0.00000000	0.00000000	0.00000000
3221.22534180	0.00000000	0.00000000	0.00000000	0.00000000	0.00000000	0.00000000	0.00000000	0.00000000
3435.97363281	0.00000000	0.00000000	0.00000000	0.00000000	0.00000000	0.00000000	0.00000000	0.00000000
0	0	0	0	0	0	0	0	0
