%6/12/2015 3:27:47 PM
%Duration	ID1		ID2		ID3		ID4		ID5		ID6		ID7		ID8
3000.000000	35.429001	38.070679	33.769608	34.751892	32.377243	23.727417	30.870438	35.419464
%Tau		Tau1		Tau2		Tau3		Tau4		Tau5		Tau6		Tau7		Tau8
%		0.170393	0.014745	0.000205	0.003072	0.001638	0.005325	0.131072	0.235929
%Delaytime	D1		D2		D3		D4		D5		D6		D7		D8
0.00000000	2.91060615	5.38807535	5.51825428	5.26377344	4.02698135	2.97552538	4.01038408	4.71745157
0.00000020	2.39431238	2.58218551	2.60231042	2.52287364	2.49480319	2.09170604	2.37776446	2.18850851
0.00000040	2.22006321	2.40961361	2.26324725	2.19583440	2.10975313	2.32739115	2.42799878	2.23019433
0.00000060	2.15552664	2.29456592	2.16152835	2.26591420	2.44667196	2.34212136	2.11821961	1.80638802
0.00000080	2.46530294	2.34569812	2.35648966	2.35935402	2.20601583	2.38631248	2.25217819	1.79944038
0.00000100	2.14907289	2.15395188	2.27172375	2.01674151	2.39051890	2.34212136	2.27729535	2.00092220
0.00000120	2.03290677	2.25621653	2.16152835	2.21919441	2.13381886	2.32739115	2.35264707	1.99397445
0.00000140	2.35559034	2.33930659	2.47516179	2.18804765	2.02953458	2.34212136	2.26892304	2.18156099
0.00000160	2.36204410	1.93663919	2.25477052	2.25812745	2.06964374	2.44523382	2.43637133	1.98007917
0.00000180	2.20715594	2.20508409	2.33953643	2.02452826	2.34238768	2.20954847	2.05124044	2.12597966
0.00000200	2.11680460	2.17312646	2.43277884	2.02452826	2.16590643	2.20954847	2.16008162	2.07039857
0.00000220	2.21360970	2.16673493	2.23781753	2.21140766	2.13381886	2.25373960	2.39450908	2.04955554
0.00000240	2.13616562	2.28817439	2.17000484	2.25034094	2.32634377	2.29793048	2.34427476	2.18850851
0.00000260	2.28460002	2.19230103	2.61926365	2.34378076	2.13381886	2.29793048	2.16008162	2.07734632
0.00000280	2.20715594	2.23065042	2.10219216	2.17247438	1.98140323	2.15062737	2.08472991	2.09818912
0.00000300	2.20070219	2.05807853	1.92418396	2.51508689	2.25414705	2.48942471	2.05961275	2.13292742
0.00000340	2.12003136	2.34569812	2.27172375	2.30484748	2.34639859	2.20218349	2.23543334	2.04955554
0.00000380	2.24587798	2.28497863	2.08947730	2.12186122	2.04958916	2.01805425	2.20613003	2.02871275
0.00000420	2.22006321	2.03890395	2.14457512	2.26591420	1.95332670	2.13589692	2.25636435	2.11208439
0.00000460	2.22974372	2.13797283	2.38191938	2.24255419	2.17392826	2.32739115	2.18101263	2.01481748
0.00000500	2.34268308	2.20188832	2.24629402	2.33599401	2.27019072	2.15799236	2.22706103	1.93144560
0.00000540	2.22974372	2.16034341	2.22510266	2.27370095	2.17392826	2.18745303	2.15170932	2.12250590
0.00000580	2.25233173	2.02292514	2.13186026	2.14132786	2.21002674	2.08434081	2.35683322	2.11903214
0.00000620	2.14261913	2.14116859	2.23781753	2.42554045	2.35040951	1.89284658	2.09728861	2.07734632
0.00000700	2.22651696	2.24023771	2.21662593	2.25812745	2.15587902	2.25373960	2.17682648	2.06518793
0.00000780	2.22651696	2.24023771	2.19119620	2.18026114	2.12178612	2.18377042	2.24589896	2.12076902
0.00000860	2.22006321	2.19709468	2.16576648	2.27175426	2.06964374	2.36421704	2.20613003	2.13466430
0.00000940	2.19747543	2.26899958	2.17848134	2.13938117	2.17192268	2.16167498	2.17682648	2.05302954
0.00001020	2.15552664	2.24662924	2.08311987	2.24060750	2.09772038	2.14694476	2.19357133	2.06518793
0.00001100	2.22974372	2.19230103	2.05345178	2.14132786	2.17192268	2.16167498	2.23752642	2.05997705
0.00001180	2.13616562	2.20188832	2.19543457	2.12186122	2.14384627	2.05488014	2.13287139	2.19371939
0.00001260	2.15875340	2.09962368	2.07040501	2.15884781	2.15186810	2.03278470	2.11403346	2.11555839
0.00001420	2.13535881	2.12039614	2.06298804	2.02550149	2.06964374	2.02357817	2.11926627	2.08776760
0.00001580	2.12971187	2.12119508	2.05451131	2.10142136	2.04658103	2.08986473	2.09833527	2.04000258
0.00001740	2.11035085	2.08364487	2.13715816	2.06054139	2.12679982	2.00700665	2.16008162	2.04608178
0.00001900	2.11680460	2.06526899	2.09795380	2.04691482	2.08167672	2.09907103	2.00833178	2.05389786
0.00002060	2.06114173	1.99416304	2.00894976	2.00116825	2.08167672	2.03646731	1.98426116	2.03131795
0.00002220	2.08534288	2.05568171	2.07782197	2.05080819	2.02251530	1.94440269	1.99263346	2.03044963
0.00002380	2.02968001	1.95022118	2.05874968	1.99727488	1.99844968	1.93335497	1.95914388	2.05910873
0.00002540	2.05952811	2.07245946	2.01742625	2.00116825	1.99844968	1.99227631	1.99158692	2.02610731
0.00002860	2.05324984	2.02215052	1.98728490	1.99479759	1.93602753	1.99112344	1.98699093	2.08585739
0.00003180	2.04464316	2.01828170	2.01982594	1.94758964	1.97955191	1.99112344	1.95902097	2.10314226
0.00003500	1.97942531	1.94692171	1.99584830	1.91244602	1.93763959	1.93099546	1.93664491	2.06156516
0.00003820	1.95610237	1.93789423	1.87196410	1.92346120	1.87692046	1.87185323	1.92881334	2.10174060
0.00004140	1.90816081	1.89318681	1.91249764	1.93709910	1.84360552	1.84331048	1.89636803	2.01438236
0.00004460	1.82221150	1.86825383	1.89251637	1.87520421	1.88769948	1.82852459	1.86000705	2.04708338
0.00004780	1.87576783	1.85406792	1.82914698	1.84110951	1.87211645	1.84133899	1.84434378	2.08212018
0.00005100	1.79845667	1.87255263	1.86511338	1.79652429	1.83987558	1.83345318	1.78728497	2.06810546
0.00005740	1.82247543	1.78832412	1.80306470	1.74388754	1.80479777	1.77986622	1.81530738	1.98686421
0.00006380	1.75876296	1.79024565	1.75992513	1.70541179	1.72140515	1.76419759	1.76915312	2.01488090
0.00007020	1.77400053	1.73537469	1.72161031	1.73868811	1.73925591	1.71278465	1.76831901	1.96533084
0.00007660	1.71884477	1.75459027	1.70912254	1.69163322	1.67744410	1.69809520	1.72383296	1.98686421
0.00008300	1.69716871	1.77423275	1.71252823	1.69761264	1.67744410	1.69221950	1.70019984	1.97135091
0.00008940	1.70103180	1.71786726	1.66002285	1.68903351	1.72060585	1.70152283	1.66405487	1.92805254
0.00009580	1.65188515	1.68050373	1.70713580	1.66358435	1.63987756	1.73139119	1.68157125	1.92041159
0.00010220	1.66733730	1.67089593	1.64838648	1.63735437	1.66947973	1.66528893	1.62735391	1.90698218
0.00011500	1.64990509	1.65478361	1.62290573	1.62527061	1.62706566	1.62278044	1.65240812	1.88167703
0.00012780	1.59755254	1.62501442	1.60647130	1.61443794	1.63844931	1.60455239	1.61889386	1.88695610
0.00014060	1.58166552	1.64620245	1.61195898	1.61508274	1.59582686	1.60479546	1.59791231	1.86136365
0.00015340	1.60064459	1.63084114	1.58705354	1.57716882	1.58100164	1.61476004	1.61571896	1.84050572
0.00016620	1.59957838	1.60975909	1.60168719	1.62423885	1.58073688	1.55375695	1.58438468	1.80309188
0.00017900	1.60746861	1.58401561	1.58831990	1.59292853	1.59595919	1.58510911	1.59556568	1.78989375
0.00019180	1.59104836	1.60191953	1.57044983	1.58428812	1.57411849	1.60892713	1.56216073	1.77853191
0.00020460	1.58347809	1.59026611	1.58817911	1.58725429	1.55505753	1.58194959	1.56464541	1.74984038
0.00023020	1.58466089	1.59303474	1.57544434	1.58362281	1.55692899	1.53576660	1.56367767	1.73384511
0.00025580	1.57258129	1.58630502	1.58626330	1.58605576	1.55298579	1.53950703	1.54421484	1.70857096
0.00028140	1.58393872	1.58656788	1.55094481	1.55797541	1.55896640	1.54336810	1.56973553	1.69388461
0.00030700	1.57622540	1.58927333	1.56993020	1.57807922	1.54749143	1.58789182	1.57922041	1.66966128
0.00033260	1.58983684	1.58989978	1.55764556	1.56335354	1.54271984	1.57401586	1.56622601	1.65380538
0.00035820	1.58586466	1.58805513	1.55408573	1.56197107	1.53669930	1.55715919	1.56238806	1.65152836
0.00038380	1.57490134	1.58229530	1.54943621	1.56062651	1.54787242	1.57055283	1.57547820	1.63131964
0.00040940	1.57013464	1.55705678	1.54085076	1.56830966	1.56321263	1.56298685	1.58068693	1.60564625
0.00046060	1.56072342	1.55856001	1.56147730	1.55512309	1.57035589	1.54255235	1.56458759	1.60544002
0.00051180	1.57528639	1.58279514	1.54315746	1.56478655	1.53650582	1.53697896	1.54707408	1.57603061
0.00056300	1.57186723	1.57360852	1.54734778	1.56702638	1.55531406	1.54638767	1.56496239	1.57512319
0.00061420	1.56268811	1.56580257	1.54695916	1.56680381	1.54835951	1.55525708	1.57408690	1.54938745
0.00066540	1.54569459	1.57318854	1.55087245	1.57897925	1.53645301	1.55227172	1.56734037	1.53721678
0.00071660	1.57409787	1.57185519	1.53845859	1.57265306	1.53389513	1.54717755	1.55286407	1.54224110
0.00076780	1.55999732	1.55378914	1.56432927	1.56289375	1.53095245	1.58167410	1.55327296	1.53040040
0.00081900	1.55347157	1.56560993	1.53911662	1.55811954	1.53772449	1.54655373	1.55006254	1.55238760
0.00092140	1.55351949	1.55441058	1.55480230	1.56433225	1.54546511	1.54256594	1.54697347	1.51359892
0.00102380	1.55916464	1.55187774	1.55183101	1.55272412	1.54418623	1.54617739	1.55860066	1.52065587
0.00112620	1.56365550	1.57506895	1.53918207	1.56536233	1.54070568	1.54978359	1.54628384	1.52110541
0.00122860	1.55360532	1.57587183	1.55483377	1.56570387	1.53641880	1.53516853	1.55197430	1.50015616
0.00133100	1.55356610	1.56679142	1.55373585	1.58008838	1.54331529	1.53719234	1.55460918	1.49657869
0.00143340	1.55438900	1.56566000	1.54939651	1.55987346	1.53286314	1.54216254	1.55772829	1.49330544
0.00153580	1.56285906	1.57126546	1.54712737	1.56872618	1.55096364	1.54797161	1.54736280	1.49501467
0.00163820	1.54889655	1.56232202	1.55773365	1.56808949	1.53925169	1.55026889	1.55802608	1.49890625
0.00184300	1.55110669	1.55553401	1.54719114	1.55801010	1.54143095	1.53738344	1.53966177	1.47713256
0.00204780	1.55587411	1.56719363	1.55397022	1.55558908	1.53879297	1.54459834	1.54384172	1.48774493
0.00225260	1.56498635	1.56088471	1.56523526	1.55920029	1.53934658	1.54285872	1.54164457	1.47460449
0.00245740	1.56162822	1.56657434	1.55747521	1.54792190	1.53851676	1.54032469	1.53904331	1.48146689
0.00266220	1.56236517	1.55466032	1.55014539	1.55405438	1.53724074	1.54585588	1.53943169	1.48152447
0.00286700	1.54907179	1.56465042	1.55098677	1.55430937	1.53925550	1.54766595	1.54465592	1.47972560
0.00307180	1.54798019	1.56144154	1.55304658	1.55950868	1.53031790	1.55500638	1.53547406	1.47885263
0.00327660	1.55637288	1.54717600	1.54651737	1.56366360	1.53823698	1.54250479	1.54599953	1.48984516
0.00368620	1.54765534	1.54859984	1.54737663	1.55128050	1.53119969	1.53634048	1.53687084	1.49047565
0.00409580	1.54959738	1.55595195	1.54192221	1.54853594	1.53330123	1.54508460	1.54878330	1.48179209
0.00450540	1.54851341	1.55619383	1.53904045	1.55035639	1.53095341	1.54505181	1.54712164	1.48619401
0.00491500	1.54942989	1.54905665	1.54025984	1.54773521	1.52589560	1.53828251	1.53619063	1.47743666
0.00532460	1.54752016	1.55551255	1.54223990	1.54561913	1.53382981	1.53276622	1.54542470	1.46474767
0.00573420	1.55372429	1.54682624	1.54648590	1.55147457	1.53143871	1.53074157	1.53704131	1.46591389
0.00614380	1.55299258	1.54119503	1.54467404	1.54693854	1.53183138	1.53579283	1.54258204	1.47231567
0.00655340	1.54410625	1.55597699	1.54422367	1.54568684	1.53865099	1.53735948	1.53932059	1.46741748
0.00737260	1.54180229	1.54727232	1.53531265	1.54711187	1.52694893	1.53232229	1.53658676	1.46571600
0.00819180	1.53975880	1.54817641	1.54223120	1.54861450	1.52779973	1.53451920	1.53578782	1.48195708
0.00901100	1.53977835	1.54894447	1.53831232	1.54400909	1.53121340	1.53855932	1.53328681	1.47981083
0.00983020	1.54217005	1.54896998	1.54185474	1.54350555	1.52814138	1.53352404	1.53367460	1.48318183
0.01064940	1.55080950	1.54449892	1.54058182	1.54641604	1.52194619	1.53741598	1.53389919	1.48237872
0.01146860	1.54473817	1.54843915	1.54332006	1.54503179	1.52663553	1.53153181	1.54121351	1.48468256
0.01228780	1.54270637	1.54822171	1.54057729	1.54534364	1.52995682	1.53442264	1.53370893	1.48626864
0.01310700	1.53729773	1.54892015	1.54120123	1.54690742	1.52922046	1.53343415	1.53807938	1.47903824
0.01474540	1.53613937	1.54560924	1.53661942	1.54184651	1.52700853	1.52741766	1.53354836	1.46475768
0.01638380	1.54191303	1.54227352	1.53620660	1.53896558	1.52316999	1.52825153	1.53259099	1.46010673
0.01802220	1.53648484	1.54524088	1.53762829	1.54233146	1.52086902	1.52702975	1.53179348	1.47077072
0.01966060	1.53973067	1.54671776	1.53273678	1.53980243	1.52038872	1.52797425	1.53222692	1.47136056
0.02129900	1.54284811	1.54522085	1.53719723	1.53851736	1.52131832	1.53090918	1.53325689	1.47823524
0.02293740	1.54045165	1.54680657	1.53372669	1.53901732	1.52515304	1.53180027	1.53251553	1.47576094
0.02457580	1.53712165	1.54668725	1.53708613	1.54344571	1.52047873	1.53266835	1.53370535	1.47329283
0.02621420	1.53947246	1.54039145	1.53484297	1.54473650	1.52408040	1.53280771	1.53415322	1.47394359
0.02949100	1.53422546	1.54163647	1.53523374	1.53619623	1.52155566	1.52490854	1.52699566	1.46923220
0.03276780	1.53409171	1.53869271	1.52981794	1.53866982	1.51987553	1.52567053	1.53034544	1.46521258
0.03604460	1.53565347	1.54124010	1.53073072	1.53684533	1.52138603	1.52924085	1.52642429	1.46300912
0.03932140	1.53417647	1.53868806	1.53269374	1.53524995	1.52030027	1.52860022	1.52973163	1.46320403
0.04259820	1.53714168	1.53975809	1.53350353	1.53503811	1.52038336	1.52612376	1.52921832	1.47268903
0.04587500	1.53699398	1.53969443	1.53129721	1.53654706	1.52034414	1.52674174	1.52742386	1.47068405
0.04915180	1.53452516	1.54228389	1.53288805	1.54011405	1.52094126	1.52576840	1.52945936	1.46805108
0.05242860	1.53519464	1.54484594	1.53246999	1.53701389	1.52243793	1.52539551	1.52912605	1.46434736
0.05898220	1.53225744	1.53734839	1.52930248	1.53273439	1.51653063	1.52422678	1.52585554	1.46479738
0.06553581	1.53217065	1.53711653	1.52947414	1.53403664	1.51713431	1.52189028	1.53055978	1.46667731
0.07208940	1.53331101	1.54097664	1.53112280	1.53378546	1.51796401	1.52109063	1.52692676	1.46720195
0.07864300	1.53292322	1.53712034	1.53139198	1.53472257	1.51695907	1.52199161	1.52713335	1.46570051
0.08519660	1.53344142	1.53820229	1.52870655	1.53412819	1.51900685	1.52141345	1.52929687	1.46718824
0.09175020	1.53306556	1.53852105	1.52980983	1.53324795	1.51813745	1.52240717	1.52777231	1.46603751
0.09830380	1.53174949	1.53941059	1.52895069	1.53537381	1.51837766	1.52200413	1.52719975	1.46766686
0.10485740	1.53297615	1.53785920	1.53014028	1.53469658	1.51707995	1.52249265	1.52802277	1.46762466
0.11796460	1.53625751	1.54134977	1.53186202	1.53928936	1.52047622	1.52559221	1.52967250	1.46743929
0.13107181	1.53433394	1.53818190	1.52797151	1.53569663	1.51701450	1.52252769	1.52768958	1.46298635
0.14417900	1.52997363	1.53664136	1.52574587	1.53486717	1.51405990	1.52006471	1.52302194	1.46418393
0.15728620	1.52814734	1.53180814	1.52036548	1.53107905	1.51300240	1.51623702	1.51957929	1.46316338
0.17039341	1.52383614	1.53083038	1.51723492	1.52652586	1.50912476	1.51428235	1.51834393	1.45627820
0.18350060	1.51977718	1.52991283	1.51462424	1.52195597	1.50398791	1.51004493	1.51363206	1.45519280
0.19660780	1.51726949	1.52530980	1.50988030	1.51990092	1.50309837	1.50788248	1.51062953	1.45256782
0.20971501	1.51339889	1.52185690	1.50785697	1.51637161	1.49922729	1.50484824	1.50837898	1.44866729
0.23592941	1.50770187	1.51713979	1.50314415	1.51138473	1.49527967	1.49934316	1.50329757	1.44582868
0.26214382	1.50129390	1.51029742	1.49531591	1.50636995	1.48917103	1.49448633	1.49654734	1.44065785
0.28835821	1.49636090	1.50264060	1.48977864	1.50006890	1.48223352	1.48968518	1.49029338	1.43388188
0.31457260	1.49059224	1.49605060	1.48268712	1.49271154	1.47624743	1.48279762	1.48413169	1.42696095
0.34078699	1.48303437	1.48819935	1.47597909	1.48546207	1.47048748	1.47664416	1.47772491	1.42286110
0.36700141	1.47729290	1.48302078	1.46850789	1.47794819	1.46477270	1.47070217	1.47123075	1.41749859
0.39321581	1.47140193	1.47690308	1.46207428	1.47452950	1.45783067	1.46527207	1.46287322	1.41063356
0.41943020	1.46640730	1.46933210	1.45579147	1.46694040	1.45256519	1.45962131	1.45837200	1.40774381
0.47185901	1.44967067	1.45367253	1.43904305	1.44998813	1.43546605	1.44346654	1.44113493	1.39251125
0.52428782	1.43763709	1.44042623	1.42711270	1.43732893	1.42253864	1.43032253	1.42768359	1.38212812
0.57671660	1.42437994	1.42842710	1.41368437	1.42484713	1.41067278	1.41764939	1.41476309	1.37186968
0.62914538	1.41164601	1.41414607	1.40034246	1.41208994	1.39853930	1.40484571	1.40280771	1.35538578
0.68157423	1.39730620	1.40105140	1.38845086	1.40033519	1.38415384	1.39344454	1.38962269	1.34903371
0.73400301	1.38335741	1.38887072	1.37806368	1.38636458	1.37036943	1.37991524	1.37680876	1.33505440
0.78643179	1.36809611	1.37669921	1.36672974	1.37121809	1.35901189	1.36843538	1.36431265	1.32541192
0.83886063	1.35496032	1.36353672	1.35479534	1.35611296	1.34757304	1.35547316	1.35027719	1.31510913
0.94371825	1.33223879	1.34163940	1.33314323	1.33362865	1.32966912	1.33231163	1.32747483	1.29362166
1.04857588	1.30808568	1.31554258	1.30551744	1.30478883	1.30394626	1.30505776	1.29973483	1.26933038
1.15343344	1.28312588	1.28892469	1.28006828	1.27877867	1.27813137	1.27819288	1.27439249	1.24531388
1.25829101	1.25659657	1.26209939	1.25765908	1.25186038	1.25446165	1.25259614	1.24737644	1.22135806
1.36314869	1.22757638	1.23444438	1.23593104	1.22402871	1.23099792	1.22821784	1.22214496	1.19533241
1.46800625	1.19921756	1.20638287	1.21269143	1.19829130	1.20767140	1.20506632	1.19713855	1.17133176
1.57286382	1.17159998	1.17789078	1.18899000	1.17047226	1.18138123	1.18000615	1.17041230	1.14823651
1.67772150	1.14532614	1.15127444	1.15972948	1.14497542	1.15320849	1.15286839	1.14260173	1.12688279
1.88743675	1.07155001	1.06918824	1.06904197	1.06369185	1.07221377	1.07069302	1.06366336	1.05592716
2.09715199	1.01494813	1.01389575	1.00548482	1.00478745	1.01581073	1.01310241	1.01247239	1.00681376
2.30686712	1.00735855	1.00190568	1.00425303	0.99786633	1.01339972	1.00736845	0.99940884	0.99463093
2.51658225	1.00908482	1.00339592	1.01874971	1.00276434	1.01520646	1.01209962	0.99746275	0.99026203
2.72629738	1.00044644	1.00712359	1.03502953	1.00364709	1.01831186	1.00932634	0.99977744	0.97363251
2.93601274	0.99600625	1.00969994	1.04807091	1.00154579	1.02703488	1.01283956	0.98902452	0.96657997
3.14572787	0.99868172	1.00677276	1.05619252	0.99961591	1.01514387	1.01705813	0.98673010	0.96148622
3.35544300	0.99053997	1.00869882	1.05090868	1.00055492	1.01336753	1.03501153	0.97900778	0.96831483
3.77487350	1.00003588	0.99959421	0.99718082	1.00130606	1.00065958	1.00003815	0.99947441	1.00025809
4.19430399	0.99894691	1.00017059	1.00063455	0.99953461	0.99990237	0.99947637	1.00036383	1.00071573
4.61373425	1.00105166	1.00059593	1.00374818	1.00006676	0.99888217	1.00003648	1.00051212	0.99963456
5.03316450	1.00000000	1.00000000	1.00000000	1.00000000	1.00000000	1.00000000	1.00000000	1.00000000
5.45259476	0.00000000	0.00000000	0.00000000	0.00000000	0.00000000	0.00000000	0.00000000	0.00000000
5.87202549	0.00000000	0.00000000	0.00000000	0.00000000	0.00000000	0.00000000	0.00000000	0.00000000
6.29145575	0.00000000	0.00000000	0.00000000	0.00000000	0.00000000	0.00000000	0.00000000	0.00000000
6.71088600	0.00000000	0.00000000	0.00000000	0.00000000	0.00000000	0.00000000	0.00000000	0.00000000
7.54974699	0.00000000	0.00000000	0.00000000	0.00000000	0.00000000	0.00000000	0.00000000	0.00000000
8.38860798	0.00000000	0.00000000	0.00000000	0.00000000	0.00000000	0.00000000	0.00000000	0.00000000
9.22746849	0.00000000	0.00000000	0.00000000	0.00000000	0.00000000	0.00000000	0.00000000	0.00000000
10.06632900	0.00000000	0.00000000	0.00000000	0.00000000	0.00000000	0.00000000	0.00000000	0.00000000
10.90518951	0.00000000	0.00000000	0.00000000	0.00000000	0.00000000	0.00000000	0.00000000	0.00000000
11.74405098	0.00000000	0.00000000	0.00000000	0.00000000	0.00000000	0.00000000	0.00000000	0.00000000
12.58291149	0.00000000	0.00000000	0.00000000	0.00000000	0.00000000	0.00000000	0.00000000	0.00000000
13.42177200	0.00000000	0.00000000	0.00000000	0.00000000	0.00000000	0.00000000	0.00000000	0.00000000
15.09949398	0.00000000	0.00000000	0.00000000	0.00000000	0.00000000	0.00000000	0.00000000	0.00000000
16.77721596	0.00000000	0.00000000	0.00000000	0.00000000	0.00000000	0.00000000	0.00000000	0.00000000
18.45493698	0.00000000	0.00000000	0.00000000	0.00000000	0.00000000	0.00000000	0.00000000	0.00000000
20.13265800	0.00000000	0.00000000	0.00000000	0.00000000	0.00000000	0.00000000	0.00000000	0.00000000
21.81037903	0.00000000	0.00000000	0.00000000	0.00000000	0.00000000	0.00000000	0.00000000	0.00000000
23.48810196	0.00000000	0.00000000	0.00000000	0.00000000	0.00000000	0.00000000	0.00000000	0.00000000
25.16582298	0.00000000	0.00000000	0.00000000	0.00000000	0.00000000	0.00000000	0.00000000	0.00000000
26.84354401	0.00000000	0.00000000	0.00000000	0.00000000	0.00000000	0.00000000	0.00000000	0.00000000
30.19898796	0.00000000	0.00000000	0.00000000	0.00000000	0.00000000	0.00000000	0.00000000	0.00000000
33.55443192	0.00000000	0.00000000	0.00000000	0.00000000	0.00000000	0.00000000	0.00000000	0.00000000
36.90987396	0.00000000	0.00000000	0.00000000	0.00000000	0.00000000	0.00000000	0.00000000	0.00000000
40.26531601	0.00000000	0.00000000	0.00000000	0.00000000	0.00000000	0.00000000	0.00000000	0.00000000
43.62075806	0.00000000	0.00000000	0.00000000	0.00000000	0.00000000	0.00000000	0.00000000	0.00000000
46.97620392	0.00000000	0.00000000	0.00000000	0.00000000	0.00000000	0.00000000	0.00000000	0.00000000
50.33164597	0.00000000	0.00000000	0.00000000	0.00000000	0.00000000	0.00000000	0.00000000	0.00000000
53.68708801	0.00000000	0.00000000	0.00000000	0.00000000	0.00000000	0.00000000	0.00000000	0.00000000
60.39797592	0.00000000	0.00000000	0.00000000	0.00000000	0.00000000	0.00000000	0.00000000	0.00000000
67.10886383	0.00000000	0.00000000	0.00000000	0.00000000	0.00000000	0.00000000	0.00000000	0.00000000
73.81974792	0.00000000	0.00000000	0.00000000	0.00000000	0.00000000	0.00000000	0.00000000	0.00000000
80.53063202	0.00000000	0.00000000	0.00000000	0.00000000	0.00000000	0.00000000	0.00000000	0.00000000
87.24151611	0.00000000	0.00000000	0.00000000	0.00000000	0.00000000	0.00000000	0.00000000	0.00000000
93.95240784	0.00000000	0.00000000	0.00000000	0.00000000	0.00000000	0.00000000	0.00000000	0.00000000
100.66329193	0.00000000	0.00000000	0.00000000	0.00000000	0.00000000	0.00000000	0.00000000	0.00000000
107.37417603	0.00000000	0.00000000	0.00000000	0.00000000	0.00000000	0.00000000	0.00000000	0.00000000
120.79595184	0.00000000	0.00000000	0.00000000	0.00000000	0.00000000	0.00000000	0.00000000	0.00000000
134.21772766	0.00000000	0.00000000	0.00000000	0.00000000	0.00000000	0.00000000	0.00000000	0.00000000
147.63949585	0.00000000	0.00000000	0.00000000	0.00000000	0.00000000	0.00000000	0.00000000	0.00000000
161.06126404	0.00000000	0.00000000	0.00000000	0.00000000	0.00000000	0.00000000	0.00000000	0.00000000
174.48303223	0.00000000	0.00000000	0.00000000	0.00000000	0.00000000	0.00000000	0.00000000	0.00000000
187.90481567	0.00000000	0.00000000	0.00000000	0.00000000	0.00000000	0.00000000	0.00000000	0.00000000
201.32658386	0.00000000	0.00000000	0.00000000	0.00000000	0.00000000	0.00000000	0.00000000	0.00000000
214.74835205	0.00000000	0.00000000	0.00000000	0.00000000	0.00000000	0.00000000	0.00000000	0.00000000
241.59190369	0.00000000	0.00000000	0.00000000	0.00000000	0.00000000	0.00000000	0.00000000	0.00000000
268.43545532	0.00000000	0.00000000	0.00000000	0.00000000	0.00000000	0.00000000	0.00000000	0.00000000
295.27899170	0.00000000	0.00000000	0.00000000	0.00000000	0.00000000	0.00000000	0.00000000	0.00000000
322.12252808	0.00000000	0.00000000	0.00000000	0.00000000	0.00000000	0.00000000	0.00000000	0.00000000
348.96606445	0.00000000	0.00000000	0.00000000	0.00000000	0.00000000	0.00000000	0.00000000	0.00000000
375.80963135	0.00000000	0.00000000	0.00000000	0.00000000	0.00000000	0.00000000	0.00000000	0.00000000
402.65316772	0.00000000	0.00000000	0.00000000	0.00000000	0.00000000	0.00000000	0.00000000	0.00000000
429.49670410	0.00000000	0.00000000	0.00000000	0.00000000	0.00000000	0.00000000	0.00000000	0.00000000
483.18380737	0.00000000	0.00000000	0.00000000	0.00000000	0.00000000	0.00000000	0.00000000	0.00000000
536.87091064	0.00000000	0.00000000	0.00000000	0.00000000	0.00000000	0.00000000	0.00000000	0.00000000
590.55798340	0.00000000	0.00000000	0.00000000	0.00000000	0.00000000	0.00000000	0.00000000	0.00000000
644.24505615	0.00000000	0.00000000	0.00000000	0.00000000	0.00000000	0.00000000	0.00000000	0.00000000
697.93212891	0.00000000	0.00000000	0.00000000	0.00000000	0.00000000	0.00000000	0.00000000	0.00000000
751.61926270	0.00000000	0.00000000	0.00000000	0.00000000	0.00000000	0.00000000	0.00000000	0.00000000
805.30633545	0.00000000	0.00000000	0.00000000	0.00000000	0.00000000	0.00000000	0.00000000	0.00000000
858.99340820	0.00000000	0.00000000	0.00000000	0.00000000	0.00000000	0.00000000	0.00000000	0.00000000
966.36761475	0.00000000	0.00000000	0.00000000	0.00000000	0.00000000	0.00000000	0.00000000	0.00000000
1073.74182129	0.00000000	0.00000000	0.00000000	0.00000000	0.00000000	0.00000000	0.00000000	0.00000000
1181.11596680	0.00000000	0.00000000	0.00000000	0.00000000	0.00000000	0.00000000	0.00000000	0.00000000
1288.49011230	0.00000000	0.00000000	0.00000000	0.00000000	0.00000000	0.00000000	0.00000000	0.00000000
1395.86425781	0.00000000	0.00000000	0.00000000	0.00000000	0.00000000	0.00000000	0.00000000	0.00000000
1503.23852539	0.00000000	0.00000000	0.00000000	0.00000000	0.00000000	0.00000000	0.00000000	0.00000000
1610.61267090	0.00000000	0.00000000	0.00000000	0.00000000	0.00000000	0.00000000	0.00000000	0.00000000
1717.98681641	0.00000000	0.00000000	0.00000000	0.00000000	0.00000000	0.00000000	0.00000000	0.00000000
1932.73522949	0.00000000	0.00000000	0.00000000	0.00000000	0.00000000	0.00000000	0.00000000	0.00000000
2147.48364258	0.00000000	0.00000000	0.00000000	0.00000000	0.00000000	0.00000000	0.00000000	0.00000000
2362.23193359	0.00000000	0.00000000	0.00000000	0.00000000	0.00000000	0.00000000	0.00000000	0.00000000
2576.98022461	0.00000000	0.00000000	0.00000000	0.00000000	0.00000000	0.00000000	0.00000000	0.00000000
2791.72851562	0.00000000	0.00000000	0.00000000	0.00000000	0.00000000	0.00000000	0.00000000	0.00000000
3006.47705078	0.00000000	0.00000000	0.00000000	0.00000000	0.00000000	0.00000000	0.00000000	0.00000000
3221.22534180	0.00000000	0.00000000	0.00000000	0.00000000	0.00000000	0.00000000	0.00000000	0.00000000
3435.97363281	0.00000000	0.00000000	0.00000000	0.00000000	0.00000000	0.00000000	0.00000000	0.00000000
0	0	0	0	0	0	0	0	0
