%6/18/2015 4:26:12 PM
%Duration	ID1		ID2		ID3		ID4		ID5		ID6		ID7		ID8
3000.000000	28.648376	26.216507	21.915436	28.419495	26.855469	28.762817	30.899048	165.309906
%Tau		Tau1		Tau2		Tau3		Tau4		Tau5		Tau6		Tau7		Tau8
%		0.000021	0.000019	0.000019	0.000019	0.000016	0.000021	0.000022	0.000115
%Delaytime	D1		D2		D3		D4		D5		D6		D7		D8
0.00000000	2.02519178	4.05823231	4.72739601	3.61952448	3.28228354	1.97849262	2.71664429	1.77916157
0.00000020	1.72588325	1.76232052	1.78034937	1.75936377	1.77501142	1.66609907	1.70867550	1.50445914
0.00000040	1.42268753	1.56650710	1.59852648	1.60358679	1.58164430	1.44181657	1.55879176	1.45881164
0.00000060	1.50042999	1.49797237	1.53791881	1.51195323	1.54197919	1.61002851	1.33021891	1.43251336
0.00000080	1.41880035	1.61056507	1.47731113	1.47529984	1.30398881	1.44181657	1.54005623	1.47202897
0.00000100	1.52763987	1.45880973	1.62125432	1.33784950	1.54693735	1.50189221	1.34146023	1.48129475
0.00000120	1.55484974	1.40496111	1.59095049	1.46155477	1.47752345	1.48587203	1.54755044	1.44750202
0.00000140	1.57817245	1.51755381	1.52276695	1.61733186	1.65601623	1.38174081	1.55879176	1.44464052
0.00000160	1.45378447	1.62035584	1.41670358	1.43864644	1.50727224	1.31365502	1.46886146	1.46862245
0.00000180	1.53930128	1.53223979	1.51519096	1.47988153	1.47752345	1.35771060	1.56253886	1.47652566
0.00000200	1.36438072	1.40496111	1.46215928	1.48446321	1.49239790	1.48587203	1.54755044	1.48279369
0.00000220	1.50431716	1.62525117	1.50003910	1.44780982	1.39819336	1.48186696	1.39766657	1.45281625
0.00000240	1.58205962	1.60566974	1.49246311	1.48446321	1.31390512	1.50589728	1.46886146	1.47107518
0.00000260	1.43434894	1.54203045	1.37124777	1.41115642	1.47752345	1.53393257	1.44263172	1.48878920
0.00000280	1.48488152	1.52244914	1.39397573	1.50737154	1.31390512	1.55796289	1.36394274	1.47638941
0.00000300	1.57428539	1.48328638	1.49246311	1.45239151	1.29407251	1.51390731	1.58502138	1.47175646
0.00000340	1.53347063	1.44901907	1.51140296	1.33784950	1.46017003	1.39976358	1.49134398	1.44171095
0.00000380	1.52763987	1.33887410	1.39776361	1.52111661	1.41306770	1.43380642	1.41078150	1.45138550
0.00000420	1.46738946	1.48573411	1.46594727	1.49591732	1.48000252	1.44782412	1.43701112	1.44273293
0.00000460	1.44212317	1.46615279	1.49246311	1.47988153	1.31638420	1.46384430	1.43888462	1.45513260
0.00000500	1.43240535	1.36824608	1.41670358	1.48446321	1.40810966	1.46584678	1.36394274	1.46671486
0.00000540	1.48488152	1.44901907	1.42806745	1.35617626	1.45521188	1.34169042	1.47073495	1.44968224
0.00000580	1.38575983	1.41719937	1.27276039	1.31265032	1.34613299	1.37172818	1.50633240	1.46146882
0.00000620	1.44795382	1.44901907	1.40912759	1.50737154	1.44033742	1.35971308	1.39017236	1.45165801
0.00000700	1.37507021	1.42209470	1.46026528	1.37679374	1.34613299	1.39776099	1.38361502	1.44648004
0.00000780	1.35854995	1.39149892	1.36367190	1.35044920	1.42174447	1.48487079	1.38829887	1.44760418
0.00000860	1.43240535	1.40251338	1.39208174	1.38939345	1.33373761	1.43380642	1.37518406	1.44123399
0.00000940	1.37409842	1.32541192	1.30306423	1.35273993	1.39943290	1.37773573	1.41452849	1.44358456
0.00001020	1.34494507	1.39884186	1.37124777	1.35159457	1.37092364	1.31065130	1.29930532	1.43513632
0.00001100	1.40908265	1.37069368	1.34662592	1.36419415	1.34365392	1.31565762	1.33583951	1.42880023
0.00001180	1.42948997	1.32541192	1.34094405	1.38252091	1.29035401	1.40877485	1.34708083	1.42886829
0.00001260	1.37215495	1.32418799	1.33147407	1.31952286	1.32382131	1.24657059	1.33209240	1.43404627
0.00001420	1.33036828	1.27768230	1.29075325	1.30577779	1.29035401	1.27110147	1.33115566	1.40640223
0.00001580	1.26331544	1.34009790	1.32863307	1.30520511	1.23891330	1.29563236	1.25293505	1.40321720
0.00001740	1.26574492	1.30399477	1.31916308	1.25194311	1.23271573	1.21803463	1.27213895	1.40348971
0.00001900	1.25991416	1.25810099	1.20457685	1.28057861	1.23457491	1.25207746	1.29227960	1.38889265
0.00002060	1.23902094	1.23056471	1.22446370	1.21586239	1.26122499	1.24807239	1.25059307	1.39148164
0.00002220	1.23853505	1.23240054	1.17237902	1.22674394	1.22527850	1.17548096	1.27307570	1.37460232
0.00002380	1.21812761	1.20914769	1.26518440	1.23476183	1.19305062	1.21052516	1.18127179	1.36552393
0.00002540	1.18751645	1.23362434	1.19131887	1.19066322	1.15834367	1.21402955	1.19298148	1.36286688
0.00002860	1.18308818	1.17302644	1.18105376	1.19672191	1.18675590	1.19634604	1.16095495	1.34756613
0.00003180	1.16517723	1.17945313	1.14458978	1.15971315	1.16224289	1.13485396	1.16048634	1.34042943
0.00003500	1.13129175	1.14702833	1.09628689	1.13820505	1.14549768	1.12960458	1.15884590	1.32898319
0.00003820	1.10636175	1.12132120	1.12043834	1.10493934	1.15976214	1.13185430	1.10213387	1.32542908
0.00004140	1.08409405	1.09959257	1.07639742	1.10579967	1.10983646	1.12385535	1.14337897	1.30767822
0.00004460	1.10345721	1.11826086	1.10575795	1.10838056	1.08968019	1.12235558	1.11431992	1.30610490
0.00004780	1.08724058	1.06041980	1.09013057	1.07339418	1.08037734	1.09512186	1.08972585	1.29408574
0.00005100	1.07878160	1.08459675	1.06124353	1.08658576	1.07231474	1.06037593	1.10238075	1.27980638
0.00005740	1.04995573	1.07741797	1.06083810	1.05532396	1.07288980	1.06852400	1.07133329	1.27147627
0.00006380	1.06193244	1.04914534	1.05302393	1.03367853	1.06172359	1.06689858	1.05891132	1.26045597
0.00007020	1.04221320	1.04135120	1.04544652	1.03181505	1.04978192	1.05302000	1.04625499	1.24840522
0.00007660	1.02455068	1.03477979	1.04214811	1.03769219	1.01721370	1.04863167	1.02633309	1.23673654
0.00008300	1.06326318	1.03432131	1.01941550	1.02837467	1.03334272	1.01938641	1.03393865	1.22338617
0.00008940	1.02455068	1.02499890	1.03409696	1.01690686	1.03675461	1.03376508	1.02690744	1.21723115
0.00009580	1.02394581	1.02333105	1.03622818	1.02408707	1.01007974	1.00188196	1.03546202	1.20678413
0.00010220	1.03374493	0.99108452	1.03551781	1.00760186	1.01411200	1.01325989	0.99186856	1.19729412
0.00011500	1.01700997	1.03104961	1.00989008	1.01392150	1.01180923	1.01215732	1.02076387	1.18484890
0.00012780	1.01077688	1.02554452	1.00527227	1.02717865	1.01686215	1.00609946	1.02410436	1.16894376
0.00014060	1.00945723	1.00950122	0.99994397	1.01764786	1.01236510	1.00809789	1.01040244	1.15650928
0.00015340	1.01175678	0.99383968	0.99579972	1.01528299	1.00267339	1.00303936	1.01963890	1.14268434
0.00016620	0.99989575	1.00509238	0.99947035	0.98846972	0.99848652	0.98736393	1.01190329	1.13334036
0.00017900	1.00752068	1.00945079	1.00444341	1.01161575	1.01259768	1.00290275	0.99864763	1.12506390
0.00019180	1.00994134	1.01098001	0.99201071	1.01942658	0.99220622	0.97848433	1.00169492	1.12020051
0.00020460	1.00580311	0.99767560	0.99414206	0.98983127	1.00724792	0.98547888	0.99630350	1.11330438
0.00023020	0.98593545	0.99686217	0.99441165	1.00707889	1.01252878	1.00532591	1.00626421	1.09714520
0.00025580	1.00289261	1.00357938	0.99541754	1.00538266	1.00903809	0.99348438	0.98761344	1.08735180
0.00028140	1.00265050	1.00308228	0.98955971	1.00133479	1.00086749	0.99493980	1.00110304	1.07928586
0.00030700	1.00827897	0.99256653	1.01614332	1.00460720	0.99595463	0.99846685	1.01036978	1.07241154
0.00033260	1.00476885	1.00154030	0.99537432	1.00432062	1.01794648	1.00534534	0.99775994	1.06504583
0.00035820	1.00449646	0.99115169	0.99858564	1.00707889	0.99962652	1.00567698	0.99333185	1.06083333
0.00038380	1.00167501	0.99585509	1.00615966	0.99579483	1.00486279	1.00203681	0.99371988	1.05318773
0.00040940	1.00353241	1.00281453	1.00598216	0.99664211	1.00139773	0.99988312	0.99395448	1.05051613
0.00046060	1.00614095	1.00518823	0.99629635	1.00555301	0.99223250	1.00110197	1.00117636	1.04017413
0.00051180	1.00133729	0.99621958	0.99773258	1.00535083	1.00242567	0.99871194	0.99557179	1.03140008
0.00056300	1.00262070	1.00099742	1.00129664	1.00704062	0.99438351	0.99420106	0.99826974	1.02818263
0.00061420	1.00049710	0.99145472	1.00212765	1.00002921	0.99947375	0.99363869	1.00112104	1.02426100
0.00066540	1.00692117	0.99305582	1.00532317	1.00336397	1.00515187	1.00318348	1.00523782	1.02166808
0.00071660	1.00044024	1.00270057	1.01228976	1.01520824	1.00353074	1.00226176	1.00217664	1.01868272
0.00076780	1.00295389	1.00056398	0.99446428	1.01135981	0.99216777	1.00412464	0.99562597	1.01688015
0.00081900	1.00070131	1.00097251	1.00326812	1.00743973	1.00387955	1.00630391	0.99515337	1.01511753
0.00092140	1.00297463	0.99495828	1.00320363	0.99760568	0.99364716	1.00429654	0.99684465	1.01205838
0.00102380	1.00209653	0.99951041	1.01042283	0.99629492	0.99932319	1.00094545	0.99684125	1.00665104
0.00112620	1.00418258	1.00971472	1.00639904	1.00187731	1.00281346	1.00331235	1.00080955	1.00669289
0.00122860	0.99998021	0.99678588	1.00045335	0.99588525	0.99522603	0.99475521	1.00448561	1.00570726
0.00133100	0.99674654	0.99920702	1.00015748	1.00029659	1.00259376	1.00157440	1.00746810	1.00545883
0.00143340	0.99448627	1.00093579	1.00789738	1.00111735	0.99596858	1.00549161	0.99985367	1.00408280
0.00153580	0.99472862	1.00713706	1.00428355	0.99897146	1.00310075	1.00970566	1.00760424	1.00378823
0.00163820	0.99463385	1.00578082	1.00898647	1.00600815	1.00359476	1.00279284	1.00050938	1.00241911
0.00184300	1.00044870	0.99931687	1.00293052	1.00243700	1.00304937	1.00124884	1.00394261	1.00242734
0.00204780	0.99921733	1.00145388	1.00490832	1.00555515	0.99690235	1.00160837	0.99659717	0.99899840
0.00225260	1.00232017	1.00432944	1.00230777	0.99923658	1.00289595	0.99770886	1.00251877	0.99972802
0.00245740	1.00001287	1.00274062	0.99712968	1.00134039	1.00192094	0.99695456	0.99709141	1.00142467
0.00266220	1.00203168	0.99501181	1.00709713	1.00013828	0.99520934	1.00254214	0.99660683	1.00187933
0.00286700	0.99989545	1.00408816	1.00191700	0.99842685	0.99196398	0.99798554	1.00320220	1.00078666
0.00307180	1.00147915	0.99939692	1.00403476	1.00267208	0.99699253	0.99549609	1.00433171	1.00302935
0.00327660	1.00165379	1.00828803	0.99696326	0.99841082	0.99756688	1.00084579	0.99942183	1.00437176
0.00368620	0.99814498	1.00295579	0.99885696	1.00327671	1.00260794	0.99924415	1.00244403	1.00469923
0.00409580	1.00389183	1.00262356	0.99758089	1.00029314	0.99897748	1.00582898	1.00080776	1.00523508
0.00450540	1.00245619	0.99784034	1.00394821	1.00074935	0.99665844	1.00062597	1.00020778	1.00507092
0.00491500	0.99681228	0.99973571	1.00860631	0.99824733	1.00247252	1.00329399	0.99932861	1.00045991
0.00532460	1.00380301	0.99822295	1.00039351	1.00054741	1.00091910	1.00294220	0.99914235	1.00171101
0.00573420	1.00230181	0.99914080	1.00060558	1.00029397	1.00128448	0.99906224	0.99730670	1.00623333
0.00614380	1.00262797	1.00472772	1.00083268	1.00203073	1.00049448	1.00225008	1.00276446	1.00398123
0.00655340	1.00297105	1.00270379	1.00262523	1.00127780	0.99967682	1.00122988	0.99738002	1.00547850
0.00737260	1.00055289	0.99998099	1.00295019	1.00110495	0.99827731	1.00217032	0.99860001	0.99938744
0.00819180	0.99834996	0.99966061	0.99974746	0.99951285	1.00172985	1.00038981	1.00031328	1.00013483
0.00901100	0.99779010	0.99758142	1.00278807	1.00016785	1.00232518	0.99872756	1.00054991	0.99807471
0.00983020	1.00093365	1.00023794	1.00216579	1.00146580	0.99952674	1.00051045	1.00059688	0.99868429
0.01064940	0.99966419	1.00017285	1.00107801	1.00246155	0.99837333	0.99964410	0.99931121	1.00373244
0.01146860	1.00134063	1.00163031	1.00267649	1.00070453	1.00201392	1.00148284	1.00137091	1.00458956
0.01228780	1.00061250	0.99862206	1.00165844	1.00102401	0.99878770	1.00196588	1.00142896	1.00150955
0.01310700	0.99961114	0.99971920	1.00070667	1.00158739	1.00034189	0.99861151	0.99835968	1.00175488
0.01474540	1.00100565	1.00009811	1.00239706	1.00225794	1.00118864	1.00089240	1.00132334	1.00581479
0.01638380	0.99962980	0.99929410	1.00154090	1.00058091	1.00099206	1.00126100	1.00068521	1.00148141
0.01802220	0.99938774	1.00006247	1.00082755	1.00054061	0.99920881	1.00063777	1.00004625	0.99892539
0.01966060	0.99956703	1.00051880	1.00043547	0.99972224	1.00094998	1.00075269	1.00056291	1.00119030
0.02129900	1.00071430	1.00013959	1.00190568	1.00323212	1.00086915	1.00210321	0.99998850	1.00253499
0.02293740	1.00080240	0.99910158	0.99872243	1.00108254	0.99902171	1.00160980	1.00023210	1.00230372
0.02457580	0.99898535	0.99934769	1.00286782	1.00100327	0.99901158	1.00076270	1.00081205	0.99824244
0.02621420	1.00085390	1.00069129	0.99859107	1.00102413	1.00088859	1.00370097	1.00087798	1.00149274
0.02949100	1.00054121	0.99987161	1.00091469	1.00057793	1.00065815	1.00132382	1.00014400	0.99936730
0.03276780	1.00128496	1.00025260	1.00122929	1.00132620	1.00072753	1.00070715	1.00041080	1.00254047
0.03604460	1.00053751	1.00072002	0.99958146	0.99987954	1.00022590	0.99841309	1.00114572	1.00240266
0.03932140	0.99986857	0.99941957	1.00066257	1.00010371	1.00005269	1.00130963	1.00031316	1.00030589
0.04259820	1.00031817	1.00073409	1.00154948	1.00136530	1.00121164	1.00171161	1.00043702	1.00068927
0.04587500	0.99945247	0.99968517	1.00156736	1.00182545	1.00042605	1.00031626	0.99979913	1.00100076
0.04915180	0.99907148	0.99969304	1.00208080	1.00163329	0.99909604	1.00040555	1.00043416	1.00245655
0.05242860	1.00026989	1.00061750	0.99956763	1.00102818	1.00128162	0.99922800	1.00082934	1.00061023
0.05898220	1.00049925	1.00049448	1.00151980	1.00103688	1.00045824	0.99999428	1.00057948	1.00065017
0.06553581	1.00009549	0.99993825	1.00126433	1.00156510	0.99955505	1.00041819	1.00008631	1.00170541
0.07208940	1.00044465	0.99927735	1.00136173	1.00092125	1.00083137	1.00066268	1.00042748	1.00316429
0.07864300	1.00120783	1.00033545	1.00094664	1.00056624	0.99997044	1.00062001	0.99987918	1.00114882
0.08519660	1.00048387	0.99965084	1.00084603	1.00156677	0.99958545	1.00064576	0.99951655	1.00134802
0.09175020	1.00117803	0.99980265	1.00090253	1.00080311	0.99962032	1.00156331	0.99953675	1.00135493
0.09830380	0.99984205	1.00039649	1.00083971	1.00122583	1.00036967	1.00144649	1.00031972	0.99990463
0.10485740	0.99961507	1.00009358	1.00031304	1.00050247	0.99989402	1.00083363	1.00121212	1.00011623
0.11796460	0.99983937	1.00071955	1.00138128	1.00114679	1.00095403	1.00094557	1.00021625	1.00059569
0.13107181	0.99950802	1.00032663	1.00122619	1.00086319	1.00016069	1.00042808	1.00058174	1.00005805
0.14417900	0.99977261	1.00059617	0.99945486	1.00071120	0.99986321	0.99977088	1.00059700	1.00032783
0.15728620	1.00026286	1.00046623	0.99965870	1.00066900	1.00113666	1.00129509	1.00028265	1.00012863
0.17039341	0.99993443	1.00007606	0.99918932	1.00011015	0.99979389	1.00028527	1.00029087	0.99947226
0.18350060	1.00026250	1.00005245	1.00031459	1.00034571	1.00047314	1.00121558	1.00077558	1.00038552
0.19660780	1.00030124	1.00001252	1.00080669	1.00132203	0.99944764	1.00101721	1.00041592	0.99999481
0.20971501	0.99968225	1.00050056	1.00030816	0.99976546	1.00048637	1.00065053	1.00040627	0.99934834
0.23592941	0.99982530	1.00002122	0.99966562	0.99999732	0.99975187	1.00057054	1.00006962	0.99978107
0.26214382	1.00042999	1.00043643	0.99971229	1.00015950	1.00028372	0.99998522	1.00027978	1.00050294
0.28835821	1.00014710	1.00033391	0.99947208	1.00014663	1.00046897	1.00059831	1.00034142	0.99940425
0.31457260	1.00048280	1.00033569	0.99962920	0.99976069	1.00002301	1.00024009	1.00062191	0.99954230
0.34078699	1.00021183	1.00017607	1.00022495	0.99928260	1.00024462	0.99992585	1.00048435	1.00011194
0.36700141	1.00050163	0.99989712	0.99930912	0.99930888	1.00057447	1.00004923	0.99976236	1.00019920
0.39321581	1.00008333	1.00034273	0.99923122	0.99981678	0.99982250	1.00061977	1.00013387	1.00009573
0.41943020	1.00022888	0.99970824	0.99923909	0.99977499	1.00040054	1.00043988	0.99992615	1.00067341
0.47185901	0.99960792	1.00024915	0.99922979	0.99957240	1.00032890	1.00034785	1.00010133	1.00005341
0.52428782	0.99994850	1.00030887	0.99959213	0.99922532	1.00032163	1.00001061	1.00037062	1.00142908
0.57671660	0.99979538	0.99963403	1.00016427	0.99969071	1.00005841	1.00058353	1.00002456	1.00058091
0.62914538	0.99999177	1.00028801	0.99988484	0.99976063	0.99995178	1.00052094	0.99976826	1.00025129
0.68157423	0.99994481	0.99946755	1.00035739	0.99996835	0.99997741	0.99984330	0.99997956	0.99934220
0.73400301	0.99952728	1.00019014	1.00039911	1.00034404	0.99979419	1.00027668	1.00002086	0.99891233
0.78643179	0.99981999	0.99960381	1.00029027	1.00028121	0.99983424	1.00007439	1.00003624	0.99941099
0.83886063	1.00005126	0.99979162	0.99992013	1.00036216	0.99983734	0.99989241	1.00007617	0.99913979
0.94371825	0.99998683	0.99999905	0.99973887	0.99999762	0.99994153	1.00032723	0.99983954	1.00055754
1.04857588	0.99974018	0.99998260	0.99963588	0.99982053	0.99983180	1.00036538	1.00026381	1.00057697
1.15343344	1.00000739	0.99989194	0.99954522	0.99931514	0.99995637	1.00011468	1.00002480	1.00022769
1.25829101	1.00006080	1.00007880	0.99972671	0.99940991	0.99969202	0.99997252	0.99996865	0.99940234
1.36314869	0.99962735	1.00016677	0.99977416	0.99980968	0.99984252	0.99980611	0.99986380	0.99906528
1.46800625	1.00020516	1.00021386	1.00019717	1.00011551	0.99992764	1.00010478	0.99983579	1.00038874
1.57286382	1.00004709	1.00028145	1.00054240	1.00044203	0.99985504	1.00002098	0.99987447	1.00034237
1.67772150	1.00016165	1.00007617	1.00033033	1.00039041	1.00015640	0.99983418	0.99973494	0.99923354
1.88743675	1.00011444	0.99989384	1.00021088	0.99984574	0.99980408	0.99927920	0.99978763	0.99901915
2.09715199	1.00005281	0.99957609	0.99970406	1.00000596	0.99993545	0.99912155	0.99986881	1.00021374
2.30686712	0.99996418	0.99946678	1.00003433	1.00027025	0.99969459	0.99930793	0.99965543	0.99915159
2.51658225	0.99995780	0.99963683	1.00030744	1.00014937	1.00001311	0.99924546	0.99981844	1.00089741
2.72629738	0.99988568	0.99986273	0.99915075	0.99950749	0.99977368	0.99907875	0.99966788	1.00011802
2.93601274	0.99983567	1.00025797	1.00011551	0.99954575	1.00024331	0.99923742	0.99973822	1.00027192
3.14572787	0.99998915	1.00007832	1.00052154	1.00006974	0.99994832	0.99936634	1.00006413	1.00039089
3.35544300	1.00029540	0.99989957	1.00011110	1.00010014	1.00057578	0.99971402	1.00002801	0.99994713
3.77487350	1.00013912	0.99968195	1.00010252	0.99980474	1.00000238	0.99992412	1.00005722	1.00017965
4.19430399	0.99985743	0.99993420	0.99969107	1.00013375	0.99996954	0.99980652	0.99951088	0.99990392
4.61373425	0.99995947	1.00001431	1.00015938	0.99995542	0.99994761	1.00001800	0.99994636	1.00007463
5.03316450	1.00000000	1.00000000	1.00000000	1.00000000	1.00000000	1.00000000	1.00000000	1.00000000
5.45259476	0.00000000	0.00000000	0.00000000	0.00000000	0.00000000	0.00000000	0.00000000	0.00000000
5.87202549	0.00000000	0.00000000	0.00000000	0.00000000	0.00000000	0.00000000	0.00000000	0.00000000
6.29145575	0.00000000	0.00000000	0.00000000	0.00000000	0.00000000	0.00000000	0.00000000	0.00000000
6.71088600	0.00000000	0.00000000	0.00000000	0.00000000	0.00000000	0.00000000	0.00000000	0.00000000
7.54974699	0.00000000	0.00000000	0.00000000	0.00000000	0.00000000	0.00000000	0.00000000	0.00000000
8.38860798	0.00000000	0.00000000	0.00000000	0.00000000	0.00000000	0.00000000	0.00000000	0.00000000
9.22746849	0.00000000	0.00000000	0.00000000	0.00000000	0.00000000	0.00000000	0.00000000	0.00000000
10.06632900	0.00000000	0.00000000	0.00000000	0.00000000	0.00000000	0.00000000	0.00000000	0.00000000
10.90518951	0.00000000	0.00000000	0.00000000	0.00000000	0.00000000	0.00000000	0.00000000	0.00000000
11.74405098	0.00000000	0.00000000	0.00000000	0.00000000	0.00000000	0.00000000	0.00000000	0.00000000
12.58291149	0.00000000	0.00000000	0.00000000	0.00000000	0.00000000	0.00000000	0.00000000	0.00000000
13.42177200	0.00000000	0.00000000	0.00000000	0.00000000	0.00000000	0.00000000	0.00000000	0.00000000
15.09949398	0.00000000	0.00000000	0.00000000	0.00000000	0.00000000	0.00000000	0.00000000	0.00000000
16.77721596	0.00000000	0.00000000	0.00000000	0.00000000	0.00000000	0.00000000	0.00000000	0.00000000
18.45493698	0.00000000	0.00000000	0.00000000	0.00000000	0.00000000	0.00000000	0.00000000	0.00000000
20.13265800	0.00000000	0.00000000	0.00000000	0.00000000	0.00000000	0.00000000	0.00000000	0.00000000
21.81037903	0.00000000	0.00000000	0.00000000	0.00000000	0.00000000	0.00000000	0.00000000	0.00000000
23.48810196	0.00000000	0.00000000	0.00000000	0.00000000	0.00000000	0.00000000	0.00000000	0.00000000
25.16582298	0.00000000	0.00000000	0.00000000	0.00000000	0.00000000	0.00000000	0.00000000	0.00000000
26.84354401	0.00000000	0.00000000	0.00000000	0.00000000	0.00000000	0.00000000	0.00000000	0.00000000
30.19898796	0.00000000	0.00000000	0.00000000	0.00000000	0.00000000	0.00000000	0.00000000	0.00000000
33.55443192	0.00000000	0.00000000	0.00000000	0.00000000	0.00000000	0.00000000	0.00000000	0.00000000
36.90987396	0.00000000	0.00000000	0.00000000	0.00000000	0.00000000	0.00000000	0.00000000	0.00000000
40.26531601	0.00000000	0.00000000	0.00000000	0.00000000	0.00000000	0.00000000	0.00000000	0.00000000
43.62075806	0.00000000	0.00000000	0.00000000	0.00000000	0.00000000	0.00000000	0.00000000	0.00000000
46.97620392	0.00000000	0.00000000	0.00000000	0.00000000	0.00000000	0.00000000	0.00000000	0.00000000
50.33164597	0.00000000	0.00000000	0.00000000	0.00000000	0.00000000	0.00000000	0.00000000	0.00000000
53.68708801	0.00000000	0.00000000	0.00000000	0.00000000	0.00000000	0.00000000	0.00000000	0.00000000
60.39797592	0.00000000	0.00000000	0.00000000	0.00000000	0.00000000	0.00000000	0.00000000	0.00000000
67.10886383	0.00000000	0.00000000	0.00000000	0.00000000	0.00000000	0.00000000	0.00000000	0.00000000
73.81974792	0.00000000	0.00000000	0.00000000	0.00000000	0.00000000	0.00000000	0.00000000	0.00000000
80.53063202	0.00000000	0.00000000	0.00000000	0.00000000	0.00000000	0.00000000	0.00000000	0.00000000
87.24151611	0.00000000	0.00000000	0.00000000	0.00000000	0.00000000	0.00000000	0.00000000	0.00000000
93.95240784	0.00000000	0.00000000	0.00000000	0.00000000	0.00000000	0.00000000	0.00000000	0.00000000
100.66329193	0.00000000	0.00000000	0.00000000	0.00000000	0.00000000	0.00000000	0.00000000	0.00000000
107.37417603	0.00000000	0.00000000	0.00000000	0.00000000	0.00000000	0.00000000	0.00000000	0.00000000
120.79595184	0.00000000	0.00000000	0.00000000	0.00000000	0.00000000	0.00000000	0.00000000	0.00000000
134.21772766	0.00000000	0.00000000	0.00000000	0.00000000	0.00000000	0.00000000	0.00000000	0.00000000
147.63949585	0.00000000	0.00000000	0.00000000	0.00000000	0.00000000	0.00000000	0.00000000	0.00000000
161.06126404	0.00000000	0.00000000	0.00000000	0.00000000	0.00000000	0.00000000	0.00000000	0.00000000
174.48303223	0.00000000	0.00000000	0.00000000	0.00000000	0.00000000	0.00000000	0.00000000	0.00000000
187.90481567	0.00000000	0.00000000	0.00000000	0.00000000	0.00000000	0.00000000	0.00000000	0.00000000
201.32658386	0.00000000	0.00000000	0.00000000	0.00000000	0.00000000	0.00000000	0.00000000	0.00000000
214.74835205	0.00000000	0.00000000	0.00000000	0.00000000	0.00000000	0.00000000	0.00000000	0.00000000
241.59190369	0.00000000	0.00000000	0.00000000	0.00000000	0.00000000	0.00000000	0.00000000	0.00000000
268.43545532	0.00000000	0.00000000	0.00000000	0.00000000	0.00000000	0.00000000	0.00000000	0.00000000
295.27899170	0.00000000	0.00000000	0.00000000	0.00000000	0.00000000	0.00000000	0.00000000	0.00000000
322.12252808	0.00000000	0.00000000	0.00000000	0.00000000	0.00000000	0.00000000	0.00000000	0.00000000
348.96606445	0.00000000	0.00000000	0.00000000	0.00000000	0.00000000	0.00000000	0.00000000	0.00000000
375.80963135	0.00000000	0.00000000	0.00000000	0.00000000	0.00000000	0.00000000	0.00000000	0.00000000
402.65316772	0.00000000	0.00000000	0.00000000	0.00000000	0.00000000	0.00000000	0.00000000	0.00000000
429.49670410	0.00000000	0.00000000	0.00000000	0.00000000	0.00000000	0.00000000	0.00000000	0.00000000
483.18380737	0.00000000	0.00000000	0.00000000	0.00000000	0.00000000	0.00000000	0.00000000	0.00000000
536.87091064	0.00000000	0.00000000	0.00000000	0.00000000	0.00000000	0.00000000	0.00000000	0.00000000
590.55798340	0.00000000	0.00000000	0.00000000	0.00000000	0.00000000	0.00000000	0.00000000	0.00000000
644.24505615	0.00000000	0.00000000	0.00000000	0.00000000	0.00000000	0.00000000	0.00000000	0.00000000
697.93212891	0.00000000	0.00000000	0.00000000	0.00000000	0.00000000	0.00000000	0.00000000	0.00000000
751.61926270	0.00000000	0.00000000	0.00000000	0.00000000	0.00000000	0.00000000	0.00000000	0.00000000
805.30633545	0.00000000	0.00000000	0.00000000	0.00000000	0.00000000	0.00000000	0.00000000	0.00000000
858.99340820	0.00000000	0.00000000	0.00000000	0.00000000	0.00000000	0.00000000	0.00000000	0.00000000
966.36761475	0.00000000	0.00000000	0.00000000	0.00000000	0.00000000	0.00000000	0.00000000	0.00000000
1073.74182129	0.00000000	0.00000000	0.00000000	0.00000000	0.00000000	0.00000000	0.00000000	0.00000000
1181.11596680	0.00000000	0.00000000	0.00000000	0.00000000	0.00000000	0.00000000	0.00000000	0.00000000
1288.49011230	0.00000000	0.00000000	0.00000000	0.00000000	0.00000000	0.00000000	0.00000000	0.00000000
1395.86425781	0.00000000	0.00000000	0.00000000	0.00000000	0.00000000	0.00000000	0.00000000	0.00000000
1503.23852539	0.00000000	0.00000000	0.00000000	0.00000000	0.00000000	0.00000000	0.00000000	0.00000000
1610.61267090	0.00000000	0.00000000	0.00000000	0.00000000	0.00000000	0.00000000	0.00000000	0.00000000
1717.98681641	0.00000000	0.00000000	0.00000000	0.00000000	0.00000000	0.00000000	0.00000000	0.00000000
1932.73522949	0.00000000	0.00000000	0.00000000	0.00000000	0.00000000	0.00000000	0.00000000	0.00000000
2147.48364258	0.00000000	0.00000000	0.00000000	0.00000000	0.00000000	0.00000000	0.00000000	0.00000000
2362.23193359	0.00000000	0.00000000	0.00000000	0.00000000	0.00000000	0.00000000	0.00000000	0.00000000
2576.98022461	0.00000000	0.00000000	0.00000000	0.00000000	0.00000000	0.00000000	0.00000000	0.00000000
2791.72851562	0.00000000	0.00000000	0.00000000	0.00000000	0.00000000	0.00000000	0.00000000	0.00000000
3006.47705078	0.00000000	0.00000000	0.00000000	0.00000000	0.00000000	0.00000000	0.00000000	0.00000000
3221.22534180	0.00000000	0.00000000	0.00000000	0.00000000	0.00000000	0.00000000	0.00000000	0.00000000
3435.97363281	0.00000000	0.00000000	0.00000000	0.00000000	0.00000000	0.00000000	0.00000000	0.00000000
0	0	0	0	0	0	0	0	0
