%5/18/2015 1:25:55 PM
%Duration	ID1		ID2		ID3		ID4		ID5		ID6		ID7		ID8
3000.000000	0.791550	0.648499	0.810623	1.039505	1.745224	0.915527	6.465912	6.561279
%Tau		Tau1		Tau2		Tau3		Tau4		Tau5		Tau6		Tau7		Tau8
%		0.000001	0.000000	0.000002	0.000001	0.000001	0.000001	0.000003	0.000001
%Delaytime	D1		D2		D3		D4		D5		D6		D7		D8
0.00000000	47.50390625	103.78026581	78.66117859	73.12788391	27.71683502	14.31765556	7.13074398	9.69025993
0.00000020	6.78627205	27.67473602	4.37006569	9.97198391	3.19809628	3.57941389	1.94474840	2.65032744
0.00000040	0.00000000	0.00000000	8.74013138	0.00000000	1.06603217	0.00000000	1.86371720	2.15339112
0.00000060	6.78627205	6.91868401	0.00000000	0.00000000	0.00000000	0.00000000	0.97237420	1.65645468
0.00000080	0.00000000	0.00000000	0.00000000	6.64798975	1.06603217	0.00000000	1.29649889	1.07669556
0.00000100	0.00000000	6.91868401	4.37006569	0.00000000	0.00000000	3.57941389	1.21546781	0.41411367
0.00000120	0.00000000	6.91868401	0.00000000	0.00000000	3.19809628	0.00000000	0.97237420	0.82822734
0.00000140	0.00000000	6.91868401	0.00000000	0.00000000	1.06603217	0.00000000	1.13443661	1.82210016
0.00000160	0.00000000	0.00000000	0.00000000	6.64798975	1.06603217	0.00000000	1.45856130	0.82822734
0.00000180	6.78627205	0.00000000	0.00000000	3.32399487	0.00000000	3.57941389	1.45856130	1.40798652
0.00000200	0.00000000	0.00000000	0.00000000	0.00000000	1.06603217	0.00000000	1.29649889	1.57363200
0.00000220	0.00000000	0.00000000	0.00000000	0.00000000	1.06603217	0.00000000	1.05340540	0.99387282
0.00000240	0.00000000	0.00000000	0.00000000	0.00000000	2.13206434	0.00000000	0.89134300	0.91105008
0.00000260	0.00000000	6.91868401	4.37006569	0.00000000	1.06603217	0.00000000	1.70165491	1.32516372
0.00000280	0.00000000	0.00000000	0.00000000	3.32399487	0.00000000	0.00000000	0.81031185	0.99387282
0.00000300	0.00000000	0.00000000	0.00000000	3.32399487	1.06603217	7.15882778	1.53959250	1.73927748
0.00000340	0.00000000	3.45934200	0.00000000	1.66199744	1.59904814	0.00000000	1.41804576	1.15951824
0.00000380	0.00000000	0.00000000	4.37006569	0.00000000	1.06603217	0.00000000	1.37753010	1.11810696
0.00000420	3.39313602	3.45934200	0.00000000	3.32399487	2.13206434	1.78970695	1.78268600	1.07669556
0.00000460	0.00000000	0.00000000	2.18503284	0.00000000	0.00000000	0.00000000	1.41804576	1.36657512
0.00000500	6.78627205	0.00000000	4.37006569	0.00000000	0.53301609	0.00000000	1.01288974	1.32516372
0.00000540	3.39313602	0.00000000	0.00000000	1.66199744	1.06603217	1.78970695	1.37753010	0.99387282
0.00000580	0.00000000	0.00000000	2.18503284	1.66199744	0.53301609	1.78970695	1.21546781	1.07669556
0.00000620	0.00000000	0.00000000	4.37006569	1.66199744	1.06603217	0.00000000	1.41804576	1.15951824
0.00000700	0.00000000	0.00000000	1.09251642	2.49299598	1.59904814	1.78970695	1.17495215	1.30445802
0.00000780	0.00000000	0.00000000	2.18503284	0.00000000	0.79952407	1.78970695	1.29649889	1.03528416
0.00000860	0.00000000	0.00000000	5.46258211	1.66199744	0.79952407	1.78970695	1.39778793	1.13881254
0.00000940	0.00000000	0.00000000	1.09251642	0.83099872	1.06603217	1.78970695	1.11417878	1.15951824
0.00001020	1.69656801	0.00000000	0.00000000	0.83099872	0.26650804	1.78970695	1.37753010	1.11810696
0.00001100	0.00000000	3.45934200	1.09251642	1.66199744	1.06603217	0.00000000	1.23572552	1.15951824
0.00001180	1.69656801	0.00000000	0.00000000	0.83099872	1.86555624	0.00000000	1.31675673	1.05598986
0.00001260	1.69656801	0.00000000	2.18503284	0.00000000	1.06603217	0.89485347	1.25598335	1.18022394
0.00001420	0.84828401	0.86483550	0.54625821	0.83099872	0.93277812	1.78970695	1.20533884	1.28375244
0.00001580	0.00000000	0.00000000	0.00000000	2.07749677	1.73230219	0.44742674	1.37753010	1.16987109
0.00001740	0.00000000	0.86483550	1.09251642	1.24649799	0.93277812	2.23713374	1.16482329	1.19057679
0.00001900	2.54485202	1.72967100	1.09251642	0.41549936	1.06603217	0.00000000	1.29649889	0.87999153
0.00002060	0.84828401	0.86483550	1.63877463	0.41549936	0.53301609	1.34228015	1.25598335	1.11810696
0.00002220	0.84828401	2.59450650	0.54625821	2.07749677	0.79952407	1.78970695	1.15469432	1.15951824
0.00002380	0.84828401	0.86483550	0.54625821	1.24649799	1.06603217	1.78970695	1.29649889	1.09740126
0.00002540	0.84828401	2.59450650	2.18503284	1.66199744	1.19928610	1.34228015	1.23572552	1.11810696
0.00002860	1.27365041	0.42949390	1.08413506	0.62450916	1.53827798	1.52315032	1.13027620	1.16878819
0.00003180	0.42455015	1.28848171	1.35516882	1.45718801	1.00322473	1.74074328	1.12523031	1.09606361
0.00003500	1.69820058	2.14746952	1.08413506	1.24901831	0.93634307	1.08796453	1.12523031	1.10125828
0.00003820	0.84910029	1.28848171	0.54206753	1.87352753	0.93634307	0.65277874	1.01422107	1.13242590
0.00004140	1.69820058	0.85898781	0.54206753	1.24901831	1.13698804	1.08796453	1.06467986	1.03372824
0.00004460	1.27365041	0.85898781	0.27103376	1.24901831	0.80257982	1.74074328	1.11513865	1.00256050
0.00004780	1.27365041	0.42949390	0.81310123	1.66535783	1.33763301	2.17592907	1.23623967	1.21553969
0.00005100	0.42455015	0.00000000	1.62620246	1.04084861	0.73569816	1.52315032	1.00917518	1.22592890
0.00005740	0.42455015	1.93646812	1.08915222	1.03456688	1.07010639	1.20089269	1.06843507	1.08434594
0.00006380	0.63682520	0.21516313	1.08915222	0.93111020	1.03666556	1.09172070	1.12905550	0.96733022
0.00007020	0.84910029	0.64548939	1.08915222	0.82765353	1.13698804	1.20089269	0.98255610	1.05314171
0.00007660	0.84910029	0.64548939	0.81686413	1.24148023	0.90290225	0.54586035	0.99771118	1.04794109
0.00008300	0.63682520	1.07581568	0.54457611	0.93111020	0.76913899	1.41923690	1.02549553	0.95692879
0.00008940	0.42455015	0.86065251	1.22529626	0.72419685	0.70225734	0.43668827	1.05580580	1.10514879
0.00009580	0.21227507	1.29097879	0.81686413	1.34493697	1.03666556	0.76420450	1.01034045	0.91532320
0.00010220	1.69820058	0.43032625	0.68072015	0.82765353	0.63537568	0.98254859	1.02549553	0.96472985
0.00011500	0.95431954	1.50614190	1.28988779	0.72371072	0.96867400	1.36559284	1.03845167	0.98902792
0.00012780	0.63621300	1.07581568	0.95044369	0.98217881	1.18579054	1.25634539	0.99549872	0.97080898
0.00014060	0.74224854	1.39856040	1.56144321	0.72371072	0.98537529	0.87397939	1.02960849	0.95259005
0.00015340	1.59053254	1.18339717	1.01833248	1.13725972	0.93527144	1.31096911	1.01697516	1.06710899
0.00016620	1.80260360	0.86065251	1.22199905	0.93048519	0.98537529	0.98322684	1.08519471	0.93957651
0.00017900	0.84828401	1.07581568	0.81466597	1.03387249	1.06888163	0.76473194	0.95891267	0.98512381
0.00019180	0.95431954	0.64548939	0.54311067	0.82709795	1.01877785	0.87397939	1.03345263	0.98252112
0.00020460	0.53017753	0.96823406	1.08622134	1.03387249	0.96867400	1.09247422	1.01450181	0.96690488
0.00023020	1.00830662	1.23718798	1.15722418	0.77644652	0.95160955	0.90754366	0.97369713	0.99011832
0.00025580	1.59206295	1.18339717	1.19126022	0.93173587	0.95995700	0.79753840	0.98759806	1.04535830
0.00028140	0.95523781	0.86065251	1.12318826	0.95761740	0.90987229	0.88004237	0.97243339	0.99331808
0.00030700	1.11444414	0.86065251	0.98704422	0.93173587	1.11021113	0.85254103	1.00218344	0.97120100
0.00033260	0.63682520	0.53790784	1.08915222	0.95761740	0.96830446	0.88004237	0.95726871	1.01608574
0.00035820	1.22058165	1.02202487	1.19126022	0.85409117	1.06012642	1.01754892	1.00844944	0.98681307
0.00038380	0.68989396	0.86065251	0.98704422	0.82820964	0.95995700	1.04505026	1.01666367	0.98160905
0.00040940	0.74296272	0.96823406	1.15722418	0.95761740	1.14360094	0.88004237	0.99697131	0.98291004
0.00046060	1.22470176	1.01955473	1.27144778	1.22525454	0.93056339	0.93504500	0.98748440	1.01912069
0.00051180	1.38444555	0.80491167	1.11887407	1.09628034	0.93890923	1.18255687	0.99854773	0.98308933
0.00056300	1.01171017	0.91223323	1.15322268	0.96730620	0.95560098	1.21005821	0.99317414	0.96358359
0.00061420	0.87859040	0.93906361	1.10234523	0.86412686	1.07244301	1.04505026	0.98495561	1.01039732
0.00066540	0.85196650	0.72442049	0.94971281	1.01889586	1.09330761	0.78378773	1.03268611	1.03217876
0.00071660	1.38444555	0.69759011	1.23801851	1.07048547	0.91387171	0.97629696	1.00323653	1.01234794
0.00076780	0.74547064	1.07321560	0.98363113	1.01889586	0.96811980	1.11380363	0.98585218	0.98666537
0.00081900	1.01171017	1.34151947	0.74620295	0.88992167	0.93056339	0.81128907	0.99975967	0.99289507
0.00092140	0.95892417	0.91091090	0.94449919	0.78029364	0.98483050	0.86929923	1.00939727	1.00292480
0.00102380	1.19865525	0.89751518	1.02958918	0.98020363	0.95151699	1.07627523	0.99976134	1.01457012
0.00112620	1.18590844	1.16599369	0.90230173	0.96085745	1.03499806	0.97278726	1.00492144	0.99436545
0.00122860	0.98603618	1.19279814	1.19171929	1.04469073	1.04332793	0.97312468	0.98549277	1.00032485
0.00133100	1.06598508	0.97836256	1.21725619	1.00599837	1.03916299	1.03523898	0.99418038	0.98808038
0.00143340	1.05266023	0.99176478	0.96188772	1.02534461	0.97044080	1.04214060	0.98901975	0.99252111
0.00153580	1.02601063	0.96496034	0.95337546	0.88347298	0.97460574	0.93171507	1.00176203	0.98163211
0.00163820	1.17258358	1.15203440	0.94486314	1.02500081	0.99334818	1.14566445	0.98843741	1.00655162
0.00184300	1.04852366	1.08715641	1.14726651	1.08369803	0.98408026	1.18492889	1.01081777	1.00918746
0.00204780	0.92831075	0.97978300	0.98887521	0.98755711	1.05169678	1.06330872	0.99960399	0.99741584
0.00225260	0.99509573	0.92609626	1.00599861	0.98434031	0.99656332	0.97609717	0.99649745	1.00948465
0.00245740	0.87488282	0.91267455	0.95462847	1.05832672	0.99117321	0.95906270	1.00463176	0.99135149
0.00266220	1.00129068	0.97307211	0.95034760	0.98755711	0.97245222	1.12933111	0.99762887	1.01327324
0.00286700	1.00796604	0.95965046	0.96747100	1.06154346	1.01698101	1.02161026	1.00378954	1.01305699
0.00307180	0.90783691	1.05980039	0.98459435	1.03259230	0.97434682	1.04593432	0.98309606	0.99925506
0.00327660	1.08191609	0.92564839	1.06593037	0.98145235	0.95770907	1.08068299	0.99894565	1.00875401
0.00368620	1.06188655	0.87452370	0.99094206	1.02314949	1.02471554	0.98613125	0.99419087	0.99029791
0.00409580	1.06188655	0.94806278	1.07435858	1.03283238	0.98908412	1.00006950	0.98268360	0.99271250
0.00450540	1.01259816	1.01915646	0.99270731	0.98280454	0.99344248	0.98787355	1.00309110	1.00756800
0.00491500	1.05243814	1.02588356	0.99485600	0.99054134	0.98339307	0.91263723	1.00295913	1.00824368
0.00532460	1.06623173	0.98888451	1.03957677	1.03859091	0.95680076	0.93734741	1.00302505	0.98065096
0.00573420	0.96990550	0.93506765	1.02024579	0.97730762	1.00946391	0.94257420	1.00091588	0.99756825
0.00614380	0.93004632	1.12342668	1.02923548	1.04216564	0.97627944	1.02446151	1.00574112	0.99552619
0.00655340	0.97654867	0.92834055	1.04212785	0.99538112	0.97940850	1.02794600	1.00177252	1.00387561
0.00737260	1.02028573	1.03205979	1.02748442	0.98482186	0.98317337	1.03601789	1.00627923	0.99838567
0.00819180	0.97563791	0.99827719	1.02748442	1.01154816	0.98604280	1.01691270	1.00186038	1.00024295
0.00901100	0.97776091	1.02868152	0.99201685	0.98644161	0.99654788	1.02769125	1.00571883	0.99503303
0.00983020	1.00636935	0.97125107	0.96659660	0.98725152	1.00991726	0.99989235	0.99870509	1.00737143
0.01064940	1.02010131	0.95512199	1.02788246	1.02821028	1.00724101	0.99658942	0.99665493	1.00214338
0.01146860	0.98035705	0.95849699	0.95547456	0.97915268	0.99635780	1.01259553	0.99770248	0.99308270
0.01228780	0.94889289	0.98043442	0.96944660	0.97930443	1.00470209	1.01955497	0.99943489	1.00044072
0.01310700	1.02838135	1.02262175	0.96192318	1.02070475	0.99192494	1.00998569	0.99266803	0.99416858
0.01474540	0.96876502	0.95098144	1.04292810	0.95939279	0.99327552	1.02548933	1.00265360	0.99199826
0.01638380	0.96959305	1.04168868	0.96291077	0.96182162	1.01186776	0.98684222	1.00539351	0.99899411
0.01802220	0.96793699	1.04067826	0.99362218	0.98489565	1.00104213	0.97630417	0.99691576	1.00080538
0.01966060	0.98603344	1.00490212	1.06585002	0.97201991	0.99211413	0.97649467	1.00374699	0.99971890
0.02129900	1.00388682	0.99815220	0.97416973	0.98213667	0.99870461	1.01817060	1.00540006	1.00207126
0.02293740	0.97834319	0.99044108	0.96328384	0.94499403	1.00287676	0.98221135	1.00166130	0.99570596
0.02457580	1.00899410	0.99887037	0.98328418	1.00654984	1.00372839	0.97819650	1.00325596	1.00060761
0.02621420	1.00236690	0.99044108	0.98006731	1.06568527	0.99662954	0.98124653	1.00066972	1.00158739
0.02949100	0.99271387	0.99224621	1.00558734	1.00750220	0.99603200	1.00120544	1.00212264	1.00031674
0.03276780	0.99430507	0.97668868	0.97411329	0.99054980	1.00542676	1.02416813	1.00393808	1.00127316
0.03604460	0.96917903	0.97953683	0.99553412	0.99049199	0.99298638	1.00421584	1.00457585	0.99810463
0.03932140	0.99504030	0.95335293	1.00772858	1.00655258	0.98361236	0.94280368	0.99664158	0.99406350
0.04259820	1.01840937	1.02366304	0.97871041	0.96922487	1.00581408	0.97706759	1.00006735	1.00217760
0.04587500	0.99054199	1.02948332	0.98116159	1.00035334	0.99235350	0.98996389	1.00222325	1.00133967
0.04915180	1.02603829	0.99609774	1.01686013	0.98089731	1.00415123	0.97122777	1.00261605	1.00009656
0.05242860	1.00533783	0.99441510	1.00192165	1.00109696	1.00780213	1.00643599	1.00106907	0.99936193
0.05898220	1.01323926	0.99485922	0.98984963	1.00278187	1.00742817	1.00433171	1.00036263	1.00395584
0.06553581	1.00602484	0.99991924	0.99901366	0.99388796	0.99377221	0.99368554	0.99933571	1.00214565
0.07208940	1.00373876	1.01180148	1.01732266	0.99296564	0.99719971	0.99295682	1.00220239	1.00105226
0.07864300	0.99535882	1.00865281	1.00296247	1.00736582	0.99414736	0.99259317	0.99908024	0.99827033
0.08519660	0.98128557	0.99576080	1.00273633	1.00773621	0.99873215	1.01966870	1.00164998	1.00150359
0.09175020	0.96787870	1.04156709	1.01679778	1.00844729	0.99896032	0.98384631	1.00002849	1.00024152
0.09830380	1.01301253	0.99314970	0.99920607	1.01875186	0.98343420	1.00290143	0.99929482	1.00018620
0.10485740	1.02761674	0.96438169	0.98048931	1.00020695	1.00599837	0.99161345	1.00253117	0.99970984
0.11796460	1.00253820	1.01081455	0.99435979	1.00709462	1.00752246	0.99703807	1.00190687	1.00078392
0.13107181	0.99692488	0.99614817	1.00665855	0.98562539	0.99900222	1.00422084	1.00018311	0.99876899
0.14417900	0.97264457	0.99366999	0.99644148	1.00421619	0.99893194	1.00265062	0.99993944	0.99918449
0.15728620	1.01691270	1.00741768	0.98381042	0.99078774	0.99575603	1.01184833	1.00047886	0.99812347
0.17039341	1.00854802	0.99082780	1.01473927	0.99763441	1.00344992	1.00052929	1.00006270	1.00088966
0.18350060	0.98650670	1.00007296	0.98460299	1.00759935	0.99902636	0.99647409	0.99862391	1.00092399
0.19660780	0.97962213	0.99548757	0.99694842	1.00575697	0.99708110	0.99560899	1.00166166	1.00196707
0.20971501	1.01276326	1.00744450	1.01324701	1.00918829	1.00429547	0.99441051	1.00075924	0.99808258
0.23592941	0.99094158	0.98845154	0.99309939	0.99738729	1.00092316	1.00248063	1.00092840	1.00079596
0.26214382	1.01059401	1.00046051	0.99497664	0.99595994	0.99990684	0.99377054	1.00062358	1.00023448
0.28835821	0.99902177	0.99342853	1.00254476	0.99799675	1.00358784	0.99448353	1.00175178	1.00006986
0.31457260	1.01104200	0.99775422	0.99200505	1.00090289	0.99755114	1.00665915	1.00120759	1.00074387
0.34078699	1.00230157	1.00402045	0.99690807	0.99805981	1.00085139	1.00345945	1.00183332	0.99942297
0.36700141	1.00843465	0.99318451	0.99997222	1.00160289	1.00040066	0.99017769	1.00031924	1.00101852
0.39321581	0.99327189	1.00435305	1.01284981	1.00282156	0.99897277	1.00268090	1.00075591	0.99874550
0.41943020	1.00289392	1.00157976	0.99540389	1.00456691	1.00008297	0.99963784	1.00010276	0.99999058
0.47185901	1.00501251	1.00463009	1.00012755	0.99788690	1.00140584	1.00236011	0.99936312	0.99950367
0.52428782	0.99936813	1.00088704	0.99990928	1.00003541	0.99684674	0.99375397	0.99964243	1.00017273
0.57671660	0.99775457	0.99220538	1.00066531	1.00089812	1.00204289	0.99419874	0.99964052	1.00059474
0.62914538	1.00540781	1.00163269	0.99986416	0.99703211	1.00034273	1.00110793	1.00007963	0.99974209
0.68157423	0.99197054	0.99773145	0.99301839	0.99769980	0.99913597	0.99445349	1.00043809	1.00019979
0.73400301	1.00500274	0.99580503	1.00190377	1.00287116	1.00050211	1.00610554	0.99995863	1.00033700
0.78643179	1.00421286	0.99848402	1.00195289	0.99765760	0.99898946	0.99774009	0.99903172	0.99942511
0.83886063	1.00286591	0.99813098	0.99830663	1.00331998	0.99924511	1.00018263	0.99958241	0.99993145
0.94371825	1.00261056	1.00168049	1.00791419	1.00004113	0.99767548	1.00141799	0.99971759	0.99950469
1.04857588	0.99517429	1.00147057	0.99347621	1.00337577	0.99906653	0.99950206	0.99952722	1.00101852
1.15343344	0.99665451	1.00136042	1.00153422	0.99965417	0.99743694	1.00341260	0.99918830	1.00011432
1.25829101	1.00911105	0.99724638	0.99065226	1.00336277	1.00071156	0.99827307	0.99916983	1.00066566
1.36314869	1.00809896	1.00037622	1.00069857	0.99716669	1.00025427	1.00101352	1.00009370	0.99976736
1.46800625	0.99631834	0.99895304	1.00507081	1.00060213	1.00158536	0.99852163	0.99876779	0.99982047
1.57286382	0.99534708	1.00346100	0.99395746	0.99844325	0.99992603	0.99798036	0.99922985	0.99968499
1.67772150	1.00603819	1.00097167	1.00451255	1.00127292	1.00036705	1.00159168	0.99991673	0.99926287
1.88743675	0.99918693	1.00147772	0.99793386	0.99981761	0.99958348	0.99946201	0.99917626	1.00042546
2.09715199	1.00079799	0.99850178	0.99803531	0.99744290	1.00054455	0.99855453	0.99970734	0.99919122
2.30686712	1.00057209	0.99810767	1.00550687	0.99893028	0.99934793	0.99955136	0.99917614	0.99981940
2.51658225	0.99930161	1.00220668	0.99960923	0.99890518	0.99957716	0.99764007	0.99972475	1.00077939
2.72629738	1.00070786	1.00005734	0.99737185	0.99912131	1.00182462	1.00484908	0.99968863	0.99961275
2.93601274	0.99867839	0.99940634	0.99600118	0.99759406	1.00053072	1.00081730	1.00131512	1.00026000
3.14572787	1.00336587	0.99566358	1.00292873	0.99669641	0.99871200	1.00186062	1.00140488	1.00097287
3.35544300	0.99264675	0.99943936	0.99869710	0.99953932	1.00040352	0.99860889	1.00105298	1.00047493
3.77487350	1.00854945	1.00260127	0.99852967	1.00212240	0.99976033	1.00188255	0.99988097	1.00047648
4.19430399	0.99221736	0.99914443	1.00276339	0.99576038	1.00032163	1.00030577	0.99973315	1.00008094
4.61373425	1.00354409	1.00158012	0.99871784	1.00273788	0.99974871	0.99776793	1.00026679	0.99982893
5.03316450	1.00000000	1.00000000	1.00000000	1.00000000	1.00000000	1.00000000	1.00000000	1.00000000
5.45259476	0.00000000	0.00000000	0.00000000	0.00000000	0.00000000	0.00000000	0.00000000	0.00000000
5.87202549	0.00000000	0.00000000	0.00000000	0.00000000	0.00000000	0.00000000	0.00000000	0.00000000
6.29145575	0.00000000	0.00000000	0.00000000	0.00000000	0.00000000	0.00000000	0.00000000	0.00000000
6.71088600	0.00000000	0.00000000	0.00000000	0.00000000	0.00000000	0.00000000	0.00000000	0.00000000
7.54974699	0.00000000	0.00000000	0.00000000	0.00000000	0.00000000	0.00000000	0.00000000	0.00000000
8.38860798	0.00000000	0.00000000	0.00000000	0.00000000	0.00000000	0.00000000	0.00000000	0.00000000
9.22746849	0.00000000	0.00000000	0.00000000	0.00000000	0.00000000	0.00000000	0.00000000	0.00000000
10.06632900	0.00000000	0.00000000	0.00000000	0.00000000	0.00000000	0.00000000	0.00000000	0.00000000
10.90518951	0.00000000	0.00000000	0.00000000	0.00000000	0.00000000	0.00000000	0.00000000	0.00000000
11.74405098	0.00000000	0.00000000	0.00000000	0.00000000	0.00000000	0.00000000	0.00000000	0.00000000
12.58291149	0.00000000	0.00000000	0.00000000	0.00000000	0.00000000	0.00000000	0.00000000	0.00000000
13.42177200	0.00000000	0.00000000	0.00000000	0.00000000	0.00000000	0.00000000	0.00000000	0.00000000
15.09949398	0.00000000	0.00000000	0.00000000	0.00000000	0.00000000	0.00000000	0.00000000	0.00000000
16.77721596	0.00000000	0.00000000	0.00000000	0.00000000	0.00000000	0.00000000	0.00000000	0.00000000
18.45493698	0.00000000	0.00000000	0.00000000	0.00000000	0.00000000	0.00000000	0.00000000	0.00000000
20.13265800	0.00000000	0.00000000	0.00000000	0.00000000	0.00000000	0.00000000	0.00000000	0.00000000
21.81037903	0.00000000	0.00000000	0.00000000	0.00000000	0.00000000	0.00000000	0.00000000	0.00000000
23.48810196	0.00000000	0.00000000	0.00000000	0.00000000	0.00000000	0.00000000	0.00000000	0.00000000
25.16582298	0.00000000	0.00000000	0.00000000	0.00000000	0.00000000	0.00000000	0.00000000	0.00000000
26.84354401	0.00000000	0.00000000	0.00000000	0.00000000	0.00000000	0.00000000	0.00000000	0.00000000
30.19898796	0.00000000	0.00000000	0.00000000	0.00000000	0.00000000	0.00000000	0.00000000	0.00000000
33.55443192	0.00000000	0.00000000	0.00000000	0.00000000	0.00000000	0.00000000	0.00000000	0.00000000
36.90987396	0.00000000	0.00000000	0.00000000	0.00000000	0.00000000	0.00000000	0.00000000	0.00000000
40.26531601	0.00000000	0.00000000	0.00000000	0.00000000	0.00000000	0.00000000	0.00000000	0.00000000
43.62075806	0.00000000	0.00000000	0.00000000	0.00000000	0.00000000	0.00000000	0.00000000	0.00000000
46.97620392	0.00000000	0.00000000	0.00000000	0.00000000	0.00000000	0.00000000	0.00000000	0.00000000
50.33164597	0.00000000	0.00000000	0.00000000	0.00000000	0.00000000	0.00000000	0.00000000	0.00000000
53.68708801	0.00000000	0.00000000	0.00000000	0.00000000	0.00000000	0.00000000	0.00000000	0.00000000
60.39797592	0.00000000	0.00000000	0.00000000	0.00000000	0.00000000	0.00000000	0.00000000	0.00000000
67.10886383	0.00000000	0.00000000	0.00000000	0.00000000	0.00000000	0.00000000	0.00000000	0.00000000
73.81974792	0.00000000	0.00000000	0.00000000	0.00000000	0.00000000	0.00000000	0.00000000	0.00000000
80.53063202	0.00000000	0.00000000	0.00000000	0.00000000	0.00000000	0.00000000	0.00000000	0.00000000
87.24151611	0.00000000	0.00000000	0.00000000	0.00000000	0.00000000	0.00000000	0.00000000	0.00000000
93.95240784	0.00000000	0.00000000	0.00000000	0.00000000	0.00000000	0.00000000	0.00000000	0.00000000
100.66329193	0.00000000	0.00000000	0.00000000	0.00000000	0.00000000	0.00000000	0.00000000	0.00000000
107.37417603	0.00000000	0.00000000	0.00000000	0.00000000	0.00000000	0.00000000	0.00000000	0.00000000
120.79595184	0.00000000	0.00000000	0.00000000	0.00000000	0.00000000	0.00000000	0.00000000	0.00000000
134.21772766	0.00000000	0.00000000	0.00000000	0.00000000	0.00000000	0.00000000	0.00000000	0.00000000
147.63949585	0.00000000	0.00000000	0.00000000	0.00000000	0.00000000	0.00000000	0.00000000	0.00000000
161.06126404	0.00000000	0.00000000	0.00000000	0.00000000	0.00000000	0.00000000	0.00000000	0.00000000
174.48303223	0.00000000	0.00000000	0.00000000	0.00000000	0.00000000	0.00000000	0.00000000	0.00000000
187.90481567	0.00000000	0.00000000	0.00000000	0.00000000	0.00000000	0.00000000	0.00000000	0.00000000
201.32658386	0.00000000	0.00000000	0.00000000	0.00000000	0.00000000	0.00000000	0.00000000	0.00000000
214.74835205	0.00000000	0.00000000	0.00000000	0.00000000	0.00000000	0.00000000	0.00000000	0.00000000
241.59190369	0.00000000	0.00000000	0.00000000	0.00000000	0.00000000	0.00000000	0.00000000	0.00000000
268.43545532	0.00000000	0.00000000	0.00000000	0.00000000	0.00000000	0.00000000	0.00000000	0.00000000
295.27899170	0.00000000	0.00000000	0.00000000	0.00000000	0.00000000	0.00000000	0.00000000	0.00000000
322.12252808	0.00000000	0.00000000	0.00000000	0.00000000	0.00000000	0.00000000	0.00000000	0.00000000
348.96606445	0.00000000	0.00000000	0.00000000	0.00000000	0.00000000	0.00000000	0.00000000	0.00000000
375.80963135	0.00000000	0.00000000	0.00000000	0.00000000	0.00000000	0.00000000	0.00000000	0.00000000
402.65316772	0.00000000	0.00000000	0.00000000	0.00000000	0.00000000	0.00000000	0.00000000	0.00000000
429.49670410	0.00000000	0.00000000	0.00000000	0.00000000	0.00000000	0.00000000	0.00000000	0.00000000
483.18380737	0.00000000	0.00000000	0.00000000	0.00000000	0.00000000	0.00000000	0.00000000	0.00000000
536.87091064	0.00000000	0.00000000	0.00000000	0.00000000	0.00000000	0.00000000	0.00000000	0.00000000
590.55798340	0.00000000	0.00000000	0.00000000	0.00000000	0.00000000	0.00000000	0.00000000	0.00000000
644.24505615	0.00000000	0.00000000	0.00000000	0.00000000	0.00000000	0.00000000	0.00000000	0.00000000
697.93212891	0.00000000	0.00000000	0.00000000	0.00000000	0.00000000	0.00000000	0.00000000	0.00000000
751.61926270	0.00000000	0.00000000	0.00000000	0.00000000	0.00000000	0.00000000	0.00000000	0.00000000
805.30633545	0.00000000	0.00000000	0.00000000	0.00000000	0.00000000	0.00000000	0.00000000	0.00000000
858.99340820	0.00000000	0.00000000	0.00000000	0.00000000	0.00000000	0.00000000	0.00000000	0.00000000
966.36761475	0.00000000	0.00000000	0.00000000	0.00000000	0.00000000	0.00000000	0.00000000	0.00000000
1073.74182129	0.00000000	0.00000000	0.00000000	0.00000000	0.00000000	0.00000000	0.00000000	0.00000000
1181.11596680	0.00000000	0.00000000	0.00000000	0.00000000	0.00000000	0.00000000	0.00000000	0.00000000
1288.49011230	0.00000000	0.00000000	0.00000000	0.00000000	0.00000000	0.00000000	0.00000000	0.00000000
1395.86425781	0.00000000	0.00000000	0.00000000	0.00000000	0.00000000	0.00000000	0.00000000	0.00000000
1503.23852539	0.00000000	0.00000000	0.00000000	0.00000000	0.00000000	0.00000000	0.00000000	0.00000000
1610.61267090	0.00000000	0.00000000	0.00000000	0.00000000	0.00000000	0.00000000	0.00000000	0.00000000
1717.98681641	0.00000000	0.00000000	0.00000000	0.00000000	0.00000000	0.00000000	0.00000000	0.00000000
1932.73522949	0.00000000	0.00000000	0.00000000	0.00000000	0.00000000	0.00000000	0.00000000	0.00000000
2147.48364258	0.00000000	0.00000000	0.00000000	0.00000000	0.00000000	0.00000000	0.00000000	0.00000000
2362.23193359	0.00000000	0.00000000	0.00000000	0.00000000	0.00000000	0.00000000	0.00000000	0.00000000
2576.98022461	0.00000000	0.00000000	0.00000000	0.00000000	0.00000000	0.00000000	0.00000000	0.00000000
2791.72851562	0.00000000	0.00000000	0.00000000	0.00000000	0.00000000	0.00000000	0.00000000	0.00000000
3006.47705078	0.00000000	0.00000000	0.00000000	0.00000000	0.00000000	0.00000000	0.00000000	0.00000000
3221.22534180	0.00000000	0.00000000	0.00000000	0.00000000	0.00000000	0.00000000	0.00000000	0.00000000
3435.97363281	0.00000000	0.00000000	0.00000000	0.00000000	0.00000000	0.00000000	0.00000000	0.00000000
0	0	0	0	0	0	0	0	0
