%5/17/2015 1:56:03 PM
%Duration	ID1		ID2		ID3		ID4		ID5		ID6		ID7		ID8
3000.000000	1.592636	1.420975	1.420975	3.271103	2.059937	3.128052	24.976730	21.839142
%Tau		Tau1		Tau2		Tau3		Tau4		Tau5		Tau6		Tau7		Tau8
%		0.000002	0.000001	0.000001	0.000001	0.000002	0.000002	0.000038	0.000032
%Delaytime	D1		D2		D3		D4		D5		D6		D7		D8
0.00000000	14.26925182	52.75735474	47.27008820	21.26103973	18.31852722	5.46189976	2.90429878	3.94111013
0.00000020	2.37820864	8.24333668	4.57452440	4.11503983	5.12918758	2.38958120	1.52102613	1.69004905
0.00000040	3.56731296	6.59466934	3.04968309	2.05751991	0.00000000	2.04821253	1.64730000	1.41655564
0.00000060	0.00000000	1.64866734	3.04968309	1.71459997	0.73274106	2.04821253	1.55546439	1.55680859
0.00000080	1.18910432	6.59466934	1.52484155	1.02875996	0.73274106	2.04821253	1.20534146	1.50772011
0.00000100	0.00000000	3.29733467	1.52484155	0.68584001	2.19822311	1.36547494	1.38327277	1.54979599
0.00000120	1.18910432	1.64866734	1.52484155	1.02875996	2.19822311	3.07231879	1.52102613	1.36746705
0.00000140	1.18910432	0.00000000	0.00000000	2.40043998	0.73274106	1.36547494	1.49232745	1.21318877
0.00000160	3.56731296	0.00000000	1.52484155	1.71459997	0.73274106	0.68273747	1.34883440	1.34642911
0.00000180	0.00000000	1.64866734	0.00000000	2.40043998	0.00000000	0.68273747	1.40049195	1.58485925
0.00000200	2.37820864	0.00000000	0.00000000	0.34292001	0.73274106	1.36547494	1.45788920	1.46564412
0.00000220	2.37820864	3.29733467	0.00000000	1.37168002	2.93096423	1.70684373	1.50380695	1.36746705
0.00000240	0.00000000	0.00000000	0.00000000	2.40043998	0.73274106	0.68273747	1.40623164	1.52875805
0.00000260	1.18910432	0.00000000	0.00000000	1.02875996	0.73274106	1.02410626	1.19386196	1.22721398
0.00000280	3.56731296	1.64866734	0.00000000	1.02875996	1.46548212	1.02410626	1.42345083	1.49369478
0.00000300	1.18910432	4.94600201	0.00000000	1.37168002	0.00000000	1.02410626	1.45788920	1.47966945
0.00000340	2.37820864	2.47300100	0.76242077	1.37168002	0.36637053	0.34136873	1.50380695	1.35694814
0.00000380	1.18910432	0.00000000	3.04968309	1.37168002	1.09911156	1.02410626	1.37179339	1.40954292
0.00000420	2.37820864	2.47300100	0.00000000	1.54314005	2.56459379	1.53615940	1.42345083	1.45512521
0.00000460	0.59455216	1.64866734	0.76242077	1.88606000	1.83185267	1.70684373	1.42632067	1.52875805
0.00000500	0.59455216	1.64866734	1.52484155	0.85729998	2.19822311	1.19479060	1.44353986	1.38850498
0.00000540	1.78365648	1.64866734	0.76242077	1.54314005	1.46548212	2.21889687	1.51241648	1.40253031
0.00000580	2.37820864	0.00000000	1.52484155	0.85729998	1.46548212	1.36547494	1.35170436	1.46915054
0.00000620	1.78365648	1.64866734	3.04968309	1.02875996	1.83185267	1.53615940	1.43493032	1.49018848
0.00000700	1.48638034	0.82433367	1.14363110	1.11449003	2.19822311	1.79218590	1.45645428	1.41129613
0.00000780	1.48638034	1.23650050	1.14363110	1.02875996	1.28229690	1.36547494	1.39905703	1.38499868
0.00000860	0.29727608	0.00000000	1.14363110	1.11449003	0.91592634	0.85342187	1.49663222	1.44460618
0.00000940	2.08093262	0.82433367	1.14363110	0.94303000	0.91592634	1.36547494	1.38327277	1.47440994
0.00001020	1.78365648	1.23650050	1.52484155	0.94303000	1.28229690	2.30423903	1.36461866	1.46389103
0.00001100	0.89182824	0.00000000	0.76242077	1.62887001	1.46548212	1.62150156	1.39475226	1.41129613
0.00001180	1.18910432	0.82433367	1.14363110	1.62887001	1.83185267	1.10944843	1.36031389	1.41129613
0.00001260	1.18910432	1.23650050	1.90605187	1.62887001	2.01503801	1.02410626	1.45645428	1.38149238
0.00001420	1.78365648	1.23650050	1.33423626	1.54314005	1.00751901	1.49348831	1.38112044	1.34905887
0.00001580	1.04046631	1.44258392	1.52484155	1.45740998	1.19070423	1.19479060	1.42703819	1.35870123
0.00001740	1.18910432	0.82433367	1.14363110	1.15735507	1.55707479	0.98143518	1.40479672	1.37886262
0.00001900	0.74319017	2.06083417	1.52484155	1.37168002	1.64866734	1.23746169	1.36031389	1.31487215
0.00002060	1.48638034	1.44258392	1.14363110	1.67173505	1.09911156	1.02410626	1.42919052	1.36133099
0.00002220	1.18910432	0.61825025	0.38121039	1.15735507	1.09911156	1.19479060	1.33592010	1.30610633
0.00002380	0.74319017	1.23650050	1.14363110	1.54314005	1.09911156	1.36547494	1.34596455	1.32802093
0.00002540	1.48638034	1.23650050	1.14363110	1.20021999	1.19070423	1.32280385	1.30004680	1.29821718
0.00002860	0.88504696	0.92518175	1.99498439	0.81867641	1.63726687	1.45835555	1.27785432	1.32754159
0.00003180	1.18006265	0.71958578	0.66499478	1.27110279	1.13699090	1.28678429	1.25985134	1.33192432
0.00003500	1.47507823	1.74756551	0.66499478	1.09874988	1.36438906	1.32967710	1.24112821	1.23418856
0.00003820	1.40132439	1.23357558	0.85499328	0.92639697	0.90959275	1.52269471	1.26633239	1.27451003
0.00004140	0.95880085	0.41119188	0.85499328	1.16338229	0.95507234	1.54414117	1.23752761	1.22498477
0.00004460	0.95880085	1.43917155	0.66499478	1.09874988	1.09151125	1.20099866	1.21916449	1.20000291
0.00004780	0.95880085	0.82238376	1.23499036	1.33573520	1.31890941	1.00798106	1.20188165	1.20657706
0.00005100	1.18006265	1.43917155	0.94999254	1.05566168	1.18247056	1.28678429	1.18567896	1.20000291
0.00005740	0.96072596	1.07784748	1.47181857	0.94794106	0.88657373	1.13764310	1.19877601	1.18022549
0.00006380	1.21938300	0.71856499	1.37686253	1.08797789	1.00023699	1.09471321	1.17410207	1.16557717
0.00007020	1.18243194	0.87254316	1.18695045	1.03411758	1.20483100	1.26643288	1.13561285	1.13927603
0.00007660	0.92377502	1.38580394	1.04475415	1.20647049	0.93203908	0.95519096	1.14352655	1.11560512
0.00008300	0.77597100	1.07784748	1.18722057	1.00180137	0.79564309	1.01958585	1.11708760	1.10397172
0.00008940	0.92377502	0.92386925	1.32968700	1.13106608	0.95477170	1.09471321	1.10847008	1.10616338
0.00009580	0.84987301	1.18049955	0.71233237	1.05566168	1.06843507	1.18057311	1.10541248	1.10049891
0.00010220	0.77597100	1.07784748	0.99726528	0.99102932	1.00023699	0.90152854	1.08670712	1.06499195
0.00011500	1.14732218	1.28802133	0.95172417	1.01862156	1.29453874	0.98170358	1.07218301	1.04357636
0.00012780	0.86974424	1.05617750	0.90413791	0.97550535	1.05607104	1.04607761	1.02669203	1.03637886
0.00014060	1.14732218	1.05617750	1.23724139	1.04017973	1.02200425	1.08899355	1.03307521	1.04360855
0.00015340	1.22134304	1.10769844	1.30862069	1.07790649	1.02200425	1.09435809	1.01419556	1.03177798
0.00016620	1.25835335	1.03041708	1.35620689	1.02940071	1.02200425	1.13190961	1.01356626	1.01830435
0.00017900	1.09180665	1.13345885	0.99931037	1.00784254	0.97658181	0.96561009	1.02498388	1.02730262
0.00019180	1.22134304	1.23650050	1.04689658	1.08868551	1.03335989	1.10508716	1.01476336	1.00681794
0.00020460	1.14732218	1.15921926	0.97551727	0.99706346	1.01064861	1.08362913	0.99911982	1.02127779
0.00023020	1.09136820	1.06956458	1.02310348	1.06035817	1.14763796	1.05105329	1.00139928	1.00903928
0.00025580	1.06362152	1.00513303	1.18965518	1.11956608	0.82379955	1.08582103	1.01856327	1.00394416
0.00028140	0.95263493	0.99224669	0.86844826	1.00384164	0.90902019	1.05372775	0.99474937	0.98908204
0.00030700	1.15611041	1.04379201	1.10637927	0.93107665	1.17604494	0.90663379	1.00998127	0.99484980
0.00033260	1.03587496	1.14688253	0.97551727	0.90147597	1.02832913	0.98151803	1.00517356	0.99413759
0.00035820	0.88789278	1.22420049	1.08258617	0.94453156	0.83529377	1.02163458	1.01261806	1.00107980
0.00038380	0.94319665	1.03090560	0.85655171	1.07638919	1.00576186	0.85047066	0.99386781	1.00179207
0.00040940	1.07265508	1.00513303	0.95172417	1.03322172	0.93189240	0.96547139	1.01219952	1.00124419
0.00046060	0.99767697	1.09251642	1.02063882	1.02223754	1.03116977	0.97370499	1.00970626	0.98676860
0.00051180	1.07619786	0.97615367	0.92514044	0.98850429	1.03116977	0.99243009	0.99649864	0.99358845
0.00056300	1.06696010	0.88564938	1.03257608	0.96150208	1.00844431	0.95765489	0.99570346	1.01062441
0.00061420	0.99305815	1.04079962	1.04451334	1.01394761	1.01680636	1.01918018	0.99715590	1.00684476
0.00066540	1.01615250	1.04726422	1.08629394	1.03411901	0.96000153	1.01784265	0.99821228	0.99861258
0.00071660	1.00691473	1.10544562	1.08032525	1.06908274	1.00828564	1.07791412	0.99394172	1.00182903
0.00076780	1.10853004	0.90504318	1.03854477	1.06504846	0.93727958	1.05796790	0.99808592	0.99694192
0.00081900	1.03000915	1.00847661	0.88335991	1.00453436	0.94296008	0.94962984	1.00323308	1.00146103
0.00092140	1.01234615	0.95352769	0.90897423	1.01489043	0.96669436	1.03611422	0.99638808	1.00023043
0.00102380	1.01003480	1.11514258	1.03712463	0.96122795	0.99374473	0.99472308	1.00096262	1.00525284
0.00112620	1.01234615	0.99231523	0.88811249	0.99543774	0.96796554	0.97212964	1.00699377	1.00300264
0.00122860	1.07894027	1.06989038	1.05798638	1.03042972	1.05195081	0.96211457	1.00805485	0.99777508
0.00133100	1.03735375	0.96299589	0.97453958	0.98682433	1.02205777	0.99683350	1.00055254	1.00143337
0.00143340	1.07894027	1.02116346	0.95069760	1.00762081	0.99074125	1.00361848	0.99687284	1.00165570
0.00153580	0.93126386	1.04701567	1.08754086	0.99621630	1.04768038	1.02854705	1.00572538	1.01422644
0.00163820	1.02369702	0.98238504	1.00411308	0.97965688	0.98220038	1.00260770	1.01043236	1.00124919
0.00184300	0.98982924	0.94154388	1.01202333	1.00963330	1.02671397	1.00307715	1.00330043	1.00328803
0.00204780	1.00717437	1.00913429	1.04183257	0.97642612	0.99387050	0.99840552	1.00722611	0.99946141
0.00225260	0.97595316	1.06241655	1.04207015	0.99688715	1.05313146	0.96603739	1.00449181	1.00444245
0.00245740	0.96207702	1.03173888	0.97796565	1.00326025	1.00886428	0.98972952	0.99659050	1.00593591
0.00266220	1.02200162	0.99621731	0.97178090	1.02372122	1.01314819	1.00329375	1.00272155	1.00317812
0.00286700	1.02200162	1.05434346	1.00009966	1.03702617	0.95888513	0.98349553	1.00450861	1.00051332
0.00307180	0.99425495	0.99783194	1.01649475	1.00784719	0.98403001	0.99651086	0.99875408	1.00520515
0.00327660	1.01254940	0.99783194	0.96581906	1.00013328	1.01298833	1.00285172	1.00094867	1.00380075
0.00368620	0.99105978	1.00632524	1.02632964	1.00038743	0.98989743	0.99666262	1.00184500	1.00257921
0.00409580	1.02931118	0.97591537	1.00244415	1.00234187	0.99260461	1.01150215	1.00132513	1.00539219
0.00450540	1.00554895	1.05495644	0.97855860	0.99423820	0.94842649	1.01844299	1.00248551	1.00634718
0.00491500	0.98700285	0.99745542	1.00267291	0.99837351	1.00875175	0.98211759	1.00622010	0.99386585
0.00532460	0.99975330	1.02995372	0.96683651	1.00407946	1.02505040	0.97640836	1.00518036	1.00093937
0.00573420	1.06176698	1.03640604	0.99893993	0.98484117	0.99658513	0.98190594	1.00269628	0.99945611
0.00614380	0.98526412	0.98640043	0.98975492	0.99938047	0.98564780	1.00978494	0.99846137	1.00147879
0.00655340	1.00187016	1.02834058	1.01042414	1.00044692	0.98099512	0.98613113	1.00367701	0.99553579
0.00737260	1.01848829	1.01269889	1.00270808	1.01423907	0.98684871	0.98301136	1.00142205	1.00168967
0.00819180	0.99959922	1.00390661	0.94308966	0.99693507	0.99941617	0.99365073	1.00149381	1.00035405
0.00901100	1.05007231	1.02890337	1.01821744	1.01091671	1.03579450	0.99873185	1.00075912	0.99768198
0.00983020	1.00220990	1.03058875	0.99562842	1.01665115	1.00927234	1.00302970	0.99955243	0.99885786
0.01064940	0.99350762	1.01527905	0.99353892	1.02511418	0.99712980	0.98230684	0.99889612	0.99889386
0.01146860	0.98529351	0.98103350	0.97207302	1.01185763	0.99513727	1.00788736	1.00265980	1.00176477
0.01228780	0.98712599	1.01544106	1.00786853	1.01127028	1.02108192	1.01810968	0.99891007	1.00204396
0.01310700	0.99980021	1.02237058	0.98430538	0.99661142	0.96626359	1.00233841	1.00145876	1.00428677
0.01474540	0.98837191	1.02265418	1.02721083	0.99947357	0.99468905	1.00473762	0.99977034	0.99984258
0.01638380	1.01413453	1.01015580	0.98572159	1.00934780	0.99442023	1.01117563	1.00177515	1.00351107
0.01802220	1.00519383	1.00902140	1.00623417	1.00331962	1.00293112	1.01251590	1.00010812	0.99821806
0.01966060	0.98786682	1.01269019	0.98195469	0.98912621	0.99486595	0.99631822	1.00219429	1.00191653
0.02129900	0.99872899	0.99783194	0.98311090	1.01154375	0.99900550	1.01192248	0.99855459	0.99576837
0.02293740	0.98553056	0.99248338	0.99366009	1.01076567	1.00504351	0.98265070	0.99885130	0.99852723
0.02457580	1.03049219	1.02531624	1.03206563	1.01856434	0.98465943	1.00572133	0.99919873	0.99872404
0.02621420	0.99930912	0.99147493	1.00350416	1.00164270	0.99320900	1.00340378	1.00178170	1.00092483
0.02949100	1.00086296	1.00496864	0.99936438	0.99778569	1.00470245	1.00047517	1.00194430	0.99969089
0.03276780	0.98322356	0.99782401	0.98567700	0.99704278	1.00663924	0.99900967	1.00183189	1.00019133
0.03604460	0.98315096	1.00221348	1.00289428	1.01001096	1.00379860	0.99855846	0.99882555	0.99975806
0.03932140	0.99940503	0.99902743	1.01182854	1.00227153	0.98978484	1.00557077	1.00140870	0.99911082
0.04259820	0.99249339	1.00873220	0.99798781	0.99973851	1.00260687	0.99690676	1.00087488	1.00009871
0.04587500	1.00324225	0.99567312	0.99715984	1.00650632	0.99969023	1.00447929	0.99939591	0.99972570
0.04915180	0.99470443	0.98670667	0.99903345	0.99602807	1.01683211	0.99785703	0.99965763	1.00031912
0.05242860	1.00531900	0.99419630	1.00895488	1.01125038	1.00679898	1.00041413	1.00023937	0.99989951
0.05898220	1.00123501	0.99940598	1.00437689	1.00073767	1.00026667	0.99771452	0.99979508	1.00065207
0.06553581	1.01987100	1.01118946	1.01178372	0.99539298	0.99693567	1.00422895	0.99946761	0.99932343
0.07208940	1.00805044	0.98565835	0.99394530	1.00151324	1.00882173	0.99554312	1.00223267	1.00031400
0.07864300	1.00121498	0.99266768	1.00246191	1.00146425	1.00843143	0.99816597	1.00084925	1.00142455
0.08519660	0.99990839	0.99487150	0.98893785	0.99940014	1.00269353	1.00229025	1.00145102	0.99951953
0.09175020	1.00304544	0.99770737	1.01150644	0.99827915	1.00530303	0.99980158	1.00016022	1.00007915
0.09830380	0.99712425	0.99589002	1.00895822	0.99448311	1.00035381	1.00083637	1.00156963	1.00137949
0.10485740	0.99915892	0.99023342	1.00746226	0.99992824	0.99679011	0.99946707	1.00265598	0.99851853
0.11796460	1.00302100	0.99615204	1.00654364	1.00028360	0.99169511	1.00594330	1.00038636	0.99979037
0.13107181	0.99404681	0.99930751	0.99952769	1.00219107	0.99666429	0.99907130	1.00001347	0.99987203
0.14417900	0.99960005	1.00787497	1.00481451	0.99890256	0.99588770	1.00399542	1.00085568	0.99917364
0.15728620	1.00085115	1.00768328	1.00263119	0.99988705	1.00186348	0.99944717	0.99976927	0.99921083
0.17039341	1.00171387	1.01411390	0.99845499	1.00248003	1.00792074	0.99977660	0.99995327	0.99964839
0.18350060	1.00349617	1.00205588	0.99466795	0.99821842	0.99789792	0.99861205	1.00073242	0.99968123
0.19660780	0.99935228	0.99102777	0.99809462	1.00286889	0.99267387	1.00221252	1.00036240	0.99946749
0.20971501	0.99599975	0.99440885	1.00870132	0.99819702	1.00053728	1.00433731	1.00040579	1.00112617
0.23592941	0.99618316	0.99500537	0.99815625	1.00129986	0.99691802	0.99894643	0.99997967	1.00024414
0.26214382	1.00034046	0.99966240	1.00377190	1.00211978	0.99882644	0.99979424	1.00012982	1.00023091
0.28835821	0.99291867	1.00113142	1.00163090	0.99832314	0.99789280	1.00061357	1.00017512	0.99973661
0.31457260	0.99595338	1.00440645	1.00563455	0.99814445	0.99880826	1.00083148	0.99999905	1.00051880
0.34078699	0.99671513	0.99912083	0.99957907	1.00079572	1.00498581	1.00044870	1.00025010	0.99960977
0.36700141	0.99881154	0.99286824	1.00235522	0.99777704	0.99172306	1.00309467	1.00024295	0.99960977
0.39321581	0.99967831	0.99798274	0.99371392	0.99927443	1.00621283	1.00119746	1.00017679	0.99948543
0.41943020	0.99919224	1.00104702	1.00226724	0.99919206	0.99657780	0.99859756	0.99990100	1.00054431
0.47185901	1.00218964	1.00328279	1.00114691	0.99812102	0.99951190	1.00183749	1.00013649	1.00017083
0.52428782	0.99944383	0.99385643	0.99770468	1.00043797	0.99933505	0.99976081	0.99998564	0.99963021
0.57671660	1.00280988	1.00252950	1.00015664	1.00075674	0.99868381	1.00114381	0.99982524	0.99948424
0.62914538	0.99815267	1.00333297	1.00077260	0.99857700	1.00155449	0.99802977	1.00007272	0.99991941
0.68157423	1.00128818	0.99491870	0.99970740	1.00312531	0.99829710	1.00069344	0.99978954	1.00029027
0.73400301	0.99893802	1.00301194	1.00116336	0.99808425	0.99692112	0.99797171	1.00053728	1.00035727
0.78643179	0.99864972	1.00747108	1.00283360	1.00059402	1.00017035	0.99849784	1.00006413	1.00016212
0.83886063	1.00166988	1.00081229	0.99756569	0.99923855	0.99982041	0.99851227	1.00052249	0.99980706
0.94371825	0.99990290	0.99807543	0.99990904	0.99817419	1.00147569	0.99930841	1.00018632	0.99997455
1.04857588	0.99736929	0.99855274	1.00091124	0.99738294	1.00081563	0.99906564	1.00014389	0.99995917
1.15343344	1.00019038	0.99714643	0.99930060	0.99676090	0.99894023	0.99942231	0.99989498	1.00001013
1.25829101	0.99721980	0.99575222	0.99818879	1.00364780	0.99926728	0.99904114	0.99969006	0.99981570
1.36314869	1.00041032	0.99778849	1.00024056	0.99809122	0.99863458	1.00092924	0.99986714	0.99968821
1.46800625	1.00274611	1.00156856	1.00027955	0.99977684	1.00163424	0.99900097	1.00008667	1.00007653
1.57286382	1.00067949	1.00418556	1.00062525	0.99919689	0.99861902	1.00019121	1.00015354	0.99999666
1.67772150	0.99885178	1.00144613	1.00286460	0.99874961	0.99720651	0.99988979	0.99980903	1.00002122
1.88743675	0.99933457	0.99822819	0.99690372	1.00300765	1.00171351	1.00058722	0.99941671	0.99997079
2.09715199	1.00181568	0.99697274	0.99686950	1.00076628	0.99957067	1.00010145	0.99949074	0.99998289
2.30686712	0.99971980	1.00211596	0.99825567	0.99796480	0.99858749	1.00054455	0.99963230	0.99987692
2.51658225	0.99935144	1.00073493	0.99675548	1.00283527	1.00012040	1.00097299	0.99980897	0.99995559
2.72629738	0.99891514	0.99780250	0.99903512	0.99956793	1.00060630	1.00189281	1.00010371	0.99999231
2.93601274	1.00028729	0.99858147	1.00113237	0.99698812	1.00293732	0.99992025	0.99999356	0.99997813
3.14572787	0.99966991	1.00450087	0.99957794	0.99925619	0.99877840	0.99982595	0.99993652	0.99987066
3.35544300	0.99905473	0.99741793	1.00176716	1.00042975	0.99884790	0.99901897	0.99982125	0.99966222
3.77487350	1.00039780	0.99799824	1.00074220	1.00045359	0.99952698	1.00080121	1.00011086	0.99992645
4.19430399	1.00083113	0.99868542	1.00174594	1.00039864	1.00180960	1.00177646	1.00005245	0.99999118
4.61373425	1.00435376	1.00005877	0.99910653	0.99986380	0.99903548	1.00089943	0.99995983	0.99998659
5.03316450	1.00000000	1.00000000	1.00000000	1.00000000	1.00000000	1.00000000	1.00000000	1.00000000
5.45259476	0.00000000	0.00000000	0.00000000	0.00000000	0.00000000	0.00000000	0.00000000	0.00000000
5.87202549	0.00000000	0.00000000	0.00000000	0.00000000	0.00000000	0.00000000	0.00000000	0.00000000
6.29145575	0.00000000	0.00000000	0.00000000	0.00000000	0.00000000	0.00000000	0.00000000	0.00000000
6.71088600	0.00000000	0.00000000	0.00000000	0.00000000	0.00000000	0.00000000	0.00000000	0.00000000
7.54974699	0.00000000	0.00000000	0.00000000	0.00000000	0.00000000	0.00000000	0.00000000	0.00000000
8.38860798	0.00000000	0.00000000	0.00000000	0.00000000	0.00000000	0.00000000	0.00000000	0.00000000
9.22746849	0.00000000	0.00000000	0.00000000	0.00000000	0.00000000	0.00000000	0.00000000	0.00000000
10.06632900	0.00000000	0.00000000	0.00000000	0.00000000	0.00000000	0.00000000	0.00000000	0.00000000
10.90518951	0.00000000	0.00000000	0.00000000	0.00000000	0.00000000	0.00000000	0.00000000	0.00000000
11.74405098	0.00000000	0.00000000	0.00000000	0.00000000	0.00000000	0.00000000	0.00000000	0.00000000
12.58291149	0.00000000	0.00000000	0.00000000	0.00000000	0.00000000	0.00000000	0.00000000	0.00000000
13.42177200	0.00000000	0.00000000	0.00000000	0.00000000	0.00000000	0.00000000	0.00000000	0.00000000
15.09949398	0.00000000	0.00000000	0.00000000	0.00000000	0.00000000	0.00000000	0.00000000	0.00000000
16.77721596	0.00000000	0.00000000	0.00000000	0.00000000	0.00000000	0.00000000	0.00000000	0.00000000
18.45493698	0.00000000	0.00000000	0.00000000	0.00000000	0.00000000	0.00000000	0.00000000	0.00000000
20.13265800	0.00000000	0.00000000	0.00000000	0.00000000	0.00000000	0.00000000	0.00000000	0.00000000
21.81037903	0.00000000	0.00000000	0.00000000	0.00000000	0.00000000	0.00000000	0.00000000	0.00000000
23.48810196	0.00000000	0.00000000	0.00000000	0.00000000	0.00000000	0.00000000	0.00000000	0.00000000
25.16582298	0.00000000	0.00000000	0.00000000	0.00000000	0.00000000	0.00000000	0.00000000	0.00000000
26.84354401	0.00000000	0.00000000	0.00000000	0.00000000	0.00000000	0.00000000	0.00000000	0.00000000
30.19898796	0.00000000	0.00000000	0.00000000	0.00000000	0.00000000	0.00000000	0.00000000	0.00000000
33.55443192	0.00000000	0.00000000	0.00000000	0.00000000	0.00000000	0.00000000	0.00000000	0.00000000
36.90987396	0.00000000	0.00000000	0.00000000	0.00000000	0.00000000	0.00000000	0.00000000	0.00000000
40.26531601	0.00000000	0.00000000	0.00000000	0.00000000	0.00000000	0.00000000	0.00000000	0.00000000
43.62075806	0.00000000	0.00000000	0.00000000	0.00000000	0.00000000	0.00000000	0.00000000	0.00000000
46.97620392	0.00000000	0.00000000	0.00000000	0.00000000	0.00000000	0.00000000	0.00000000	0.00000000
50.33164597	0.00000000	0.00000000	0.00000000	0.00000000	0.00000000	0.00000000	0.00000000	0.00000000
53.68708801	0.00000000	0.00000000	0.00000000	0.00000000	0.00000000	0.00000000	0.00000000	0.00000000
60.39797592	0.00000000	0.00000000	0.00000000	0.00000000	0.00000000	0.00000000	0.00000000	0.00000000
67.10886383	0.00000000	0.00000000	0.00000000	0.00000000	0.00000000	0.00000000	0.00000000	0.00000000
73.81974792	0.00000000	0.00000000	0.00000000	0.00000000	0.00000000	0.00000000	0.00000000	0.00000000
80.53063202	0.00000000	0.00000000	0.00000000	0.00000000	0.00000000	0.00000000	0.00000000	0.00000000
87.24151611	0.00000000	0.00000000	0.00000000	0.00000000	0.00000000	0.00000000	0.00000000	0.00000000
93.95240784	0.00000000	0.00000000	0.00000000	0.00000000	0.00000000	0.00000000	0.00000000	0.00000000
100.66329193	0.00000000	0.00000000	0.00000000	0.00000000	0.00000000	0.00000000	0.00000000	0.00000000
107.37417603	0.00000000	0.00000000	0.00000000	0.00000000	0.00000000	0.00000000	0.00000000	0.00000000
120.79595184	0.00000000	0.00000000	0.00000000	0.00000000	0.00000000	0.00000000	0.00000000	0.00000000
134.21772766	0.00000000	0.00000000	0.00000000	0.00000000	0.00000000	0.00000000	0.00000000	0.00000000
147.63949585	0.00000000	0.00000000	0.00000000	0.00000000	0.00000000	0.00000000	0.00000000	0.00000000
161.06126404	0.00000000	0.00000000	0.00000000	0.00000000	0.00000000	0.00000000	0.00000000	0.00000000
174.48303223	0.00000000	0.00000000	0.00000000	0.00000000	0.00000000	0.00000000	0.00000000	0.00000000
187.90481567	0.00000000	0.00000000	0.00000000	0.00000000	0.00000000	0.00000000	0.00000000	0.00000000
201.32658386	0.00000000	0.00000000	0.00000000	0.00000000	0.00000000	0.00000000	0.00000000	0.00000000
214.74835205	0.00000000	0.00000000	0.00000000	0.00000000	0.00000000	0.00000000	0.00000000	0.00000000
241.59190369	0.00000000	0.00000000	0.00000000	0.00000000	0.00000000	0.00000000	0.00000000	0.00000000
268.43545532	0.00000000	0.00000000	0.00000000	0.00000000	0.00000000	0.00000000	0.00000000	0.00000000
295.27899170	0.00000000	0.00000000	0.00000000	0.00000000	0.00000000	0.00000000	0.00000000	0.00000000
322.12252808	0.00000000	0.00000000	0.00000000	0.00000000	0.00000000	0.00000000	0.00000000	0.00000000
348.96606445	0.00000000	0.00000000	0.00000000	0.00000000	0.00000000	0.00000000	0.00000000	0.00000000
375.80963135	0.00000000	0.00000000	0.00000000	0.00000000	0.00000000	0.00000000	0.00000000	0.00000000
402.65316772	0.00000000	0.00000000	0.00000000	0.00000000	0.00000000	0.00000000	0.00000000	0.00000000
429.49670410	0.00000000	0.00000000	0.00000000	0.00000000	0.00000000	0.00000000	0.00000000	0.00000000
483.18380737	0.00000000	0.00000000	0.00000000	0.00000000	0.00000000	0.00000000	0.00000000	0.00000000
536.87091064	0.00000000	0.00000000	0.00000000	0.00000000	0.00000000	0.00000000	0.00000000	0.00000000
590.55798340	0.00000000	0.00000000	0.00000000	0.00000000	0.00000000	0.00000000	0.00000000	0.00000000
644.24505615	0.00000000	0.00000000	0.00000000	0.00000000	0.00000000	0.00000000	0.00000000	0.00000000
697.93212891	0.00000000	0.00000000	0.00000000	0.00000000	0.00000000	0.00000000	0.00000000	0.00000000
751.61926270	0.00000000	0.00000000	0.00000000	0.00000000	0.00000000	0.00000000	0.00000000	0.00000000
805.30633545	0.00000000	0.00000000	0.00000000	0.00000000	0.00000000	0.00000000	0.00000000	0.00000000
858.99340820	0.00000000	0.00000000	0.00000000	0.00000000	0.00000000	0.00000000	0.00000000	0.00000000
966.36761475	0.00000000	0.00000000	0.00000000	0.00000000	0.00000000	0.00000000	0.00000000	0.00000000
1073.74182129	0.00000000	0.00000000	0.00000000	0.00000000	0.00000000	0.00000000	0.00000000	0.00000000
1181.11596680	0.00000000	0.00000000	0.00000000	0.00000000	0.00000000	0.00000000	0.00000000	0.00000000
1288.49011230	0.00000000	0.00000000	0.00000000	0.00000000	0.00000000	0.00000000	0.00000000	0.00000000
1395.86425781	0.00000000	0.00000000	0.00000000	0.00000000	0.00000000	0.00000000	0.00000000	0.00000000
1503.23852539	0.00000000	0.00000000	0.00000000	0.00000000	0.00000000	0.00000000	0.00000000	0.00000000
1610.61267090	0.00000000	0.00000000	0.00000000	0.00000000	0.00000000	0.00000000	0.00000000	0.00000000
1717.98681641	0.00000000	0.00000000	0.00000000	0.00000000	0.00000000	0.00000000	0.00000000	0.00000000
1932.73522949	0.00000000	0.00000000	0.00000000	0.00000000	0.00000000	0.00000000	0.00000000	0.00000000
2147.48364258	0.00000000	0.00000000	0.00000000	0.00000000	0.00000000	0.00000000	0.00000000	0.00000000
2362.23193359	0.00000000	0.00000000	0.00000000	0.00000000	0.00000000	0.00000000	0.00000000	0.00000000
2576.98022461	0.00000000	0.00000000	0.00000000	0.00000000	0.00000000	0.00000000	0.00000000	0.00000000
2791.72851562	0.00000000	0.00000000	0.00000000	0.00000000	0.00000000	0.00000000	0.00000000	0.00000000
3006.47705078	0.00000000	0.00000000	0.00000000	0.00000000	0.00000000	0.00000000	0.00000000	0.00000000
3221.22534180	0.00000000	0.00000000	0.00000000	0.00000000	0.00000000	0.00000000	0.00000000	0.00000000
3435.97363281	0.00000000	0.00000000	0.00000000	0.00000000	0.00000000	0.00000000	0.00000000	0.00000000
0	0	0	0	0	0	0	0	0
