%5/17/2015 1:57:30 PM
%Duration	ID1		ID2		ID3		ID4		ID5		ID6		ID7		ID8
3000.000000	1.363754	1.182556	1.583099	2.441406	3.070831	2.546310	16.717911	12.025833
%Tau		Tau1		Tau2		Tau3		Tau4		Tau5		Tau6		Tau7		Tau8
%		0.000001	0.000002	0.000001	0.000002	0.000002	0.000006	0.393216	0.734003
%Delaytime	D1		D2		D3		D4		D5		D6		D7		D8
0.00000000	4.40822887	66.35191345	28.72451019	24.07853317	1.10655963	9.17374992	2.08351040	1.18411386
0.00000020	4.40822887	2.65407658	6.83916903	3.16822815	1.10655963	4.58687496	2.81555462	3.22940159
0.00000040	0.00000000	0.00000000	2.73566771	2.53458261	2.21311927	0.00000000	2.81555462	2.36822772
0.00000060	1.46940970	0.00000000	1.36783385	1.26729131	0.00000000	4.58687496	2.47768807	2.90646124
0.00000080	2.93881941	5.30815315	2.73566771	0.63364565	1.10655963	0.00000000	2.08351040	2.47587442
0.00000100	2.93881941	0.00000000	0.00000000	0.63364565	1.10655963	4.58687496	2.42137694	2.90646124
0.00000120	2.93881941	2.65407658	0.00000000	0.63364565	5.53279829	0.00000000	2.25244379	2.58352113
0.00000140	0.00000000	0.00000000	2.73566771	1.26729131	0.00000000	4.58687496	3.66022110	2.47587442
0.00000160	0.00000000	0.00000000	0.00000000	1.90093684	0.00000000	4.58687496	2.19613266	2.15293431
0.00000180	2.93881941	0.00000000	1.36783385	1.90093684	2.21311927	4.58687496	2.98448777	2.47587442
0.00000200	1.46940970	0.00000000	1.36783385	1.26729131	3.31967902	0.00000000	1.57671058	2.36822772
0.00000220	0.00000000	0.00000000	1.36783385	0.00000000	5.53279829	0.00000000	2.19613266	1.61470079
0.00000240	0.00000000	0.00000000	1.36783385	2.53458261	2.21311927	4.58687496	1.68933272	2.90646124
0.00000260	0.00000000	0.00000000	1.36783385	1.26729131	3.31967902	9.17374992	2.19613266	1.82999420
0.00000280	0.00000000	2.65407658	0.00000000	2.53458261	2.21311927	4.58687496	2.19613266	1.72234750
0.00000300	0.00000000	2.65407658	2.73566771	0.00000000	2.21311927	0.00000000	1.68933272	2.47587442
0.00000340	1.46940970	1.32703829	1.36783385	0.95046842	1.65983951	0.00000000	2.67477679	2.15293431
0.00000380	1.46940970	0.00000000	2.05175066	1.26729131	1.10655963	0.00000000	2.50584364	2.74499130
0.00000420	0.00000000	1.32703829	2.73566771	1.90093684	1.65983951	2.29343748	2.53399920	2.85263801
0.00000460	1.46940970	2.65407658	2.05175066	1.26729131	2.21311927	6.88031244	2.30875468	2.79881454
0.00000500	1.46940970	0.00000000	0.68391693	1.26729131	1.10655963	4.58687496	2.39322138	3.28322482
0.00000540	0.73470485	2.65407658	2.05175066	0.95046842	3.87295890	6.88031244	2.30875468	2.52969790
0.00000580	0.00000000	1.32703829	0.00000000	1.26729131	1.65983951	6.88031244	2.87186575	3.01410818
0.00000620	0.73470485	3.98111486	0.68391693	1.58411407	0.55327982	2.29343748	2.44953251	2.58352113
0.00000700	0.36735243	0.00000000	1.36783385	1.58411407	1.10655963	2.29343748	2.39322138	3.09484315
0.00000780	1.46940970	1.32703829	0.68391693	1.26729131	1.38319957	3.44015622	2.32283258	2.63734460
0.00000860	1.83676207	1.99055743	1.36783385	1.42570269	1.38319957	4.58687496	2.59031034	2.52969790
0.00000940	0.73470485	0.66351914	1.36783385	0.95046842	2.21311927	4.58687496	2.64662123	2.82572627
0.00001020	1.46940970	1.32703829	1.70979226	0.95046842	2.48975921	4.58687496	2.15389919	2.61043286
0.00001100	0.73470485	0.66351914	0.68391693	2.05934834	0.82991976	3.44015622	2.09758830	2.55660963
0.00001180	1.83676207	0.66351914	1.02587533	1.90093684	2.21311927	1.14671874	2.43545485	2.52969790
0.00001260	0.73470485	1.32703829	0.34195846	0.95046842	1.10655963	1.14671874	2.32283258	2.52969790
0.00001420	0.73470485	0.99527872	1.02587533	0.95046842	2.07479930	5.73359394	2.25948262	2.54315376
0.00001580	0.91838104	0.33175957	1.02587533	1.02967417	1.93647945	6.30695295	2.54103804	2.38168359
0.00001740	1.10205722	0.99527872	1.02587533	1.50490832	1.65983951	2.29343748	2.26652145	2.38168359
0.00001900	1.46940970	0.99527872	1.88077152	1.26729131	2.07479930	5.73359394	2.30875468	2.34131598
0.00002060	1.65308595	1.65879786	1.36783385	1.26729131	2.76639915	2.86679697	2.29467702	2.51624203
0.00002220	0.73470485	0.99527872	2.22272992	0.87126273	1.93647945	0.00000000	2.06239367	2.57006526
0.00002380	0.73470485	0.99527872	1.19685459	1.10887980	3.18135905	2.86679697	2.19613266	2.47587442
0.00002540	0.91838104	0.33175957	1.02587533	1.66331983	1.38319957	4.58687496	2.09054923	2.40859532
0.00002860	0.63885868	0.98991418	1.11352706	0.87408549	2.09863353	2.26197553	2.31735921	2.74782991
0.00003180	0.91265523	0.65994275	1.19918299	1.11247241	1.27417040	2.58511496	2.18150043	2.47304702
0.00003500	1.46024835	1.64985693	0.85655928	1.11247241	2.24853587	1.61569691	2.05340528	2.30223584
0.00003820	1.36898291	0.98991418	0.77090335	1.15220356	1.94873118	2.58511496	2.01458859	2.24282336
0.00004140	1.09518635	0.65994275	0.68524742	1.35085940	2.24853587	5.17022991	2.11949134	2.10914516
0.00004460	1.27771735	1.15489984	0.68524742	1.23166585	1.72387755	1.61569691	1.88658011	2.27252960
0.00004780	1.09518635	1.48487127	1.54180670	1.15220356	2.02368236	2.90825438	2.18548274	2.22797036
0.00005100	1.91657603	0.98991418	0.77090335	0.91381663	1.42407274	3.87767243	2.16219163	2.39893389
0.00005740	1.19043076	0.99110252	0.64339215	0.96998483	1.85872352	2.39132571	1.95817041	2.17771173
0.00006380	1.05307341	0.66073501	0.81496340	1.08875847	2.30481720	2.71016908	1.91969943	2.11885476
0.00007020	0.86993015	1.81702125	1.32967710	0.89080244	2.00742149	3.34785604	1.97932935	2.08942628
0.00007660	1.00728762	0.57814312	1.24389148	1.16811252	1.44980431	2.55074739	1.95432329	1.99010491
0.00008300	0.73257279	1.15628624	1.20099866	1.04932141	1.97024691	3.18843436	1.88122857	1.97539055
0.00008940	1.00728762	0.90851063	1.02942741	0.93053031	1.56132782	1.75363886	1.88122857	2.02689052
0.00009580	1.19043076	0.82591879	1.02942741	1.22750807	2.19329381	1.75363886	1.84660470	1.97906911
0.00010220	0.96150178	0.74332690	0.94364178	1.00957608	2.56503844	2.55074739	1.91200531	2.10059500
0.00011500	1.21305263	0.95151871	0.92179674	0.92793858	1.92068100	2.99893570	1.86144054	2.04709935
0.00012780	0.96128702	0.86877799	0.85748535	0.88845181	2.08689380	1.81514525	1.83291996	2.03800106
0.00014060	0.68663359	0.91014832	0.98610812	0.85883677	1.86527669	3.55137110	1.89575148	1.99069023
0.00015340	0.89262366	1.07562983	1.09329379	0.98716873	1.86527669	2.36758089	1.79307282	1.98341167
0.00016620	1.32749152	1.03425944	1.11473095	1.13541055	2.25310659	2.44650006	1.82349610	1.94337952
0.00017900	0.86973584	1.15837061	0.87892246	1.01693296	2.30851078	3.31461310	1.75504375	1.94883847
0.00019180	1.25882828	0.82740760	1.13616812	0.92807472	1.75446820	2.44650006	1.85296869	2.03436184
0.00020460	1.05283821	1.11700022	1.02898240	0.92807472	1.95761716	2.76217747	1.85582089	2.07816410
0.00023020	0.93986821	0.91124260	0.86951917	1.07233608	1.69433630	3.16334796	1.80340850	2.04901552
0.00025580	0.99717724	1.15976334	1.03054118	1.03280294	2.10425639	2.81186485	1.81281114	2.03550553
0.00028140	1.20348978	1.13905323	1.01980639	0.89937866	1.99494433	2.38227439	1.81101263	2.02199554
0.00030700	1.00863898	1.01479292	1.12715447	0.99821150	1.88563228	2.46038175	1.83075881	2.04631352
0.00033260	0.93986821	1.05621302	1.06274569	1.01303637	2.04049087	3.20240164	1.77387083	2.14268470
0.00035820	0.89402097	1.05653048	1.00907159	1.15634406	1.83097625	3.28050900	1.77057981	2.07063150
0.00038380	1.00863898	1.45013988	0.95539761	0.98338658	1.83097625	2.77281117	1.82699764	2.08324075
0.00040940	0.99717724	0.97366536	1.03054118	1.07727778	1.90385091	3.35861635	1.77724230	1.99600124
0.00046060	1.01732409	1.00443792	0.94343781	0.96171373	2.09995294	3.08850789	1.79380965	2.00547886
0.00051180	1.00008130	0.95266271	1.02384448	1.11993909	1.97775733	2.50941277	1.76831329	2.01765108
0.00056300	0.96559578	1.05621302	0.94900346	1.05071557	1.97775733	2.83873153	1.78644979	2.09140205
0.00061420	1.00008130	1.10798812	1.03478909	1.00868690	1.86461329	2.47182059	1.77017343	2.04767323
0.00066540	0.98283857	1.00443792	1.08304346	0.96432757	1.87819052	2.45250964	1.81551480	2.01611781
0.00071660	1.03456688	0.85946745	0.92219543	0.99399918	1.85103595	2.85804272	1.80295873	2.05315590
0.00076780	1.00008130	0.92159766	0.94900346	0.98643649	1.96870577	2.83989739	1.78365958	1.98577332
0.00081900	0.90237224	1.22189355	0.93828022	1.03588188	2.04564381	2.28058219	1.80295873	2.02816629
0.00092140	0.97952616	1.05462801	0.99007154	0.97241062	1.94732070	2.70100379	1.81144404	2.02234364
0.00102380	0.96229106	1.05008888	1.11349511	0.97735298	1.85501993	2.58565831	1.82340682	2.02158594
0.00112620	0.96825284	0.99866045	1.01690280	1.00453603	1.89329100	2.63371897	1.77968752	2.04445958
0.00122860	0.94814074	0.98313725	0.92031044	1.00562394	1.88878858	2.65294313	1.78707993	2.01972365
0.00133100	0.88780451	1.04523015	1.01153648	0.98709279	1.95182323	2.71061587	1.79516685	2.02502418
0.00143340	1.00560379	0.98313725	1.04105079	0.98462200	1.85501993	2.68177938	1.80028999	2.02515006
0.00153580	1.01112378	1.09212804	0.97128969	0.99697608	1.85276866	2.88363385	1.77074862	2.02183700
0.00163820	1.02261376	1.00443864	1.03031838	0.97226787	1.91130090	2.83557320	1.77917254	2.00659704
0.00184300	0.96207583	1.03684509	1.03501451	0.99294364	1.90150046	2.72447014	1.78814900	2.02160311
0.00204780	1.00228202	1.06011593	1.00413859	1.02383792	1.86564422	2.60539365	1.77908599	2.00598884
0.00225260	0.98935860	0.90239137	0.99608403	0.99603307	1.80401635	2.65302420	1.80144167	1.97238004
0.00245740	1.05541158	1.03425944	0.95446867	0.96884608	1.82306492	2.78276181	1.79035449	2.01708031
0.00266220	1.03243661	0.98742127	1.04978132	0.97008181	1.89589787	2.60645676	1.80367053	2.01280856
0.00286700	1.05086863	0.99000615	0.97057784	1.01148021	1.89813888	2.86493564	1.77325344	1.98794556
0.00307180	0.97621679	1.01874554	1.02696002	1.01148021	1.92054904	2.59321976	1.77719712	2.00327969
0.00327660	1.04081941	0.97478956	0.97192025	0.96143144	1.85368526	2.55985093	1.79307508	1.97668958
0.00368620	0.99567068	0.97515082	1.05045247	0.96495831	1.91012776	2.70167994	1.78415549	1.96905434
0.00409580	1.01077843	0.90043646	1.01241231	1.01728785	1.88173461	2.59834027	1.78648293	2.00490832
0.00450540	0.98128235	1.04728878	0.98265976	1.02363670	1.86150289	2.66616201	1.76441061	2.00788307
0.00491500	1.00286484	0.97128630	1.02024782	1.00120974	1.90103829	2.76585603	1.78195906	1.99928534
0.00532460	1.00862014	0.94137597	1.03232968	0.99240094	1.91756475	2.76585603	1.77866292	1.98363054
0.00573420	0.99544770	0.94652718	0.98287243	0.97676742	1.96100652	2.72234941	1.76423681	1.97319543
0.00614380	1.04004145	0.95711631	0.98220104	0.98250169	1.84850347	2.61664987	1.78468394	1.98133719
0.00655340	0.98687279	0.97515082	1.06970954	0.99023545	1.90624487	2.79751348	1.78649771	1.98963189
0.00737260	0.96437484	1.01368630	0.97484392	0.99982518	1.89196014	2.70264816	1.77427888	1.98996973
0.00819180	0.97860694	1.02594602	0.98032498	1.02070177	1.89509845	2.68063784	1.78291678	1.99009597
0.00901100	0.97716939	0.96693838	1.02909493	0.99084485	1.86485112	2.71294427	1.77989686	1.99047911
0.00983020	1.02101445	0.99368364	0.97815728	1.01403832	1.87250614	2.78250694	1.77383375	1.98527122
0.01064940	1.00174260	0.98212522	0.99481702	1.01605535	1.84593010	2.63526607	1.76315629	1.99039018
0.01146860	1.00102401	0.94859236	0.99180245	0.99872655	1.89152193	2.65488696	1.77486253	1.98822284
0.01228780	0.99383789	0.98921871	0.99323678	1.01109815	1.86188900	2.64194131	1.78216839	1.96839690
0.01310700	1.00627959	0.95862281	0.99847931	0.99409354	1.85920870	2.70107126	1.77552235	2.01107478
0.01474540	0.96779335	0.99298888	0.97725981	0.99602723	1.87980938	2.63510537	1.75979877	1.98865259
0.01638380	0.98947203	0.98720479	1.02457929	1.00995636	1.88340056	2.66074538	1.77152169	1.98257303
0.01802220	0.99985474	1.00138211	1.00856602	1.02434540	1.88766134	2.62154841	1.76729620	1.98609376
0.01966060	0.97800577	1.01431334	1.01191342	1.00097752	1.88698709	2.61599874	1.76882887	1.97837687
0.02129900	0.99890804	0.97045493	0.99952805	0.98727709	1.88479853	2.69523096	1.77351713	1.98482013
0.02293740	0.99814487	1.00628710	1.00593817	1.01109803	1.89985728	2.66702986	1.77303267	1.98522854
0.02457580	0.98735607	0.97758216	1.00972295	1.00350833	1.87196076	2.66392279	1.76775324	1.98907077
0.02621420	1.02080142	1.01531792	1.00665808	0.99555469	1.85616601	2.62810516	1.77358270	1.99060011
0.02949100	1.00668120	1.00161648	1.00038600	1.01236582	1.88443077	2.64003801	1.76529860	1.98351765
0.03276780	1.02640522	0.98664176	0.98499805	1.00159645	1.85444367	2.64041567	1.76516008	1.97741055
0.03604460	1.01288104	0.98586160	1.01701903	0.99717116	1.88176286	2.66625881	1.76602888	1.98781455
0.03932140	1.00061929	1.00862718	0.99095637	1.00586438	1.88028073	2.65162492	1.76778674	1.97895241
0.04259820	1.00264084	1.00878859	1.00813317	1.00372803	1.87259841	2.61280107	1.76780665	1.98615170
0.04587500	0.98926276	0.98981947	1.01305389	1.00759208	1.85631227	2.63731623	1.76613963	1.97505283
0.04915180	0.99958813	0.99637240	0.99888688	1.01032937	1.88884079	2.61255074	1.76787484	1.98013818
0.05242860	0.99860418	1.01982594	0.99489039	1.00424469	1.88698876	2.62850809	1.77969933	1.98232079
0.05898220	0.99465728	0.99450511	1.00183260	0.99607718	1.87580252	2.63664007	1.76639557	1.98120189
0.06553581	0.99475491	1.00400233	0.99380487	1.00452912	1.87703729	2.60069370	1.76144445	1.98365915
0.07208940	1.00663197	0.99703377	0.99673682	1.00230575	1.87880611	2.62694311	1.76497638	1.97799075
0.07864300	1.00196838	1.00834179	0.99424708	1.00569868	1.87423527	2.63408422	1.76519966	1.97907603
0.08519660	0.99223524	0.99868351	1.01385307	1.00056720	1.88324440	2.65364218	1.76981103	1.98653460
0.09175020	1.00286412	1.01295161	0.99007493	1.00267541	1.87784445	2.63939667	1.77431619	1.98575854
0.09830380	0.99802715	0.99049431	0.99699426	1.00143218	1.89021719	2.65059590	1.77013242	1.98644364
0.10485740	1.00684369	1.00139570	1.00205278	0.99987566	1.87944901	2.63633704	1.77345049	1.98492312
0.11796460	1.01266921	0.97872061	0.99766839	0.99776602	1.89160144	2.69384456	1.77769816	1.99545205
0.13107181	0.99266171	1.00776577	1.00275111	1.00462282	1.89234221	2.64530420	1.77359307	1.99128032
0.14417900	0.99734682	0.99430728	1.00302231	0.99412555	1.89304817	2.65965629	1.77194023	1.98836160
0.15728620	0.99894142	1.00625503	1.00370824	1.00174975	1.88907361	2.67230058	1.77017617	1.98645449
0.17039341	1.00460494	0.98803765	0.99612296	1.00243068	1.88741207	2.65558386	1.76605105	1.98361325
0.18350060	0.99723983	0.99414217	1.00809371	1.00543308	1.87958896	2.62236953	1.76216197	1.98148501
0.19660780	0.99564290	0.99330473	1.00177979	0.99661809	1.88401091	2.64493060	1.76336265	1.97879016
0.20971501	1.00065923	0.98904806	1.00204909	1.00379431	1.87020314	2.63881040	1.75843513	1.97533202
0.23592941	0.99561328	0.99569356	0.99800390	0.99720037	1.87625444	2.64269114	1.76187050	1.97551596
0.26214382	0.99572772	0.99668634	1.00121164	1.00063276	1.86523736	2.64451098	1.75567293	1.96930599
0.28835821	0.99889898	0.99763125	0.99647379	0.99908507	1.86622751	2.64376187	1.75305343	1.96310222
0.31457260	0.99894625	1.00756443	0.99886054	0.99376506	1.85202861	2.62133336	1.74884796	1.95682847
0.34078699	1.00143528	0.99436915	0.99949437	1.00012851	1.85778975	2.62598825	1.74524045	1.95016313
0.36700141	1.00174630	0.99656725	0.99509507	0.99581891	1.84307456	2.63587737	1.74033821	1.94470954
0.39321581	0.99740994	1.00346792	0.99562991	0.99369347	1.83790195	2.62804961	1.73485911	1.93272746
0.41943020	0.99689287	0.99928516	0.99928576	0.99920571	1.82993746	2.59901500	1.73115766	1.92811191
0.47185901	0.99937546	0.99897021	1.00339663	0.99699008	1.81486404	2.61916304	1.71679592	1.91030943
0.52428782	1.00209081	1.00279760	1.00641763	0.99896449	1.80631161	2.58327818	1.70699978	1.89558291
0.57671660	1.00097501	1.00153458	0.99849731	0.99763924	1.78233469	2.59859848	1.69510472	1.88482916
0.62914538	1.00240088	1.00453162	0.99978197	1.00039029	1.76974785	2.59156489	1.68631685	1.87138593
0.68157423	1.00163949	1.00039780	1.00368154	1.00057697	1.75899196	2.52809167	1.67538166	1.85410988
0.73400301	0.99953955	1.00007749	1.00499892	1.00265658	1.74068916	2.54937410	1.66216242	1.83835733
0.78643179	0.99593949	0.99750012	0.99950594	1.00470304	1.72072053	2.48890662	1.65105259	1.82138264
0.83886063	0.99698496	0.99768990	0.99443519	1.00356102	1.71164691	2.49904823	1.63751447	1.80542064
0.94371825	0.99917269	1.00116825	1.00784266	1.00099754	1.69308412	2.50000381	1.61850977	1.78459620
1.04857588	0.99957788	0.99585551	1.00006115	1.00109804	1.66155660	2.46752667	1.59332931	1.74903810
1.15343344	1.00005519	1.00480735	0.99838454	0.99794966	1.62903857	2.46857810	1.56600881	1.71381974
1.25829101	0.99978882	1.00270975	0.99899197	0.99715805	1.59633744	2.45088601	1.53678799	1.68292248
1.36314869	0.99942154	0.99528158	0.99812752	0.99926060	1.56292546	2.37086654	1.50601494	1.65290499
1.46800625	0.99760067	0.99918193	1.00528479	0.99952495	1.52782452	2.32937241	1.47491229	1.62354541
1.57286382	1.00048912	1.00098431	0.99768078	1.00364995	1.49396956	2.28293800	1.44399929	1.58772254
1.67772150	1.00204885	0.99938828	1.00409329	1.00167096	1.45632017	2.24738026	1.41408002	1.55361891
1.88743675	1.00008988	1.00219393	1.00121784	0.99901736	1.36016238	2.10886741	1.31880212	1.45366716
2.09715199	1.00081170	1.00082850	0.99580169	0.99575210	1.27376306	1.99166298	1.25274193	1.37544286
2.30686712	1.00350034	1.00026059	0.99819320	1.00027585	1.19013119	0.00000000	1.18133557	1.29881239
2.51658225	0.99695659	1.00018656	1.00074768	1.00345528	1.07441890	0.00000000	1.12362611	1.21624756
2.72629738	1.00019324	1.00002348	0.99652684	1.00010550	0.97467452	0.00000000	1.10341227	1.13044608
2.93601274	1.00127590	0.99870199	1.00183153	0.99736637	0.94020665	0.00000000	1.08557808	0.00000000
3.14572787	0.99559551	0.99947333	0.99853069	0.99945146	0.00000000	0.00000000	1.06328261	0.00000000
3.35544300	1.00030518	0.99829918	0.99938840	1.00213039	0.00000000	0.00000000	0.00000000	0.00000000
3.77487350	1.00159478	1.00052285	0.99988377	0.99910235	0.00000000	0.00000000	0.00000000	0.00000000
4.19430399	1.00066638	1.00000000	1.00062430	1.00026357	0.00000000	0.00000000	0.00000000	0.00000000
4.61373425	0.99966222	0.99931103	0.99975300	0.99994642	0.00000000	0.00000000	0.00000000	0.00000000
5.03316450	1.00000000	1.00000000	1.00000000	1.00000000	0.00000000	0.00000000	0.00000000	0.00000000
5.45259476	0.00000000	0.00000000	0.00000000	0.00000000	0.00000000	0.00000000	0.00000000	0.00000000
5.87202549	0.00000000	0.00000000	0.00000000	0.00000000	0.00000000	0.00000000	0.00000000	0.00000000
6.29145575	0.00000000	0.00000000	0.00000000	0.00000000	0.00000000	0.00000000	0.00000000	0.00000000
6.71088600	0.00000000	0.00000000	0.00000000	0.00000000	0.00000000	0.00000000	0.00000000	0.00000000
7.54974699	0.00000000	0.00000000	0.00000000	0.00000000	0.00000000	0.00000000	0.00000000	0.00000000
8.38860798	0.00000000	0.00000000	0.00000000	0.00000000	0.00000000	0.00000000	0.00000000	0.00000000
9.22746849	0.00000000	0.00000000	0.00000000	0.00000000	0.00000000	0.00000000	0.00000000	0.00000000
10.06632900	0.00000000	0.00000000	0.00000000	0.00000000	0.00000000	0.00000000	0.00000000	0.00000000
10.90518951	0.00000000	0.00000000	0.00000000	0.00000000	0.00000000	0.00000000	0.00000000	0.00000000
11.74405098	0.00000000	0.00000000	0.00000000	0.00000000	0.00000000	0.00000000	0.00000000	0.00000000
12.58291149	0.00000000	0.00000000	0.00000000	0.00000000	0.00000000	0.00000000	0.00000000	0.00000000
13.42177200	0.00000000	0.00000000	0.00000000	0.00000000	0.00000000	0.00000000	0.00000000	0.00000000
15.09949398	0.00000000	0.00000000	0.00000000	0.00000000	0.00000000	0.00000000	0.00000000	0.00000000
16.77721596	0.00000000	0.00000000	0.00000000	0.00000000	0.00000000	0.00000000	0.00000000	0.00000000
18.45493698	0.00000000	0.00000000	0.00000000	0.00000000	0.00000000	0.00000000	0.00000000	0.00000000
20.13265800	0.00000000	0.00000000	0.00000000	0.00000000	0.00000000	0.00000000	0.00000000	0.00000000
21.81037903	0.00000000	0.00000000	0.00000000	0.00000000	0.00000000	0.00000000	0.00000000	0.00000000
23.48810196	0.00000000	0.00000000	0.00000000	0.00000000	0.00000000	0.00000000	0.00000000	0.00000000
25.16582298	0.00000000	0.00000000	0.00000000	0.00000000	0.00000000	0.00000000	0.00000000	0.00000000
26.84354401	0.00000000	0.00000000	0.00000000	0.00000000	0.00000000	0.00000000	0.00000000	0.00000000
30.19898796	0.00000000	0.00000000	0.00000000	0.00000000	0.00000000	0.00000000	0.00000000	0.00000000
33.55443192	0.00000000	0.00000000	0.00000000	0.00000000	0.00000000	0.00000000	0.00000000	0.00000000
36.90987396	0.00000000	0.00000000	0.00000000	0.00000000	0.00000000	0.00000000	0.00000000	0.00000000
40.26531601	0.00000000	0.00000000	0.00000000	0.00000000	0.00000000	0.00000000	0.00000000	0.00000000
43.62075806	0.00000000	0.00000000	0.00000000	0.00000000	0.00000000	0.00000000	0.00000000	0.00000000
46.97620392	0.00000000	0.00000000	0.00000000	0.00000000	0.00000000	0.00000000	0.00000000	0.00000000
50.33164597	0.00000000	0.00000000	0.00000000	0.00000000	0.00000000	0.00000000	0.00000000	0.00000000
53.68708801	0.00000000	0.00000000	0.00000000	0.00000000	0.00000000	0.00000000	0.00000000	0.00000000
60.39797592	0.00000000	0.00000000	0.00000000	0.00000000	0.00000000	0.00000000	0.00000000	0.00000000
67.10886383	0.00000000	0.00000000	0.00000000	0.00000000	0.00000000	0.00000000	0.00000000	0.00000000
73.81974792	0.00000000	0.00000000	0.00000000	0.00000000	0.00000000	0.00000000	0.00000000	0.00000000
80.53063202	0.00000000	0.00000000	0.00000000	0.00000000	0.00000000	0.00000000	0.00000000	0.00000000
87.24151611	0.00000000	0.00000000	0.00000000	0.00000000	0.00000000	0.00000000	0.00000000	0.00000000
93.95240784	0.00000000	0.00000000	0.00000000	0.00000000	0.00000000	0.00000000	0.00000000	0.00000000
100.66329193	0.00000000	0.00000000	0.00000000	0.00000000	0.00000000	0.00000000	0.00000000	0.00000000
107.37417603	0.00000000	0.00000000	0.00000000	0.00000000	0.00000000	0.00000000	0.00000000	0.00000000
120.79595184	0.00000000	0.00000000	0.00000000	0.00000000	0.00000000	0.00000000	0.00000000	0.00000000
134.21772766	0.00000000	0.00000000	0.00000000	0.00000000	0.00000000	0.00000000	0.00000000	0.00000000
147.63949585	0.00000000	0.00000000	0.00000000	0.00000000	0.00000000	0.00000000	0.00000000	0.00000000
161.06126404	0.00000000	0.00000000	0.00000000	0.00000000	0.00000000	0.00000000	0.00000000	0.00000000
174.48303223	0.00000000	0.00000000	0.00000000	0.00000000	0.00000000	0.00000000	0.00000000	0.00000000
187.90481567	0.00000000	0.00000000	0.00000000	0.00000000	0.00000000	0.00000000	0.00000000	0.00000000
201.32658386	0.00000000	0.00000000	0.00000000	0.00000000	0.00000000	0.00000000	0.00000000	0.00000000
214.74835205	0.00000000	0.00000000	0.00000000	0.00000000	0.00000000	0.00000000	0.00000000	0.00000000
241.59190369	0.00000000	0.00000000	0.00000000	0.00000000	0.00000000	0.00000000	0.00000000	0.00000000
268.43545532	0.00000000	0.00000000	0.00000000	0.00000000	0.00000000	0.00000000	0.00000000	0.00000000
295.27899170	0.00000000	0.00000000	0.00000000	0.00000000	0.00000000	0.00000000	0.00000000	0.00000000
322.12252808	0.00000000	0.00000000	0.00000000	0.00000000	0.00000000	0.00000000	0.00000000	0.00000000
348.96606445	0.00000000	0.00000000	0.00000000	0.00000000	0.00000000	0.00000000	0.00000000	0.00000000
375.80963135	0.00000000	0.00000000	0.00000000	0.00000000	0.00000000	0.00000000	0.00000000	0.00000000
402.65316772	0.00000000	0.00000000	0.00000000	0.00000000	0.00000000	0.00000000	0.00000000	0.00000000
429.49670410	0.00000000	0.00000000	0.00000000	0.00000000	0.00000000	0.00000000	0.00000000	0.00000000
483.18380737	0.00000000	0.00000000	0.00000000	0.00000000	0.00000000	0.00000000	0.00000000	0.00000000
536.87091064	0.00000000	0.00000000	0.00000000	0.00000000	0.00000000	0.00000000	0.00000000	0.00000000
590.55798340	0.00000000	0.00000000	0.00000000	0.00000000	0.00000000	0.00000000	0.00000000	0.00000000
644.24505615	0.00000000	0.00000000	0.00000000	0.00000000	0.00000000	0.00000000	0.00000000	0.00000000
697.93212891	0.00000000	0.00000000	0.00000000	0.00000000	0.00000000	0.00000000	0.00000000	0.00000000
751.61926270	0.00000000	0.00000000	0.00000000	0.00000000	0.00000000	0.00000000	0.00000000	0.00000000
805.30633545	0.00000000	0.00000000	0.00000000	0.00000000	0.00000000	0.00000000	0.00000000	0.00000000
858.99340820	0.00000000	0.00000000	0.00000000	0.00000000	0.00000000	0.00000000	0.00000000	0.00000000
966.36761475	0.00000000	0.00000000	0.00000000	0.00000000	0.00000000	0.00000000	0.00000000	0.00000000
1073.74182129	0.00000000	0.00000000	0.00000000	0.00000000	0.00000000	0.00000000	0.00000000	0.00000000
1181.11596680	0.00000000	0.00000000	0.00000000	0.00000000	0.00000000	0.00000000	0.00000000	0.00000000
1288.49011230	0.00000000	0.00000000	0.00000000	0.00000000	0.00000000	0.00000000	0.00000000	0.00000000
1395.86425781	0.00000000	0.00000000	0.00000000	0.00000000	0.00000000	0.00000000	0.00000000	0.00000000
1503.23852539	0.00000000	0.00000000	0.00000000	0.00000000	0.00000000	0.00000000	0.00000000	0.00000000
1610.61267090	0.00000000	0.00000000	0.00000000	0.00000000	0.00000000	0.00000000	0.00000000	0.00000000
1717.98681641	0.00000000	0.00000000	0.00000000	0.00000000	0.00000000	0.00000000	0.00000000	0.00000000
1932.73522949	0.00000000	0.00000000	0.00000000	0.00000000	0.00000000	0.00000000	0.00000000	0.00000000
2147.48364258	0.00000000	0.00000000	0.00000000	0.00000000	0.00000000	0.00000000	0.00000000	0.00000000
2362.23193359	0.00000000	0.00000000	0.00000000	0.00000000	0.00000000	0.00000000	0.00000000	0.00000000
2576.98022461	0.00000000	0.00000000	0.00000000	0.00000000	0.00000000	0.00000000	0.00000000	0.00000000
2791.72851562	0.00000000	0.00000000	0.00000000	0.00000000	0.00000000	0.00000000	0.00000000	0.00000000
3006.47705078	0.00000000	0.00000000	0.00000000	0.00000000	0.00000000	0.00000000	0.00000000	0.00000000
3221.22534180	0.00000000	0.00000000	0.00000000	0.00000000	0.00000000	0.00000000	0.00000000	0.00000000
3435.97363281	0.00000000	0.00000000	0.00000000	0.00000000	0.00000000	0.00000000	0.00000000	0.00000000
0	0	0	0	0	0	0	0	0
