%5/19/2015 3:35:48 PM
%Duration	ID1		ID2		ID3		ID4		ID5		ID6		ID7		ID8
3000.000000	0.905991	0.953674	1.754761	2.384186	2.746582	5.493164	16.126633	15.439987
%Tau		Tau1		Tau2		Tau3		Tau4		Tau5		Tau6		Tau7		Tau8
%		0.000001	0.000001	0.000001	0.000002	0.000002	0.000004	0.000011	0.000021
%Delaytime	D1		D2		D3		D4		D5		D6		D7		D8
0.00000000	29.64088249	72.85273743	31.75152206	25.19203568	21.24305725	5.66718674	3.53515697	5.48324013
0.00000020	0.00000000	5.60405684	6.73517132	4.58037043	1.32769108	1.78411436	1.94618404	1.85285306
0.00000040	3.70511031	0.00000000	0.00000000	2.29018521	1.32769108	2.51874971	1.53970253	1.31055462
0.00000060	0.00000000	0.00000000	2.88650203	2.29018521	2.21281838	1.36432266	1.53970253	1.26536310
0.00000080	0.00000000	8.40608501	0.96216732	0.57254630	1.77025473	1.57421851	1.56433773	1.64195931
0.00000100	3.70511031	2.80202842	1.92433465	3.43527770	0.44256368	1.36432266	1.50274968	1.31055462
0.00000120	7.41022062	0.00000000	0.96216732	4.00782394	1.32769108	1.88906229	1.55202019	1.31055462
0.00000140	0.00000000	8.40608501	0.96216732	0.00000000	0.00000000	1.99401009	1.34262061	1.58170390
0.00000160	0.00000000	2.80202842	0.96216732	0.57254630	1.32769108	1.46927059	1.52738488	1.61183155
0.00000180	0.00000000	2.80202842	0.96216732	1.71763885	1.32769108	1.78411436	1.12090349	1.53651237
0.00000200	0.00000000	0.00000000	1.92433465	1.14509261	0.00000000	1.67916644	1.47811449	1.41600156
0.00000220	0.00000000	2.80202842	0.00000000	1.71763885	0.44256368	1.67916644	1.30566776	1.58170390
0.00000240	0.00000000	0.00000000	1.92433465	1.14509261	3.54050946	1.25937486	1.56433773	1.19004381
0.00000260	0.00000000	2.80202842	0.00000000	2.86273146	1.77025473	1.04947901	1.35493827	1.53651237
0.00000280	0.00000000	0.00000000	0.00000000	2.86273146	1.32769108	1.46927059	1.55202019	1.61183155
0.00000300	0.00000000	0.00000000	0.96216732	2.86273146	0.88512737	1.46927059	1.03468013	1.58170390
0.00000340	0.00000000	1.40101421	0.48108366	0.85881943	2.21281838	1.41679668	1.47195566	1.31808650
0.00000380	0.00000000	0.00000000	0.48108366	0.57254630	1.10640919	1.46927059	1.52738488	1.42353344
0.00000420	1.85255516	1.40101421	0.48108366	1.71763885	2.43410015	1.31184876	1.17633271	1.61183155
0.00000460	1.85255516	0.00000000	0.48108366	1.71763885	0.88512737	1.20690084	1.46579683	1.61183155
0.00000500	0.00000000	4.20304251	1.44325101	1.71763885	1.77025473	1.62669253	1.37957346	1.33315039
0.00000540	0.00000000	5.60405684	1.44325101	1.71763885	1.99153650	1.25937486	1.45963800	1.52144849
0.00000580	1.85255516	2.80202842	3.36758566	2.57645822	0.88512737	1.36432266	1.50890851	1.40093768
0.00000620	0.00000000	0.00000000	0.96216732	1.71763885	1.10640919	1.46927059	1.25023842	1.34068227
0.00000700	0.00000000	3.50253558	1.44325101	0.71568286	0.88512737	1.33808577	1.28411186	1.32938445
0.00000780	1.85255516	2.80202842	1.68379283	0.57254630	1.10640919	1.49550760	1.41344690	1.35198021
0.00000860	0.00000000	1.40101421	0.72162551	1.57450223	1.77025473	1.31184876	1.36417639	1.48378885
0.00000940	0.00000000	0.70050710	0.96216732	1.57450223	1.77025473	1.67916644	1.45963800	1.32561851
0.00001020	0.00000000	2.10152125	1.20270920	1.71763885	1.54897285	1.33808577	1.32106483	1.30678868
0.00001100	0.92627758	0.00000000	2.16487646	1.28822911	1.77025473	1.36432266	1.34877944	1.29549074
0.00001180	0.92627758	0.70050710	2.16487646	1.43136573	1.10640919	1.83658826	1.25639725	1.44989526
0.00001260	0.00000000	2.80202842	0.96216732	1.86077535	1.21705008	1.62669253	1.45039976	1.35574615
0.00001420	0.92627758	1.05076063	1.56352186	1.43136573	1.16172969	1.31184876	1.35031915	1.27477801
0.00001580	0.46313879	2.45177484	0.72162551	1.21666086	1.05108869	1.16754544	1.39035141	1.39528883
0.00001740	0.46313879	0.70050710	0.72162551	1.64607060	1.05108869	1.15442693	1.28565156	1.35198021
0.00001900	0.92627758	1.75126779	0.48108366	1.64607060	0.88512737	1.32496727	1.24869871	1.44612920
0.00002060	1.38941634	1.05076063	1.80406368	1.35979736	1.49365246	1.32496727	1.21174586	1.33691633
0.00002220	0.92627758	1.05076063	1.20270920	1.35979736	1.16172969	1.42991519	1.26717520	1.26912904
0.00002380	0.92627758	1.75126779	1.44325101	1.64607060	1.65961385	1.32496727	1.26563549	1.30678868
0.00002540	2.77883267	1.75126779	1.08243823	1.35979736	1.21705008	1.08883452	1.22252381	1.29925680
0.00002860	1.84730160	0.52473170	0.95834678	0.89560384	1.16172969	1.25600231	1.26005638	1.23833573
0.00003180	0.92365080	1.22437406	1.19793344	1.21802115	0.88512737	1.07378435	1.17241371	1.23550642
0.00003500	0.46182540	1.04946339	1.19793344	0.71648306	1.05108869	1.17790890	1.23468614	1.21950078
0.00003820	0.92365080	1.57419515	1.19793344	0.85977966	1.16172969	1.18441665	1.19624639	1.15536606
0.00004140	0.92365080	1.57419515	0.89845014	1.50461447	0.99576825	1.08679986	1.14319944	1.18177450
0.00004460	1.38547611	1.22437406	0.89845014	1.11054873	1.32769108	1.13235438	1.15703773	1.16102505
0.00004780	1.61638892	1.22437406	1.19793344	0.89560384	1.10640919	1.13886213	1.10399091	1.13084412
0.00005100	0.46182540	0.87455285	0.83855343	0.82395554	1.49365246	1.26901782	1.14396822	1.08745885
0.00005740	1.50146508	0.96141440	1.19663596	1.18087673	0.99454683	1.11555338	1.12425566	1.07230508
0.00006380	0.92397857	0.96141440	1.22655189	1.18087673	1.11886525	1.11555338	1.10964501	1.10388505
0.00007020	1.15497315	0.78661180	1.16672003	1.12720048	1.20174408	1.14807677	1.09964812	1.03978240
0.00007660	0.11549732	0.78661180	0.95730877	1.01984811	1.09123886	1.15783381	1.08657539	1.12226737
0.00008300	1.61696243	0.87401313	1.34621549	0.89460355	1.00836003	1.11880577	1.04697275	1.03554034
0.00008940	1.27047050	1.48582232	0.89747697	0.91249561	1.10505199	0.95618862	1.03236198	1.04873788
0.00009580	0.69298393	1.04881573	1.31629956	1.00195599	1.09123886	1.05375886	1.03005505	1.03365493
0.00010220	1.61696243	0.87401313	0.89747697	1.10930836	1.00836003	1.02774012	1.01006150	1.04402447
0.00011500	0.98592037	1.25721002	0.87101781	1.20822096	1.27834380	1.04124534	1.04325581	1.02482498
0.00012780	0.98592037	0.91039348	1.06624591	1.02922523	0.96048534	1.08185458	1.00863445	1.02340949
0.00014060	1.04391575	0.78033727	0.85600024	1.00237584	1.06413484	1.01515377	0.99826849	1.02553272
0.00015340	1.04391575	1.04044974	1.08126354	0.91287804	1.10559464	1.06395924	0.98922831	1.00453603
0.00016620	0.92792505	0.47687277	0.93108803	0.90392828	0.98121524	1.02166116	1.00192308	0.98589861
0.00017900	0.63794845	0.99709761	0.99115819	1.14557242	1.16087437	0.95984095	1.01557958	1.00524378
0.00019180	0.81193441	1.04044974	0.91607046	1.11872303	1.00885510	0.93538249	0.97903407	1.01090586
0.00020460	1.04391575	1.04044974	1.12631619	1.03817499	0.96048534	0.97605133	1.02231157	1.00031221
0.00023020	0.75099897	0.99771094	1.03508687	1.08398354	1.01476848	1.01355553	1.00796866	0.99840695
0.00025580	0.77988356	1.06277907	0.90007555	1.09742129	0.99751049	0.98023099	1.01133597	0.99062258
0.00028140	1.18426764	1.08446836	0.93007803	0.87793708	1.03202641	0.98348218	1.01316392	0.97116160
0.00030700	0.60657609	0.80250663	0.94507933	0.83762360	1.03892958	0.97210300	1.00027204	0.99180204
0.00033260	1.01096010	1.21460462	0.90757614	0.87345779	1.06999397	1.05019391	1.00277352	0.99748605
0.00035820	1.01096010	0.86757475	1.02758622	0.95408463	0.98370415	0.99654621	1.00075316	0.98675275
0.00038380	0.60657609	1.12784719	1.11009312	0.86001998	0.98715574	1.02662146	0.99526930	0.99951380
0.00040940	0.95319098	1.01940036	1.12509441	1.05696023	1.20115447	1.01686728	1.00779688	0.97183949
0.00046060	0.92825502	0.99771094	0.97080481	1.08250010	0.98788267	1.00173235	1.00649130	0.99000525
0.00051180	1.07329488	0.99771094	1.06095541	0.99733448	1.02069700	0.98668396	1.00403881	0.99250013
0.00056300	0.94275904	0.76997256	1.00472093	0.96147525	0.98270148	1.02851403	0.99846083	0.99373633
0.00061420	1.10230291	1.13869178	1.01203585	1.00629926	0.97406614	1.00411284	0.99437356	0.99903440
0.00066540	0.94242388	0.96517688	0.97080481	1.03319371	0.98788267	1.02560616	0.99832380	1.00080037
0.00071660	1.00041926	0.90010875	1.02702904	0.97716367	1.02415109	1.01177967	0.99577534	1.00368488
0.00076780	1.10191107	0.87841940	1.00079107	0.96371645	0.99849015	0.99022645	0.99221712	0.98837942
0.00081900	1.04391575	1.04108965	0.91083229	0.99733448	0.94148290	1.00974631	0.99409240	1.00191891
0.00092140	0.98964792	0.96577072	1.04669821	1.01766467	1.01257002	1.03848624	1.00035763	0.99796325
0.00102380	0.96075308	1.05800724	0.96992791	0.97839421	0.98660666	0.99209613	1.00381935	1.00527322
0.00112620	0.87437898	1.09056139	0.91749936	1.01317656	0.96929777	0.98593348	0.99468780	0.98939127
0.00122860	1.01890445	0.99289912	0.95869321	1.03786087	0.99093384	0.98110902	0.99805331	1.00538433
0.00133100	1.10561967	1.09056139	1.00363195	0.94697791	0.98054850	1.01630855	0.99882257	1.00314021
0.00143340	0.96832055	0.98747349	1.01655543	1.03995943	0.95792931	1.00694907	1.00172782	0.99555129
0.00153580	1.09116721	0.87353420	0.94728738	1.04220319	0.96831334	0.95704317	1.00521719	1.00732744
0.00163820	1.04780948	0.91693962	0.97911322	1.04205739	0.96485204	0.98471278	0.99970847	1.01362109
0.00184300	1.03586662	1.01762772	1.01336038	0.97011489	0.98677695	0.99210948	1.00335610	0.99812305
0.00204780	1.08278739	1.02576876	0.98432696	1.03954399	0.99140358	0.98701859	0.99740213	0.99992418
0.00225260	0.98172718	0.98476070	0.96559572	1.01444054	1.02476311	1.00636387	1.00083375	0.99887818
0.00245740	1.08278739	1.03630471	0.99480891	0.99648583	1.01323259	1.02646255	1.01087844	1.00386012
0.00266220	1.08639669	1.04444313	1.00323951	0.96225965	1.00848377	1.00534570	0.99684358	0.99015170
0.00286700	1.00699222	1.03630471	0.99106199	0.99073642	0.98486030	1.01935542	1.00186813	0.99889290
0.00307180	1.04669440	1.00344205	0.99480891	0.99354142	1.01162982	1.01071906	1.00544775	0.99425834
0.00327660	0.99255508	0.97390938	0.96858042	0.98765516	1.00385809	1.01336682	1.00286162	0.99802464
0.00368620	0.99154335	1.05757058	1.00459659	0.97542202	1.00160289	1.00599039	0.99995536	1.00846004
0.00409580	0.95015407	0.95154166	1.00693500	1.00265753	0.99629426	0.99158233	1.00191283	1.00233722
0.00450540	0.97354800	0.99504071	0.96829164	1.01698101	1.02058470	0.99705595	0.99491119	0.99896526
0.00491500	0.98434520	1.06844532	1.01413345	1.01108301	0.99098694	1.00320959	0.99594390	0.99716896
0.00532460	0.98109382	0.98008788	0.99243665	1.01965141	0.99799383	1.01080811	0.99716306	1.00112343
0.00573420	0.97209293	1.03582108	0.99290437	0.99324721	0.99419957	1.00434697	1.00377524	1.00345790
0.00614380	0.99404740	0.96619707	0.99196899	0.97709942	0.99182367	1.00842571	0.99831516	1.00775802
0.00655340	0.94148999	0.97570956	0.98261517	0.99872410	0.99432158	0.99954647	1.00702572	1.00568819
0.00737260	0.99526203	1.00220227	1.00935268	1.00896811	1.00487494	1.00322926	0.99758351	0.99975204
0.00819180	0.92816079	0.97258621	0.96366835	0.97403443	1.00422645	0.99946231	0.99880010	0.99813503
0.00901100	1.02160668	0.97773731	0.97981530	0.98539954	0.98161399	1.00159657	1.00028038	1.00104451
0.00983020	0.93471366	1.01180482	0.98613364	0.98918980	0.99405348	0.98952860	1.00193667	1.00173986
0.01064940	1.00105965	1.03633344	0.98267996	1.00237715	0.99674070	0.99777853	1.00107312	0.99744707
0.01146860	0.95747030	0.99923259	1.01169240	0.98343790	0.98626006	1.00060987	0.99509037	0.99678010
0.01228780	1.00250649	1.04963696	0.99783432	0.99325562	1.01229954	0.99490452	1.00166273	0.99843103
0.01310700	1.01331520	0.97879839	1.00386596	0.99704450	0.99089253	0.99579692	0.99710530	0.99771196
0.01474540	0.97509515	0.97450995	0.99622285	1.01204789	0.99983001	0.99475509	1.00010574	1.00229669
0.01638380	1.03651845	1.00896060	0.99153042	0.99306095	1.00431240	1.00078976	1.00068176	1.00180471
0.01802220	1.01529133	0.99978381	0.98801190	1.00349891	1.00906467	0.99738312	0.99944663	0.99917996
0.01966060	1.01167822	1.02430987	0.99848300	0.99179572	0.99255335	0.99778283	1.00007844	1.00073087
0.02129900	0.97124434	1.02299678	1.02020037	1.00714540	0.99911332	1.00495517	0.99968576	0.99979043
0.02293740	1.00483215	1.02606475	0.99860001	0.98688185	0.99873531	0.99780422	1.00229311	1.00088584
0.02457580	1.00086951	1.02234089	1.01411378	1.01359761	0.99473953	0.99519658	0.99681574	0.99796128
0.02621420	1.01439476	0.98527032	1.00411189	1.01570332	0.98500705	1.00004148	1.00040233	0.99933696
0.02949100	0.99903220	0.99596578	0.98322380	1.00104702	0.99507886	1.00001311	1.00050163	1.00085735
0.03276780	1.00802708	0.99020129	0.99868828	1.00255322	1.00184309	1.00280976	0.99924392	1.00150132
0.03604460	1.01912856	0.99722755	0.99903977	1.00118709	1.00519168	0.99234146	0.99851149	1.00260115
0.03932140	0.98927259	0.99082023	1.00759840	1.01176572	1.00115299	0.99951679	0.99991190	0.99943519
0.04259820	1.00261116	1.00383329	0.98831445	0.99852419	0.99606085	1.00028348	0.99858212	1.00078499
0.04587500	0.98651046	0.99293506	0.99465036	1.00143242	0.99377859	1.00022805	1.00159836	0.99880624
0.04915180	0.97261113	1.00213051	0.99454492	1.00143230	0.99761194	1.00351572	1.00045609	0.99784374
0.05242860	1.01718855	0.99184918	1.01821923	1.00650775	0.99834275	0.99501389	0.99988902	0.99995142
0.05898220	1.00211501	0.97846079	1.00219297	0.99644232	0.99807924	1.00013494	1.00143123	0.99947882
0.06553581	1.00075912	1.01135528	0.99260342	1.00267458	1.00390422	1.00033092	0.99926484	1.00024581
0.07208940	0.99397969	1.00471616	1.00365448	0.99775600	1.00209272	0.99957299	1.00017476	1.00143981
0.07864300	1.01102734	1.01285851	1.00596583	0.99803650	1.00605619	0.99953210	1.00027561	1.00108790
0.08519660	0.99372274	0.97896522	0.99486274	0.99586964	1.00099814	1.00101578	1.00018680	1.00063157
0.09175020	1.00360107	0.99947196	0.99405217	1.01099634	0.99795151	1.00138605	0.99928278	1.00067723
0.09830380	0.97974288	1.00420547	0.99794799	1.00206161	0.99701059	0.99923676	1.00053012	0.99916816
0.10485740	0.97965592	0.99797386	1.00484455	1.00917900	0.99525887	1.00386059	1.00023448	1.00092316
0.11796460	0.99327415	0.99805874	0.99794221	0.99885428	1.00132585	1.00033379	0.99974233	1.00026047
0.13107181	0.99365139	1.00138211	0.99645293	1.00130403	1.00002742	0.99920571	1.00080562	1.00020170
0.14417900	1.00663352	1.01243377	0.99265093	1.00438714	1.00440490	0.99820536	0.99922597	1.00025809
0.15728620	0.99712700	0.99705803	0.99858481	0.99628019	1.00638509	1.00036991	0.99966061	0.99987715
0.17039341	1.00271749	1.00437951	0.99454594	0.99963808	0.99740809	1.00118148	0.99894750	0.99981993
0.18350060	1.00130057	1.01005232	1.00171518	1.00240362	1.00410497	1.00206983	0.99979794	1.00064862
0.19660780	1.00607109	0.99901438	1.00130594	1.00220430	1.00074708	1.00188482	1.00156558	1.00014830
0.20971501	0.99794239	0.99436796	0.99882895	1.00057602	1.00431788	1.00127375	1.00043142	0.99936461
0.23592941	0.99610656	0.99550986	1.00104952	1.00191915	1.00042975	1.00032675	0.99926758	0.99965191
0.26214382	0.99956214	0.99818414	0.99640381	0.99953878	1.00082469	0.99876654	0.99996430	1.00016212
0.28835821	0.99945861	0.99923974	1.00039053	1.00208616	1.00116038	1.00036025	1.00009227	0.99949121
0.31457260	0.99954277	1.00203085	1.00673175	1.00003016	0.99657547	1.00121713	0.99919367	1.00009286
0.34078699	1.00525510	0.99979699	1.00042522	0.99899703	1.00218070	1.00019491	1.00065577	1.00057232
0.36700141	0.99995172	0.99494016	0.99826729	1.00125504	1.00628543	1.00008571	0.99956769	1.00024033
0.39321581	0.99688679	0.99614877	0.99881321	1.00316417	0.99645007	1.00020564	1.00006342	1.00036395
0.41943020	1.00720143	0.99979013	1.00197089	0.99704850	1.00415874	0.99925947	1.00062191	0.99940264
0.47185901	1.00124681	0.99502718	0.99819994	1.00037193	0.99784750	0.99984813	0.99974006	1.00031173
0.52428782	1.00601888	0.99681574	0.99944174	0.99916464	1.00250280	0.99926859	1.00025320	1.00013244
0.57671660	0.99697536	0.99330461	0.99875003	0.99961233	1.00210333	0.99934065	0.99999213	0.99960423
0.62914538	0.99677354	1.00139451	1.00079322	0.99961174	0.99900943	0.99910116	1.00041151	1.00000191
0.68157423	0.99781805	1.00232649	0.99928510	1.00192511	1.00110090	0.99951774	0.99963802	1.00025880
0.73400301	1.00610960	1.00222874	1.00080609	0.99959177	1.00127804	1.00074983	0.99994469	0.99989039
0.78643179	0.99891025	1.00523329	0.99926043	1.00160909	1.00015891	0.99882728	1.00015092	1.00013137
0.83886063	0.99492502	0.99805665	0.99756372	0.99732465	0.99968696	1.00021887	1.00001299	1.00073457
0.94371825	1.00337684	1.00186145	1.00182199	1.00085998	0.99973953	0.99951857	1.00016439	0.99977052
1.04857588	1.00051486	1.00127053	0.99899793	1.00104904	0.99950242	0.99988508	1.00003839	0.99942213
1.15343344	0.99910212	0.99724656	0.99962860	1.00086629	1.00063419	1.00039971	0.99965352	1.00014365
1.25829101	0.99967337	0.99863064	1.00056028	1.00156450	1.00021088	0.99948066	0.99997574	1.00000477
1.36314869	1.00052047	1.00026667	1.00217593	1.00054419	0.99785036	1.00018990	0.99996090	0.99965733
1.46800625	0.99863476	1.00089812	1.00087023	0.99817342	0.99903673	0.99978048	0.99969757	0.99964017
1.57286382	0.99911267	1.00001121	0.99726075	0.99834538	0.99816519	0.99985939	1.00011063	1.00015759
1.67772150	1.00390637	1.00080991	0.99912727	0.99755114	0.99960959	0.99942046	0.99977696	1.00042546
1.88743675	0.99969298	0.99957961	0.99962139	0.99974936	0.99931955	1.00014174	0.99978906	0.99979752
2.09715199	1.00066662	0.99888134	1.00016952	1.00022733	0.99892110	1.00011957	0.99995440	0.99962956
2.30686712	0.99780941	1.00063002	0.99983770	1.00004411	0.99972248	1.00024760	0.99993873	1.00003397
2.51658225	1.00168765	1.00000823	0.99883527	0.99875963	0.99997675	1.00002372	0.99988836	1.00031924
2.72629738	0.99908471	0.99600154	1.00098693	0.99740267	1.00065172	0.99984652	0.99987096	0.99972302
2.93601274	1.00164759	1.00122213	0.99953353	0.99909532	1.00095785	1.00037658	1.00002480	0.99994278
3.14572787	0.99785459	1.00287628	1.00125003	1.00088179	1.00098455	1.00015450	0.99987668	1.00038731
3.35544300	1.00216401	0.99770892	0.99957746	1.00143242	1.00080633	1.00066268	0.99983758	1.00023258
3.77487350	1.00020993	0.99715030	1.00087464	1.00046885	0.99991626	1.00015402	1.00000715	0.99998116
4.19430399	0.99688876	0.99893826	0.99981201	1.00000453	0.99951249	0.99970311	0.99998456	0.99987960
4.61373425	1.00025952	1.00426769	1.00005770	1.00002384	1.00037932	0.99988145	1.00001955	1.00005722
5.03316450	1.00000000	1.00000000	1.00000000	1.00000000	1.00000000	1.00000000	1.00000000	1.00000000
5.45259476	0.00000000	0.00000000	0.00000000	0.00000000	0.00000000	0.00000000	0.00000000	0.00000000
5.87202549	0.00000000	0.00000000	0.00000000	0.00000000	0.00000000	0.00000000	0.00000000	0.00000000
6.29145575	0.00000000	0.00000000	0.00000000	0.00000000	0.00000000	0.00000000	0.00000000	0.00000000
6.71088600	0.00000000	0.00000000	0.00000000	0.00000000	0.00000000	0.00000000	0.00000000	0.00000000
7.54974699	0.00000000	0.00000000	0.00000000	0.00000000	0.00000000	0.00000000	0.00000000	0.00000000
8.38860798	0.00000000	0.00000000	0.00000000	0.00000000	0.00000000	0.00000000	0.00000000	0.00000000
9.22746849	0.00000000	0.00000000	0.00000000	0.00000000	0.00000000	0.00000000	0.00000000	0.00000000
10.06632900	0.00000000	0.00000000	0.00000000	0.00000000	0.00000000	0.00000000	0.00000000	0.00000000
10.90518951	0.00000000	0.00000000	0.00000000	0.00000000	0.00000000	0.00000000	0.00000000	0.00000000
11.74405098	0.00000000	0.00000000	0.00000000	0.00000000	0.00000000	0.00000000	0.00000000	0.00000000
12.58291149	0.00000000	0.00000000	0.00000000	0.00000000	0.00000000	0.00000000	0.00000000	0.00000000
13.42177200	0.00000000	0.00000000	0.00000000	0.00000000	0.00000000	0.00000000	0.00000000	0.00000000
15.09949398	0.00000000	0.00000000	0.00000000	0.00000000	0.00000000	0.00000000	0.00000000	0.00000000
16.77721596	0.00000000	0.00000000	0.00000000	0.00000000	0.00000000	0.00000000	0.00000000	0.00000000
18.45493698	0.00000000	0.00000000	0.00000000	0.00000000	0.00000000	0.00000000	0.00000000	0.00000000
20.13265800	0.00000000	0.00000000	0.00000000	0.00000000	0.00000000	0.00000000	0.00000000	0.00000000
21.81037903	0.00000000	0.00000000	0.00000000	0.00000000	0.00000000	0.00000000	0.00000000	0.00000000
23.48810196	0.00000000	0.00000000	0.00000000	0.00000000	0.00000000	0.00000000	0.00000000	0.00000000
25.16582298	0.00000000	0.00000000	0.00000000	0.00000000	0.00000000	0.00000000	0.00000000	0.00000000
26.84354401	0.00000000	0.00000000	0.00000000	0.00000000	0.00000000	0.00000000	0.00000000	0.00000000
30.19898796	0.00000000	0.00000000	0.00000000	0.00000000	0.00000000	0.00000000	0.00000000	0.00000000
33.55443192	0.00000000	0.00000000	0.00000000	0.00000000	0.00000000	0.00000000	0.00000000	0.00000000
36.90987396	0.00000000	0.00000000	0.00000000	0.00000000	0.00000000	0.00000000	0.00000000	0.00000000
40.26531601	0.00000000	0.00000000	0.00000000	0.00000000	0.00000000	0.00000000	0.00000000	0.00000000
43.62075806	0.00000000	0.00000000	0.00000000	0.00000000	0.00000000	0.00000000	0.00000000	0.00000000
46.97620392	0.00000000	0.00000000	0.00000000	0.00000000	0.00000000	0.00000000	0.00000000	0.00000000
50.33164597	0.00000000	0.00000000	0.00000000	0.00000000	0.00000000	0.00000000	0.00000000	0.00000000
53.68708801	0.00000000	0.00000000	0.00000000	0.00000000	0.00000000	0.00000000	0.00000000	0.00000000
60.39797592	0.00000000	0.00000000	0.00000000	0.00000000	0.00000000	0.00000000	0.00000000	0.00000000
67.10886383	0.00000000	0.00000000	0.00000000	0.00000000	0.00000000	0.00000000	0.00000000	0.00000000
73.81974792	0.00000000	0.00000000	0.00000000	0.00000000	0.00000000	0.00000000	0.00000000	0.00000000
80.53063202	0.00000000	0.00000000	0.00000000	0.00000000	0.00000000	0.00000000	0.00000000	0.00000000
87.24151611	0.00000000	0.00000000	0.00000000	0.00000000	0.00000000	0.00000000	0.00000000	0.00000000
93.95240784	0.00000000	0.00000000	0.00000000	0.00000000	0.00000000	0.00000000	0.00000000	0.00000000
100.66329193	0.00000000	0.00000000	0.00000000	0.00000000	0.00000000	0.00000000	0.00000000	0.00000000
107.37417603	0.00000000	0.00000000	0.00000000	0.00000000	0.00000000	0.00000000	0.00000000	0.00000000
120.79595184	0.00000000	0.00000000	0.00000000	0.00000000	0.00000000	0.00000000	0.00000000	0.00000000
134.21772766	0.00000000	0.00000000	0.00000000	0.00000000	0.00000000	0.00000000	0.00000000	0.00000000
147.63949585	0.00000000	0.00000000	0.00000000	0.00000000	0.00000000	0.00000000	0.00000000	0.00000000
161.06126404	0.00000000	0.00000000	0.00000000	0.00000000	0.00000000	0.00000000	0.00000000	0.00000000
174.48303223	0.00000000	0.00000000	0.00000000	0.00000000	0.00000000	0.00000000	0.00000000	0.00000000
187.90481567	0.00000000	0.00000000	0.00000000	0.00000000	0.00000000	0.00000000	0.00000000	0.00000000
201.32658386	0.00000000	0.00000000	0.00000000	0.00000000	0.00000000	0.00000000	0.00000000	0.00000000
214.74835205	0.00000000	0.00000000	0.00000000	0.00000000	0.00000000	0.00000000	0.00000000	0.00000000
241.59190369	0.00000000	0.00000000	0.00000000	0.00000000	0.00000000	0.00000000	0.00000000	0.00000000
268.43545532	0.00000000	0.00000000	0.00000000	0.00000000	0.00000000	0.00000000	0.00000000	0.00000000
295.27899170	0.00000000	0.00000000	0.00000000	0.00000000	0.00000000	0.00000000	0.00000000	0.00000000
322.12252808	0.00000000	0.00000000	0.00000000	0.00000000	0.00000000	0.00000000	0.00000000	0.00000000
348.96606445	0.00000000	0.00000000	0.00000000	0.00000000	0.00000000	0.00000000	0.00000000	0.00000000
375.80963135	0.00000000	0.00000000	0.00000000	0.00000000	0.00000000	0.00000000	0.00000000	0.00000000
402.65316772	0.00000000	0.00000000	0.00000000	0.00000000	0.00000000	0.00000000	0.00000000	0.00000000
429.49670410	0.00000000	0.00000000	0.00000000	0.00000000	0.00000000	0.00000000	0.00000000	0.00000000
483.18380737	0.00000000	0.00000000	0.00000000	0.00000000	0.00000000	0.00000000	0.00000000	0.00000000
536.87091064	0.00000000	0.00000000	0.00000000	0.00000000	0.00000000	0.00000000	0.00000000	0.00000000
590.55798340	0.00000000	0.00000000	0.00000000	0.00000000	0.00000000	0.00000000	0.00000000	0.00000000
644.24505615	0.00000000	0.00000000	0.00000000	0.00000000	0.00000000	0.00000000	0.00000000	0.00000000
697.93212891	0.00000000	0.00000000	0.00000000	0.00000000	0.00000000	0.00000000	0.00000000	0.00000000
751.61926270	0.00000000	0.00000000	0.00000000	0.00000000	0.00000000	0.00000000	0.00000000	0.00000000
805.30633545	0.00000000	0.00000000	0.00000000	0.00000000	0.00000000	0.00000000	0.00000000	0.00000000
858.99340820	0.00000000	0.00000000	0.00000000	0.00000000	0.00000000	0.00000000	0.00000000	0.00000000
966.36761475	0.00000000	0.00000000	0.00000000	0.00000000	0.00000000	0.00000000	0.00000000	0.00000000
1073.74182129	0.00000000	0.00000000	0.00000000	0.00000000	0.00000000	0.00000000	0.00000000	0.00000000
1181.11596680	0.00000000	0.00000000	0.00000000	0.00000000	0.00000000	0.00000000	0.00000000	0.00000000
1288.49011230	0.00000000	0.00000000	0.00000000	0.00000000	0.00000000	0.00000000	0.00000000	0.00000000
1395.86425781	0.00000000	0.00000000	0.00000000	0.00000000	0.00000000	0.00000000	0.00000000	0.00000000
1503.23852539	0.00000000	0.00000000	0.00000000	0.00000000	0.00000000	0.00000000	0.00000000	0.00000000
1610.61267090	0.00000000	0.00000000	0.00000000	0.00000000	0.00000000	0.00000000	0.00000000	0.00000000
1717.98681641	0.00000000	0.00000000	0.00000000	0.00000000	0.00000000	0.00000000	0.00000000	0.00000000
1932.73522949	0.00000000	0.00000000	0.00000000	0.00000000	0.00000000	0.00000000	0.00000000	0.00000000
2147.48364258	0.00000000	0.00000000	0.00000000	0.00000000	0.00000000	0.00000000	0.00000000	0.00000000
2362.23193359	0.00000000	0.00000000	0.00000000	0.00000000	0.00000000	0.00000000	0.00000000	0.00000000
2576.98022461	0.00000000	0.00000000	0.00000000	0.00000000	0.00000000	0.00000000	0.00000000	0.00000000
2791.72851562	0.00000000	0.00000000	0.00000000	0.00000000	0.00000000	0.00000000	0.00000000	0.00000000
3006.47705078	0.00000000	0.00000000	0.00000000	0.00000000	0.00000000	0.00000000	0.00000000	0.00000000
3221.22534180	0.00000000	0.00000000	0.00000000	0.00000000	0.00000000	0.00000000	0.00000000	0.00000000
3435.97363281	0.00000000	0.00000000	0.00000000	0.00000000	0.00000000	0.00000000	0.00000000	0.00000000
0	0	0	0	0	0	0	0	0
