%5/21/2015 6:31:01 PM
%Duration	ID1		ID2		ID3		ID4		ID5		ID6		ID7		ID8
3000.000000	2.489090	2.870560	4.577637	8.430481	6.370544	15.773773	45.814514	40.864944
%Tau		Tau1		Tau2		Tau3		Tau4		Tau5		Tau6		Tau7		Tau8
%		0.000002	0.000001	0.000001	0.000008	0.000001	0.000029	0.000045	0.000035
%Delaytime	D1		D2		D3		D4		D5		D6		D7		D8
0.00000000	10.48528004	30.38594055	15.66809940	9.26308537	10.60710430	2.51666546	2.41607380	2.81851053
0.00000020	3.86299777	2.26760745	2.89519238	1.88315463	3.24707270	1.45618379	1.51719034	1.70078552
0.00000040	0.55185682	2.26760745	1.19213796	1.62867427	1.19059324	1.36121523	1.43059278	1.48415434
0.00000060	2.75928426	4.98873663	1.87335968	1.11971354	1.29882908	1.74108934	1.51026261	1.41271210
0.00000080	2.20742726	0.90704304	1.02183259	1.11971354	1.62353635	1.74108934	1.43925250	1.46110845
0.00000100	1.10371363	1.36056447	2.55458140	0.96702534	1.40706480	1.39287150	1.49640691	1.47493601
0.00000120	1.10371363	1.36056447	1.36244345	0.61075288	1.29882908	1.53532422	1.41673720	1.38736165
0.00000140	1.65557051	3.17465067	1.36244345	1.42508996	0.75765026	1.31373107	1.55009747	1.51180935
0.00000160	2.20742726	0.90704304	1.19213796	1.52688217	1.73177207	1.44035566	1.54490161	1.54868281
0.00000180	0.55185682	0.90704304	1.36244345	1.22150576	1.19059324	1.29790294	1.42539692	1.50028646
0.00000200	1.10371363	0.00000000	1.02183259	1.47598612	2.16471505	1.32955909	1.39768565	1.35279286
0.00000220	0.55185682	0.90704304	1.19213796	1.47598612	1.51530051	1.39287150	1.42712891	1.31822407
0.00000240	1.10371363	0.00000000	2.04366517	1.67957032	1.29882908	1.48783994	1.41846907	1.40810299
0.00000260	1.65557051	1.36056447	0.68122172	1.57777822	1.19059324	1.78857362	1.32321167	1.43575799
0.00000280	1.10371363	0.45352152	0.68122172	1.52688217	1.51530051	1.45618379	1.43405664	1.41732132
0.00000300	2.75928426	1.81408608	0.34061086	1.57777822	1.40706480	1.32955909	1.36477852	1.39888465
0.00000340	0.82778525	0.68028224	1.36244345	1.37419391	0.92000389	1.55115235	1.42366493	1.49913418
0.00000380	0.55185682	1.13380373	1.70305431	0.96702534	1.08235753	1.40869951	1.38296402	1.43230116
0.00000420	1.37964213	0.90704304	0.76637441	1.50143409	1.78588998	1.56698036	1.43319070	1.42423511
0.00000460	1.37964213	1.36056447	1.19213796	1.24695373	1.19059324	1.31373107	1.47475755	1.45765162
0.00000500	1.65557051	0.90704304	1.44759619	1.32329786	1.08235753	1.21084845	1.46176791	1.48415434
0.00000540	1.37964213	1.13380373	0.85152715	1.55233014	1.13647544	1.53532422	1.39422178	1.43460572
0.00000580	1.10371363	1.13380373	0.93667984	1.14516163	1.35294688	1.44035566	1.44185042	1.45880389
0.00000620	1.10371363	1.36056447	1.44759619	1.62867427	1.24471116	1.51158214	1.39335573	1.41271210
0.00000700	2.06946325	1.58732533	1.10698533	1.37419391	1.67765415	1.45222676	1.45397413	1.45131397
0.00000780	1.79353476	0.90704304	1.44759619	1.27240181	1.10941648	1.40078545	1.46349990	1.42942035
0.00000860	1.93149889	1.36056447	1.78820705	1.17060959	1.43412375	1.46409786	1.44228339	1.47551215
0.00000940	1.10371363	0.90704304	1.27729070	1.34874594	1.27177012	1.44035566	1.45873702	1.41962588
0.00001020	1.79353476	0.56690186	1.02183259	1.41236603	1.19059324	1.52345312	1.40980935	1.40810299
0.00001100	1.10371363	1.92746639	1.78820705	1.20878172	1.10941648	1.33747315	1.37387133	1.39888465
0.00001180	1.65557051	0.90704304	1.40501976	1.11971354	1.10941648	1.50366807	1.40028358	1.45880389
0.00001260	1.51760626	1.24718416	1.27729070	1.69229436	1.27177012	1.38495743	1.39725268	1.38563323
0.00001420	1.37964213	0.96373320	1.23471439	1.38691795	1.29882908	1.40474248	1.39119089	1.40579832
0.00001580	1.03473163	0.79366267	1.04312074	1.31057382	1.46118271	1.26031125	1.38123214	1.34904790
0.00001740	1.24167788	1.19049394	1.21342623	1.31057382	1.32588804	1.31768811	1.36910844	1.35480940
0.00001900	1.31066000	0.85035282	0.97925621	1.36783195	1.21765220	1.35132277	1.33360338	1.37094152
0.00002060	1.44862425	0.96373320	1.04312074	1.28512585	1.17706382	1.33945167	1.32126331	1.36028278
0.00002220	1.86251688	1.36056447	1.19213796	1.20241964	1.32588804	1.36517227	1.34529412	1.30785334
0.00002380	1.51760626	1.30387437	1.17084980	1.22786772	1.10941648	1.23656917	1.31866539	1.30122769
0.00002540	1.24167788	1.58732533	1.17084980	1.33602190	1.09588706	1.38100040	1.29939735	1.25686443
0.00002860	1.13260782	0.62701625	1.34156394	1.25571239	1.17700708	1.30900347	1.27648544	1.27082348
0.00003180	1.13260782	1.45353770	1.21379590	1.22074318	1.21102464	1.32592595	1.24382734	1.26619852
0.00003500	0.92667907	1.08289313	1.01149666	1.27478647	1.14979303	1.28610826	1.25044572	1.23960567
0.00003820	1.26989353	1.33936787	1.12861729	1.20802712	1.17020357	1.25527894	1.22820354	1.20506382
0.00004140	0.89235765	1.48185372	1.08602798	1.20802712	1.13618600	1.31799304	1.21127784	1.20737624
0.00004460	1.02964342	1.31087065	1.19250131	1.19531107	1.21102464	1.18858290	1.19836652	1.15809262
0.00004780	1.20125067	0.82641846	1.12861729	1.09040344	1.21102464	1.16668272	1.18621469	1.17312336
0.00005100	0.96100050	0.79792124	1.00084925	1.13173068	1.09536493	1.16867363	1.16852939	1.16805458
0.00005740	0.90926963	1.09618533	1.00624955	0.99422950	1.26036203	1.17136419	1.14690685	1.14859736
0.00006380	0.92642570	1.05347681	1.05949032	0.99582022	1.10069346	1.14057803	1.12498522	1.11434960
0.00007020	0.99504977	1.08194911	1.04351807	0.94173414	1.17543197	1.10383320	1.11522210	1.09549177
0.00007660	1.04651785	1.03924060	1.10208285	1.07694936	1.06332433	1.11724007	1.08343768	1.07858467
0.00008300	1.14945412	0.98229587	1.07546258	1.08013093	1.05992711	1.07056427	1.07503045	1.08501518
0.00008940	1.02936184	1.05347681	1.01157367	1.04036176	1.05992711	1.07205391	1.06006038	1.05596030
0.00009580	0.84064549	0.98229587	1.07013845	1.02604485	1.00557184	1.06512702	1.06331468	1.06000638
0.00010220	0.92642570	0.95382357	1.06481433	0.99422950	1.02255785	1.06810641	1.04720557	1.04374969
0.00011500	0.91935563	1.03717244	1.05747545	1.07138169	1.02954018	1.02859974	1.03478575	1.03063023
0.00012780	0.97950035	1.04427636	0.94322562	1.04911089	1.08730316	1.03505170	1.02786887	1.01316500
0.00014060	1.01386881	1.08689988	0.94853956	1.02684021	0.97857285	1.01445496	1.02504790	1.01847851
0.00015340	1.06542146	0.90930188	1.00433600	0.97911721	0.94629353	1.02438104	1.01962292	1.01251543
0.00016620	0.98809248	1.03717244	1.07873130	0.99900180	1.03123915	1.00604105	1.01023769	1.00899732
0.00017900	0.88486606	1.10110772	0.98042327	0.99184334	0.97007829	1.01696014	1.00852883	1.00795972
0.00019180	1.10823035	1.00165284	0.94853956	0.98305315	1.12467921	1.01944172	1.01270616	1.00091434
0.00020460	0.93641168	0.93061364	1.04419065	1.04986262	1.00405657	1.01770461	0.99998456	0.99897462
0.00023020	1.03303134	1.03665638	0.98272377	1.01872718	1.02428436	0.99924809	1.00602913	1.00976229
0.00025580	0.94264108	1.03310621	1.04655421	0.99883014	1.00127637	1.00420904	1.00283146	1.00288677
0.00028140	0.95124972	0.95500195	0.98937279	0.98888165	1.07711768	0.97642797	1.00219464	1.00226426
0.00030700	1.03303134	0.91949999	1.06517148	1.01633954	1.02002370	1.00879788	0.99693745	1.00275159
0.00033260	1.11911726	0.94080114	1.04921389	1.02986944	0.99360698	1.01115429	0.99602556	1.00119066
0.00035820	1.03303134	0.95500195	1.01197946	0.98092282	0.98764193	1.00569725	1.00149965	0.99971980
0.00038380	0.94264108	1.05085719	0.99735159	1.00400341	0.99531132	1.00396097	0.99861944	1.00475466
0.00040940	0.91681534	1.09345949	0.93219125	1.01037037	1.04899681	0.99242687	0.99764383	1.00343728
0.00046060	0.92289245	0.99318892	0.95870632	1.01544178	1.03075969	0.99424309	1.00203371	1.00185287
0.00051180	1.00880492	0.99673605	0.97201246	0.98100984	1.00644016	1.00199127	0.99747616	1.00475585
0.00056300	0.96565324	1.08718717	0.96794689	0.99673307	1.00814247	1.00856173	0.99678797	1.00210524
0.00061420	1.03877616	0.92579401	0.96794689	0.97085941	1.01622796	0.98229629	1.00381851	1.00082505
0.00066540	1.04537141	0.98089606	0.99854863	0.98439336	1.00516355	0.99367791	1.00477910	0.99401820
0.00071660	0.98729515	1.14408314	1.02781987	0.99529845	1.02814353	0.99605632	1.00000310	0.99604672
0.00076780	1.04106939	0.98799115	1.04578173	1.01838470	0.98260909	0.99186462	0.99726331	1.00143802
0.00081900	1.01525784	1.06603718	0.98391300	0.99549747	1.03495252	0.98784256	1.00105619	0.99957228
0.00092140	0.98891228	1.03183353	0.97345692	1.02107227	1.01281071	1.00039494	0.99866027	1.00303292
0.00102380	1.00383985	1.00166810	0.98677826	1.00062084	0.98820972	0.99921757	0.99829835	1.00046992
0.00112620	1.00692964	1.00445473	0.94614816	1.00111830	0.98939323	0.99711835	0.99649298	0.99938405
0.00122860	1.06932485	0.96097565	0.99636030	1.02967048	1.02362752	0.99759090	1.00045538	1.00149262
0.00133100	1.03260696	1.05946898	0.98104191	0.99761993	1.02702975	0.99607271	1.00173211	1.00042486
0.00143340	0.99818677	1.00812936	1.00168836	1.00651681	0.96961814	1.01379550	1.00156701	0.99815387
0.00153580	1.00571620	1.04020655	1.02448916	1.01053882	0.99130696	1.00884569	0.99864376	0.99623019
0.00163820	0.97237158	1.03133106	0.97952616	1.01750386	1.00209033	0.99713397	1.00018179	0.99719441
0.00184300	0.97504485	1.00759709	1.02296913	1.00405312	0.98668766	0.99909401	1.00051939	1.00048053
0.00204780	1.01870358	0.98062766	1.00971961	0.99369830	1.00197136	1.00207353	1.00115514	0.99993980
0.00225260	0.96695989	0.99136174	0.99398416	0.99679071	0.98436874	0.99900115	0.99792010	0.99831587
0.00245740	0.99242347	1.03703475	1.01171875	1.00529671	0.98570114	1.00126088	0.99978203	1.00030148
0.00266220	0.99565613	1.03589296	0.99849617	0.98951977	0.99545741	0.99525553	0.99758613	1.00069666
0.00286700	1.03067648	0.99212283	0.98433900	1.01254392	0.99906301	1.00318038	0.99614358	0.99839151
0.00307180	0.99296224	0.99288380	1.01448548	1.00394571	1.01630437	0.99786329	1.00015163	1.00029767
0.00327660	0.98380309	1.00936568	0.99333298	1.00228810	1.00298667	1.00472093	0.99911594	1.00322378
0.00368620	1.00294077	0.99244171	1.00713229	0.99915737	0.99882668	1.00719523	0.99996012	1.00059354
0.00409580	0.98730767	1.01542926	0.99856061	1.00884712	1.01264870	0.99951184	1.00179374	1.00166619
0.00450540	1.00374937	1.00857723	0.99748594	0.99508280	0.99826592	1.00071895	1.00200939	1.00027335
0.00491500	0.99000305	0.99617290	1.00630665	1.00537789	1.01039791	0.99169606	0.99791211	1.00128198
0.00532460	1.00118625	0.99064845	0.99048823	0.99311978	1.00146043	1.00189567	1.00131726	0.99785882
0.00573420	1.03649044	1.02379525	1.00229859	0.99408877	0.99135494	1.00322676	1.00084674	0.99715281
0.00614380	0.99903023	0.99528903	1.01027596	1.01387072	0.99828905	0.99278611	1.00136387	1.00086415
0.00655340	1.00576770	0.99153239	0.99513376	1.00185931	0.99262673	1.00742185	1.00078988	1.00233674
0.00737260	0.99751234	0.99643368	0.99769551	1.00309801	1.00466442	1.00312018	0.99978644	1.00089765
0.00819180	0.98259020	0.98955595	0.99564302	1.01008248	0.99438417	0.99321109	0.99970299	0.99887049
0.00901100	0.99281007	0.99288386	0.99946266	1.00068879	1.00590253	0.99998760	1.00018203	1.00043464
0.00983020	0.99092871	0.99318975	0.99681491	0.99929851	1.00103211	0.99881542	0.99956638	0.99923235
0.01064940	0.97156060	1.02336991	1.01184034	1.00059831	1.00330043	1.01043773	0.99895829	1.00074863
0.01146860	1.00881970	0.98114640	0.99603707	0.99866605	0.99676281	1.00493598	0.99975491	1.00161171
0.01228780	1.00412095	1.00687587	1.00573730	1.00873888	1.00294352	0.99647105	0.99885613	0.99987626
0.01310700	1.00466239	1.01164150	1.00636780	1.00441062	1.00624287	0.99926424	0.99953079	1.00018728
0.01474540	0.99363726	0.99110514	1.00116122	0.99897403	0.99903435	1.00199485	1.00105488	1.00087011
0.01638380	0.99396795	0.99436867	1.00050247	1.00230169	0.99547946	1.00149250	1.00226665	0.99989223
0.01802220	0.99059671	1.00648224	1.00612819	0.99634898	0.99886096	1.00007200	1.00147343	1.00002253
0.01966060	0.98844469	1.00162852	1.00052345	0.99940711	0.99549007	1.00282073	1.00135458	1.00012767
0.02129900	0.99214780	1.00255501	1.00401819	0.99520266	1.00103664	1.00115108	1.00139141	1.00058317
0.02293740	0.99827635	1.00220931	1.00156355	1.00160110	0.99963808	0.99917722	1.00103092	0.99891645
0.02457580	0.98642963	0.98144680	1.00609207	1.00269067	1.00374448	1.00090384	1.00129020	1.00052440
0.02621420	0.99283308	1.00041223	1.00162590	1.00075841	0.99710286	0.99999529	0.99976969	1.00071967
0.02949100	0.99651462	0.98633629	0.99867380	1.00370884	0.99971479	1.00124621	0.99869794	1.00043893
0.03276780	0.99207908	1.00359190	0.99211377	1.00041056	1.00167537	1.00024819	1.00041664	1.00121987
0.03604460	0.98979598	0.99749601	1.00304091	1.00267434	1.00753546	1.00240529	1.00077438	1.00004256
0.03932140	0.98643064	1.00162864	0.99678802	1.00272810	0.99792993	1.00085235	0.99938375	1.00046885
0.04259820	1.00630987	0.99604547	1.00057495	0.99951112	0.99636811	1.00091398	1.00010991	1.00007844
0.04587500	0.99805743	0.99361318	1.00132763	0.99748313	1.00251603	1.00060630	1.00131416	1.00073028
0.04915180	1.00061107	1.00379860	1.00123394	0.99958873	0.99660945	1.00055504	1.00021088	1.00092459
0.05242860	0.99673367	0.99963808	0.99862176	0.99777931	1.00055039	0.99978352	1.00020015	0.99950594
0.05898220	1.01216483	0.99509799	1.00024223	1.00034189	1.00117874	0.99933195	1.00029111	1.00045395
0.06553581	1.00016809	0.99964786	1.00282919	1.00462389	0.99828339	1.00031805	1.00062382	0.99919349
0.07208940	0.99506968	1.00621510	1.00354552	1.00082207	1.00327122	0.99991584	1.00026774	1.00156486
0.07864300	1.00319004	0.99331433	1.00061715	1.00310850	1.00195336	1.00204313	0.99961507	1.00094008
0.08519660	0.99963951	1.00309598	0.99779952	0.99724072	1.00490212	1.00114596	1.00143683	0.99998552
0.09175020	1.00033128	1.00057054	1.00338840	1.00005257	1.00062823	1.00236857	0.99883753	1.00090599
0.09830380	1.00088882	1.00044787	1.00044048	1.00559509	1.00171852	0.99917632	0.99992037	1.00070989
0.10485740	0.99582464	0.99879593	1.00092733	0.99962711	1.00125682	1.00027227	1.00142145	0.99987429
0.11796460	1.00063169	0.99714631	1.00213408	1.00048053	0.99923599	0.99962276	1.00027716	1.00047004
0.13107181	1.00307107	0.99922395	1.00127912	1.00192046	1.00034535	0.99983585	1.00085700	0.99982440
0.14417900	0.99909431	0.99884367	0.99777782	0.99996179	1.00114465	0.99997765	0.99977016	1.00093734
0.15728620	0.99864256	1.00381577	0.99718028	1.00139320	1.00064838	1.00049412	0.99992269	1.00055718
0.17039341	0.99542791	1.00159812	1.00089788	1.00244069	1.00065923	1.00037241	0.99980783	1.00013387
0.18350060	0.99931622	1.00010252	1.00197709	1.00043833	0.99955434	1.00097442	1.00065529	1.00035989
0.19660780	1.00055134	1.00235200	0.99882805	1.00169492	1.00014126	1.00039113	0.99972177	1.00005317
0.20971501	1.00512421	1.00023127	0.99937278	1.00111496	1.00086010	1.00038254	1.00034761	1.00040686
0.23592941	0.99704981	1.00178921	1.00043964	1.00145137	0.99878162	1.00077891	0.99995703	1.00024474
0.26214382	0.99893129	0.99750173	1.00072563	1.00078690	1.00232315	1.00093532	0.99968976	1.00048470
0.28835821	1.00071132	0.99896193	0.99952829	1.00008178	1.00055218	1.00132704	0.99984950	1.00014317
0.31457260	0.99919307	1.00122190	0.99816209	1.00146747	1.00072575	1.00170612	1.00002718	1.00008905
0.34078699	1.00021255	0.99997789	0.99924833	1.00054705	1.00108588	1.00117028	1.00014150	1.00052571
0.36700141	1.00023544	0.99966043	0.99935412	1.00123978	1.00134575	1.00051510	0.99990344	1.00046861
0.39321581	0.99676126	1.00361419	0.99981916	1.00043797	1.00084722	1.00008500	1.00024211	1.00017655
0.41943020	1.00044358	0.99903470	0.99811888	0.99961841	1.00084496	0.99991804	1.00029862	1.00027645
0.47185901	0.99829501	0.99760932	0.99937481	1.00051439	0.99984837	1.00110018	1.00019729	1.00029266
0.52428782	1.00077963	1.00018620	1.00105548	0.99940270	1.00125527	1.00005341	1.00018001	1.00014901
0.57671660	1.00077534	1.00145781	1.00054061	1.00089312	0.99970371	1.00037408	1.00048006	1.00020945
0.62914538	1.00230730	0.99912310	1.00164199	0.99986362	1.00120378	1.00037622	1.00005865	1.00016057
0.68157423	0.99934870	0.99906170	0.99828893	1.00010681	1.00017273	1.00002527	1.00027692	1.00005102
0.73400301	1.00035095	0.99993312	0.99895424	1.00079334	0.99959219	1.00041199	1.00020707	1.00043035
0.78643179	0.99999589	0.99980503	0.99999315	0.99984282	0.99969429	1.00011241	1.00023210	1.00022256
0.83886063	1.00070345	0.99957287	1.00021100	0.99950886	0.99932349	0.99995542	1.00005913	1.00037074
0.94371825	1.00116050	1.00042617	0.99870539	0.99992555	1.00040746	0.99984920	1.00028944	1.00027335
1.04857588	0.99971938	0.99868232	1.00068355	0.99969798	1.00079036	1.00037062	0.99996287	1.00012231
1.15343344	1.00097501	1.00111687	1.00168526	0.99905986	0.99930423	0.99971074	0.99992508	1.00035715
1.25829101	0.99955416	0.99941230	0.99895877	0.99937606	0.99912977	0.99920195	1.00010324	1.00029385
1.36314869	0.99976730	0.99981332	0.99931455	0.99946725	0.99971968	0.99972111	1.00001919	1.00004494
1.46800625	0.99902785	1.00010133	0.99773103	0.99928218	0.99927342	0.99971366	0.99999046	1.00014639
1.57286382	0.99974924	1.00081742	0.99900913	0.99883193	0.99972892	0.99922031	1.00002241	1.00012004
1.67772150	0.99958456	0.99887842	1.00040865	0.99898010	0.99862915	0.99866021	1.00034785	1.00011277
1.88743675	0.99949574	1.00000823	1.00022936	0.99875486	0.99945897	0.99942100	1.00005209	1.00004733
2.09715199	0.99846882	0.99920917	1.00010908	0.99981683	0.99936205	0.99965364	0.99983811	1.00011599
2.30686712	0.99828100	0.99971032	0.99965250	0.99919522	0.99945021	0.99965203	0.99985367	1.00014210
2.51658225	0.99962020	1.00008118	0.99937153	0.99948627	0.99872965	0.99949110	1.00018048	1.00008011
2.72629738	1.00053656	0.99943554	1.00112951	1.00026476	0.99889362	0.99956077	0.99993616	1.00015056
2.93601274	0.99916685	0.99953395	1.00072682	0.99965924	1.00000834	0.99970335	0.99967247	1.00006294
3.14572787	0.99884963	1.00022960	0.99943411	1.00069618	1.00028968	1.00003016	1.00024092	1.00020564
3.35544300	0.99931604	1.00098968	0.99974602	1.00094521	1.00039124	0.99988568	1.00007093	1.00014377
3.77487350	0.99988121	1.00033045	1.00025463	1.00140595	1.00012827	0.99992740	0.99992740	1.00008380
4.19430399	0.99992388	1.00049865	0.99989653	1.00146842	1.00047064	1.00011230	1.00015807	1.00016820
4.61373425	0.99984652	1.00009787	1.00058854	0.99961489	0.99922037	0.99993026	0.99985242	0.99990535
5.03316450	1.00000000	1.00000000	1.00000000	1.00000000	1.00000000	1.00000000	1.00000000	1.00000000
5.45259476	0.00000000	0.00000000	0.00000000	0.00000000	0.00000000	0.00000000	0.00000000	0.00000000
5.87202549	0.00000000	0.00000000	0.00000000	0.00000000	0.00000000	0.00000000	0.00000000	0.00000000
6.29145575	0.00000000	0.00000000	0.00000000	0.00000000	0.00000000	0.00000000	0.00000000	0.00000000
6.71088600	0.00000000	0.00000000	0.00000000	0.00000000	0.00000000	0.00000000	0.00000000	0.00000000
7.54974699	0.00000000	0.00000000	0.00000000	0.00000000	0.00000000	0.00000000	0.00000000	0.00000000
8.38860798	0.00000000	0.00000000	0.00000000	0.00000000	0.00000000	0.00000000	0.00000000	0.00000000
9.22746849	0.00000000	0.00000000	0.00000000	0.00000000	0.00000000	0.00000000	0.00000000	0.00000000
10.06632900	0.00000000	0.00000000	0.00000000	0.00000000	0.00000000	0.00000000	0.00000000	0.00000000
10.90518951	0.00000000	0.00000000	0.00000000	0.00000000	0.00000000	0.00000000	0.00000000	0.00000000
11.74405098	0.00000000	0.00000000	0.00000000	0.00000000	0.00000000	0.00000000	0.00000000	0.00000000
12.58291149	0.00000000	0.00000000	0.00000000	0.00000000	0.00000000	0.00000000	0.00000000	0.00000000
13.42177200	0.00000000	0.00000000	0.00000000	0.00000000	0.00000000	0.00000000	0.00000000	0.00000000
15.09949398	0.00000000	0.00000000	0.00000000	0.00000000	0.00000000	0.00000000	0.00000000	0.00000000
16.77721596	0.00000000	0.00000000	0.00000000	0.00000000	0.00000000	0.00000000	0.00000000	0.00000000
18.45493698	0.00000000	0.00000000	0.00000000	0.00000000	0.00000000	0.00000000	0.00000000	0.00000000
20.13265800	0.00000000	0.00000000	0.00000000	0.00000000	0.00000000	0.00000000	0.00000000	0.00000000
21.81037903	0.00000000	0.00000000	0.00000000	0.00000000	0.00000000	0.00000000	0.00000000	0.00000000
23.48810196	0.00000000	0.00000000	0.00000000	0.00000000	0.00000000	0.00000000	0.00000000	0.00000000
25.16582298	0.00000000	0.00000000	0.00000000	0.00000000	0.00000000	0.00000000	0.00000000	0.00000000
26.84354401	0.00000000	0.00000000	0.00000000	0.00000000	0.00000000	0.00000000	0.00000000	0.00000000
30.19898796	0.00000000	0.00000000	0.00000000	0.00000000	0.00000000	0.00000000	0.00000000	0.00000000
33.55443192	0.00000000	0.00000000	0.00000000	0.00000000	0.00000000	0.00000000	0.00000000	0.00000000
36.90987396	0.00000000	0.00000000	0.00000000	0.00000000	0.00000000	0.00000000	0.00000000	0.00000000
40.26531601	0.00000000	0.00000000	0.00000000	0.00000000	0.00000000	0.00000000	0.00000000	0.00000000
43.62075806	0.00000000	0.00000000	0.00000000	0.00000000	0.00000000	0.00000000	0.00000000	0.00000000
46.97620392	0.00000000	0.00000000	0.00000000	0.00000000	0.00000000	0.00000000	0.00000000	0.00000000
50.33164597	0.00000000	0.00000000	0.00000000	0.00000000	0.00000000	0.00000000	0.00000000	0.00000000
53.68708801	0.00000000	0.00000000	0.00000000	0.00000000	0.00000000	0.00000000	0.00000000	0.00000000
60.39797592	0.00000000	0.00000000	0.00000000	0.00000000	0.00000000	0.00000000	0.00000000	0.00000000
67.10886383	0.00000000	0.00000000	0.00000000	0.00000000	0.00000000	0.00000000	0.00000000	0.00000000
73.81974792	0.00000000	0.00000000	0.00000000	0.00000000	0.00000000	0.00000000	0.00000000	0.00000000
80.53063202	0.00000000	0.00000000	0.00000000	0.00000000	0.00000000	0.00000000	0.00000000	0.00000000
87.24151611	0.00000000	0.00000000	0.00000000	0.00000000	0.00000000	0.00000000	0.00000000	0.00000000
93.95240784	0.00000000	0.00000000	0.00000000	0.00000000	0.00000000	0.00000000	0.00000000	0.00000000
100.66329193	0.00000000	0.00000000	0.00000000	0.00000000	0.00000000	0.00000000	0.00000000	0.00000000
107.37417603	0.00000000	0.00000000	0.00000000	0.00000000	0.00000000	0.00000000	0.00000000	0.00000000
120.79595184	0.00000000	0.00000000	0.00000000	0.00000000	0.00000000	0.00000000	0.00000000	0.00000000
134.21772766	0.00000000	0.00000000	0.00000000	0.00000000	0.00000000	0.00000000	0.00000000	0.00000000
147.63949585	0.00000000	0.00000000	0.00000000	0.00000000	0.00000000	0.00000000	0.00000000	0.00000000
161.06126404	0.00000000	0.00000000	0.00000000	0.00000000	0.00000000	0.00000000	0.00000000	0.00000000
174.48303223	0.00000000	0.00000000	0.00000000	0.00000000	0.00000000	0.00000000	0.00000000	0.00000000
187.90481567	0.00000000	0.00000000	0.00000000	0.00000000	0.00000000	0.00000000	0.00000000	0.00000000
201.32658386	0.00000000	0.00000000	0.00000000	0.00000000	0.00000000	0.00000000	0.00000000	0.00000000
214.74835205	0.00000000	0.00000000	0.00000000	0.00000000	0.00000000	0.00000000	0.00000000	0.00000000
241.59190369	0.00000000	0.00000000	0.00000000	0.00000000	0.00000000	0.00000000	0.00000000	0.00000000
268.43545532	0.00000000	0.00000000	0.00000000	0.00000000	0.00000000	0.00000000	0.00000000	0.00000000
295.27899170	0.00000000	0.00000000	0.00000000	0.00000000	0.00000000	0.00000000	0.00000000	0.00000000
322.12252808	0.00000000	0.00000000	0.00000000	0.00000000	0.00000000	0.00000000	0.00000000	0.00000000
348.96606445	0.00000000	0.00000000	0.00000000	0.00000000	0.00000000	0.00000000	0.00000000	0.00000000
375.80963135	0.00000000	0.00000000	0.00000000	0.00000000	0.00000000	0.00000000	0.00000000	0.00000000
402.65316772	0.00000000	0.00000000	0.00000000	0.00000000	0.00000000	0.00000000	0.00000000	0.00000000
429.49670410	0.00000000	0.00000000	0.00000000	0.00000000	0.00000000	0.00000000	0.00000000	0.00000000
483.18380737	0.00000000	0.00000000	0.00000000	0.00000000	0.00000000	0.00000000	0.00000000	0.00000000
536.87091064	0.00000000	0.00000000	0.00000000	0.00000000	0.00000000	0.00000000	0.00000000	0.00000000
590.55798340	0.00000000	0.00000000	0.00000000	0.00000000	0.00000000	0.00000000	0.00000000	0.00000000
644.24505615	0.00000000	0.00000000	0.00000000	0.00000000	0.00000000	0.00000000	0.00000000	0.00000000
697.93212891	0.00000000	0.00000000	0.00000000	0.00000000	0.00000000	0.00000000	0.00000000	0.00000000
751.61926270	0.00000000	0.00000000	0.00000000	0.00000000	0.00000000	0.00000000	0.00000000	0.00000000
805.30633545	0.00000000	0.00000000	0.00000000	0.00000000	0.00000000	0.00000000	0.00000000	0.00000000
858.99340820	0.00000000	0.00000000	0.00000000	0.00000000	0.00000000	0.00000000	0.00000000	0.00000000
966.36761475	0.00000000	0.00000000	0.00000000	0.00000000	0.00000000	0.00000000	0.00000000	0.00000000
1073.74182129	0.00000000	0.00000000	0.00000000	0.00000000	0.00000000	0.00000000	0.00000000	0.00000000
1181.11596680	0.00000000	0.00000000	0.00000000	0.00000000	0.00000000	0.00000000	0.00000000	0.00000000
1288.49011230	0.00000000	0.00000000	0.00000000	0.00000000	0.00000000	0.00000000	0.00000000	0.00000000
1395.86425781	0.00000000	0.00000000	0.00000000	0.00000000	0.00000000	0.00000000	0.00000000	0.00000000
1503.23852539	0.00000000	0.00000000	0.00000000	0.00000000	0.00000000	0.00000000	0.00000000	0.00000000
1610.61267090	0.00000000	0.00000000	0.00000000	0.00000000	0.00000000	0.00000000	0.00000000	0.00000000
1717.98681641	0.00000000	0.00000000	0.00000000	0.00000000	0.00000000	0.00000000	0.00000000	0.00000000
1932.73522949	0.00000000	0.00000000	0.00000000	0.00000000	0.00000000	0.00000000	0.00000000	0.00000000
2147.48364258	0.00000000	0.00000000	0.00000000	0.00000000	0.00000000	0.00000000	0.00000000	0.00000000
2362.23193359	0.00000000	0.00000000	0.00000000	0.00000000	0.00000000	0.00000000	0.00000000	0.00000000
2576.98022461	0.00000000	0.00000000	0.00000000	0.00000000	0.00000000	0.00000000	0.00000000	0.00000000
2791.72851562	0.00000000	0.00000000	0.00000000	0.00000000	0.00000000	0.00000000	0.00000000	0.00000000
3006.47705078	0.00000000	0.00000000	0.00000000	0.00000000	0.00000000	0.00000000	0.00000000	0.00000000
3221.22534180	0.00000000	0.00000000	0.00000000	0.00000000	0.00000000	0.00000000	0.00000000	0.00000000
3435.97363281	0.00000000	0.00000000	0.00000000	0.00000000	0.00000000	0.00000000	0.00000000	0.00000000
0	0	0	0	0	0	0	0	0
