%5/21/2015 6:40:12 PM
%Duration	ID1		ID2		ID3		ID4		ID5		ID6		ID7		ID8
3000.000000	0.724792	1.516342	1.516342	1.163483	0.953674	0.782013	2.861023	3.433228
%Tau		Tau1		Tau2		Tau3		Tau4		Tau5		Tau6		Tau7		Tau8
%		0.000001	0.000001	0.000001	0.000001	0.000001	0.000001	0.000002	0.000001
%Delaytime	D1		D2		D3		D4		D5		D6		D7		D8
0.00000000	22.82598114	32.76409149	41.17002487	33.24062347	49.14085770	14.95584011	12.53194714	15.00644207
0.00000020	4.56519604	10.92136383	2.35257292	6.64812469	8.67191601	2.13654852	3.20584702	3.51713490
0.00000040	0.00000000	0.00000000	1.17628646	3.32406235	0.00000000	0.00000000	0.87432188	1.64132965
0.00000060	0.00000000	1.56019485	1.17628646	3.32406235	0.00000000	4.27309704	1.74864376	1.17237830
0.00000080	0.00000000	0.00000000	1.17628646	3.32406235	0.00000000	0.00000000	2.04008436	1.40685403
0.00000100	4.56519604	4.68058443	2.35257292	1.66203117	0.00000000	0.00000000	2.33152509	1.40685403
0.00000120	0.00000000	0.00000000	3.52885938	0.00000000	2.89063883	0.00000000	0.87432188	1.17237830
0.00000140	0.00000000	3.12038970	0.00000000	1.66203117	2.89063883	0.00000000	2.33152509	0.46895131
0.00000160	0.00000000	0.00000000	0.00000000	3.32406235	0.00000000	0.00000000	1.45720315	0.93790263
0.00000180	0.00000000	1.56019485	0.00000000	0.00000000	2.89063883	6.40964556	1.74864376	1.87580526
0.00000200	0.00000000	0.00000000	0.00000000	0.00000000	2.89063883	2.13654852	1.74864376	1.17237830
0.00000220	0.00000000	0.00000000	0.00000000	1.66203117	0.00000000	0.00000000	1.16576254	1.17237830
0.00000240	0.00000000	0.00000000	0.00000000	0.00000000	0.00000000	0.00000000	0.87432188	1.40685403
0.00000260	0.00000000	0.00000000	1.17628646	0.00000000	2.89063883	0.00000000	0.87432188	1.87580526
0.00000280	0.00000000	0.00000000	0.00000000	0.00000000	0.00000000	2.13654852	1.45720315	2.34475660
0.00000300	0.00000000	1.56019485	0.00000000	0.00000000	0.00000000	0.00000000	2.91440630	0.93790263
0.00000340	0.00000000	0.00000000	1.17628646	1.66203117	0.00000000	1.06827426	0.58288127	1.40685403
0.00000380	0.00000000	2.34029222	2.35257292	3.32406235	1.44531941	0.00000000	1.31148279	0.70342702
0.00000420	0.00000000	3.12038970	1.17628646	2.49304676	0.00000000	1.06827426	2.04008436	1.17237830
0.00000460	2.28259802	1.56019485	0.00000000	1.66203117	0.00000000	0.00000000	1.60292351	1.87580526
0.00000500	0.00000000	0.00000000	0.58814323	1.66203117	0.00000000	1.06827426	0.58288127	1.28961611
0.00000540	4.56519604	2.34029222	0.00000000	1.66203117	0.00000000	0.00000000	1.16576254	1.64132965
0.00000580	0.00000000	0.78009742	1.76442969	0.00000000	1.44531941	0.00000000	0.58288127	1.87580526
0.00000620	4.56519604	0.78009742	0.58814323	0.83101559	0.00000000	0.00000000	1.16576254	1.17237830
0.00000700	1.14129901	0.39004871	0.58814323	1.24652338	1.44531941	0.53413713	1.16576254	1.23099720
0.00000780	3.42389703	0.39004871	0.58814323	0.41550779	2.16797900	0.53413713	1.53006327	1.52409184
0.00000860	0.00000000	1.95024359	1.17628646	1.66203117	0.72265971	0.53413713	1.02004218	1.58271074
0.00000940	0.00000000	1.17014611	0.29407161	0.41550779	0.72265971	1.60241139	1.09290230	0.99652159
0.00001020	1.14129901	0.00000000	1.17628646	1.24652338	0.72265971	1.60241139	1.16576254	1.23099720
0.00001100	0.00000000	0.39004871	0.58814323	1.24652338	0.72265971	2.13654852	1.89436412	1.17237830
0.00001180	1.14129901	1.56019485	0.88221484	1.24652338	0.72265971	0.53413713	1.16576254	0.70342702
0.00001260	0.00000000	0.78009742	1.17628646	1.66203117	0.72265971	1.06827426	1.23862267	0.99652159
0.00001420	0.00000000	1.56019485	1.61739385	0.62326169	1.08398950	0.26706856	1.09290230	1.40685403
0.00001580	0.57064950	0.78009742	1.02925062	0.62326169	1.08398950	0.80120569	1.27505279	1.23099720
0.00001740	0.57064950	0.97512180	1.32332218	1.24652338	0.36132985	0.53413713	1.38434303	1.05514050
0.00001900	2.28259802	0.78009742	1.91146541	0.62326169	1.80664921	1.60241139	1.42077303	0.87928373
0.00002060	0.57064950	0.97512180	0.88221484	1.03876948	0.36132985	1.60241139	1.09290230	1.26030672
0.00002220	1.14129901	0.58507305	0.29407161	0.83101559	0.72265971	1.60241139	1.27505279	1.17237830
0.00002380	1.14129901	1.36517048	1.17628646	0.41550779	0.72265971	1.06827426	0.83789182	1.46547294
0.00002540	1.14129901	1.56019485	0.88221484	1.66203117	1.08398950	1.06827426	0.94718206	1.28961611
0.00002860	0.85059929	0.97019523	1.38793600	1.21395874	1.43091583	1.71736467	1.05587900	1.20276117
0.00003180	0.56706619	0.87317574	0.65744334	0.50581616	1.07318687	0.92473483	1.10956764	1.24623454
0.00003500	0.56706619	0.67913669	0.87659115	1.41628516	0.89432234	1.05683982	1.14536023	0.85497487
0.00003820	0.56706619	1.74635148	0.80354190	0.91046906	1.43091583	1.18894482	1.28840303	1.21725237
0.00004140	1.41766548	1.06721473	1.16878819	0.91046906	0.89432234	0.92473483	1.12735260	1.10132349
0.00004460	0.56706619	1.84337103	1.24183750	1.61861169	0.71545792	1.71736467	1.39576995	1.07234132
0.00004780	1.13413239	1.26125383	1.02268970	0.70814258	1.07318687	1.32104981	1.30629742	1.05785024
0.00005100	1.98473167	0.87317574	0.94964039	0.50581616	0.53659344	1.18894482	1.12735260	1.26072562
0.00005740	1.98317218	0.62917936	0.80450469	1.36666608	0.80438775	1.18958306	1.02200317	1.00059700
0.00006380	0.56662065	1.16156185	0.91420990	1.16419709	1.51939917	1.52002275	1.12958241	1.13836038
0.00007020	0.56662065	0.91956985	0.65823114	0.80987620	1.34064627	1.78437459	1.30888128	0.84108156
0.00007660	1.13324130	0.77437460	0.80450469	0.91111076	0.80438775	1.52002275	1.13854742	1.01509845
0.00008300	0.84993094	0.96796823	0.69479948	0.65802443	1.60877550	1.05740714	1.24612665	1.01509845
0.00008940	1.27489638	1.20996034	1.49930418	1.21481431	0.98314059	1.05740714	1.14751232	1.06585336
0.00009580	1.13324130	1.11316347	1.17018867	1.36666608	1.34064627	1.52002275	1.04889798	0.92083931
0.00010220	0.14165516	0.91956985	0.95077831	1.16419709	0.98314059	0.99131924	0.90545899	1.09485614
0.00011500	1.34678221	0.99307960	1.13384664	1.09211552	0.98099619	1.35771644	1.03688502	1.06509578
0.00012780	0.63794947	0.96885812	1.07898307	1.11751354	1.15935922	1.12591124	1.22092092	0.98539472
0.00014060	0.85059929	0.72664362	1.26186156	1.04131937	0.98099619	1.05968118	1.04137373	1.03249085
0.00015340	0.92148256	0.65397924	0.98754382	1.21910560	1.11476839	1.02656615	1.05483973	0.99626309
0.00016620	0.92148256	0.65397924	0.78637749	0.91432923	1.15935922	1.02656615	1.08177185	1.01437688
0.00017900	0.85059929	0.89619374	0.78637749	1.39689195	1.07017767	1.35771644	1.09972656	0.96728086
0.00019180	0.56706619	1.13840830	0.93268031	1.09211552	0.93640548	1.05968118	1.00995290	1.03611362
0.00020460	0.70883274	1.08996534	0.89610457	1.06671751	1.33772206	0.92722100	1.00097561	0.99264026
0.00023020	0.95767689	0.98300070	0.92224693	0.87912577	1.05247116	1.19150102	1.09314954	0.94186693
0.00025580	0.67392081	0.88591421	1.15052593	1.05749905	0.80614805	1.05911195	1.09765732	1.04349422
0.00028140	0.81579888	1.03154397	1.01355851	1.04475808	1.20922208	1.27424407	1.07962596	1.03079081
0.00030700	0.74485981	0.99513650	1.07747662	0.87912577	0.91811311	0.95982021	0.95340669	0.96908849
0.00033260	1.38331115	0.94659323	0.94964039	1.15942669	1.14204311	1.04256332	1.08638775	1.02353168
0.00035820	0.99314642	0.99513650	1.00442731	1.09572196	0.87332708	1.24114680	1.12470436	1.01627254
0.00038380	0.95767689	0.87377840	1.15052593	0.90460765	1.03007805	0.81088263	1.07951903	1.08341920
0.00040940	0.78032935	0.80096352	1.08660781	1.05724990	1.05247116	1.09220922	1.10881698	1.01264310
0.00046060	0.85160327	1.01637709	1.01832724	0.96535170	0.93553025	1.01664782	1.05211639	1.01326025
0.00051180	0.88708669	1.08941019	1.10509062	0.90142113	1.06917739	1.23154902	1.01595342	0.98779231
0.00056300	0.83386153	1.01005840	1.15075552	0.97813779	1.14713824	1.04970956	0.99561173	0.97679049
0.00061420	1.17095447	0.93704206	0.96809590	1.04846144	0.84643215	1.15716016	1.04646587	1.05409706
0.00066540	0.97579539	0.92487270	1.05506980	0.97813779	0.87984389	0.95878983	1.10071027	1.03954518
0.00071660	1.17095447	0.86402583	1.06420457	0.98453087	1.01349115	1.21501815	1.05550659	1.04227364
0.00076780	0.97579539	0.94921148	1.00026095	0.93977946	0.94696259	1.02491331	1.05889690	1.01317000
0.00081900	0.99353713	0.87619519	1.06420457	1.04846144	1.29232538	1.06624043	1.05889690	1.04954958
0.00092140	0.94551110	0.98212177	0.93384743	1.05714178	1.07318687	1.08982778	1.04313171	1.01533568
0.00102380	0.92767125	1.00652230	0.95896316	1.04428899	1.01729167	1.05667710	1.03352022	1.06867838
0.00112620	0.74927294	0.97297156	0.94983017	0.98645151	0.96139652	0.97380042	1.07705474	1.06183958
0.00122860	0.98080403	1.04617321	0.98407882	1.08606064	1.08436584	1.09811544	1.03634715	1.02627778
0.00133100	1.13238287	0.96687144	1.10509086	1.02500987	0.91109091	1.03181410	1.07716167	1.01898301
0.00143340	0.88272363	1.01872253	1.02061081	1.06035507	0.97257555	0.99037576	1.02061772	1.06011045
0.00153580	0.93659121	0.95162106	0.95230335	0.89969516	1.15702951	1.22657418	1.02174866	1.02682531
0.00163820	1.07930982	1.00933969	1.03451657	0.97681189	0.90550137	1.02767026	1.00807798	1.00813079
0.00184300	1.12390983	0.96601462	1.01309419	1.00299227	0.95700181	1.03099334	1.05764592	1.03368795
0.00204780	0.98565102	0.97647196	1.08055747	1.01424384	1.04654586	1.02683616	1.03614211	0.99187434
0.00225260	0.94105142	1.02682126	1.00165963	1.05899918	0.97658956	1.04346502	1.04519629	1.02029812
0.00245740	1.06593037	0.97494626	1.05176127	1.03996158	1.00177383	1.08474529	1.03452182	1.03606534
0.00266220	0.83401239	1.02529562	0.94772834	1.00781441	1.01856327	0.97876441	1.06213939	1.03368795
0.00286700	1.12346637	0.98257494	1.03804266	1.02871001	0.92872912	1.05980861	1.06040919	1.02866125
0.00307180	0.94513839	1.02224410	0.95687413	1.07210875	1.09902585	1.06396472	1.04768419	1.01805985
0.00327660	0.91838920	0.94312328	1.04032910	0.97888190	1.04029930	1.07435501	1.03683579	1.02162409
0.00368620	0.96362591	0.97751218	1.00088811	1.01681387	0.98078692	1.12544000	1.04866874	1.03072059
0.00409580	1.06798172	1.00755167	0.98716944	0.99509400	0.97488588	1.05650568	1.04079783	1.03510761
0.00450540	0.93920219	1.02054739	1.01423752	1.05381823	0.98467666	1.05962527	1.04949093	1.02838778
0.00491500	1.06437910	1.03583646	0.98851001	0.98061407	0.97519040	1.09082127	1.03608990	1.03480852
0.00532460	0.96438527	1.06029904	1.00223136	1.00635624	0.93881315	1.05754554	1.06088126	1.03033030
0.00573420	0.99771655	0.99684930	1.03367615	1.02083611	0.96679568	1.03570831	1.04301322	1.04118550
0.00614380	1.00660491	0.98133355	0.97993416	1.03667939	0.92202365	1.02919197	1.03035271	1.00916708
0.00655340	1.00700164	0.98416340	0.99994451	1.04286635	0.95950025	1.06765676	1.03205454	1.02596557
0.00737260	1.02478445	0.98285007	0.96802068	1.01696634	0.97181106	1.09600616	1.05529356	1.01766157
0.00819180	0.98365963	0.96732336	0.98116767	1.01430440	0.97671568	1.08715057	1.03352499	1.03743243
0.00901100	0.96844757	1.02546227	1.01100910	1.03447759	1.01735377	1.03266108	1.04226029	1.03422880
0.00983020	1.02326989	0.96257329	0.99042302	1.05399740	0.98512357	1.05296028	1.05426228	1.02227199
0.01064940	1.00620806	1.01054502	1.04695809	1.04875362	1.00894594	1.10136628	1.04758656	1.03454995
0.01146860	1.06687152	1.00251269	0.97403419	1.03277743	1.03977478	1.08344090	1.04016817	1.01667547
0.01228780	0.97028691	0.98622024	0.99462444	1.00608802	1.01143241	1.06597269	1.02584147	1.02309597
0.01310700	0.99582076	0.99883956	1.00071609	0.99819309	0.99952501	1.06232917	1.02794802	1.02188385
0.01474540	1.00985563	0.98814392	1.00288951	1.01614714	0.98368621	1.04491389	1.04181993	1.02240515
0.01638380	1.00248230	0.99596518	0.99250239	1.02714622	1.01747870	1.03996789	1.03466821	1.02339447
0.01802220	1.01675975	0.98337489	0.99276584	1.01631677	0.99785650	1.05333817	1.04874325	1.03587222
0.01966060	1.01247370	0.97940433	1.00457633	1.04010463	0.99118769	1.08480644	1.03950131	1.02853072
0.02129900	0.98449910	0.99195915	1.01527464	1.01341236	0.98627388	1.09277809	1.03523326	1.02805114
0.02293740	1.01999652	1.02286255	1.01476228	1.03113484	0.99294263	1.07221866	1.03733027	1.02362871
0.02457580	0.97634983	1.00241029	0.99931335	1.01083887	1.04421139	1.06727386	1.04413176	1.02290308
0.02621420	1.01904082	0.98082352	1.00497746	1.01664853	0.99166197	1.07924533	1.02954412	1.01715612
0.02949100	0.99277747	1.00212467	1.00569677	1.02415717	0.99893314	1.05429745	1.04414940	1.02663326
0.03276780	0.99077207	0.98848844	1.01599228	1.02831900	0.98962033	1.09011269	1.03218830	1.03313005
0.03604460	1.00509787	0.99941456	1.02400053	1.01351631	1.00880933	1.07891607	1.03803134	1.02354527
0.03932140	0.98549461	1.01199901	1.00410771	1.03269446	1.01636267	1.08786678	1.04085159	1.02713358
0.04259820	1.00918472	0.99884254	1.00697148	1.00503755	0.99352700	1.06464565	1.03550935	1.02219379
0.04587500	0.98304433	0.99824643	1.01538408	1.02145028	0.99791849	1.04264021	1.03812170	1.01747048
0.04915180	1.00234938	0.99329233	1.01026475	1.04147613	1.02022719	1.07117820	1.03435314	1.02025187
0.05242860	1.00787318	0.99502438	1.00747263	1.02080500	1.00888157	1.06373501	1.05011880	1.02819204
0.05898220	0.99819469	0.99631977	0.99818611	1.02108669	0.99441451	1.06892014	1.04042447	1.01792431
0.06553581	1.00035322	0.99962860	0.99973112	1.02286315	1.00823426	1.09011340	1.04015946	1.02126372
0.07208940	1.00567746	1.00591862	1.00188875	1.02504230	1.01478493	1.08286333	1.03565931	1.02407873
0.07864300	1.02035511	0.99679238	1.00595379	1.01449490	0.99855852	1.05704725	1.03345621	1.03051496
0.08519660	0.99414480	0.99452257	1.00722778	1.02484524	0.98978925	1.08063078	1.03852868	1.02436078
0.09175020	1.01327622	0.99687833	1.00437295	1.01338601	0.99413306	1.08335221	1.03315091	1.02615285
0.09830380	0.99848139	0.99882013	1.00175416	1.01678622	1.01028574	1.06789505	1.03854167	1.02864766
0.10485740	1.01964855	0.99497598	1.00186765	1.01724470	1.01973629	1.07774448	1.04094601	1.02489471
0.11796460	0.98163903	1.00211251	1.00552642	1.01785564	1.00659239	1.07479537	1.03832829	1.02702069
0.13107181	0.99344730	0.99825323	1.00900185	1.02137709	1.00247121	1.07033885	1.03474367	1.02355945
0.14417900	1.00423479	0.99608016	1.01072133	1.02785099	0.99833548	1.05405712	1.03610516	1.02716374
0.15728620	0.98967838	0.99970704	1.00117946	1.02840722	0.99781334	1.07247627	1.03683627	1.02510738
0.17039341	1.00250852	1.00113797	1.01481223	1.02227163	1.00411177	1.06040692	1.04001379	1.02539098
0.18350060	1.00117862	1.00819218	1.00867927	1.02184045	0.99930465	1.06572700	1.03783226	1.02154326
0.19660780	1.00593555	1.00459361	1.00068307	1.01874208	1.01518381	1.06372821	1.04234028	1.02652359
0.20971501	1.00497282	0.99825978	1.01039839	1.01812696	1.00326765	1.05817008	1.03872585	1.02069581
0.23592941	1.00232375	0.99611616	0.99567413	1.02564549	0.99803263	1.05890489	1.03576279	1.02299690
0.26214382	0.99814278	1.00020170	1.00043702	1.02343524	0.99626738	1.05709219	1.03491962	1.02186549
0.28835821	1.00142264	0.99888849	1.00203133	1.02025902	1.01019132	1.04921496	1.03507483	1.01989222
0.31457260	1.00062621	1.00048757	1.00304711	1.02728677	1.00741136	1.05562508	1.03321469	1.01800597
0.34078699	0.99235487	1.00244057	1.00595868	1.02434778	1.00424397	1.05011785	1.03204358	1.02376080
0.36700141	1.00917995	1.00239193	0.99921215	1.01242208	1.00605679	1.04909790	1.03293788	1.01921010
0.39321581	1.00432873	0.99961984	1.00536716	1.01803195	1.00562191	1.04782724	1.03162813	1.02129567
0.41943020	1.00079834	0.99933165	0.99954194	1.02087283	1.00839114	1.04734600	1.03046858	1.01801717
0.47185901	1.00721943	0.99852639	1.00157082	1.02346957	1.00225365	1.04847169	1.02611697	1.01739573
0.52428782	1.00549293	0.99988729	1.00371802	1.02243733	1.00334716	1.04531693	1.02781773	1.01800668
0.57671660	0.99832386	1.00076258	1.00062013	1.02143002	1.00407767	1.04743874	1.02615905	1.01533973
0.62914538	0.99517184	1.00019753	1.00134397	1.01605248	1.00509059	1.04099476	1.02338123	1.01425207
0.68157423	1.00374186	0.99868333	1.00309050	1.01770592	1.00356269	1.04368103	1.02250564	1.01363921
0.73400301	1.00334859	0.99816549	1.00134349	1.02101982	1.00558281	1.04553592	1.02072752	1.01330733
0.78643179	1.00018799	1.00032032	0.99885702	1.02147388	1.00604069	1.04500139	1.02053440	1.01350880
0.83886063	0.99352294	1.00369573	1.00174367	1.01317477	0.99900639	1.03992736	1.01933610	1.01487064
0.94371825	0.99987543	1.00220013	1.00058210	1.01460934	1.00107539	1.03655589	1.02035677	1.01282001
1.04857588	0.99946368	0.99931729	0.99967337	1.02055752	1.00595212	1.03539801	1.01821649	1.01124573
1.15343344	0.99897856	0.99901611	1.00264132	1.01504195	1.00274265	1.03872418	1.02046180	1.00931573
1.25829101	0.99777591	0.99992102	1.00100493	1.01461959	1.00598383	1.03894293	1.01648057	1.00969803
1.36314869	0.99990380	1.00015771	1.00265956	1.01306725	1.00589120	1.03519857	1.01661813	1.01029897
1.46800625	0.99788207	0.99931014	1.00137615	1.01064324	1.00095916	1.02784407	1.01370573	1.00924802
1.57286382	0.99960041	0.99787861	1.00211573	1.01593709	1.00131071	1.02248263	1.01490176	1.00944710
1.67772150	1.00220096	0.99951303	1.00388396	1.01061320	1.00615323	1.01898658	1.01198089	1.00757611
1.88743675	0.99811530	1.00154376	1.00046730	1.00919402	1.00325823	1.01931226	1.01174653	1.00799024
2.09715199	0.99797040	1.00080812	1.00250793	1.00562310	0.99981570	1.02969515	1.01261449	1.00953567
2.30686712	1.00255799	0.99956495	0.99918026	1.00255489	1.00090516	1.02467966	1.01364124	1.00837612
2.51658225	1.00636244	0.99929541	0.99887908	1.00204492	1.00010729	1.01686847	1.01102960	1.00556457
2.72629738	0.99921554	1.00139129	1.00091326	1.00336170	1.00058341	1.01789689	1.01095521	1.00709939
2.93601274	1.00166523	0.99930000	1.00244188	1.00217819	1.00252366	1.01127040	1.01378143	1.01024902
3.14572787	0.99838156	0.99975532	1.00398409	0.99921602	1.00018358	1.01878583	1.01177931	1.00917399
3.35544300	1.00117731	0.99957746	1.00191104	1.00284433	1.00136530	1.02097988	1.00934088	1.00387657
3.77487350	0.99863404	0.99985319	0.99703586	1.00015664	0.99993706	0.99968594	1.00411224	0.99682635
4.19430399	0.99853110	1.00017965	1.00250864	0.99775553	0.99972355	0.99014086	1.00003600	1.00323975
4.61373425	0.99978530	0.99986929	0.99552655	1.00008094	0.99983448	1.00678599	1.00004613	0.99759167
5.03316450	1.00000000	1.00000000	1.00000000	1.00000000	1.00000000	1.00000000	1.00000000	1.00000000
5.45259476	0.00000000	0.00000000	0.00000000	0.00000000	0.00000000	0.00000000	0.00000000	0.00000000
5.87202549	0.00000000	0.00000000	0.00000000	0.00000000	0.00000000	0.00000000	0.00000000	0.00000000
6.29145575	0.00000000	0.00000000	0.00000000	0.00000000	0.00000000	0.00000000	0.00000000	0.00000000
6.71088600	0.00000000	0.00000000	0.00000000	0.00000000	0.00000000	0.00000000	0.00000000	0.00000000
7.54974699	0.00000000	0.00000000	0.00000000	0.00000000	0.00000000	0.00000000	0.00000000	0.00000000
8.38860798	0.00000000	0.00000000	0.00000000	0.00000000	0.00000000	0.00000000	0.00000000	0.00000000
9.22746849	0.00000000	0.00000000	0.00000000	0.00000000	0.00000000	0.00000000	0.00000000	0.00000000
10.06632900	0.00000000	0.00000000	0.00000000	0.00000000	0.00000000	0.00000000	0.00000000	0.00000000
10.90518951	0.00000000	0.00000000	0.00000000	0.00000000	0.00000000	0.00000000	0.00000000	0.00000000
11.74405098	0.00000000	0.00000000	0.00000000	0.00000000	0.00000000	0.00000000	0.00000000	0.00000000
12.58291149	0.00000000	0.00000000	0.00000000	0.00000000	0.00000000	0.00000000	0.00000000	0.00000000
13.42177200	0.00000000	0.00000000	0.00000000	0.00000000	0.00000000	0.00000000	0.00000000	0.00000000
15.09949398	0.00000000	0.00000000	0.00000000	0.00000000	0.00000000	0.00000000	0.00000000	0.00000000
16.77721596	0.00000000	0.00000000	0.00000000	0.00000000	0.00000000	0.00000000	0.00000000	0.00000000
18.45493698	0.00000000	0.00000000	0.00000000	0.00000000	0.00000000	0.00000000	0.00000000	0.00000000
20.13265800	0.00000000	0.00000000	0.00000000	0.00000000	0.00000000	0.00000000	0.00000000	0.00000000
21.81037903	0.00000000	0.00000000	0.00000000	0.00000000	0.00000000	0.00000000	0.00000000	0.00000000
23.48810196	0.00000000	0.00000000	0.00000000	0.00000000	0.00000000	0.00000000	0.00000000	0.00000000
25.16582298	0.00000000	0.00000000	0.00000000	0.00000000	0.00000000	0.00000000	0.00000000	0.00000000
26.84354401	0.00000000	0.00000000	0.00000000	0.00000000	0.00000000	0.00000000	0.00000000	0.00000000
30.19898796	0.00000000	0.00000000	0.00000000	0.00000000	0.00000000	0.00000000	0.00000000	0.00000000
33.55443192	0.00000000	0.00000000	0.00000000	0.00000000	0.00000000	0.00000000	0.00000000	0.00000000
36.90987396	0.00000000	0.00000000	0.00000000	0.00000000	0.00000000	0.00000000	0.00000000	0.00000000
40.26531601	0.00000000	0.00000000	0.00000000	0.00000000	0.00000000	0.00000000	0.00000000	0.00000000
43.62075806	0.00000000	0.00000000	0.00000000	0.00000000	0.00000000	0.00000000	0.00000000	0.00000000
46.97620392	0.00000000	0.00000000	0.00000000	0.00000000	0.00000000	0.00000000	0.00000000	0.00000000
50.33164597	0.00000000	0.00000000	0.00000000	0.00000000	0.00000000	0.00000000	0.00000000	0.00000000
53.68708801	0.00000000	0.00000000	0.00000000	0.00000000	0.00000000	0.00000000	0.00000000	0.00000000
60.39797592	0.00000000	0.00000000	0.00000000	0.00000000	0.00000000	0.00000000	0.00000000	0.00000000
67.10886383	0.00000000	0.00000000	0.00000000	0.00000000	0.00000000	0.00000000	0.00000000	0.00000000
73.81974792	0.00000000	0.00000000	0.00000000	0.00000000	0.00000000	0.00000000	0.00000000	0.00000000
80.53063202	0.00000000	0.00000000	0.00000000	0.00000000	0.00000000	0.00000000	0.00000000	0.00000000
87.24151611	0.00000000	0.00000000	0.00000000	0.00000000	0.00000000	0.00000000	0.00000000	0.00000000
93.95240784	0.00000000	0.00000000	0.00000000	0.00000000	0.00000000	0.00000000	0.00000000	0.00000000
100.66329193	0.00000000	0.00000000	0.00000000	0.00000000	0.00000000	0.00000000	0.00000000	0.00000000
107.37417603	0.00000000	0.00000000	0.00000000	0.00000000	0.00000000	0.00000000	0.00000000	0.00000000
120.79595184	0.00000000	0.00000000	0.00000000	0.00000000	0.00000000	0.00000000	0.00000000	0.00000000
134.21772766	0.00000000	0.00000000	0.00000000	0.00000000	0.00000000	0.00000000	0.00000000	0.00000000
147.63949585	0.00000000	0.00000000	0.00000000	0.00000000	0.00000000	0.00000000	0.00000000	0.00000000
161.06126404	0.00000000	0.00000000	0.00000000	0.00000000	0.00000000	0.00000000	0.00000000	0.00000000
174.48303223	0.00000000	0.00000000	0.00000000	0.00000000	0.00000000	0.00000000	0.00000000	0.00000000
187.90481567	0.00000000	0.00000000	0.00000000	0.00000000	0.00000000	0.00000000	0.00000000	0.00000000
201.32658386	0.00000000	0.00000000	0.00000000	0.00000000	0.00000000	0.00000000	0.00000000	0.00000000
214.74835205	0.00000000	0.00000000	0.00000000	0.00000000	0.00000000	0.00000000	0.00000000	0.00000000
241.59190369	0.00000000	0.00000000	0.00000000	0.00000000	0.00000000	0.00000000	0.00000000	0.00000000
268.43545532	0.00000000	0.00000000	0.00000000	0.00000000	0.00000000	0.00000000	0.00000000	0.00000000
295.27899170	0.00000000	0.00000000	0.00000000	0.00000000	0.00000000	0.00000000	0.00000000	0.00000000
322.12252808	0.00000000	0.00000000	0.00000000	0.00000000	0.00000000	0.00000000	0.00000000	0.00000000
348.96606445	0.00000000	0.00000000	0.00000000	0.00000000	0.00000000	0.00000000	0.00000000	0.00000000
375.80963135	0.00000000	0.00000000	0.00000000	0.00000000	0.00000000	0.00000000	0.00000000	0.00000000
402.65316772	0.00000000	0.00000000	0.00000000	0.00000000	0.00000000	0.00000000	0.00000000	0.00000000
429.49670410	0.00000000	0.00000000	0.00000000	0.00000000	0.00000000	0.00000000	0.00000000	0.00000000
483.18380737	0.00000000	0.00000000	0.00000000	0.00000000	0.00000000	0.00000000	0.00000000	0.00000000
536.87091064	0.00000000	0.00000000	0.00000000	0.00000000	0.00000000	0.00000000	0.00000000	0.00000000
590.55798340	0.00000000	0.00000000	0.00000000	0.00000000	0.00000000	0.00000000	0.00000000	0.00000000
644.24505615	0.00000000	0.00000000	0.00000000	0.00000000	0.00000000	0.00000000	0.00000000	0.00000000
697.93212891	0.00000000	0.00000000	0.00000000	0.00000000	0.00000000	0.00000000	0.00000000	0.00000000
751.61926270	0.00000000	0.00000000	0.00000000	0.00000000	0.00000000	0.00000000	0.00000000	0.00000000
805.30633545	0.00000000	0.00000000	0.00000000	0.00000000	0.00000000	0.00000000	0.00000000	0.00000000
858.99340820	0.00000000	0.00000000	0.00000000	0.00000000	0.00000000	0.00000000	0.00000000	0.00000000
966.36761475	0.00000000	0.00000000	0.00000000	0.00000000	0.00000000	0.00000000	0.00000000	0.00000000
1073.74182129	0.00000000	0.00000000	0.00000000	0.00000000	0.00000000	0.00000000	0.00000000	0.00000000
1181.11596680	0.00000000	0.00000000	0.00000000	0.00000000	0.00000000	0.00000000	0.00000000	0.00000000
1288.49011230	0.00000000	0.00000000	0.00000000	0.00000000	0.00000000	0.00000000	0.00000000	0.00000000
1395.86425781	0.00000000	0.00000000	0.00000000	0.00000000	0.00000000	0.00000000	0.00000000	0.00000000
1503.23852539	0.00000000	0.00000000	0.00000000	0.00000000	0.00000000	0.00000000	0.00000000	0.00000000
1610.61267090	0.00000000	0.00000000	0.00000000	0.00000000	0.00000000	0.00000000	0.00000000	0.00000000
1717.98681641	0.00000000	0.00000000	0.00000000	0.00000000	0.00000000	0.00000000	0.00000000	0.00000000
1932.73522949	0.00000000	0.00000000	0.00000000	0.00000000	0.00000000	0.00000000	0.00000000	0.00000000
2147.48364258	0.00000000	0.00000000	0.00000000	0.00000000	0.00000000	0.00000000	0.00000000	0.00000000
2362.23193359	0.00000000	0.00000000	0.00000000	0.00000000	0.00000000	0.00000000	0.00000000	0.00000000
2576.98022461	0.00000000	0.00000000	0.00000000	0.00000000	0.00000000	0.00000000	0.00000000	0.00000000
2791.72851562	0.00000000	0.00000000	0.00000000	0.00000000	0.00000000	0.00000000	0.00000000	0.00000000
3006.47705078	0.00000000	0.00000000	0.00000000	0.00000000	0.00000000	0.00000000	0.00000000	0.00000000
3221.22534180	0.00000000	0.00000000	0.00000000	0.00000000	0.00000000	0.00000000	0.00000000	0.00000000
3435.97363281	0.00000000	0.00000000	0.00000000	0.00000000	0.00000000	0.00000000	0.00000000	0.00000000
0	0	0	0	0	0	0	0	0
