%5/16/2015 2:17:38 PM
%Duration	ID1		ID2		ID3		ID4		ID5		ID6		ID7		ID8
3000.000000	0.000000	0.000000	0.000000	0.000000	0.000000	0.000000	0.000000	0.000000
%Tau		Tau1		Tau2		Tau3		Tau4		Tau5		Tau6		Tau7		Tau8
%		0.000153	0.000153	0.000205	0.000230	0.000041	0.000153	0.000230	0.000230
%Delaytime	D1		D2		D3		D4		D5		D6		D7		D8
0.00000000	13785.57031250	11749.84082031	4624.83056641	3621.72924805	502.92080688	231.36607361	416.20602417	205.26454163
0.00000020	14779.74707031	12091.38183594	4976.94482422	3924.16625977	524.05194092	236.50958252	423.24050903	214.06440735
0.00000040	15066.83593750	12374.61035156	4852.66894531	3817.09228516	565.78588867	242.11231995	428.93505859	210.99928284
0.00000060	14359.74707031	12503.72949219	4900.01220703	3949.52587891	538.31542969	238.62208557	427.09271240	206.94540405
0.00000080	14705.31738281	12332.95898437	4979.90380859	3844.33032227	517.18432617	233.29487610	425.92028809	206.94540405
0.00000100	14832.91210937	12220.50097656	4908.88916016	3891.29272461	533.56091309	235.77479553	424.41290283	206.64878845
0.00000120	14540.50683594	12070.55566406	4941.43750000	3828.36328125	541.48510742	236.32588196	425.58532715	202.89154053
0.00000140	14556.45605469	12332.95898437	4894.09423828	3895.98876953	510.31668091	231.54975891	415.87106323	202.89154053
0.00000160	14859.49414062	12241.32617187	4900.01220703	3769.19067383	515.59948730	229.80464172	420.39321899	200.41966248
0.00000180	14375.69726562	12103.87695312	4905.93017578	3845.26953125	522.46710205	234.02966309	422.23556519	201.11178589
0.00000200	14705.31738281	12128.86816406	4965.10888672	3824.60620117	522.99536133	231.64161682	422.57055664	198.04666138
0.00000220	14593.67187500	12149.69335937	4879.29980469	3829.30249023	498.69458008	227.87582397	417.04345703	198.54103088
0.00000240	14492.65917969	12074.72070312	4938.47851562	3752.28442383	509.26013184	227.78398132	418.38336182	194.68490601
0.00000260	14668.10156250	12099.71191406	4870.42285156	3804.88208008	507.14703369	226.77365112	418.38336182	196.46466064
0.00000280	14407.59570312	11958.09765625	4897.05322266	3774.82617187	505.56219482	225.39591980	413.86120605	192.90515137
0.00000300	14652.15234375	12053.89550781	4914.80712891	3799.24658203	486.54418945	224.20188904	418.71835327	194.98153687
0.00000340	14503.29199219	11928.94140625	4891.13525391	3757.91992187	489.97799683	224.33966064	413.35873413	191.66921997
0.00000380	14476.70996094	11949.76757812	4883.73828125	3723.63745117	486.01589966	223.05378723	411.60012817	188.55465698
0.00000420	14455.44335937	11858.13378906	4889.65576172	3734.43872070	479.67657471	220.61981201	411.09765625	185.63784790
0.00000460	14410.25390625	11822.73046875	4861.54589844	3690.29418945	471.75238037	219.47169495	408.75283813	183.46260071
0.00000500	14404.93750000	11754.00585937	4888.17626953	3692.64233398	469.11099243	219.19615173	408.92031860	182.32553101
0.00000540	14354.43066406	11766.50097656	4857.10742187	3663.99536133	459.33786011	218.09397888	406.15679932	178.91433716
0.00000580	14349.11425781	11629.05175781	4855.62792969	3643.80151367	463.29992676	216.80810547	407.74792480	177.38177490
0.00000620	14306.58300781	11647.79492187	4852.66894531	3633.00024414	455.37576294	215.29260254	405.40310669	174.71215820
0.00000700	14268.03906250	11528.04785156	4848.23095703	3595.90014648	451.67782593	214.71855164	404.77502441	171.86949158
0.00000780	14218.86132812	11429.12500000	4830.47705078	3560.20874023	445.86676025	212.42233276	403.93759155	168.90324402
0.00000860	14151.07617187	11335.41015625	4821.60009766	3532.50097656	438.33880615	212.26159668	402.22082520	166.40664673
0.00000940	14103.22851562	11234.40527344	4808.28515625	3503.14965820	431.73532104	212.85861206	401.42526245	163.48983765
0.00001020	14054.05175781	11130.27734375	4802.36718750	3485.53881836	426.45254517	212.26159668	400.88095093	161.11683655
0.00001100	14003.54492187	11033.43750000	4792.01074219	3472.15454102	421.43389893	212.37641907	399.79226685	159.60899353
0.00001180	13950.38085937	10949.09375000	4775.73681641	3463.93603516	414.30215454	212.56010437	399.20605469	157.48318481
0.00001260	13901.20312500	10847.04785156	4772.03808594	3449.84741211	408.88729858	212.58306885	398.15927124	154.96186829
0.00001420	13804.84277344	10648.68359375	4751.69531250	3432.47143555	397.66137695	210.80351257	396.42160034	153.18211365
0.00001580	13703.83007812	10462.29394531	4732.46191406	3410.39916992	386.69961548	208.17434692	394.89328003	153.44166565
0.00001740	13603.48144531	10271.73925781	4711.74951172	3393.14038086	375.27560425	205.07446289	392.94622803	155.09782410
0.00001900	13508.45019531	10077.01953125	4695.47509766	3372.00756836	364.51193237	200.73463440	390.76889038	155.56747437
0.00002060	13414.74707031	9882.29882812	4676.98193359	3353.69213867	353.74826050	197.64622498	388.96841431	154.72703552
0.00002220	13317.72167969	9696.95117187	4662.55712891	3334.90722656	343.24871826	195.99296570	387.12603760	151.43945312
0.00002380	13224.68457031	9535.03125000	4644.43359375	3314.83105469	334.73025513	194.21339417	385.84893799	147.42265320
0.00002540	13130.31738281	9448.60449219	4627.04980469	3298.51147461	323.43829346	192.29606628	384.55093384	142.81260681
0.00002860	11510.49316406	8545.65625000	3843.64404297	2910.05029297	272.12451172	170.40272522	334.08218384	118.89208221
0.00003180	11343.83789062	8398.70898437	3817.04980469	2878.68164062	253.13356018	167.67822266	331.31420898	116.53401184
0.00003500	11175.11328125	8262.77148437	3792.00170898	2849.61743164	236.06837463	164.80897522	328.76620483	120.97084045
0.00003820	10999.59277344	8124.67968750	3770.66455078	2819.71508789	217.34408569	162.33779907	326.31900024	128.52313232
0.00004140	10829.68554687	7997.83642578	3744.84326172	2789.49853516	197.43470764	159.33929443	324.13763428	136.68775940
0.00004460	10661.25683594	7874.58251953	3719.94970703	2761.01025391	177.58457947	156.75955200	321.74542236	141.02253723
0.00004780	10484.55468750	7753.48291016	3695.98413086	2732.05078125	160.25274658	153.97300720	319.60070801	141.13533020
0.00005100	10311.69335937	7637.40966797	3672.01831055	2703.40527344	151.39425659	150.93832397	316.91522217	141.93568420
0.00005740	10086.73925781	7490.01025391	3667.48510742	2664.34350586	146.37532043	146.59735107	315.91976929	145.07951355
0.00006380	9738.61132812	7318.61669922	3601.86816406	2601.98681641	139.20663452	140.86849976	311.21160889	145.53573608
0.00007020	9385.69824219	7150.95703125	3530.28613281	2538.31054687	132.65029907	135.21772766	306.83709717	134.58634949
0.00007660	9043.70117187	6974.62500000	3453.20971680	2515.26904297	126.07901001	129.04638672	302.02697754	121.69255829
0.00008300	8698.26464844	6790.46435547	3372.05200195	2515.50634766	118.07399750	123.35396576	295.58105469	123.30020905
0.00008940	8365.09082031	6595.94531250	3288.22558594	2408.35961914	110.62156677	117.04467010	288.70217896	123.41969299
0.00009580	8034.60839844	6394.31982422	3202.20141602	2353.87622070	102.64641571	112.94519043	282.36331177	120.69592285
0.00010220	7699.19140625	6187.03320312	3115.15698242	2359.70703125	94.92516327	110.04302216	276.05221558	126.19777679
0.00011500	7117.86718750	5826.58789062	2994.42480469	2244.29541016	94.35023499	104.90264130	265.43786621	121.62713623
0.00012780	6471.51562500	5399.19189453	2815.19116211	2118.46386719	94.85530090	100.12556458	252.65634155	118.24588776
0.00014060	5821.54052734	4983.42431641	2637.83715820	2002.55065918	74.24539948	93.07559967	240.05238342	109.03106689
0.00015340	5156.39013672	4575.26757812	2460.96289062	1892.69189453	52.45951080	86.25585175	227.54185486	111.46413422
0.00016620	4495.08984375	4164.06640625	2282.00927734	1783.15197754	22.89402771	80.88056946	214.60848999	102.43647003
0.00017900	3819.82202148	3748.84692383	2104.17529297	1711.17419434	4.16871834	76.81407166	201.42514038	94.51386261
0.00019180	3134.43750000	3327.96533203	1926.46130371	1663.93261719	3.50534177	74.82903290	188.56886292	91.71611786
0.00020460	2451.01611328	2919.74731445	1750.78674316	1543.85021973	3.79933810	73.05052185	176.09104919	88.13807678
0.00023020	1113.27014160	2191.38110352	1436.05285645	1397.50720215	24.88878250	65.84405518	151.79891968	77.95807648
0.00025580	186.17932129	1410.31921387	1118.69226074	1294.11035156	90.35567474	71.16567993	126.49791718	67.27998352
0.00028140	0.68504244	823.68939209	829.33996582	1190.35144043	133.60089111	76.17899323	102.17775726	56.70312881
0.00030700	0.45669496	1355.93139648	569.53741455	1094.30834961	123.81777954	79.47367859	78.90934753	46.87328339
0.00033260	0.60892665	1102.97521973	359.91067505	1001.08764648	116.26243591	83.25239563	57.75033188	40.06069183
0.00035820	0.60892665	1010.09600830	200.01347351	894.07073975	118.03702545	77.83528900	39.34831619	31.13828087
0.00038380	0.79921621	1097.01782227	72.50538635	845.06719971	116.90998840	65.87521362	31.52403069	24.58101654
0.00040940	0.79921621	1269.93554687	4.23877668	897.73840332	99.37958527	53.59953308	18.96452522	19.44633102
0.00046060	0.48337245	1826.72863770	4.95690918	1047.34985352	22.41838074	32.38785553	14.95212460	11.32060432
0.00051180	0.71539122	1845.92687988	5.48248577	1049.52539062	19.27008820	19.20181274	15.13958740	7.06932354
0.00056300	0.81173259	1683.55932617	5.62676191	1036.26867676	12.81983280	13.54795742	14.49424839	5.63809109
0.00061420	0.71509778	1010.49993896	5.63706732	944.44903564	4.04097080	8.92801571	14.43017292	5.51566982
0.00066540	0.56048203	839.92681885	5.57523489	746.61584473	4.14276314	12.11609077	13.63431931	5.35220575
0.00071660	0.69577080	607.89746094	4.84354973	570.24786377	4.19654036	13.59270000	12.48275566	5.18031645
0.00076780	0.86971349	19.07367516	5.40004253	413.83279419	4.11779547	12.47470760	11.00522804	4.68535233
0.00081900	2.20327425	0.32697728	5.54431868	245.93388367	4.78616858	10.17890739	7.25139093	4.31669474
0.00092140	15.08801937	49.18822861	5.64439344	93.67944336	5.14905596	7.51265287	5.02153969	4.13551712
0.00102380	15.30272675	217.91302490	5.04969740	32.93637085	4.62744808	5.35523033	4.81544065	4.19266653
0.00112620	0.72219497	12.19329262	3.40021753	7.51123428	4.27193880	4.59366226	4.28261423	4.27603102
0.00122860	0.81978893	5.37026930	2.66489434	3.42599726	5.35012245	4.36679792	3.91072702	4.30218410
0.00133100	0.64411986	3.08438206	2.89957190	3.15615296	4.03201866	4.27716637	4.11046124	4.26379108
0.00143340	0.72219497	0.29747847	2.98822784	7.75546026	3.79354763	4.27811575	4.63931322	4.12479305
0.00153580	0.74171376	0.25050819	2.53973293	10.06960106	4.41997814	4.14792395	4.74235535	4.03585672
0.00163820	0.58532202	0.31313524	3.16553998	9.29094505	3.83530974	4.18151093	4.54715443	3.97559261
0.00184300	0.73432738	0.96789098	6.81994295	5.71624231	3.88615251	4.35350513	3.71372581	4.06171560
0.00204780	0.59140462	1.70758009	5.55863714	5.04709768	4.18749952	4.49169254	4.12137890	4.36643791
0.00225260	4.25634909	5.45717382	3.13755369	5.77851105	4.37320805	4.40508556	3.97499967	4.32678366
0.00245740	6.12342834	2.10890079	6.40366697	3.95864391	4.21150923	4.11691666	4.48179197	4.03571558
0.00266220	0.70939153	2.01447225	7.73263693	4.14251089	4.26295900	4.05878305	4.46193790	3.84293818
0.00286700	0.65027559	5.47291183	3.64339066	3.59837842	4.77682972	4.08052254	4.45869064	3.83588600
0.00307180	4.36472845	1.68003845	8.08194447	6.04072571	5.01738596	4.12948799	4.07404900	3.99041700
0.00327660	6.02733135	1.98693073	10.13766766	8.13890934	4.70370483	4.20527363	4.05550194	4.03603268
0.00368620	0.61724544	8.65526009	8.39361858	6.49210262	3.94792461	4.43383169	3.86628485	4.21096945
0.00409580	0.71899080	8.36707973	8.08134174	5.92594051	3.89128709	4.42480278	3.73377681	4.34937191
0.00450540	2.54010248	4.26742792	4.19207764	5.71102858	4.39043236	4.81288099	4.38078547	4.45479441
0.00491500	3.37073040	1.50011349	2.81049013	5.55733109	4.60790300	4.42064047	4.57014608	4.48328304
0.00532460	0.67613471	4.41941309	4.52865171	4.50893593	3.87612200	4.08646059	4.00690460	4.16679811
0.00573420	0.72554892	4.78062487	5.72561836	4.04448318	4.10803699	4.38401079	3.94138932	3.99498606
0.00614380	2.53836679	3.94174552	4.49481440	3.61046386	4.07556009	4.81036758	3.77769709	4.23704243
0.00655340	5.26052904	0.63754821	6.65443230	5.32454681	4.11852026	4.70796967	3.94388986	4.34701109
0.00737260	2.98905325	0.29089165	3.93769097	5.47916603	4.69192648	4.66510057	4.38140440	4.23600817
0.00819180	9.98119068	0.31162474	6.23487425	6.19244385	4.33072233	4.42961740	4.09833574	4.00625372
0.00901100	5.26873207	0.29067561	8.61943531	7.84726810	3.99790001	4.26728868	4.15558004	4.17197418
0.00983020	0.59504646	2.39495230	8.62521076	6.44431543	4.01826668	4.25455332	4.11176777	4.47259808
0.01064940	5.25395346	0.47204858	9.69937038	7.02218866	4.17826653	4.49430323	4.52584457	4.32571983
0.01146860	5.33389521	0.30345979	7.86416674	5.07549381	4.39476204	4.51735926	4.55245638	4.43772745
0.01228780	0.64817274	2.38602710	9.97668457	5.46259069	4.40374184	4.22530413	4.01311541	4.54135847
0.01310700	5.31501627	0.47700706	7.19412136	5.19385910	4.65305042	4.24880314	3.91873026	4.26582336
0.01474540	1.79571533	1.33831882	6.69021273	4.99053955	4.30411673	4.23605728	4.22896910	4.39620543
0.01638380	0.63429350	3.51352715	4.79190063	4.37906170	4.20980167	4.32003546	3.90732479	4.24699688
0.01802220	1.83731222	0.52535927	4.59412670	6.62465620	4.60162449	4.31302404	4.00156355	4.21285200
0.01966060	1.80151987	3.45015097	6.01255941	5.08433580	4.10869932	4.57495880	3.86508489	4.39766502
0.02129900	8.84214211	1.57672310	6.13808346	4.56306076	4.22398996	4.29023504	3.85550761	4.45484400
0.02293740	7.67207956	3.54879761	5.51260090	4.34330750	4.05777216	4.33950472	4.11670303	4.46564007
0.02457580	4.12397671	2.63485670	6.08198595	6.58068275	4.43431139	4.47591734	3.90310717	4.12061787
0.02621420	6.50239134	1.49802744	7.08026648	5.65917110	3.85190392	4.15088749	4.10350895	4.33083248
0.02949100	4.76261282	0.89857590	6.39020920	4.91262054	4.50764513	4.23217630	4.08718300	4.29420519
0.03276780	2.98642778	4.02983332	6.09963655	4.68364382	4.34371281	4.30931711	4.00500059	4.25560760
0.03604460	3.55070877	2.14628029	6.41428852	4.63268137	4.18671322	4.30780506	4.36171913	4.29574537
0.03932140	4.67494392	1.97206593	6.95174646	4.63340044	4.32575083	4.37888193	4.31409311	4.16223717
0.04259820	2.93218780	1.99456489	5.52822447	5.92394066	4.34747601	4.33641243	4.01943350	4.21105480
0.04587500	1.16998768	4.08528185	5.59198284	5.91039610	4.06300735	4.32282782	4.01057434	4.32289410
0.04915180	3.55092096	1.08138204	6.60878706	5.58711004	4.44257069	4.32994556	4.23153400	4.25134945
0.05242860	2.91607380	0.85226440	6.11609554	4.80497122	4.43267965	4.33508492	3.99225044	4.23188019
0.05898220	3.20590305	0.66670877	5.71607018	4.81180334	4.33419180	4.20418072	4.14445591	4.29050493
0.06553581	3.19178200	2.14147210	6.05818510	4.67005444	4.14193201	4.26365185	4.17588091	4.30170298
0.07208940	2.90257978	1.99770427	5.71565151	5.02480125	4.29923248	4.23757505	3.88594174	4.22117376
0.07864300	2.31921101	1.96712768	5.92712975	5.36275244	4.07139444	4.13747215	4.04588842	4.28196001
0.08519660	3.16509581	2.23988843	6.40270901	5.27409697	4.28041410	4.13978195	3.87052393	4.20880795
0.09175020	2.86640120	1.98116291	5.33059311	5.39179850	3.98931122	4.16657829	3.96402311	4.39797640
0.09830380	2.29389453	1.16188955	5.34134388	4.93252373	4.13079548	4.01308012	3.92517686	4.11258936
0.10485740	3.14030337	1.63505518	5.54782009	4.72938347	4.04483795	4.04514980	3.93494987	4.18206263
0.11796460	2.40610623	1.53423405	5.28676462	4.73563004	4.01203060	4.00139713	3.67844462	4.07094049
0.13107181	2.39882326	1.77435493	5.75113392	5.23596573	3.93098974	4.05435133	3.85264921	4.05384827
0.14417900	3.10948825	2.18069506	5.64402008	4.98260164	4.00967073	3.94431782	3.79515982	4.02950954
0.15728620	2.38396549	1.69106281	6.03896236	4.64118052	3.90325975	4.00185919	3.72331285	4.03088236
0.17039341	3.25359035	1.78181672	5.70899820	4.48437786	3.93461251	3.96811295	3.77815938	4.10523939
0.18350060	1.78578210	1.92082345	5.37743950	4.83512306	3.90286255	3.95598769	3.68988109	3.97359419
0.19660780	3.38645601	1.66222382	5.66254187	5.54296684	3.86339521	3.91391134	3.81687355	4.01377201
0.20971501	2.94058943	1.37100577	5.74669981	5.00352907	3.97980356	3.81386757	3.72491693	3.96923041
0.23592941	2.40773225	2.18733525	6.08005190	5.45860720	3.84855413	3.87357116	3.69933391	3.96276736
0.26214382	2.54178071	2.11021590	5.54965496	4.82784700	3.80625796	3.75046444	3.65190840	3.89628983
0.28835821	3.26749659	1.24650049	5.46963835	3.81783247	3.82341599	3.83287764	3.73225856	3.89768028
0.31457260	1.67342770	2.31124926	4.97377396	4.10308981	3.84019804	3.75082445	3.74651837	3.90479612
0.34078699	2.05208611	1.94600058	5.06595612	3.56114626	3.83194375	3.73977184	3.62836885	3.90704298
0.36700141	2.50353479	2.65866828	4.25228643	3.50609469	3.69329548	3.73335457	3.67834520	3.78259110
0.39321581	2.64771867	1.33341873	4.14286423	3.33815956	3.58478284	3.68734288	3.58972311	3.78982878
0.41943020	2.32337141	2.27784109	3.82062650	2.47902632	3.71047592	3.67545033	3.50085807	3.81393409
0.47185901	2.41564798	1.22083640	3.52542377	2.72046494	3.54133272	3.59111404	3.56243587	3.78854108
0.52428782	0.00000000	0.00000000	0.00000000	0.00000000	3.51311731	3.57327342	3.54499078	3.67405796
0.57671660	0.00000000	0.00000000	0.00000000	0.00000000	3.40478468	3.48723912	3.44776487	3.64260197
0.62914538	0.00000000	0.00000000	0.00000000	0.00000000	3.43675756	3.43133903	3.43825436	3.63396311
0.68157423	0.00000000	0.00000000	0.00000000	0.00000000	3.31733823	3.44847083	3.27192998	3.60318732
0.73400301	0.00000000	0.00000000	0.00000000	0.00000000	3.23275185	3.35531974	3.25847769	3.51376534
0.78643179	0.00000000	0.00000000	0.00000000	0.00000000	3.13442326	3.30932570	3.29444933	3.46351600
0.83886063	0.00000000	0.00000000	0.00000000	0.00000000	3.22861099	3.28553796	3.26857686	3.40612936
0.94371825	0.00000000	0.00000000	0.00000000	0.00000000	2.93007421	3.14262605	3.16917920	3.29369283
1.04857588	0.00000000	0.00000000	0.00000000	0.00000000	2.93277788	2.92442536	3.11528039	3.10222578
1.15343344	0.00000000	0.00000000	0.00000000	0.00000000	2.47576880	2.55089331	2.82164598	2.96523786
1.25829101	0.00000000	0.00000000	0.00000000	0.00000000	2.05257726	1.97537506	2.51392484	2.59023452
1.36314869	0.00000000	0.00000000	0.00000000	0.00000000	0.00000000	0.00000000	0.00000000	0.00000000
1.46800625	0.00000000	0.00000000	0.00000000	0.00000000	0.00000000	0.00000000	0.00000000	0.00000000
1.57286382	0.00000000	0.00000000	0.00000000	0.00000000	0.00000000	0.00000000	0.00000000	0.00000000
1.67772150	0.00000000	0.00000000	0.00000000	0.00000000	0.00000000	0.00000000	0.00000000	0.00000000
1.88743675	0.00000000	0.00000000	0.00000000	0.00000000	0.00000000	0.00000000	0.00000000	0.00000000
2.09715199	0.00000000	0.00000000	0.00000000	0.00000000	0.00000000	0.00000000	0.00000000	0.00000000
2.30686712	0.00000000	0.00000000	0.00000000	0.00000000	0.00000000	0.00000000	0.00000000	0.00000000
2.51658225	0.00000000	0.00000000	0.00000000	0.00000000	0.00000000	0.00000000	0.00000000	0.00000000
2.72629738	0.00000000	0.00000000	0.00000000	0.00000000	0.00000000	0.00000000	0.00000000	0.00000000
2.93601274	0.00000000	0.00000000	0.00000000	0.00000000	0.00000000	0.00000000	0.00000000	0.00000000
3.14572787	0.00000000	0.00000000	0.00000000	0.00000000	0.00000000	0.00000000	0.00000000	0.00000000
3.35544300	0.00000000	0.00000000	0.00000000	0.00000000	0.00000000	0.00000000	0.00000000	0.00000000
3.77487350	0.00000000	0.00000000	0.00000000	0.00000000	0.00000000	0.00000000	0.00000000	0.00000000
4.19430399	0.00000000	0.00000000	0.00000000	0.00000000	0.00000000	0.00000000	0.00000000	0.00000000
4.61373425	0.00000000	0.00000000	0.00000000	0.00000000	0.00000000	0.00000000	0.00000000	0.00000000
5.03316450	0.00000000	0.00000000	0.00000000	0.00000000	0.00000000	0.00000000	0.00000000	0.00000000
5.45259476	0.00000000	0.00000000	0.00000000	0.00000000	0.00000000	0.00000000	0.00000000	0.00000000
5.87202549	0.00000000	0.00000000	0.00000000	0.00000000	0.00000000	0.00000000	0.00000000	0.00000000
6.29145575	0.00000000	0.00000000	0.00000000	0.00000000	0.00000000	0.00000000	0.00000000	0.00000000
6.71088600	0.00000000	0.00000000	0.00000000	0.00000000	0.00000000	0.00000000	0.00000000	0.00000000
7.54974699	0.00000000	0.00000000	0.00000000	0.00000000	0.00000000	0.00000000	0.00000000	0.00000000
8.38860798	0.00000000	0.00000000	0.00000000	0.00000000	0.00000000	0.00000000	0.00000000	0.00000000
9.22746849	0.00000000	0.00000000	0.00000000	0.00000000	0.00000000	0.00000000	0.00000000	0.00000000
10.06632900	0.00000000	0.00000000	0.00000000	0.00000000	0.00000000	0.00000000	0.00000000	0.00000000
10.90518951	0.00000000	0.00000000	0.00000000	0.00000000	0.00000000	0.00000000	0.00000000	0.00000000
11.74405098	0.00000000	0.00000000	0.00000000	0.00000000	0.00000000	0.00000000	0.00000000	0.00000000
12.58291149	0.00000000	0.00000000	0.00000000	0.00000000	0.00000000	0.00000000	0.00000000	0.00000000
13.42177200	0.00000000	0.00000000	0.00000000	0.00000000	0.00000000	0.00000000	0.00000000	0.00000000
15.09949398	0.00000000	0.00000000	0.00000000	0.00000000	0.00000000	0.00000000	0.00000000	0.00000000
16.77721596	0.00000000	0.00000000	0.00000000	0.00000000	0.00000000	0.00000000	0.00000000	0.00000000
18.45493698	0.00000000	0.00000000	0.00000000	0.00000000	0.00000000	0.00000000	0.00000000	0.00000000
20.13265800	0.00000000	0.00000000	0.00000000	0.00000000	0.00000000	0.00000000	0.00000000	0.00000000
21.81037903	0.00000000	0.00000000	0.00000000	0.00000000	0.00000000	0.00000000	0.00000000	0.00000000
23.48810196	0.00000000	0.00000000	0.00000000	0.00000000	0.00000000	0.00000000	0.00000000	0.00000000
25.16582298	0.00000000	0.00000000	0.00000000	0.00000000	0.00000000	0.00000000	0.00000000	0.00000000
26.84354401	0.00000000	0.00000000	0.00000000	0.00000000	0.00000000	0.00000000	0.00000000	0.00000000
30.19898796	0.00000000	0.00000000	0.00000000	0.00000000	0.00000000	0.00000000	0.00000000	0.00000000
33.55443192	0.00000000	0.00000000	0.00000000	0.00000000	0.00000000	0.00000000	0.00000000	0.00000000
36.90987396	0.00000000	0.00000000	0.00000000	0.00000000	0.00000000	0.00000000	0.00000000	0.00000000
40.26531601	0.00000000	0.00000000	0.00000000	0.00000000	0.00000000	0.00000000	0.00000000	0.00000000
43.62075806	0.00000000	0.00000000	0.00000000	0.00000000	0.00000000	0.00000000	0.00000000	0.00000000
46.97620392	0.00000000	0.00000000	0.00000000	0.00000000	0.00000000	0.00000000	0.00000000	0.00000000
50.33164597	0.00000000	0.00000000	0.00000000	0.00000000	0.00000000	0.00000000	0.00000000	0.00000000
53.68708801	0.00000000	0.00000000	0.00000000	0.00000000	0.00000000	0.00000000	0.00000000	0.00000000
60.39797592	0.00000000	0.00000000	0.00000000	0.00000000	0.00000000	0.00000000	0.00000000	0.00000000
67.10886383	0.00000000	0.00000000	0.00000000	0.00000000	0.00000000	0.00000000	0.00000000	0.00000000
73.81974792	0.00000000	0.00000000	0.00000000	0.00000000	0.00000000	0.00000000	0.00000000	0.00000000
80.53063202	0.00000000	0.00000000	0.00000000	0.00000000	0.00000000	0.00000000	0.00000000	0.00000000
87.24151611	0.00000000	0.00000000	0.00000000	0.00000000	0.00000000	0.00000000	0.00000000	0.00000000
93.95240784	0.00000000	0.00000000	0.00000000	0.00000000	0.00000000	0.00000000	0.00000000	0.00000000
100.66329193	0.00000000	0.00000000	0.00000000	0.00000000	0.00000000	0.00000000	0.00000000	0.00000000
107.37417603	0.00000000	0.00000000	0.00000000	0.00000000	0.00000000	0.00000000	0.00000000	0.00000000
120.79595184	0.00000000	0.00000000	0.00000000	0.00000000	0.00000000	0.00000000	0.00000000	0.00000000
134.21772766	0.00000000	0.00000000	0.00000000	0.00000000	0.00000000	0.00000000	0.00000000	0.00000000
147.63949585	0.00000000	0.00000000	0.00000000	0.00000000	0.00000000	0.00000000	0.00000000	0.00000000
161.06126404	0.00000000	0.00000000	0.00000000	0.00000000	0.00000000	0.00000000	0.00000000	0.00000000
174.48303223	0.00000000	0.00000000	0.00000000	0.00000000	0.00000000	0.00000000	0.00000000	0.00000000
187.90481567	0.00000000	0.00000000	0.00000000	0.00000000	0.00000000	0.00000000	0.00000000	0.00000000
201.32658386	0.00000000	0.00000000	0.00000000	0.00000000	0.00000000	0.00000000	0.00000000	0.00000000
214.74835205	0.00000000	0.00000000	0.00000000	0.00000000	0.00000000	0.00000000	0.00000000	0.00000000
241.59190369	0.00000000	0.00000000	0.00000000	0.00000000	0.00000000	0.00000000	0.00000000	0.00000000
268.43545532	0.00000000	0.00000000	0.00000000	0.00000000	0.00000000	0.00000000	0.00000000	0.00000000
295.27899170	0.00000000	0.00000000	0.00000000	0.00000000	0.00000000	0.00000000	0.00000000	0.00000000
322.12252808	0.00000000	0.00000000	0.00000000	0.00000000	0.00000000	0.00000000	0.00000000	0.00000000
348.96606445	0.00000000	0.00000000	0.00000000	0.00000000	0.00000000	0.00000000	0.00000000	0.00000000
375.80963135	0.00000000	0.00000000	0.00000000	0.00000000	0.00000000	0.00000000	0.00000000	0.00000000
402.65316772	0.00000000	0.00000000	0.00000000	0.00000000	0.00000000	0.00000000	0.00000000	0.00000000
429.49670410	0.00000000	0.00000000	0.00000000	0.00000000	0.00000000	0.00000000	0.00000000	0.00000000
483.18380737	0.00000000	0.00000000	0.00000000	0.00000000	0.00000000	0.00000000	0.00000000	0.00000000
536.87091064	0.00000000	0.00000000	0.00000000	0.00000000	0.00000000	0.00000000	0.00000000	0.00000000
590.55798340	0.00000000	0.00000000	0.00000000	0.00000000	0.00000000	0.00000000	0.00000000	0.00000000
644.24505615	0.00000000	0.00000000	0.00000000	0.00000000	0.00000000	0.00000000	0.00000000	0.00000000
697.93212891	0.00000000	0.00000000	0.00000000	0.00000000	0.00000000	0.00000000	0.00000000	0.00000000
751.61926270	0.00000000	0.00000000	0.00000000	0.00000000	0.00000000	0.00000000	0.00000000	0.00000000
805.30633545	0.00000000	0.00000000	0.00000000	0.00000000	0.00000000	0.00000000	0.00000000	0.00000000
858.99340820	0.00000000	0.00000000	0.00000000	0.00000000	0.00000000	0.00000000	0.00000000	0.00000000
966.36761475	0.00000000	0.00000000	0.00000000	0.00000000	0.00000000	0.00000000	0.00000000	0.00000000
1073.74182129	0.00000000	0.00000000	0.00000000	0.00000000	0.00000000	0.00000000	0.00000000	0.00000000
1181.11596680	0.00000000	0.00000000	0.00000000	0.00000000	0.00000000	0.00000000	0.00000000	0.00000000
1288.49011230	0.00000000	0.00000000	0.00000000	0.00000000	0.00000000	0.00000000	0.00000000	0.00000000
1395.86425781	0.00000000	0.00000000	0.00000000	0.00000000	0.00000000	0.00000000	0.00000000	0.00000000
1503.23852539	0.00000000	0.00000000	0.00000000	0.00000000	0.00000000	0.00000000	0.00000000	0.00000000
1610.61267090	0.00000000	0.00000000	0.00000000	0.00000000	0.00000000	0.00000000	0.00000000	0.00000000
1717.98681641	0.00000000	0.00000000	0.00000000	0.00000000	0.00000000	0.00000000	0.00000000	0.00000000
1932.73522949	0.00000000	0.00000000	0.00000000	0.00000000	0.00000000	0.00000000	0.00000000	0.00000000
2147.48364258	0.00000000	0.00000000	0.00000000	0.00000000	0.00000000	0.00000000	0.00000000	0.00000000
2362.23193359	0.00000000	0.00000000	0.00000000	0.00000000	0.00000000	0.00000000	0.00000000	0.00000000
2576.98022461	0.00000000	0.00000000	0.00000000	0.00000000	0.00000000	0.00000000	0.00000000	0.00000000
2791.72851562	0.00000000	0.00000000	0.00000000	0.00000000	0.00000000	0.00000000	0.00000000	0.00000000
3006.47705078	0.00000000	0.00000000	0.00000000	0.00000000	0.00000000	0.00000000	0.00000000	0.00000000
3221.22534180	0.00000000	0.00000000	0.00000000	0.00000000	0.00000000	0.00000000	0.00000000	0.00000000
3435.97363281	0.00000000	0.00000000	0.00000000	0.00000000	0.00000000	0.00000000	0.00000000	0.00000000
0	0	0	0	0	0	0	0	0
