%5/20/2015 1:50:11 PM
%Duration	ID1		ID2		ID3		ID4		ID5		ID6		ID7		ID8
3000.000000	0.000000	0.000000	0.000000	0.000000	0.000000	0.000000	0.000000	0.000000
%Tau		Tau1		Tau2		Tau3		Tau4		Tau5		Tau6		Tau7		Tau8
%		0.000001	0.000002	0.000001	0.000256	0.000001	0.000002	0.000008	0.000016
%Delaytime	D1		D2		D3		D4		D5		D6		D7		D8
0.00000000	20.62894630	1410.95080566	68.53913879	5079.60107422	29.95931435	16.10980988	116.72714233	249.32231140
0.00000020	20.62894630	1215.58837891	34.26956940	5345.42236328	3.74491429	4.02745247	120.15113831	262.67886353
0.00000040	0.00000000	1041.93286133	0.00000000	5374.42089844	0.00000000	0.00000000	119.52859497	242.47280884
0.00000060	0.00000000	868.27740479	0.00000000	5390.53125000	0.00000000	4.02745247	115.48205566	250.34974670
0.00000080	0.00000000	716.32885742	0.00000000	5417.91894531	0.00000000	0.00000000	114.23696899	244.87013245
0.00000100	0.00000000	564.38031006	0.00000000	5376.03173828	0.00000000	0.00000000	109.56787872	243.84271240
0.00000120	0.00000000	390.72485352	0.00000000	5387.30908203	0.00000000	0.00000000	108.94533539	242.13032532
0.00000140	0.00000000	260.48321533	0.00000000	5314.81250000	0.00000000	4.02745247	106.45515442	243.15776062
0.00000160	0.00000000	173.65548706	0.00000000	5340.58935547	0.00000000	0.00000000	104.89879608	234.59585571
0.00000180	0.00000000	108.53467560	0.00000000	5350.25537109	0.00000000	4.02745247	99.91843414	237.33566284
0.00000200	0.00000000	43.41387177	0.00000000	5364.75488281	0.00000000	0.00000000	101.78607178	231.17111206
0.00000220	0.00000000	43.41387177	0.00000000	5298.70214844	0.00000000	4.02745247	96.80570984	232.54101562
0.00000240	0.00000000	65.12080383	0.00000000	5376.03173828	0.00000000	0.00000000	97.73953247	227.40386963
0.00000260	0.00000000	130.24160767	0.00000000	5306.75732422	0.00000000	4.02745247	92.75917053	227.06140137
0.00000280	0.00000000	217.06935120	0.00000000	5313.20166016	3.74491429	0.00000000	90.89154053	220.89683533
0.00000300	0.00000000	303.89709473	0.00000000	5280.98095703	0.00000000	0.00000000	89.33517456	223.29415894
0.00000340	0.00000000	444.99218750	0.00000000	5305.14648437	0.00000000	0.00000000	86.22245026	216.44465637
0.00000380	0.00000000	564.38031006	0.00000000	5301.11865234	0.00000000	0.00000000	81.70899963	213.01989746
0.00000420	10.31447315	618.64764404	0.00000000	5268.89794922	1.87245715	0.00000000	77.81809998	208.05400085
0.00000460	0.00000000	542.67340088	0.00000000	5293.06347656	0.00000000	0.00000000	72.83773804	204.28675842
0.00000500	0.00000000	401.57830811	0.00000000	5265.67578125	0.00000000	0.00000000	68.79119873	199.14962769
0.00000540	0.00000000	238.77629089	8.56739235	5262.45361328	0.00000000	0.00000000	64.27774811	195.55363464
0.00000580	0.00000000	86.82774353	0.00000000	5258.42626953	1.87245715	2.01372623	60.54248047	191.78639221
0.00000620	0.00000000	0.00000000	0.00000000	5247.95458984	3.74491429	0.00000000	56.18466568	186.30679321
0.00000700	0.00000000	0.00000000	0.00000000	5231.44140625	1.87245715	2.01372623	48.09158325	177.23118591
0.00000780	0.00000000	0.00000000	8.56739235	5219.35839844	0.00000000	2.01372623	41.08795547	169.43986511
0.00000860	0.00000000	0.00000000	4.28369617	5204.45654297	3.74491429	2.01372623	36.80796051	160.96357727
0.00000940	0.00000000	0.00000000	0.00000000	5189.95703125	0.93622857	2.01372623	33.69523621	151.71673584
0.00001020	0.00000000	0.00000000	8.56739235	5175.86035156	1.87245715	4.02745247	29.10396767	142.98361206
0.00001100	5.15723658	5.42673397	0.00000000	5161.36132812	0.93622857	2.01372623	24.51270103	134.25047302
0.00001180	0.00000000	0.00000000	0.00000000	5144.44531250	0.00000000	1.00686312	20.46615982	126.03105927
0.00001260	0.00000000	0.00000000	4.28369617	5134.37646484	1.87245715	2.01372623	19.37670708	116.86983490
0.00001420	2.57861829	2.71336699	0.00000000	5106.38476562	0.93622857	1.51029468	18.13161659	100.43099976
0.00001580	7.73585510	2.71336699	2.14184809	5073.15673828	0.93622857	1.51029468	17.74252701	86.43230438
0.00001740	2.57861829	0.00000000	6.42554426	5049.99804687	0.93622857	1.51029468	17.11998177	75.94399261
0.00001900	0.00000000	0.00000000	2.14184809	5026.23535156	0.46811429	1.00686312	15.71925545	65.02757263
0.00002060	0.00000000	5.42673397	2.14184809	4998.24365234	0.93622857	1.00686312	15.56361961	55.05297089
0.00002220	0.00000000	2.71336699	2.14184809	4971.45996094	1.87245715	1.00686312	14.74652958	48.03221893
0.00002380	2.57861829	0.00000000	2.14184809	4945.48242187	1.87245715	1.00686312	13.65707588	43.23756027
0.00002540	2.57861829	0.00000000	2.14184809	4922.72607422	0.46811429	2.01372623	12.60653210	38.99942017
0.00002860	1.19150102	1.24714327	0.98919916	4731.66064453	1.52946389	1.17953527	10.85575008	27.93460274
0.00003180	0.00000000	0.00000000	5.93519497	4684.64941406	1.09247422	1.41544235	9.68017006	18.71739769
0.00003500	2.38300204	3.74142981	0.00000000	4635.97607422	2.84043312	1.41544235	8.08211517	9.58104324
0.00003820	0.00000000	3.74142981	0.98919916	4604.99316406	1.74795878	0.94362825	7.05348253	2.08195662
0.00004140	1.19150102	2.49428654	0.00000000	4570.39404297	0.65548456	1.17953527	5.74932289	3.09261537
0.00004460	2.38300204	1.24714327	1.97839832	4523.77343750	2.62193823	0.70772117	4.29821587	13.72474384
0.00004780	2.38300204	2.49428654	2.96759748	4474.22070312	0.87397939	1.17953527	3.32468843	25.58987617
0.00005100	2.38300204	3.74142981	0.00000000	4424.76562500	0.87397939	1.17953527	2.13073945	37.53585815
0.00005740	1.79882872	1.26166296	0.99944609	4332.23779297	0.77057064	0.71179879	1.80860221	52.51045227
0.00006380	0.00000000	1.26166296	0.49972305	4240.24365234	1.43105972	0.94906503	2.03929114	49.54065704
0.00007020	2.99804783	0.63083148	0.99944609	4154.41845703	0.77057064	0.94906503	1.28263116	27.86725616
0.00007660	2.39843845	1.89249444	1.99889219	4067.85888672	0.77057064	1.54223073	1.06116962	8.26864147
0.00008300	2.39843845	1.89249444	2.49861526	3981.93579102	1.10081518	1.42359757	0.99657673	1.15944052
0.00008940	1.79882872	1.89249444	2.49861526	3894.73974609	0.88065213	1.42359757	1.02425945	1.08824682
0.00009580	1.79882872	0.63083148	0.99944609	3809.01245117	0.77057064	1.18633127	1.31954134	1.20012271
0.00010220	1.19921923	0.63083148	0.99944609	3726.22265625	1.54114127	1.42359757	1.13499010	1.32216907
0.00011500	1.51121604	1.91785419	0.75514734	3577.09082031	1.27652729	1.19490921	1.16517603	1.13097692
0.00012780	1.51121604	1.27856946	1.00686312	3418.82128906	1.55403328	1.25465465	22.55613708	1.24868047
0.00014060	2.11570239	1.27856946	1.25857890	3260.10986328	1.22102606	1.01567280	12.67302990	1.16168225
0.00015340	1.20897281	0.63928473	0.50343156	3101.49633789	1.49853206	1.85210931	2.08896112	1.13609445
0.00016620	1.81345928	1.91785419	0.25171578	2943.17797852	1.66503561	0.59745461	1.13732326	1.20262253
0.00017900	0.60448641	2.55713892	0.50343156	2787.73339844	1.22102606	1.19490921	1.27194512	28.18230820
0.00019180	2.11570239	1.27856946	2.01372623	2631.42895508	0.99902135	0.83613473	1.18838668	63.04812622
0.00020460	0.90672964	0.31964236	2.76887345	2475.98461914	1.22102606	1.07503033	1.10482824	66.95281219
0.00023020	2.44565821	0.80446905	1.52494419	2176.99804687	1.36833262	1.41011834	1.25567210	20.80138588
0.00025580	2.44565821	0.96536285	1.65202284	1862.27465820	1.17285657	1.44012082	1.14364183	46.78768158
0.00028140	0.91712189	1.12625659	1.77910149	1545.41491699	1.14493144	1.35011327	1.12497008	30.13422012
0.00030700	2.13995099	0.80446905	2.03325891	1223.22094727	1.50795841	1.41011834	1.35836637	1.16306615
0.00033260	2.13995099	1.76983190	1.14370811	892.39575195	1.28455710	1.47012341	1.21366072	1.12189567
0.00035820	1.68139005	0.80446905	1.65202284	566.95428467	1.28455710	1.29010832	1.12263620	1.18622458
0.00038380	1.37568283	1.28715038	1.65202284	262.33132935	1.53588355	1.29010832	1.22066259	1.18365145
0.00040940	1.83274758	2.09161949	1.52494419	34.22840500	1.25663197	1.50012589	1.22299659	1.21195614
0.00046060	1.68965578	1.93558621	2.12358379	0.22257210	1.02390730	1.17732561	1.27947545	1.17755353
0.00051180	1.68965578	1.77428734	1.41572249	0.24730234	1.20624697	1.22260737	1.15728498	1.12972760
0.00056300	1.38244569	1.20974135	1.80182862	0.27203259	1.36053443	1.28298306	1.20310640	1.15557945
0.00061420	1.38244569	1.77428734	1.41572249	0.27203259	1.47274339	1.31317091	1.17843330	1.14136088
0.00066540	1.30564308	1.93558621	1.22266936	0.21020699	1.19222081	1.28298306	1.19958174	1.15040910
0.00071660	0.53761774	1.77428734	1.48007345	0.21020699	1.30442989	1.55467355	1.19723189	1.15816462
0.00076780	1.53605080	0.96779311	2.05923271	0.19165932	1.57092631	1.26788914	1.17843330	1.14782393
0.00081900	0.69122285	1.37104023	1.54442453	0.25966746	1.13611639	1.28298306	1.17020893	1.18013871
0.00092140	1.55124652	1.66306078	1.45442736	82.42407227	1.44880331	1.36886120	1.34338415	1.13194799
0.00102380	1.78393352	3.16387177	1.35746562	282.67831421	1.30745661	1.24718463	1.23177993	1.10851490
0.00112620	1.43490303	1.37912357	1.68067169	312.40408325	1.33572590	1.31562769	1.19812155	1.15070200
0.00122860	1.78393352	1.70362329	1.80995405	340.14541626	1.38519728	1.28520858	1.26294827	1.49044549
0.00133100	1.12465370	1.37912357	1.80995405	244.56846619	1.19437921	1.28520858	3.95534849	1.17726147
0.00143340	1.20024204	1.25743628	1.68067169	9.19337082	1.17317724	1.37646604	7.30785894	1.37039721
0.00153580	1.85843921	1.58193588	1.19586253	0.25735238	1.25754380	1.17113686	6.96717596	1.27604413
0.00163820	1.58741677	1.74418569	1.77763355	0.23874858	1.16570079	1.20155597	1.28925645	1.13939488
0.00184300	1.33718872	1.41124904	1.72203028	0.21629784	1.30072439	1.22612441	1.21762908	1.22876370
0.00204780	1.53383410	1.39079618	1.44585562	0.45749328	1.22901857	1.33724189	1.22136652	1.25033820
0.00225260	1.73047948	1.41124904	1.55957460	0.22086325	1.17202067	1.28743064	1.29727280	1.24347365
0.00245740	1.57316315	1.61577797	1.68953919	0.24730462	1.33588982	1.39088488	1.30694067	1.25491464
0.00266220	1.57316315	1.61577797	1.67329359	0.21775250	1.30693030	1.37939000	1.24190545	1.36867082
0.00286700	1.27819502	1.37034333	1.70578480	0.46039099	1.38883603	1.20696628	1.27431226	1.21640921
0.00307180	1.94678938	1.73849523	1.59206581	2.05931640	1.14668000	1.29509389	1.23885465	1.23098457
0.00327660	1.59282768	1.30898464	1.36462784	2.03443050	1.33898044	1.34107363	1.24733710	1.12510753
0.00368620	1.53637779	1.46948338	1.68723571	0.22605555	1.22208142	1.16393685	1.25607085	1.21090150
0.00409580	1.81213784	1.49018025	1.49066460	0.22527604	1.32780397	1.26254284	1.26620889	1.30014229
0.00450540	1.63486350	1.34530163	1.90018785	0.23385057	1.26508713	1.31087911	1.29022968	1.24855721
0.00491500	1.80228925	1.72819519	1.67085481	0.21748103	1.35109878	1.23263645	1.22481060	1.17364383
0.00532460	1.67425787	2.08862019	1.65447390	0.25255862	1.33138776	1.31571376	1.21991634	1.17963409
0.00573420	1.61516643	1.31314242	1.74456906	0.22605555	1.28838193	1.30991769	1.25153494	1.15121913
0.00614380	1.52652919	1.59231448	1.43333137	0.21670152	1.27538800	1.31764579	1.26809680	1.15277922
0.00655340	1.69395494	1.41653943	1.44971228	0.23307106	1.30358791	1.26934505	1.25647390	1.18943584
0.00737260	1.50827610	1.60454905	1.55033529	0.22423969	1.27903485	1.33076859	1.22231472	1.20811296
0.00819180	1.64131260	1.28676498	1.45962417	0.21720779	1.28398812	1.30160642	1.24799323	1.33899736
0.00901100	1.59157586	1.45347142	1.52856028	0.20822257	1.27137351	1.28994155	1.22510731	1.24816799
0.00983020	1.59522462	1.46264470	1.51207983	0.22848366	1.33037114	1.25494695	1.24722135	1.21159887
0.01064940	1.56043780	1.51990128	1.55740106	0.22731195	1.26507092	1.31376016	1.24804413	1.20091879
0.01146860	1.71946323	1.52510643	1.65091288	0.20968737	1.36681688	1.30162108	1.23131382	1.24590266
0.01228780	1.60383272	1.59797835	1.50681818	1.22688591	1.32985914	1.30356383	1.29424584	1.14536691
0.01310700	1.49459326	1.43539739	1.66611958	1.27491486	1.27587295	1.28996480	1.25847197	1.16646028
0.01474540	1.57705998	1.50545228	1.57726049	0.21917988	1.32112420	1.27273488	1.23604906	1.18732941
0.01638380	1.76054120	1.44923496	1.58762348	0.21560703	1.32243049	1.26348519	1.27675867	1.20495045
0.01802220	1.63568020	1.64543104	1.54707003	0.21345487	1.27725017	1.30643427	1.26996183	1.18549669
0.01966060	1.53822422	1.44923496	1.66304851	0.73368996	1.30842459	1.33128381	1.25503123	1.25585699
0.02129900	1.59423959	1.81808364	1.63695490	1.79939914	1.30615449	1.23678350	1.25968671	1.15543020
0.02293740	1.69247377	1.51595831	1.70524764	0.21927322	1.33456588	1.33907223	1.24416506	1.18481433
0.02457580	1.50206840	1.46891141	1.63157988	0.21589759	1.30656147	1.31034827	1.24445927	1.20856655
0.02621420	1.61264038	1.49250817	1.69518650	0.75720602	1.38770247	1.31911182	1.24203122	1.17674291
0.02949100	1.60715473	1.59727895	1.59695673	0.21522149	1.31601024	1.27980506	1.24974859	1.26388907
0.03276780	1.60065496	1.56184220	1.57089424	1.27458525	1.29833257	1.27884638	1.25746036	1.22728050
0.03604460	1.65155780	1.51330423	1.67524886	0.74920481	1.33629727	1.26473963	1.26499915	1.18431425
0.03932140	1.55187500	1.64670205	1.62312388	0.74501830	1.30235863	1.28015244	1.25545359	1.17582774
0.04259820	1.66138983	1.60090935	1.67145300	0.22094187	1.31385899	1.30161357	1.26093984	1.24154603
0.04587500	1.57178676	1.59033716	1.56790960	0.74775809	1.28968382	1.30481684	1.22486293	1.21022773
0.04915180	1.61658835	1.62152863	1.64892066	1.00576591	1.34175003	1.29901922	1.24886620	1.19075060
0.05242860	1.70104861	1.55645931	1.54791403	0.22649592	1.33560312	1.30557668	1.25254261	1.24349809
0.05898220	1.64414680	1.59056032	1.61545420	0.62016732	1.29734778	1.28008437	1.26323283	1.20056832
0.06553581	1.63445592	1.49991894	1.66431248	0.47914496	1.29697931	1.29355764	1.25543702	1.16474342
0.07208940	1.61832130	1.57411885	1.59721124	0.48421612	1.28996646	1.27871823	1.25362086	1.18618965
0.07864300	1.58084166	1.55590522	1.58796906	0.74288982	1.31333244	1.27540433	1.25641346	1.19619334
0.08519660	1.61408162	1.50919271	1.62753987	0.48089454	1.29263341	1.29644561	1.24437845	1.19632685
0.09175020	1.60658979	1.58177137	1.54236281	0.75464350	1.27637053	1.29046190	1.25563335	1.20077658
0.09830380	1.57007587	1.52867877	1.58668339	0.47987789	1.31958652	1.27957225	1.25944567	1.18518519
0.10485740	1.58762753	1.63399589	1.61202192	0.74639559	1.30222344	1.27923000	1.24338067	1.16429293
0.11796460	1.63566911	1.51656735	1.57862544	0.54439735	1.28565288	1.26577437	1.23980701	1.19716823
0.13107181	1.56822109	1.54136384	1.57520878	0.34979644	1.28667676	1.27029228	1.23636079	1.19023442
0.14417900	1.54141867	1.57630324	1.55330968	0.41650495	1.29537952	1.28065360	1.23757625	1.21936238
0.15728620	1.56683242	1.57784319	1.54346597	0.60780776	1.28665996	1.29133892	1.24258912	1.20217144
0.17039341	1.58224738	1.53308082	1.56794155	0.92959279	1.28662217	1.26553440	1.22233963	1.20098972
0.18350060	1.57433856	1.54349875	1.56552160	0.47440526	1.28474474	1.26054132	1.22507811	1.23015535
0.19660780	1.56031084	1.50070739	1.54842389	0.86623114	1.28467798	1.25377893	1.23311698	1.19368410
0.20971501	1.63228500	1.50815201	1.54382837	0.47586429	1.28380275	1.25911427	1.22817552	1.19080567
0.23592941	1.57439685	1.48973322	1.52624559	0.47034502	1.27760231	1.24837649	1.23024321	1.18883479
0.26214382	1.56335568	1.51249564	1.51188576	0.53128463	1.25819707	1.23709631	1.21949232	1.16960001
0.28835821	1.56720734	1.49993479	1.50745392	0.46484604	1.25670016	1.24503326	1.21167028	1.15800083
0.31457260	1.55172944	1.46767533	1.53399277	0.46168500	1.24621284	1.23628116	1.21044898	1.17381263
0.34078699	1.57709670	1.51247513	1.51253855	0.71711749	1.24979234	1.22113442	1.20121574	1.16554809
0.36700141	1.51413536	1.43872118	1.51458955	0.58937389	1.24259508	1.23142314	1.19172680	1.14097321
0.39321581	1.53570890	1.48240244	1.51676023	0.35630286	1.23461437	1.21316755	1.20880270	1.14594626
0.41943020	1.53012085	1.47195554	1.51439857	0.67638123	1.22325420	1.21988690	1.19118011	1.14603567
0.47185901	1.51053679	1.45929778	1.48231936	0.47759441	1.21247423	1.19155061	1.18524384	1.13638628
0.52428782	1.50962520	1.44926310	1.47929049	0.66066617	1.20573020	1.18186319	1.17382014	1.12868404
0.57671660	1.48884928	1.43751192	1.44099998	0.52822530	1.19116068	1.16947198	1.15929794	1.12367797
0.62914538	1.47763121	1.39899528	1.43551016	0.49135524	1.17905617	1.16421783	1.14982247	1.11636424
0.68157423	1.45906925	1.40653491	1.43104625	0.48695880	1.16791975	1.14085925	1.14203238	1.09792840
0.73400301	1.44355547	1.41546404	1.41390443	0.54651451	1.15751934	1.13201272	1.12603295	1.08865023
0.78643179	1.42376447	1.35816109	1.41220272	0.69603246	1.14247286	1.11721671	1.11453855	1.07660317
0.83886063	1.43064725	1.38821971	1.42154610	0.43930513	1.12983751	1.10266006	1.10781646	1.07356131
0.94371825	1.40597212	1.36880362	1.36041868	0.46367642	1.10083640	1.06179643	1.07922864	1.02413940
1.04857588	1.36301005	1.33559656	1.32186091	0.39384714	1.07908964	1.04187644	1.05970287	1.02041340
1.15343344	1.34068191	1.32968104	1.28427720	0.40758175	1.06034851	1.01643419	1.04450107	1.00636816
1.25829101	1.31768310	1.26114118	1.26828420	0.42810020	1.04127431	0.99900699	1.05986643	1.05343699
1.36314869	1.27136838	1.23228872	1.24889195	0.41111130	1.04607558	0.99733728	1.05690980	1.03844965
1.46800625	1.25007188	1.19464970	1.21013081	0.40929693	1.04719532	0.99148673	1.05689836	1.04540420
1.57286382	1.22239566	1.17612684	1.19162893	0.42816240	1.04806793	0.99576783	1.05544114	1.04337394
1.67772150	1.19503951	1.13368928	1.15965974	0.44577894	1.06049812	0.98110479	1.05446970	1.03068137
1.88743675	1.12647879	1.04316401	1.07593262	0.35364488	1.06260109	0.99829721	1.06229019	1.05435407
2.09715199	1.08478200	1.03372371	1.02529979	0.98661399	1.06542540	1.01443481	1.05173719	1.03116214
2.30686712	1.05856550	1.02615988	1.04741561	1.01440144	1.07564580	1.02278459	1.04898977	1.02889955
2.51658225	1.02444363	0.99657828	1.04742801	1.12677479	1.08533716	1.02538276	1.03720725	1.03121185
2.72629738	1.04370391	0.96693778	1.00777686	1.05987561	1.09615493	1.02791703	1.02693164	1.02043951
2.93601274	1.03497767	0.94659519	1.00305283	1.02539062	1.10813844	1.03498685	1.02682841	1.00803173
3.14572787	1.06482756	0.96625125	1.05901062	1.27195239	1.11741376	1.03290975	1.02118015	1.01107371
3.35544300	1.05284762	0.97902691	1.11047614	1.00367785	1.12082148	1.00911999	1.00399554	1.01942694
3.77487350	0.00000000	0.00000000	0.00000000	0.00000000	1.09348845	0.96808666	0.96851110	1.02344501
4.19430399	0.00000000	0.00000000	0.00000000	0.00000000	1.03164554	0.91203105	0.95337677	0.97656250
4.61373425	0.00000000	0.00000000	0.00000000	0.00000000	0.00000000	0.00000000	0.00000000	0.00000000
5.03316450	0.00000000	0.00000000	0.00000000	0.00000000	0.00000000	0.00000000	0.00000000	0.00000000
5.45259476	0.00000000	0.00000000	0.00000000	0.00000000	0.00000000	0.00000000	0.00000000	0.00000000
5.87202549	0.00000000	0.00000000	0.00000000	0.00000000	0.00000000	0.00000000	0.00000000	0.00000000
6.29145575	0.00000000	0.00000000	0.00000000	0.00000000	0.00000000	0.00000000	0.00000000	0.00000000
6.71088600	0.00000000	0.00000000	0.00000000	0.00000000	0.00000000	0.00000000	0.00000000	0.00000000
7.54974699	0.00000000	0.00000000	0.00000000	0.00000000	0.00000000	0.00000000	0.00000000	0.00000000
8.38860798	0.00000000	0.00000000	0.00000000	0.00000000	0.00000000	0.00000000	0.00000000	0.00000000
9.22746849	0.00000000	0.00000000	0.00000000	0.00000000	0.00000000	0.00000000	0.00000000	0.00000000
10.06632900	0.00000000	0.00000000	0.00000000	0.00000000	0.00000000	0.00000000	0.00000000	0.00000000
10.90518951	0.00000000	0.00000000	0.00000000	0.00000000	0.00000000	0.00000000	0.00000000	0.00000000
11.74405098	0.00000000	0.00000000	0.00000000	0.00000000	0.00000000	0.00000000	0.00000000	0.00000000
12.58291149	0.00000000	0.00000000	0.00000000	0.00000000	0.00000000	0.00000000	0.00000000	0.00000000
13.42177200	0.00000000	0.00000000	0.00000000	0.00000000	0.00000000	0.00000000	0.00000000	0.00000000
15.09949398	0.00000000	0.00000000	0.00000000	0.00000000	0.00000000	0.00000000	0.00000000	0.00000000
16.77721596	0.00000000	0.00000000	0.00000000	0.00000000	0.00000000	0.00000000	0.00000000	0.00000000
18.45493698	0.00000000	0.00000000	0.00000000	0.00000000	0.00000000	0.00000000	0.00000000	0.00000000
20.13265800	0.00000000	0.00000000	0.00000000	0.00000000	0.00000000	0.00000000	0.00000000	0.00000000
21.81037903	0.00000000	0.00000000	0.00000000	0.00000000	0.00000000	0.00000000	0.00000000	0.00000000
23.48810196	0.00000000	0.00000000	0.00000000	0.00000000	0.00000000	0.00000000	0.00000000	0.00000000
25.16582298	0.00000000	0.00000000	0.00000000	0.00000000	0.00000000	0.00000000	0.00000000	0.00000000
26.84354401	0.00000000	0.00000000	0.00000000	0.00000000	0.00000000	0.00000000	0.00000000	0.00000000
30.19898796	0.00000000	0.00000000	0.00000000	0.00000000	0.00000000	0.00000000	0.00000000	0.00000000
33.55443192	0.00000000	0.00000000	0.00000000	0.00000000	0.00000000	0.00000000	0.00000000	0.00000000
36.90987396	0.00000000	0.00000000	0.00000000	0.00000000	0.00000000	0.00000000	0.00000000	0.00000000
40.26531601	0.00000000	0.00000000	0.00000000	0.00000000	0.00000000	0.00000000	0.00000000	0.00000000
43.62075806	0.00000000	0.00000000	0.00000000	0.00000000	0.00000000	0.00000000	0.00000000	0.00000000
46.97620392	0.00000000	0.00000000	0.00000000	0.00000000	0.00000000	0.00000000	0.00000000	0.00000000
50.33164597	0.00000000	0.00000000	0.00000000	0.00000000	0.00000000	0.00000000	0.00000000	0.00000000
53.68708801	0.00000000	0.00000000	0.00000000	0.00000000	0.00000000	0.00000000	0.00000000	0.00000000
60.39797592	0.00000000	0.00000000	0.00000000	0.00000000	0.00000000	0.00000000	0.00000000	0.00000000
67.10886383	0.00000000	0.00000000	0.00000000	0.00000000	0.00000000	0.00000000	0.00000000	0.00000000
73.81974792	0.00000000	0.00000000	0.00000000	0.00000000	0.00000000	0.00000000	0.00000000	0.00000000
80.53063202	0.00000000	0.00000000	0.00000000	0.00000000	0.00000000	0.00000000	0.00000000	0.00000000
87.24151611	0.00000000	0.00000000	0.00000000	0.00000000	0.00000000	0.00000000	0.00000000	0.00000000
93.95240784	0.00000000	0.00000000	0.00000000	0.00000000	0.00000000	0.00000000	0.00000000	0.00000000
100.66329193	0.00000000	0.00000000	0.00000000	0.00000000	0.00000000	0.00000000	0.00000000	0.00000000
107.37417603	0.00000000	0.00000000	0.00000000	0.00000000	0.00000000	0.00000000	0.00000000	0.00000000
120.79595184	0.00000000	0.00000000	0.00000000	0.00000000	0.00000000	0.00000000	0.00000000	0.00000000
134.21772766	0.00000000	0.00000000	0.00000000	0.00000000	0.00000000	0.00000000	0.00000000	0.00000000
147.63949585	0.00000000	0.00000000	0.00000000	0.00000000	0.00000000	0.00000000	0.00000000	0.00000000
161.06126404	0.00000000	0.00000000	0.00000000	0.00000000	0.00000000	0.00000000	0.00000000	0.00000000
174.48303223	0.00000000	0.00000000	0.00000000	0.00000000	0.00000000	0.00000000	0.00000000	0.00000000
187.90481567	0.00000000	0.00000000	0.00000000	0.00000000	0.00000000	0.00000000	0.00000000	0.00000000
201.32658386	0.00000000	0.00000000	0.00000000	0.00000000	0.00000000	0.00000000	0.00000000	0.00000000
214.74835205	0.00000000	0.00000000	0.00000000	0.00000000	0.00000000	0.00000000	0.00000000	0.00000000
241.59190369	0.00000000	0.00000000	0.00000000	0.00000000	0.00000000	0.00000000	0.00000000	0.00000000
268.43545532	0.00000000	0.00000000	0.00000000	0.00000000	0.00000000	0.00000000	0.00000000	0.00000000
295.27899170	0.00000000	0.00000000	0.00000000	0.00000000	0.00000000	0.00000000	0.00000000	0.00000000
322.12252808	0.00000000	0.00000000	0.00000000	0.00000000	0.00000000	0.00000000	0.00000000	0.00000000
348.96606445	0.00000000	0.00000000	0.00000000	0.00000000	0.00000000	0.00000000	0.00000000	0.00000000
375.80963135	0.00000000	0.00000000	0.00000000	0.00000000	0.00000000	0.00000000	0.00000000	0.00000000
402.65316772	0.00000000	0.00000000	0.00000000	0.00000000	0.00000000	0.00000000	0.00000000	0.00000000
429.49670410	0.00000000	0.00000000	0.00000000	0.00000000	0.00000000	0.00000000	0.00000000	0.00000000
483.18380737	0.00000000	0.00000000	0.00000000	0.00000000	0.00000000	0.00000000	0.00000000	0.00000000
536.87091064	0.00000000	0.00000000	0.00000000	0.00000000	0.00000000	0.00000000	0.00000000	0.00000000
590.55798340	0.00000000	0.00000000	0.00000000	0.00000000	0.00000000	0.00000000	0.00000000	0.00000000
644.24505615	0.00000000	0.00000000	0.00000000	0.00000000	0.00000000	0.00000000	0.00000000	0.00000000
697.93212891	0.00000000	0.00000000	0.00000000	0.00000000	0.00000000	0.00000000	0.00000000	0.00000000
751.61926270	0.00000000	0.00000000	0.00000000	0.00000000	0.00000000	0.00000000	0.00000000	0.00000000
805.30633545	0.00000000	0.00000000	0.00000000	0.00000000	0.00000000	0.00000000	0.00000000	0.00000000
858.99340820	0.00000000	0.00000000	0.00000000	0.00000000	0.00000000	0.00000000	0.00000000	0.00000000
966.36761475	0.00000000	0.00000000	0.00000000	0.00000000	0.00000000	0.00000000	0.00000000	0.00000000
1073.74182129	0.00000000	0.00000000	0.00000000	0.00000000	0.00000000	0.00000000	0.00000000	0.00000000
1181.11596680	0.00000000	0.00000000	0.00000000	0.00000000	0.00000000	0.00000000	0.00000000	0.00000000
1288.49011230	0.00000000	0.00000000	0.00000000	0.00000000	0.00000000	0.00000000	0.00000000	0.00000000
1395.86425781	0.00000000	0.00000000	0.00000000	0.00000000	0.00000000	0.00000000	0.00000000	0.00000000
1503.23852539	0.00000000	0.00000000	0.00000000	0.00000000	0.00000000	0.00000000	0.00000000	0.00000000
1610.61267090	0.00000000	0.00000000	0.00000000	0.00000000	0.00000000	0.00000000	0.00000000	0.00000000
1717.98681641	0.00000000	0.00000000	0.00000000	0.00000000	0.00000000	0.00000000	0.00000000	0.00000000
1932.73522949	0.00000000	0.00000000	0.00000000	0.00000000	0.00000000	0.00000000	0.00000000	0.00000000
2147.48364258	0.00000000	0.00000000	0.00000000	0.00000000	0.00000000	0.00000000	0.00000000	0.00000000
2362.23193359	0.00000000	0.00000000	0.00000000	0.00000000	0.00000000	0.00000000	0.00000000	0.00000000
2576.98022461	0.00000000	0.00000000	0.00000000	0.00000000	0.00000000	0.00000000	0.00000000	0.00000000
2791.72851562	0.00000000	0.00000000	0.00000000	0.00000000	0.00000000	0.00000000	0.00000000	0.00000000
3006.47705078	0.00000000	0.00000000	0.00000000	0.00000000	0.00000000	0.00000000	0.00000000	0.00000000
3221.22534180	0.00000000	0.00000000	0.00000000	0.00000000	0.00000000	0.00000000	0.00000000	0.00000000
3435.97363281	0.00000000	0.00000000	0.00000000	0.00000000	0.00000000	0.00000000	0.00000000	0.00000000
0	0	0	0	0	0	0	0	0
