%11/24/2014 6:43:56 AM
%Duration	ID1		ID2		ID3		ID4		ID5		ID6		ID7		ID8
3000.000000	2.212524	3.805161	4.825592	14.467239	7.286072	28.409958	27.799606	26.874542
%Tau		Tau1		Tau2		Tau3		Tau4		Tau5		Tau6		Tau7		Tau8
%		0.000002	0.000002	0.000001	0.000007	0.000003	0.000025	0.000024	0.000021
%Delaytime	D1		D2		D3		D4		D5		D6		D7		D8
0.00000000	8.25999546	20.71010780	13.53849316	5.52442551	8.44558716	1.81590819	2.86336374	3.57116127
0.00000020	2.06499887	4.03443623	3.27304244	1.81582797	2.14199662	1.50256014	1.48714149	1.71811545
0.00000040	2.75333190	0.80688727	1.48774648	1.50806046	1.65239739	1.52143657	1.47481716	1.40777516
0.00000060	2.06499887	2.15169954	1.78529584	1.56961393	2.20319653	1.41572881	1.50768220	1.58318484
0.00000080	2.75333190	2.42066193	1.63652122	1.52344882	1.10159826	1.46480739	1.42962778	1.36279833
0.00000100	1.37666595	2.15169954	1.04142261	1.23106980	2.32559633	1.47990859	1.49535775	1.52921271
0.00000120	4.12999773	2.15169954	1.33897185	1.50806046	1.95839691	1.57429039	1.47070909	1.51571965
0.00000140	2.75333190	2.42066193	1.04142261	1.53883719	1.16279817	1.51388597	1.53643906	1.33131456
0.00000160	2.06499887	0.26896244	1.04142261	1.50806046	1.83599710	1.47613323	1.39265466	1.51122189
0.00000180	0.00000000	1.07584977	2.08284521	1.40034187	2.50919604	1.49123442	1.31870842	1.36729610
0.00000200	0.00000000	0.80688727	1.04142261	1.81582797	1.46879768	1.39685249	1.46249282	1.39877987
0.00000220	1.37666595	1.07584977	1.93407047	1.53883719	1.16279817	1.51011074	1.47070909	1.39877987
0.00000240	0.00000000	1.07584977	2.08284521	1.66194415	1.65239739	1.53276241	1.49535775	1.62816179
0.00000260	0.00000000	0.53792489	0.89264792	1.44650698	1.16279817	1.42705464	1.45427656	1.40777516
0.00000280	2.06499887	0.26896244	0.89264792	1.56961393	1.10159826	1.47235799	1.45838463	1.45724976
0.00000300	0.00000000	1.88273704	1.19019723	1.15412796	1.52999759	1.42705464	1.46660089	1.47973812
0.00000340	0.34416649	1.34481215	0.89264792	1.26954067	1.40759778	1.46291983	1.57135808	1.41002405
0.00000380	1.72083247	2.01721811	1.11580992	1.39264774	1.46879768	1.47235799	1.40908718	1.45724976
0.00000420	2.06499887	1.34481215	1.33897185	1.35417676	1.62179744	1.42705464	1.38443840	1.42351711
0.00000460	2.06499887	0.94136852	1.04142261	1.20798719	1.34639788	1.47990859	1.36595178	1.45500088
0.00000500	1.72083247	1.21033096	0.74387324	1.46189535	1.59119749	1.46669507	1.48097932	1.46174741
0.00000540	1.03249943	1.21033096	1.04142261	1.33878839	1.74419725	1.38741422	1.30638397	1.45500088
0.00000580	2.40916538	2.55514312	0.89264792	1.18490469	1.74419725	1.48745906	1.35773551	1.43026364
0.00000620	1.03249943	0.67240608	1.93407047	1.21568143	1.37699783	1.37797606	1.37005997	1.38753557
0.00000700	2.06499887	1.27757156	1.19019723	1.35802388	1.42289782	1.37986374	1.38443840	1.39653099
0.00000780	0.68833297	0.87412786	0.81826061	1.48497796	1.26989806	1.38552666	1.43476295	1.42576599
0.00000860	0.86041623	1.68101513	1.04142261	1.30416453	1.56059754	1.35154915	1.40600610	1.31782150
0.00000940	1.54874921	1.61377454	1.15300357	1.29262328	0.99449843	1.39685249	1.33308685	1.31669712
0.00001020	0.68833297	1.27757156	1.56213391	1.32340002	1.26989806	1.34588623	1.36389780	1.29983079
0.00001100	1.20458269	1.41205275	1.04142261	1.36571801	1.39229786	1.31662786	1.32178950	1.31557262
0.00001180	1.03249943	0.73964667	1.04142261	1.25415230	1.36169791	1.31190872	1.34438419	1.32007039
0.00001260	1.20458269	1.74825573	0.92984158	1.39264774	1.00979841	1.32323456	1.31562734	1.30432844
0.00001420	1.20458269	1.17671061	1.11580992	1.24453461	1.33109796	1.26943684	1.30022180	1.29195988
0.00001580	0.77437460	1.34481215	1.13440669	1.25415230	1.19339812	1.29822338	1.25862706	1.28465104
0.00001740	1.29062438	0.97498882	1.30177820	1.20029306	1.40759778	1.26943684	1.29970825	1.25372946
0.00001900	1.29062438	1.31119180	0.92984158	1.10219216	1.16279817	1.24867284	1.21959984	1.25878942
0.00002060	0.94645786	1.00860906	1.00422895	1.19644594	1.27754796	1.25056052	1.24476206	1.26216269
0.00002220	1.63479078	1.14309037	1.07861626	1.22337556	1.13219821	1.27745926	1.19649160	1.21887243
0.00002380	1.20458269	1.04222941	1.15300357	1.28108203	1.12454820	1.22885263	1.21857285	1.19975734
0.00002540	0.77437460	1.07584977	0.96703523	1.18298113	1.14749825	1.21847057	1.13178861	1.20819044
0.00002860	0.69320685	1.08517742	1.08107746	1.14850378	1.19150436	1.15996873	1.17326128	1.16567230
0.00003180	1.08313572	1.28864813	1.25815046	1.06873322	1.05826902	1.14255035	1.13540590	1.16398323
0.00003500	0.86650860	1.03430974	1.21155226	1.10525477	1.17247069	1.13126481	1.14256775	1.13949323
0.00003820	1.03981030	1.00039792	1.15563452	1.08026636	1.06588244	1.10819697	1.10087574	1.10627675
0.00004140	0.90983403	1.18691278	1.23019159	1.14081514	1.00497496	1.09572148	1.09294653	1.10204065
0.00004460	0.90983403	1.06822145	0.94128293	1.07161653	1.06968927	1.06488597	1.10343349	1.06798017
0.00004780	0.95315945	1.18691278	0.95060259	1.05335581	1.09252954	1.08324599	1.06302023	1.06064820
0.00005100	0.77985775	1.15300095	1.12767553	1.09083831	1.08491611	1.05947208	1.06122983	1.07922649
0.00005740	1.10615778	1.20595443	1.01803160	1.03653049	0.99214840	1.03852260	1.05553889	1.05302501
0.00006380	1.17122591	0.93419003	0.98549175	1.03076136	1.08545983	1.04546726	1.02495754	1.03612256
0.00007020	0.60730231	0.97665322	1.03197718	1.01633835	1.06451237	1.03157794	1.00896847	1.01274085
0.00007660	1.01940036	0.94268268	0.92970920	1.04133821	1.07403398	1.03088343	1.02407360	1.01555789
0.00008300	0.97602159	1.07856488	1.10170543	0.96778107	1.05879951	1.02181995	1.00295210	1.00978291
0.00008940	0.84588534	0.99363846	1.11100256	1.01056921	0.99214840	1.01499283	0.98631090	1.01131976
0.00009580	1.19291520	1.20595443	0.94365484	1.02739596	0.95787072	1.00793040	1.00564027	1.02160192
0.00010220	1.01940036	0.98514587	1.14819086	0.98797321	1.01880884	1.01299191	1.02138543	0.99610770
0.00011500	0.86451489	1.02247715	0.94927579	1.00500226	0.95803708	1.00963008	1.01154232	1.00252914
0.00012780	1.19933033	1.01399183	0.91678226	1.00622630	0.99799496	1.01197422	1.00193667	0.99443859
0.00014060	1.09128249	0.95459485	0.95623875	1.01823664	1.02653623	0.99654496	0.99399590	0.99176514
0.00015340	0.88599175	0.95459485	0.97944838	1.00166237	0.98657840	1.00449514	1.00507450	0.99795622
0.00016620	1.09128249	1.03096247	0.91446131	1.01441646	0.99418944	1.00743973	0.98617166	1.01090121
0.00017900	0.98323470	1.03944778	1.04907739	1.00072443	1.06364000	1.00997198	1.00051594	1.00238848
0.00019180	0.96162516	0.97156543	0.90053546	1.00048423	0.99799496	0.99242264	0.99897909	1.00077033
0.00020460	1.22093987	1.03096247	1.00730002	1.01417625	1.01136029	1.00208068	1.00621521	1.00668001
0.00023020	1.07309818	0.97299892	0.94893831	0.98817641	1.01696360	0.99503034	1.00513589	1.00570536
0.00025580	1.06231332	1.04491627	1.02898324	0.99755782	1.02552950	0.99769390	1.00432372	1.00609207
0.00028140	0.94907176	1.05126190	1.04058397	0.99863774	0.98888642	0.99594390	0.99991757	1.00370371
0.00030700	1.07849061	0.99626631	1.00810194	0.98915887	0.97651345	0.99635643	0.99849707	0.99220771
0.00033260	0.87896985	1.02164888	1.05102456	0.98680431	1.00268710	1.00235009	1.00134635	0.99688345
0.00035820	0.89514720	0.98780543	1.01042211	1.00442004	1.05931723	0.99698663	1.01013029	1.00284755
0.00038380	1.06770575	1.02164888	0.97910017	0.99719787	1.01601183	1.00226164	1.00439966	0.99201965
0.00040940	0.87357742	1.00472713	0.98258036	0.99203855	1.02024829	1.00243843	1.00193453	1.00691533
0.00046060	0.99084359	0.96855712	0.98771363	0.99237239	1.01487315	1.00217474	0.99788994	1.00257766
0.00051180	1.09046650	1.01920068	0.99350327	0.98895127	1.00510323	0.99671096	1.00002062	1.00262010
0.00056300	1.02584624	0.98860353	1.01434600	0.99297261	0.99647945	1.00005817	1.00134611	1.00893736
0.00061420	0.96930355	0.98553282	0.99697709	0.98384959	1.00172162	0.99376190	0.99787730	1.00501263
0.00066540	0.94237846	1.02879500	1.00283802	1.00249290	0.98623347	0.99409759	1.00638425	0.99845117
0.00071660	0.96661103	0.98457211	1.02426124	1.00249290	1.00458097	1.00952137	1.00791812	1.00691092
0.00076780	0.95853353	1.02994895	0.99871397	0.99198961	0.98504210	0.99582624	1.00926793	1.00481927
0.00081900	1.04754686	0.99090379	0.94892299	1.00221574	0.98956937	1.00257623	1.00382924	0.99716991
0.00092140	0.93364334	1.02116692	0.98987252	1.00935793	1.01732290	0.99859631	1.00885129	0.99983960
0.00102380	0.96454090	1.01135957	1.03302372	1.00534594	0.99094385	1.00206566	0.99999541	1.00285149
0.00112620	0.99946856	1.00609481	0.99971908	1.00807512	0.99650842	1.00261807	1.00412118	0.99949718
0.00122860	1.06126368	0.99714476	1.01593697	1.00159693	1.00851738	0.99344778	0.99771285	1.00389791
0.00133100	1.00215530	0.98144454	1.00724888	0.98989290	1.02245545	1.00023854	0.99738866	0.99733871
0.00143340	1.02767932	0.98828942	0.98408037	0.99294400	0.98898894	1.00111878	0.99650377	0.99747401
0.00153580	0.93498671	1.02988493	1.00181746	1.00068140	1.00310087	1.00593436	0.99839753	0.99857515
0.00163820	0.98737818	0.98934245	1.00152791	1.00236094	0.99434328	0.99837691	1.00188243	0.99694192
0.00184300	0.99519598	0.95420367	0.97682512	0.99758655	0.99073231	0.99772799	1.00204742	1.00035346
0.00204780	0.96768212	0.99901122	0.99496281	0.99928832	1.00273883	0.99981654	1.00313735	1.00332570
0.00225260	1.04418409	1.00778794	0.98226911	1.00113916	1.00399172	1.00186288	0.99735123	0.99791378
0.00245740	0.95411474	0.99506563	1.01041687	1.00339651	0.99571300	0.99983919	0.99757540	1.00337386
0.00266220	0.99974048	0.99980032	0.99206078	1.01015270	0.99326694	1.00086796	0.99726707	1.00638604
0.00286700	0.98632115	1.00128257	0.97653490	1.00154495	0.99930662	1.00244963	0.99650151	1.00083268
0.00307180	1.02054048	0.98576498	1.01259220	1.00944781	0.99571300	1.00085998	0.99690717	0.99960941
0.00327660	0.99019551	1.00197566	0.98966449	1.00687551	1.00581372	0.99957651	1.00013673	1.00193202
0.00368620	0.98434258	1.01054263	1.01723766	1.00126147	0.99733996	0.99986535	1.00030959	1.00196540
0.00409580	1.02894819	1.00744605	1.00737774	1.00017083	1.00699925	1.00294209	1.00020540	1.00126731
0.00450540	0.99541014	0.99725294	1.00273550	0.99803644	1.00314224	0.99824077	0.99936521	1.00083661
0.00491500	0.97964728	1.00827074	1.00085020	0.99624872	0.98859543	1.00064349	1.00173616	1.00043917
0.00532460	0.99541014	0.99853283	1.02202320	1.00211263	0.99209946	1.00122297	0.99934846	1.00031328
0.00573420	1.00528991	0.98573107	0.99613380	0.99802679	0.99805069	0.99908602	0.99683899	0.99969214
0.00614380	1.03699732	0.98853171	0.99627560	0.99933273	1.00249434	0.99874347	0.99653536	1.00112641
0.00655340	0.96988249	0.99511135	1.00440001	1.00009751	0.99803501	0.99882305	1.00095880	1.00200844
0.00737260	1.01363766	1.01175106	0.99836206	1.00069892	0.99465978	0.99857038	1.00115621	1.00172126
0.00819180	1.00173891	1.00324011	1.00778067	0.99861509	1.00122225	1.00062621	0.99999917	1.00070512
0.00901100	1.00608706	0.99180675	1.00274134	0.99933231	1.00253320	0.99863327	0.99997848	1.00202024
0.00983020	0.99316692	1.01670790	1.01441121	0.99655080	0.99392694	0.99964690	0.99991888	0.99959898
0.01064940	1.00642264	0.99908888	0.99673164	1.00088108	0.99182290	0.99873537	1.00160265	0.99942410
0.01146860	1.00170982	0.99563462	1.01655030	0.99943167	0.99965662	0.99935615	0.99996662	1.00047672
0.01228780	1.00088549	0.99550962	0.99947959	0.99991959	0.99877638	1.00133634	1.00178266	1.00152576
0.01310700	1.01482475	1.00720489	1.00263262	1.00418127	1.00456405	0.99998814	0.99931806	1.00029314
0.01474540	1.00172102	0.99513155	1.00529754	1.00035453	0.99930167	1.00151694	1.00115657	1.00123203
0.01638380	1.02001536	1.00318182	0.99931520	0.99911416	1.00068998	1.00217021	0.99954498	0.99958020
0.01802220	1.00279808	1.01227820	1.00004566	0.99816793	0.99712455	0.99979454	0.99993217	0.99923921
0.01966060	1.00334525	1.00879240	0.99780947	0.99982971	0.99945599	1.00111902	1.00085616	1.00091231
0.02129900	1.00191820	1.00113463	0.99939859	1.00125182	0.99678177	1.00204098	1.00121975	0.99975163
0.02293740	0.98219043	1.00401640	1.00257599	1.00062788	1.00084007	0.99985278	0.99954534	0.99923933
0.02457580	0.99436289	0.99524337	1.00449276	0.99826866	0.99901426	1.00077975	0.99767107	1.00036848
0.02621420	0.98690844	1.00289631	1.00182521	1.00022781	1.00074959	1.00012636	1.00291145	0.99957949
0.02949100	1.00561166	1.01081610	0.99908894	1.00018036	1.00110519	1.00016868	0.99954599	1.00116038
0.03276780	1.00598967	1.00355577	0.99836832	1.00068331	0.99765944	1.00060642	1.00000489	1.00047195
0.03604460	1.00049102	1.00456667	0.99718052	1.00080967	1.00050938	0.99917620	1.00061190	1.00007772
0.03932140	0.99200267	1.00534368	1.00075650	0.99781114	1.00055206	1.00010848	1.00063956	1.00073516
0.04259820	1.00198936	1.00172353	0.99670154	0.99947739	1.00243807	1.00120115	0.99891812	1.00153422
0.04587500	1.00659120	1.00482023	1.00153780	1.00023007	0.99583954	0.99959314	1.00006318	1.00087106
0.04915180	1.00464654	0.99784052	0.99481952	1.00079870	0.99924958	1.00129068	0.99929488	1.00082290
0.05242860	1.00368106	1.00588453	0.99846327	0.99789780	0.99754119	0.99899673	1.00096190	0.99960381
0.05898220	1.00188124	1.00262713	0.99727046	1.00104201	1.00099349	1.00057542	1.00005722	1.00074375
0.06553581	1.00233686	1.00382900	1.00074792	0.99941599	1.00223780	1.00028980	0.99978441	1.00063097
0.07208940	1.00259972	1.00123072	0.99888569	1.00071299	1.00066233	1.00122523	1.00002599	1.00052822
0.07864300	0.99972963	1.00806177	1.00024569	0.99985999	1.00191319	1.00050044	1.00047183	1.00127876
0.08519660	0.99795353	1.00650918	1.00235116	1.00091541	1.00105941	1.00030875	1.00013411	1.00012147
0.09175020	1.00413132	0.99707866	1.00320363	0.99931222	1.00154233	1.00018382	1.00091708	1.00009739
0.09830380	0.99538732	1.00814223	0.99837440	1.00007761	0.99986327	1.00072992	1.00054395	1.00040960
0.10485740	0.99407578	1.00294769	0.99655885	1.00182664	1.00246882	1.00037301	0.99979985	1.00164521
0.11796460	1.00483966	1.00378740	1.00062537	1.00082588	0.99932700	1.00037611	1.00043523	1.00014412
0.13107181	1.00480878	1.00134289	1.00042248	1.00088322	0.99967211	0.99966037	0.99996299	0.99997693
0.14417900	0.99686754	1.00529766	0.99873012	1.00076330	1.00180590	1.00058258	1.00013006	1.00070727
0.15728620	1.00330412	1.00410497	0.99937940	1.00087786	0.99991190	1.00053608	1.00002122	1.00057721
0.17039341	1.00081551	1.00306237	0.99957722	1.00003183	1.00129807	1.00047743	1.00067520	1.00045800
0.18350060	1.00469470	1.00265539	0.99938774	1.00020957	1.00025225	1.00032568	0.99966377	1.00074124
0.19660780	1.00521410	1.00058925	1.00129640	1.00042605	0.99975193	1.00004625	0.99987221	1.00038135
0.20971501	1.00037909	1.00150216	1.00265920	0.99984425	1.00128603	1.00030828	1.00045478	1.00010622
0.23592941	1.00170135	1.00486231	1.00100863	1.00000560	0.99969459	1.00025809	1.00022924	1.00019646
0.26214382	0.99931484	1.00792277	0.99991858	1.00017989	0.99993992	1.00030911	1.00006700	1.00040781
0.28835821	1.00556970	1.00533342	1.00037801	1.00010538	1.00064170	1.00045800	1.00046492	1.00081587
0.31457260	1.00438797	1.00357187	1.00104964	0.99962229	1.00020242	1.00020456	1.00012827	0.99999005
0.34078699	0.99538434	1.00377667	1.00070190	0.99992812	1.00119710	0.99972332	0.99998778	1.00064790
0.36700141	1.00521719	1.00402033	0.99978036	0.99973476	0.99992305	1.00014067	1.00025940	1.00063753
0.39321581	1.00164044	1.00768149	1.00016272	1.00044727	0.99996752	1.00022054	1.00018072	0.99995905
0.41943020	1.00127637	1.00305605	0.99918252	1.00008035	1.00086188	1.00010335	1.00031865	1.00056159
0.47185901	1.00114942	1.00214255	0.99861395	0.99967700	1.00014317	1.00009954	1.00042593	1.00035620
0.52428782	1.00313222	1.00448275	1.00041831	1.00003910	1.00069606	0.99983090	1.00025880	1.00059628
0.57671660	1.00078821	1.00314772	0.99965739	0.99960035	1.00062478	0.99994022	0.99992079	1.00029898
0.62914538	1.00082731	1.00413501	0.99961352	0.99996525	0.99990195	1.00004327	1.00020576	1.00053167
0.68157423	0.99917656	1.00367415	0.99947226	1.00012815	0.99992275	1.00004232	0.99989069	1.00044823
0.73400301	0.99998140	1.00199592	0.99884969	0.99988556	1.00025725	0.99990439	0.99991047	1.00055468
0.78643179	1.00053036	1.00287330	1.00000215	1.00032258	0.99982625	1.00012028	1.00010943	1.00043428
0.83886063	1.00020027	1.00162959	0.99946159	0.99971181	1.00181878	1.00009406	0.99995035	1.00024748
0.94371825	1.00053573	1.00228035	0.99968052	1.00000250	1.00053108	1.00020289	1.00006688	0.99996340
1.04857588	1.00066471	1.00111377	0.99996960	0.99996471	1.00007784	1.00017953	0.99987072	0.99997938
1.15343344	0.99723750	1.00205147	1.00043082	0.99990159	1.00011575	0.99995381	1.00004578	1.00008130
1.25829101	0.99967629	1.00273299	1.00026381	0.99988526	1.00030458	1.00036418	1.00016999	1.00031638
1.36314869	1.00031745	1.00205958	1.00082874	0.99980342	0.99969631	1.00035596	0.99986213	0.99998504
1.46800625	0.99879730	1.00100458	1.00065088	0.99991548	0.99999672	1.00006068	0.99993086	1.00004649
1.57286382	0.99763250	1.00148034	1.00046790	0.99987972	0.99972951	1.00014877	0.99996424	1.00021994
1.67772150	0.99745619	1.00158966	0.99963278	0.99996793	0.99965435	0.99998611	0.99980718	0.99975193
1.88743675	0.99989444	1.00276232	0.99985319	1.00019431	1.00007141	0.99983782	0.99986392	0.99992567
2.09715199	0.99843758	1.00141644	0.99921024	0.99988854	0.99943084	0.99990869	0.99982291	0.99996644
2.30686712	0.99955857	1.00088882	0.99967957	0.99991661	0.99927360	0.99997282	0.99989676	0.99982780
2.51658225	0.99697423	1.00178671	0.99992621	0.99999577	0.99997056	1.00003171	0.99978650	0.99966723
2.72629738	1.00028193	1.00032461	1.00080478	1.00000000	0.99976796	1.00015652	0.99983394	0.99978131
2.93601274	0.99693823	0.99905723	0.99983048	1.00009906	0.99940383	1.00021088	0.99968445	0.99995917
3.14572787	0.99970490	1.00062728	0.99999225	0.99976194	0.99970299	0.99993360	0.99985427	0.99961543
3.35544300	0.99699861	0.99871123	0.99952674	0.99983525	0.99949640	0.99987149	0.99991816	0.99979991
3.77487350	0.99779612	0.99996108	0.99970502	1.00005925	1.00017917	0.99993712	0.99996942	0.99998242
4.19430399	0.99831474	0.99991328	0.99995667	1.00000322	0.99979472	1.00005603	0.99987686	1.00020766
4.61373425	0.99977016	1.00005805	1.00053251	1.00000000	1.00016665	0.99999171	1.00008261	0.99982929
5.03316450	1.00000000	1.00000000	1.00000000	1.00000000	1.00000000	1.00000000	1.00000000	1.00000000
5.45259476	0.00000000	0.00000000	0.00000000	0.00000000	0.00000000	0.00000000	0.00000000	0.00000000
5.87202549	0.00000000	0.00000000	0.00000000	0.00000000	0.00000000	0.00000000	0.00000000	0.00000000
6.29145575	0.00000000	0.00000000	0.00000000	0.00000000	0.00000000	0.00000000	0.00000000	0.00000000
6.71088600	0.00000000	0.00000000	0.00000000	0.00000000	0.00000000	0.00000000	0.00000000	0.00000000
7.54974699	0.00000000	0.00000000	0.00000000	0.00000000	0.00000000	0.00000000	0.00000000	0.00000000
8.38860798	0.00000000	0.00000000	0.00000000	0.00000000	0.00000000	0.00000000	0.00000000	0.00000000
9.22746849	0.00000000	0.00000000	0.00000000	0.00000000	0.00000000	0.00000000	0.00000000	0.00000000
10.06632900	0.00000000	0.00000000	0.00000000	0.00000000	0.00000000	0.00000000	0.00000000	0.00000000
10.90518951	0.00000000	0.00000000	0.00000000	0.00000000	0.00000000	0.00000000	0.00000000	0.00000000
11.74405098	0.00000000	0.00000000	0.00000000	0.00000000	0.00000000	0.00000000	0.00000000	0.00000000
12.58291149	0.00000000	0.00000000	0.00000000	0.00000000	0.00000000	0.00000000	0.00000000	0.00000000
13.42177200	0.00000000	0.00000000	0.00000000	0.00000000	0.00000000	0.00000000	0.00000000	0.00000000
15.09949398	0.00000000	0.00000000	0.00000000	0.00000000	0.00000000	0.00000000	0.00000000	0.00000000
16.77721596	0.00000000	0.00000000	0.00000000	0.00000000	0.00000000	0.00000000	0.00000000	0.00000000
18.45493698	0.00000000	0.00000000	0.00000000	0.00000000	0.00000000	0.00000000	0.00000000	0.00000000
20.13265800	0.00000000	0.00000000	0.00000000	0.00000000	0.00000000	0.00000000	0.00000000	0.00000000
21.81037903	0.00000000	0.00000000	0.00000000	0.00000000	0.00000000	0.00000000	0.00000000	0.00000000
23.48810196	0.00000000	0.00000000	0.00000000	0.00000000	0.00000000	0.00000000	0.00000000	0.00000000
25.16582298	0.00000000	0.00000000	0.00000000	0.00000000	0.00000000	0.00000000	0.00000000	0.00000000
26.84354401	0.00000000	0.00000000	0.00000000	0.00000000	0.00000000	0.00000000	0.00000000	0.00000000
30.19898796	0.00000000	0.00000000	0.00000000	0.00000000	0.00000000	0.00000000	0.00000000	0.00000000
33.55443192	0.00000000	0.00000000	0.00000000	0.00000000	0.00000000	0.00000000	0.00000000	0.00000000
36.90987396	0.00000000	0.00000000	0.00000000	0.00000000	0.00000000	0.00000000	0.00000000	0.00000000
40.26531601	0.00000000	0.00000000	0.00000000	0.00000000	0.00000000	0.00000000	0.00000000	0.00000000
43.62075806	0.00000000	0.00000000	0.00000000	0.00000000	0.00000000	0.00000000	0.00000000	0.00000000
46.97620392	0.00000000	0.00000000	0.00000000	0.00000000	0.00000000	0.00000000	0.00000000	0.00000000
50.33164597	0.00000000	0.00000000	0.00000000	0.00000000	0.00000000	0.00000000	0.00000000	0.00000000
53.68708801	0.00000000	0.00000000	0.00000000	0.00000000	0.00000000	0.00000000	0.00000000	0.00000000
60.39797592	0.00000000	0.00000000	0.00000000	0.00000000	0.00000000	0.00000000	0.00000000	0.00000000
67.10886383	0.00000000	0.00000000	0.00000000	0.00000000	0.00000000	0.00000000	0.00000000	0.00000000
73.81974792	0.00000000	0.00000000	0.00000000	0.00000000	0.00000000	0.00000000	0.00000000	0.00000000
80.53063202	0.00000000	0.00000000	0.00000000	0.00000000	0.00000000	0.00000000	0.00000000	0.00000000
87.24151611	0.00000000	0.00000000	0.00000000	0.00000000	0.00000000	0.00000000	0.00000000	0.00000000
93.95240784	0.00000000	0.00000000	0.00000000	0.00000000	0.00000000	0.00000000	0.00000000	0.00000000
100.66329193	0.00000000	0.00000000	0.00000000	0.00000000	0.00000000	0.00000000	0.00000000	0.00000000
107.37417603	0.00000000	0.00000000	0.00000000	0.00000000	0.00000000	0.00000000	0.00000000	0.00000000
120.79595184	0.00000000	0.00000000	0.00000000	0.00000000	0.00000000	0.00000000	0.00000000	0.00000000
134.21772766	0.00000000	0.00000000	0.00000000	0.00000000	0.00000000	0.00000000	0.00000000	0.00000000
147.63949585	0.00000000	0.00000000	0.00000000	0.00000000	0.00000000	0.00000000	0.00000000	0.00000000
161.06126404	0.00000000	0.00000000	0.00000000	0.00000000	0.00000000	0.00000000	0.00000000	0.00000000
174.48303223	0.00000000	0.00000000	0.00000000	0.00000000	0.00000000	0.00000000	0.00000000	0.00000000
187.90481567	0.00000000	0.00000000	0.00000000	0.00000000	0.00000000	0.00000000	0.00000000	0.00000000
201.32658386	0.00000000	0.00000000	0.00000000	0.00000000	0.00000000	0.00000000	0.00000000	0.00000000
214.74835205	0.00000000	0.00000000	0.00000000	0.00000000	0.00000000	0.00000000	0.00000000	0.00000000
241.59190369	0.00000000	0.00000000	0.00000000	0.00000000	0.00000000	0.00000000	0.00000000	0.00000000
268.43545532	0.00000000	0.00000000	0.00000000	0.00000000	0.00000000	0.00000000	0.00000000	0.00000000
295.27899170	0.00000000	0.00000000	0.00000000	0.00000000	0.00000000	0.00000000	0.00000000	0.00000000
322.12252808	0.00000000	0.00000000	0.00000000	0.00000000	0.00000000	0.00000000	0.00000000	0.00000000
348.96606445	0.00000000	0.00000000	0.00000000	0.00000000	0.00000000	0.00000000	0.00000000	0.00000000
375.80963135	0.00000000	0.00000000	0.00000000	0.00000000	0.00000000	0.00000000	0.00000000	0.00000000
402.65316772	0.00000000	0.00000000	0.00000000	0.00000000	0.00000000	0.00000000	0.00000000	0.00000000
429.49670410	0.00000000	0.00000000	0.00000000	0.00000000	0.00000000	0.00000000	0.00000000	0.00000000
483.18380737	0.00000000	0.00000000	0.00000000	0.00000000	0.00000000	0.00000000	0.00000000	0.00000000
536.87091064	0.00000000	0.00000000	0.00000000	0.00000000	0.00000000	0.00000000	0.00000000	0.00000000
590.55798340	0.00000000	0.00000000	0.00000000	0.00000000	0.00000000	0.00000000	0.00000000	0.00000000
644.24505615	0.00000000	0.00000000	0.00000000	0.00000000	0.00000000	0.00000000	0.00000000	0.00000000
697.93212891	0.00000000	0.00000000	0.00000000	0.00000000	0.00000000	0.00000000	0.00000000	0.00000000
751.61926270	0.00000000	0.00000000	0.00000000	0.00000000	0.00000000	0.00000000	0.00000000	0.00000000
805.30633545	0.00000000	0.00000000	0.00000000	0.00000000	0.00000000	0.00000000	0.00000000	0.00000000
858.99340820	0.00000000	0.00000000	0.00000000	0.00000000	0.00000000	0.00000000	0.00000000	0.00000000
966.36761475	0.00000000	0.00000000	0.00000000	0.00000000	0.00000000	0.00000000	0.00000000	0.00000000
1073.74182129	0.00000000	0.00000000	0.00000000	0.00000000	0.00000000	0.00000000	0.00000000	0.00000000
1181.11596680	0.00000000	0.00000000	0.00000000	0.00000000	0.00000000	0.00000000	0.00000000	0.00000000
1288.49011230	0.00000000	0.00000000	0.00000000	0.00000000	0.00000000	0.00000000	0.00000000	0.00000000
1395.86425781	0.00000000	0.00000000	0.00000000	0.00000000	0.00000000	0.00000000	0.00000000	0.00000000
1503.23852539	0.00000000	0.00000000	0.00000000	0.00000000	0.00000000	0.00000000	0.00000000	0.00000000
1610.61267090	0.00000000	0.00000000	0.00000000	0.00000000	0.00000000	0.00000000	0.00000000	0.00000000
1717.98681641	0.00000000	0.00000000	0.00000000	0.00000000	0.00000000	0.00000000	0.00000000	0.00000000
1932.73522949	0.00000000	0.00000000	0.00000000	0.00000000	0.00000000	0.00000000	0.00000000	0.00000000
2147.48364258	0.00000000	0.00000000	0.00000000	0.00000000	0.00000000	0.00000000	0.00000000	0.00000000
2362.23193359	0.00000000	0.00000000	0.00000000	0.00000000	0.00000000	0.00000000	0.00000000	0.00000000
2576.98022461	0.00000000	0.00000000	0.00000000	0.00000000	0.00000000	0.00000000	0.00000000	0.00000000
2791.72851562	0.00000000	0.00000000	0.00000000	0.00000000	0.00000000	0.00000000	0.00000000	0.00000000
3006.47705078	0.00000000	0.00000000	0.00000000	0.00000000	0.00000000	0.00000000	0.00000000	0.00000000
3221.22534180	0.00000000	0.00000000	0.00000000	0.00000000	0.00000000	0.00000000	0.00000000	0.00000000
3435.97363281	0.00000000	0.00000000	0.00000000	0.00000000	0.00000000	0.00000000	0.00000000	0.00000000
0	0	0	0	0	0	0	0	0
