%12/8/2014 7:42:28 PM
%Duration	ID1		ID2		ID3		ID4		ID5		ID6		ID7		ID8
3000.000000	2.374649	4.415512	27.122498	5.083084	6.618500	25.358200	20.666122	20.065308
%Tau		Tau1		Tau2		Tau3		Tau4		Tau5		Tau6		Tau7		Tau8
%		0.000002	0.000002	0.000025	0.000003	0.000003	0.000038	0.000035	0.000016
%Delaytime	D1		D2		D3		D4		D5		D6		D7		D8
0.00000000	7.39158583	19.28073502	3.89387751	13.37079525	8.36505508	1.99587178	3.65026283	4.44939613
0.00000020	3.07982755	2.84829044	1.79432833	2.72608447	1.70898974	1.48397720	1.63905513	1.93173385
0.00000040	1.23193097	1.75279403	1.53535318	1.94720328	1.34920239	1.48914778	1.56779182	1.43735647
0.00000060	0.61596549	1.31459558	1.47523391	1.42794907	1.88888335	1.31851625	1.55987370	1.32749474
0.00000080	3.07982755	2.19099259	1.40124094	1.55776262	0.71957463	1.41158807	1.30649316	1.40989101
0.00000100	0.61596549	0.87639701	1.37811816	1.29813552	1.88888335	1.53051305	1.55987370	1.49228728
0.00000120	3.07982755	1.09549630	1.55385137	1.68757617	0.98941511	1.32885766	1.42526531	1.31833971
0.00000140	0.61596549	1.09549630	1.43361282	1.16832197	1.61904287	1.47363591	1.58362806	1.30918455
0.00000160	1.84789646	1.53369486	1.37811816	1.81738973	1.52909613	1.34954023	1.35400200	1.28171909
0.00000180	0.00000000	2.41009188	1.59547234	1.42794907	2.06877708	1.55119562	1.44901967	1.62961423
0.00000200	1.84789646	1.97189331	1.59084785	1.03850842	1.61904287	1.48397720	1.54403734	1.28171909
0.00000220	2.46386194	1.31459558	1.47985840	1.55776262	1.25925565	1.48914778	1.47277415	1.45566666
0.00000240	1.84789646	1.75279403	1.45673561	2.33664393	1.97883022	1.41158807	1.35400200	1.56552827
0.00000260	1.23193097	0.65729779	1.48448300	1.29813552	1.16930878	1.31851625	1.60738254	1.47397697
0.00000280	0.00000000	0.43819851	1.35037088	1.94720328	1.16930878	1.30300438	1.29857504	1.42820132
0.00000300	0.61596549	1.53369486	1.48910761	1.81738973	1.07936192	1.40641737	1.28273880	1.21763313
0.00000340	2.46386194	1.31459558	1.41973925	1.62266934	1.07936192	1.40641737	1.59946442	1.40073586
0.00000380	1.84789646	1.64324439	1.47292161	1.88229644	0.85449487	1.42192936	1.57175088	1.52890778
0.00000420	0.92394823	0.43819851	1.33187258	1.03850842	1.25925565	1.46329451	1.65885043	1.49228728
0.00000460	0.92394823	0.87639701	1.48217070	1.29813552	1.30422902	1.50207448	1.45297873	1.31376207
0.00000500	0.61596549	1.09549630	1.39430416	1.49285579	1.52909613	1.43744135	1.46485603	1.41446853
0.00000540	1.53991377	1.31459558	1.43130064	1.36304224	1.30422902	1.37797880	1.40942895	1.40531349
0.00000580	0.30798274	0.76684743	1.41742694	1.55776262	0.98941511	1.33402824	1.47673321	1.51517510
0.00000620	0.92394823	1.31459558	1.48217070	0.51925421	1.30422902	1.53309834	1.29461598	1.39158070
0.00000700	1.38592231	1.04072154	1.43592513	1.26568210	1.64152968	1.45036793	1.41536760	1.43506765
0.00000780	2.00188780	1.47891998	1.37118137	1.33058894	1.41666257	1.43485594	1.44704020	1.33207238
0.00000860	1.07793963	1.80756891	1.37118137	1.23322868	1.32671571	1.42322206	1.41140854	1.43506765
0.00000940	0.92394823	1.64324439	1.43014443	1.16832197	1.39417589	1.43356335	1.48465133	1.26569760
0.00001020	2.00188780	1.75279403	1.35268307	1.39549565	1.05687523	1.46458721	1.41932666	1.28400791
0.00001100	2.00188780	1.31459558	1.35615158	1.33058894	1.25925565	1.43097794	1.37973595	1.38013685
0.00001180	0.92394823	1.91711855	1.38158655	1.65512276	1.28174233	1.49302578	1.36389971	1.39386952
0.00001260	1.23193097	1.36937034	1.35730767	1.13586855	1.39417589	1.41675866	1.35004294	1.40073586
0.00001420	1.38592231	1.23243332	1.34054363	1.23322868	1.31547236	1.38121045	1.35202253	1.35496020
0.00001580	1.53991377	1.17765856	1.36019802	1.15209520	1.40541923	1.31722367	1.28174901	1.30689573
0.00001740	1.07793963	1.09549630	1.32956028	1.02228165	1.23676884	1.30882132	1.38270533	1.29087424
0.00001900	1.15493524	1.53369486	1.28447092	1.11964190	1.22552550	1.33661354	1.35994065	1.32406163
0.00002060	1.23193097	1.12288368	1.27926826	1.18454862	1.34920239	1.28943133	1.34905314	1.26913083
0.00002220	1.46291804	0.93117183	1.23995948	1.34681559	1.21428216	1.30946767	1.29065692	1.32177281
0.00002380	0.53896981	0.95855927	1.25961387	1.20077538	1.24801230	1.29072404	1.33618617	1.28858542
0.00002540	1.38592231	1.01333404	1.28562701	1.33058894	1.10184860	1.28813875	1.26096392	1.25310934
0.00002860	1.08610463	0.93520689	1.26460326	1.26778877	1.20869696	1.25466263	1.24179649	1.24134862
0.00003180	0.77578902	1.10024345	1.19882309	1.30842304	1.29381645	1.24658263	1.27641451	1.22702098
0.00003500	1.00852573	0.96271300	1.21707487	1.12150538	1.32218957	1.21555543	1.26256728	1.20065808
0.00003820	0.89215732	1.05898428	1.19186997	0.97522211	0.97603697	1.23106909	1.18247080	1.15939438
0.00004140	1.08610463	1.04523122	1.17854333	1.11337852	1.15762520	1.15640986	1.14587402	1.16056108
0.00004460	1.35763073	1.12774956	1.17188001	1.14588594	1.18032384	1.13895702	1.12658656	1.16915786
0.00004780	0.93094677	0.97646606	1.10698473	1.08899796	1.06683111	1.15834904	1.17851436	1.15597618
0.00005100	1.08610463	0.90770084	1.13479698	1.15401280	1.22572088	1.12053466	1.18741632	1.09809148
0.00005740	0.96945435	0.94118690	1.11447418	1.18723118	1.14286661	1.12952757	1.12439418	1.10485196
0.00006380	1.08578885	1.05797660	1.10780585	1.08558464	1.08892405	1.09138644	1.07224047	1.09828639
0.00007020	1.41540337	1.00988674	1.06896925	1.08965051	1.10316408	1.10027528	1.05197215	1.05652237
0.00007660	1.06639981	1.11293638	1.04722452	1.04899192	1.09465635	1.07522488	1.08138585	1.07284272
0.00008300	1.24090159	0.92744696	1.07143366	1.08151889	1.07480502	1.07134616	1.07741344	1.02760398
0.00008940	1.00823247	1.03736663	1.05374801	1.15063846	1.06062555	1.07150781	1.05739260	1.02302289
0.00009580	1.27967966	1.01675665	1.03649724	0.90668684	1.03510249	1.07684112	1.01118851	1.01529229
0.00010220	0.77556348	0.94805688	1.05867684	1.02053094	1.00390768	1.04304969	1.06161201	1.02674508
0.00011500	0.98798150	0.98232180	1.03170502	0.99273068	1.03242147	1.04352021	1.04553866	1.03851008
0.00012780	1.12358677	0.90332389	1.00837243	1.04765630	1.00692952	1.03098381	1.01587105	1.01089203
0.00014060	1.01703978	0.98575646	1.01381981	0.96011817	1.03236401	1.01279914	1.02625477	1.00717402
0.00015340	1.23981988	0.98575646	1.00831270	1.10250854	0.99554449	1.01723409	1.00276780	0.99816477
0.00016620	0.99766755	1.01666868	1.01345742	0.98249382	1.04510927	1.00793278	1.02229905	1.01432419
0.00017900	0.91049272	0.97888708	1.00563157	1.02724504	1.05785453	1.00437403	1.00388038	1.01289415
0.00019180	0.95892322	1.11970949	1.00693583	0.99469870	1.08192885	1.00240636	1.01104999	0.99904042
0.00020460	1.16233110	0.97545242	1.01809502	1.05572319	1.02669954	1.01494253	1.01228619	0.97959161
0.00023020	1.03037083	0.97624034	1.00398397	1.02987278	1.01639116	0.99549615	1.01240051	1.00171208
0.00025580	1.01585853	1.03114319	0.99995357	0.94855732	1.01214445	0.99845147	1.00418115	1.02760088
0.00028140	1.01102114	1.02076054	0.99879527	1.01964831	1.01290846	1.00726354	0.99892813	1.01064003
0.00030700	1.08841991	1.01389837	1.00674748	1.01964831	0.97539335	1.00617051	0.97799414	1.00178373
0.00033260	0.95297205	1.09109867	0.99464524	1.09175491	0.93504691	0.99093568	1.00087678	1.00099647
0.00035820	1.15130639	0.97787148	0.99728757	1.02668917	0.98677349	0.99914038	0.99463487	0.99686325
0.00038380	1.07390761	1.04649401	0.99516320	0.96880460	1.04977417	1.00988185	0.99438763	0.97877395
0.00040940	0.94329721	1.04477847	0.99414968	1.02770460	1.05402136	0.99549776	1.00036597	0.99902791
0.00046060	1.05939531	1.04509532	0.99734467	0.97618473	0.99285918	0.99925184	0.99646825	0.99861103
0.00051180	1.02069592	0.98154807	1.00244319	1.01785421	0.98755544	0.99282968	1.00134051	1.00385559
0.00056300	1.04246438	0.94040954	0.99614447	0.97720104	0.99109125	0.98513246	1.00005746	0.99533522
0.00061420	1.02553344	0.95415068	1.00226223	1.00870728	1.03139961	0.99427974	0.99946958	0.99152231
0.00066540	0.95780951	1.03487992	1.00245035	1.01632977	1.00063801	1.00162590	0.99956238	1.00185049
0.00071660	1.03022122	1.00310349	0.99481893	1.03614819	0.99109125	1.00605786	0.99518329	1.01067472
0.00076780	1.03747630	0.98764473	0.99683923	1.01023173	0.99109125	0.99879962	0.99709982	1.00072265
0.00081900	0.95767045	0.97476244	0.99547052	1.03926635	1.00558817	1.00393987	1.00067246	1.01117599
0.00092140	0.92932475	1.00303006	1.01148009	1.01252365	1.00378489	1.00505733	0.99716717	1.01276910
0.00102380	0.98861760	1.00002062	0.99638879	0.98365259	1.01667213	1.00690532	1.00706077	0.99381042
0.00112620	1.03807914	0.97009337	0.99337184	1.03220582	0.99301624	1.00236928	0.99980825	0.99513394
0.00122860	0.95338744	1.00415075	0.99483341	1.02382839	0.99430716	0.99986714	1.00078261	0.99956959
0.00133100	1.00284696	0.97800285	1.00660205	0.99406028	1.00595009	1.00023139	0.99906492	1.00842309
0.00143340	0.97744310	0.96639067	0.99814463	0.98828757	0.99517900	1.00088847	0.99074590	1.01634598
0.00153580	1.03187990	1.01344502	1.00726044	0.99768049	1.01725090	0.99959713	1.00050330	1.00616968
0.00163820	1.02840018	0.98376435	1.00851572	0.99336481	1.00347805	0.99620074	0.99357367	1.00901306
0.00184300	0.99938720	1.00061369	1.00162542	0.98995507	1.00633180	1.00025070	1.00408840	1.00014937
0.00204780	0.99198818	1.01100791	1.00155902	0.99128872	1.01147938	0.99425191	0.99880379	0.99694926
0.00225260	1.00695455	0.96711671	0.99787271	0.98393548	0.98933780	0.99732375	1.00384879	0.99844235
0.00245740	1.02992237	0.98407990	0.99706447	0.99693328	0.99589729	0.99817044	1.00113797	1.00311673
0.00266220	0.99365747	0.99318427	1.00555694	0.99110109	1.00529504	0.99178052	1.00244343	1.00641429
0.00286700	0.97701740	1.01702070	1.00265455	0.99135464	0.98981291	1.00072646	1.00939035	0.99578732
0.00307180	0.98608625	0.97523034	0.99817628	1.00771022	1.00877297	0.99902475	0.99950325	0.99438381
0.00327660	0.96297204	1.02763200	1.00150752	1.00390661	1.01271617	0.99754971	0.99332649	0.99585944
0.00368620	0.99327904	1.00274467	1.00237668	1.00269938	0.98683578	0.99488848	1.00037563	0.99999797
0.00409580	1.01288331	0.98577267	1.00041521	0.97883338	0.99819201	0.99920964	0.99691629	0.99827725
0.00450540	0.99990535	0.99578375	0.99968499	1.00700450	1.01294899	0.99684858	0.99830312	1.00395954
0.00491500	0.98767436	1.02199137	0.99659079	1.00935447	1.00226498	0.99994195	0.99788302	1.00074208
0.00532460	1.00216353	1.00972676	0.99784702	0.99833715	0.98436373	1.00124872	0.99431783	1.00467384
0.00573420	0.98948550	0.99526793	0.99664187	0.98592681	1.00881946	0.99413204	0.99646205	1.00178325
0.00614380	0.99687475	0.98721302	1.00181341	1.00004673	1.00704193	1.00352597	1.00260520	1.00117135
0.00655340	1.02314007	0.98742783	1.00044608	0.99529505	0.99951643	1.00384712	0.99928802	0.99935246
0.00737260	1.01711535	1.00209188	0.99948603	0.99012828	1.00864732	1.00232387	1.00232494	0.99808639
0.00819180	0.98800635	1.01499045	0.99968511	1.00075924	1.01048779	0.99990720	0.99986875	1.00145411
0.00901100	1.00143671	1.00476754	0.99823177	1.01199412	0.99649954	0.99841565	0.99646974	1.00087619
0.00983020	1.00399542	1.00979304	1.00127804	0.99773562	0.99687415	0.99988586	0.99777395	0.99872041
0.01064940	1.00731397	0.99662012	0.99849331	0.99248022	1.00085318	0.99949855	0.99950194	0.99958718
0.01146860	1.00309038	0.99921793	0.99903661	1.00032532	1.00172436	1.00217235	1.00075197	0.99981737
0.01228780	0.99117398	1.00060499	1.00142324	0.99832499	1.00292623	1.00231647	0.99926734	1.00091827
0.01310700	0.99373829	1.00427675	1.00058854	1.00572765	1.00318134	0.99990582	1.00045955	1.00293982
0.01474540	1.00219095	0.99855351	0.99616945	1.00866246	0.99679434	1.00042641	0.99655980	1.00165844
0.01638380	0.99028337	1.00070155	0.99925792	0.99578667	1.00431371	1.00022268	1.00210118	1.00116110
0.01802220	1.01418102	1.01318896	1.00205767	1.00993752	1.00024092	1.00068772	1.00009561	1.00032508
0.01966060	1.01101387	0.99337620	0.99916911	0.99448001	0.99480182	0.99934894	1.00245833	1.00084162
0.02129900	0.99617070	0.99467993	0.99926424	1.00062919	1.00233817	1.00062299	0.99897623	1.00151360
0.02293740	1.01124418	0.99823165	0.99919665	1.00466061	0.99902296	0.99855131	1.00039208	1.00202346
0.02457580	1.00347805	1.00250888	0.99982011	0.99840522	0.99711716	0.99930173	1.00254488	0.99863213
0.02621420	0.99872798	1.00401008	1.00032938	1.00226748	1.00020397	0.99843770	0.99953341	1.00084198
0.02949100	0.99720722	0.99728376	1.00063038	1.00540662	1.00235808	0.99967092	1.00069690	1.00094104
0.03276780	1.00343430	1.00193501	1.00090373	0.99863058	1.00083375	1.00108099	0.99940103	1.00006974
0.03604460	1.01684034	1.00745273	1.00017142	1.00369883	0.99944329	1.00028884	0.99941361	0.99975502
0.03932140	1.00225067	0.99580640	1.00148332	1.00176418	1.00002396	1.00081456	1.00006223	1.00172591
0.04259820	1.00989199	0.99785525	0.99979973	0.99823838	1.00199926	0.99986678	1.00012445	1.00055373
0.04587500	0.99986935	1.00378335	1.00075769	1.00263560	1.00133908	1.00033545	1.00048971	1.00166190
0.04915180	1.00391114	1.00003338	1.00067008	0.99706054	0.99817359	1.00016558	0.99996412	0.99943715
0.05242860	0.99537987	1.00483370	0.99970478	0.99594957	1.00309920	0.99938345	0.99860013	1.00089800
0.05898220	0.99531180	0.99769139	0.99859524	0.99928069	1.00125027	1.00080407	0.99951875	1.00118721
0.06553581	1.00390959	0.99850380	0.99999785	0.99911219	1.00139117	0.99994314	0.99957722	1.00082016
0.07208940	1.00927722	0.99877197	1.00024211	0.99672586	0.99922842	1.00125635	1.00035465	1.00090349
0.07864300	1.00010586	1.00330198	0.99933052	1.00000906	1.00189924	0.99958450	0.99906266	1.00130379
0.08519660	1.00383806	0.99856228	0.99976325	1.00253808	1.00031579	1.00060391	1.00067389	1.00025487
0.09175020	1.00028884	0.99831438	0.99955094	1.00018489	0.99933159	0.99920416	1.00098693	0.99986976
0.09830380	0.99517351	1.00145888	0.99971974	0.99768102	0.99927086	0.99981022	0.99996299	1.00069726
0.10485740	0.99940276	0.99732256	0.99910617	1.00051010	1.00457668	1.00071037	1.00006366	1.00068641
0.11796460	0.99944061	1.00307178	1.00045586	1.00079226	0.99880344	1.00049126	1.00045884	1.00099123
0.13107181	1.00066459	0.99901545	0.99967980	0.99962944	0.99983424	1.00044119	0.99896991	1.00112259
0.14417900	0.99957961	0.99874717	1.00026762	0.99915141	1.00335395	0.99995989	0.99866003	1.00009358
0.15728620	1.00147581	1.00108504	1.00047052	0.99990457	0.99978518	0.99982041	1.00105262	1.00099945
0.17039341	0.99799943	0.99845076	1.00039256	0.99879003	0.99982536	1.00050163	0.99942887	1.00026977
0.18350060	0.99906808	0.99857050	1.00035179	1.00092506	1.00019777	1.00022495	1.00004196	1.00125337
0.19660780	0.99985331	1.00192022	1.00034273	1.00015569	0.99946910	0.99992907	1.00053108	1.00072801
0.20971501	0.99773395	0.99779522	0.99986911	1.00023162	1.00188875	0.99979907	0.99994439	0.99989164
0.23592941	1.00359583	1.00222683	0.99986047	0.99946600	1.00063705	0.99962747	0.99995488	1.00063455
0.26214382	1.00002480	0.99723208	1.00018251	0.99915975	0.99992758	0.99968016	1.00005054	1.00009656
0.28835821	0.99852747	1.00044453	0.99985754	1.00091469	0.99931395	0.99974406	1.00004780	1.00053144
0.31457260	1.00044990	1.00192297	0.99991924	0.99882722	0.99977297	1.00046766	1.00032771	1.00072896
0.34078699	1.00002706	0.99867588	0.99982965	0.99824280	1.00082171	0.99957037	0.99977475	1.00074792
0.36700141	0.99308223	1.00112379	0.99972284	1.00060225	1.00189829	0.99992537	0.99957675	1.00113165
0.39321581	0.99692196	0.99914008	0.99992567	1.00345993	0.99856371	0.99957830	1.00040746	1.00011623
0.41943020	0.99894661	1.00246930	1.00028765	0.99963248	1.00028300	1.00026631	0.99997252	1.00005484
0.47185901	1.00123847	0.99978012	0.99959403	0.99979073	1.00079727	0.99994534	1.00036144	1.00013137
0.52428782	1.00063562	0.99956328	0.99966323	1.00024116	0.99979061	0.99988359	1.00001264	1.00037456
0.57671660	0.99880195	0.99796563	1.00004733	1.00063157	0.99943721	1.00006306	1.00012660	0.99995601
0.62914538	1.00105166	0.99572682	0.99972963	0.99978888	0.99988562	0.99967569	0.99995035	1.00048161
0.68157423	1.00110626	1.00119340	0.99964893	1.00003445	0.99939764	1.00016129	0.99979234	1.00038564
0.73400301	1.00050080	1.00144804	0.99987715	0.99966556	1.00046217	0.99996871	1.00009453	0.99991512
0.78643179	1.00273478	0.99950409	1.00015903	1.00063968	0.99974841	1.00006461	1.00016534	1.00018287
0.83886063	0.99997795	1.00171554	1.00030804	1.00165951	0.99922723	1.00008166	1.00011849	1.00064540
0.94371825	1.00083017	0.99925858	1.00009179	1.00069475	1.00002742	1.00011158	1.00001824	1.00011110
1.04857588	1.00081313	1.00064230	1.00025797	1.00001454	0.99949026	1.00007367	0.99987739	1.00035346
1.15343344	0.99970669	1.00030458	0.99993432	1.00006282	0.99992675	0.99986094	1.00028169	1.00010681
1.25829101	1.00074887	1.00059867	0.99992716	0.99985421	1.00040197	0.99973345	1.00016725	0.99990106
1.36314869	0.99919683	0.99974620	0.99998665	0.99998093	0.99987453	0.99998677	0.99995548	1.00034833
1.46800625	0.99938405	1.00024116	0.99989766	0.99944675	0.99995130	1.00021183	1.00004232	1.00016820
1.57286382	0.99780148	1.00053740	0.99973321	0.99963319	1.00005126	1.00004935	1.00007522	1.00029016
1.67772150	0.99984616	0.99969637	1.00000989	1.00090325	0.99958074	0.99998558	1.00016415	1.00036418
1.88743675	1.00144982	1.00026524	1.00030410	0.99982756	0.99873847	1.00010502	0.99986196	1.00044131
2.09715199	1.00126827	0.99926931	1.00023270	1.00009024	0.99997002	1.00005150	0.99987662	1.00012434
2.30686712	0.99988741	1.00026381	0.99994504	1.00094831	1.00032294	0.99994159	0.99982136	1.00006282
2.51658225	0.99883401	0.99955243	0.99973619	0.99967450	1.00118554	1.00034785	0.99999529	0.99989468
2.72629738	1.00198138	1.00142562	0.99991107	1.00024915	1.00055695	0.99970913	1.00012541	1.00027192
2.93601274	1.00197220	1.00020039	1.00014126	1.00010812	1.00094771	1.00004387	1.00001919	1.00041914
3.14572787	0.99715489	0.99922234	1.00012863	1.00025487	0.99901509	0.99997199	0.99992323	1.00023365
3.35544300	0.99946821	0.99879444	0.99984729	0.99964565	1.00046813	1.00008857	0.99992812	1.00015104
3.77487350	1.00086260	1.00009656	1.00014639	1.00023568	0.99973267	0.99997866	0.99999851	1.00039709
4.19430399	0.99850422	1.00087011	1.00007117	0.99993485	0.99979627	0.99994349	1.00009906	0.99981016
4.61373425	1.00252378	0.99986011	0.99982756	0.99988985	0.99942678	1.00020337	0.99997216	0.99997365
5.03316450	1.00000000	1.00000000	1.00000000	1.00000000	1.00000000	1.00000000	1.00000000	1.00000000
5.45259476	0.00000000	0.00000000	0.00000000	0.00000000	0.00000000	0.00000000	0.00000000	0.00000000
5.87202549	0.00000000	0.00000000	0.00000000	0.00000000	0.00000000	0.00000000	0.00000000	0.00000000
6.29145575	0.00000000	0.00000000	0.00000000	0.00000000	0.00000000	0.00000000	0.00000000	0.00000000
6.71088600	0.00000000	0.00000000	0.00000000	0.00000000	0.00000000	0.00000000	0.00000000	0.00000000
7.54974699	0.00000000	0.00000000	0.00000000	0.00000000	0.00000000	0.00000000	0.00000000	0.00000000
8.38860798	0.00000000	0.00000000	0.00000000	0.00000000	0.00000000	0.00000000	0.00000000	0.00000000
9.22746849	0.00000000	0.00000000	0.00000000	0.00000000	0.00000000	0.00000000	0.00000000	0.00000000
10.06632900	0.00000000	0.00000000	0.00000000	0.00000000	0.00000000	0.00000000	0.00000000	0.00000000
10.90518951	0.00000000	0.00000000	0.00000000	0.00000000	0.00000000	0.00000000	0.00000000	0.00000000
11.74405098	0.00000000	0.00000000	0.00000000	0.00000000	0.00000000	0.00000000	0.00000000	0.00000000
12.58291149	0.00000000	0.00000000	0.00000000	0.00000000	0.00000000	0.00000000	0.00000000	0.00000000
13.42177200	0.00000000	0.00000000	0.00000000	0.00000000	0.00000000	0.00000000	0.00000000	0.00000000
15.09949398	0.00000000	0.00000000	0.00000000	0.00000000	0.00000000	0.00000000	0.00000000	0.00000000
16.77721596	0.00000000	0.00000000	0.00000000	0.00000000	0.00000000	0.00000000	0.00000000	0.00000000
18.45493698	0.00000000	0.00000000	0.00000000	0.00000000	0.00000000	0.00000000	0.00000000	0.00000000
20.13265800	0.00000000	0.00000000	0.00000000	0.00000000	0.00000000	0.00000000	0.00000000	0.00000000
21.81037903	0.00000000	0.00000000	0.00000000	0.00000000	0.00000000	0.00000000	0.00000000	0.00000000
23.48810196	0.00000000	0.00000000	0.00000000	0.00000000	0.00000000	0.00000000	0.00000000	0.00000000
25.16582298	0.00000000	0.00000000	0.00000000	0.00000000	0.00000000	0.00000000	0.00000000	0.00000000
26.84354401	0.00000000	0.00000000	0.00000000	0.00000000	0.00000000	0.00000000	0.00000000	0.00000000
30.19898796	0.00000000	0.00000000	0.00000000	0.00000000	0.00000000	0.00000000	0.00000000	0.00000000
33.55443192	0.00000000	0.00000000	0.00000000	0.00000000	0.00000000	0.00000000	0.00000000	0.00000000
36.90987396	0.00000000	0.00000000	0.00000000	0.00000000	0.00000000	0.00000000	0.00000000	0.00000000
40.26531601	0.00000000	0.00000000	0.00000000	0.00000000	0.00000000	0.00000000	0.00000000	0.00000000
43.62075806	0.00000000	0.00000000	0.00000000	0.00000000	0.00000000	0.00000000	0.00000000	0.00000000
46.97620392	0.00000000	0.00000000	0.00000000	0.00000000	0.00000000	0.00000000	0.00000000	0.00000000
50.33164597	0.00000000	0.00000000	0.00000000	0.00000000	0.00000000	0.00000000	0.00000000	0.00000000
53.68708801	0.00000000	0.00000000	0.00000000	0.00000000	0.00000000	0.00000000	0.00000000	0.00000000
60.39797592	0.00000000	0.00000000	0.00000000	0.00000000	0.00000000	0.00000000	0.00000000	0.00000000
67.10886383	0.00000000	0.00000000	0.00000000	0.00000000	0.00000000	0.00000000	0.00000000	0.00000000
73.81974792	0.00000000	0.00000000	0.00000000	0.00000000	0.00000000	0.00000000	0.00000000	0.00000000
80.53063202	0.00000000	0.00000000	0.00000000	0.00000000	0.00000000	0.00000000	0.00000000	0.00000000
87.24151611	0.00000000	0.00000000	0.00000000	0.00000000	0.00000000	0.00000000	0.00000000	0.00000000
93.95240784	0.00000000	0.00000000	0.00000000	0.00000000	0.00000000	0.00000000	0.00000000	0.00000000
100.66329193	0.00000000	0.00000000	0.00000000	0.00000000	0.00000000	0.00000000	0.00000000	0.00000000
107.37417603	0.00000000	0.00000000	0.00000000	0.00000000	0.00000000	0.00000000	0.00000000	0.00000000
120.79595184	0.00000000	0.00000000	0.00000000	0.00000000	0.00000000	0.00000000	0.00000000	0.00000000
134.21772766	0.00000000	0.00000000	0.00000000	0.00000000	0.00000000	0.00000000	0.00000000	0.00000000
147.63949585	0.00000000	0.00000000	0.00000000	0.00000000	0.00000000	0.00000000	0.00000000	0.00000000
161.06126404	0.00000000	0.00000000	0.00000000	0.00000000	0.00000000	0.00000000	0.00000000	0.00000000
174.48303223	0.00000000	0.00000000	0.00000000	0.00000000	0.00000000	0.00000000	0.00000000	0.00000000
187.90481567	0.00000000	0.00000000	0.00000000	0.00000000	0.00000000	0.00000000	0.00000000	0.00000000
201.32658386	0.00000000	0.00000000	0.00000000	0.00000000	0.00000000	0.00000000	0.00000000	0.00000000
214.74835205	0.00000000	0.00000000	0.00000000	0.00000000	0.00000000	0.00000000	0.00000000	0.00000000
241.59190369	0.00000000	0.00000000	0.00000000	0.00000000	0.00000000	0.00000000	0.00000000	0.00000000
268.43545532	0.00000000	0.00000000	0.00000000	0.00000000	0.00000000	0.00000000	0.00000000	0.00000000
295.27899170	0.00000000	0.00000000	0.00000000	0.00000000	0.00000000	0.00000000	0.00000000	0.00000000
322.12252808	0.00000000	0.00000000	0.00000000	0.00000000	0.00000000	0.00000000	0.00000000	0.00000000
348.96606445	0.00000000	0.00000000	0.00000000	0.00000000	0.00000000	0.00000000	0.00000000	0.00000000
375.80963135	0.00000000	0.00000000	0.00000000	0.00000000	0.00000000	0.00000000	0.00000000	0.00000000
402.65316772	0.00000000	0.00000000	0.00000000	0.00000000	0.00000000	0.00000000	0.00000000	0.00000000
429.49670410	0.00000000	0.00000000	0.00000000	0.00000000	0.00000000	0.00000000	0.00000000	0.00000000
483.18380737	0.00000000	0.00000000	0.00000000	0.00000000	0.00000000	0.00000000	0.00000000	0.00000000
536.87091064	0.00000000	0.00000000	0.00000000	0.00000000	0.00000000	0.00000000	0.00000000	0.00000000
590.55798340	0.00000000	0.00000000	0.00000000	0.00000000	0.00000000	0.00000000	0.00000000	0.00000000
644.24505615	0.00000000	0.00000000	0.00000000	0.00000000	0.00000000	0.00000000	0.00000000	0.00000000
697.93212891	0.00000000	0.00000000	0.00000000	0.00000000	0.00000000	0.00000000	0.00000000	0.00000000
751.61926270	0.00000000	0.00000000	0.00000000	0.00000000	0.00000000	0.00000000	0.00000000	0.00000000
805.30633545	0.00000000	0.00000000	0.00000000	0.00000000	0.00000000	0.00000000	0.00000000	0.00000000
858.99340820	0.00000000	0.00000000	0.00000000	0.00000000	0.00000000	0.00000000	0.00000000	0.00000000
966.36761475	0.00000000	0.00000000	0.00000000	0.00000000	0.00000000	0.00000000	0.00000000	0.00000000
1073.74182129	0.00000000	0.00000000	0.00000000	0.00000000	0.00000000	0.00000000	0.00000000	0.00000000
1181.11596680	0.00000000	0.00000000	0.00000000	0.00000000	0.00000000	0.00000000	0.00000000	0.00000000
1288.49011230	0.00000000	0.00000000	0.00000000	0.00000000	0.00000000	0.00000000	0.00000000	0.00000000
1395.86425781	0.00000000	0.00000000	0.00000000	0.00000000	0.00000000	0.00000000	0.00000000	0.00000000
1503.23852539	0.00000000	0.00000000	0.00000000	0.00000000	0.00000000	0.00000000	0.00000000	0.00000000
1610.61267090	0.00000000	0.00000000	0.00000000	0.00000000	0.00000000	0.00000000	0.00000000	0.00000000
1717.98681641	0.00000000	0.00000000	0.00000000	0.00000000	0.00000000	0.00000000	0.00000000	0.00000000
1932.73522949	0.00000000	0.00000000	0.00000000	0.00000000	0.00000000	0.00000000	0.00000000	0.00000000
2147.48364258	0.00000000	0.00000000	0.00000000	0.00000000	0.00000000	0.00000000	0.00000000	0.00000000
2362.23193359	0.00000000	0.00000000	0.00000000	0.00000000	0.00000000	0.00000000	0.00000000	0.00000000
2576.98022461	0.00000000	0.00000000	0.00000000	0.00000000	0.00000000	0.00000000	0.00000000	0.00000000
2791.72851562	0.00000000	0.00000000	0.00000000	0.00000000	0.00000000	0.00000000	0.00000000	0.00000000
3006.47705078	0.00000000	0.00000000	0.00000000	0.00000000	0.00000000	0.00000000	0.00000000	0.00000000
3221.22534180	0.00000000	0.00000000	0.00000000	0.00000000	0.00000000	0.00000000	0.00000000	0.00000000
3435.97363281	0.00000000	0.00000000	0.00000000	0.00000000	0.00000000	0.00000000	0.00000000	0.00000000
4	4	4	4	4	4	4	4	4
