%12/8/2014 7:41:40 PM
%Duration	ID1		ID2		ID3		ID4		ID5		ID6		ID7		ID8
3000.000000	0.000000	5.111694	8.163452	0.000000	6.780624	13.732910	15.869141	15.687943
%Tau		Tau1		Tau2		Tau3		Tau4		Tau5		Tau6		Tau7		Tau8
%		0.000000	0.000003	0.000003	0.000000	0.072089	0.004096	1.048576	0.734003
%Delaytime	D1		D2		D3		D4		D5		D6		D7		D8
0.00000000	0.00000000	0.00000000	0.00000000	0.00000000	3.24275064	0.00000000	6.40053701	3.03554845
0.00000020	0.00000000	84.91869354	0.00000000	0.00000000	3.24275064	29.02571297	8.96075249	11.38330650
0.00000040	0.00000000	0.00000000	119.92716217	0.00000000	3.24275064	38.70095062	8.53404999	9.86553288
0.00000060	0.00000000	84.91869354	79.95143890	0.00000000	0.00000000	58.05142593	5.12042952	10.62441921
0.00000080	0.00000000	0.00000000	0.00000000	0.00000000	12.97100258	29.02571297	4.26702499	7.58887100
0.00000100	0.00000000	0.00000000	39.97571945	0.00000000	9.72825241	0.00000000	7.25394201	10.62441921
0.00000120	0.00000000	0.00000000	119.92716217	0.00000000	3.24275064	19.35047531	6.40053701	5.31220961
0.00000140	0.00000000	0.00000000	79.95143890	0.00000000	6.48550129	48.37619019	5.97383451	15.17774200
0.00000160	0.00000000	0.00000000	39.97571945	0.00000000	12.97100258	38.70095062	7.68064451	5.31220961
0.00000180	0.00000000	254.75607300	0.00000000	0.00000000	12.97100258	77.40190125	8.10734749	12.14219379
0.00000200	0.00000000	0.00000000	79.95143890	0.00000000	0.00000000	58.05142593	5.97383451	11.38330650
0.00000220	0.00000000	0.00000000	119.92716217	0.00000000	6.48550129	58.05142593	8.53404999	7.58887100
0.00000240	0.00000000	0.00000000	79.95143890	0.00000000	3.24275064	38.70095062	7.25394201	12.14219379
0.00000260	0.00000000	0.00000000	39.97571945	0.00000000	12.97100258	19.35047531	8.53404999	10.62441921
0.00000280	0.00000000	169.83738708	39.97571945	0.00000000	6.48550129	19.35047531	5.54713202	9.86553288
0.00000300	0.00000000	84.91869354	79.95143890	0.00000000	16.21375465	29.02571297	11.09426403	11.38330650
0.00000340	0.00000000	0.00000000	139.91502380	0.00000000	6.48550129	67.72666168	6.82723951	7.20942736
0.00000380	0.00000000	127.37803650	59.96358109	0.00000000	17.83512878	33.86333084	7.04059076	7.58887100
0.00000420	0.00000000	0.00000000	79.95143890	0.00000000	8.10687733	43.53857040	8.53404999	7.58887100
0.00000460	0.00000000	0.00000000	39.97571945	0.00000000	4.86412621	38.70095062	5.54713202	9.10664558
0.00000500	0.00000000	0.00000000	99.93930054	0.00000000	4.86412621	29.02571297	5.54713202	9.48608875
0.00000540	0.00000000	42.45934677	119.92716217	0.00000000	6.48550129	38.70095062	8.96075249	9.86553288
0.00000580	0.00000000	42.45934677	79.95143890	0.00000000	4.86412621	38.70095062	8.74740124	12.52163696
0.00000620	0.00000000	42.45934677	59.96358109	0.00000000	9.72825241	33.86333084	7.68064451	11.76275063
0.00000700	0.00000000	42.45934677	29.98179054	0.00000000	10.53894043	41.11975861	8.00067139	10.05525398
0.00000780	0.00000000	21.22967339	39.97571945	0.00000000	9.72825241	33.86333084	6.50721264	9.48608875
0.00000860	0.00000000	0.00000000	39.97571945	0.00000000	5.67481375	41.11975861	7.89399576	10.05525398
0.00000940	0.00000000	42.45934677	79.95143890	0.00000000	12.16031551	26.60690308	7.14726639	12.52163696
0.00001020	0.00000000	63.68901825	59.96358109	0.00000000	4.05343866	31.44452286	6.18718576	11.19358444
0.00001100	0.00000000	21.22967339	69.95751190	0.00000000	13.78169060	29.02571297	7.68064451	8.72720146
0.00001180	0.00000000	0.00000000	69.95751190	0.00000000	4.86412621	24.18809509	7.14726639	10.81414127
0.00001260	0.00000000	0.00000000	39.97571945	0.00000000	2.43206310	41.11975861	7.46729326	9.67581081
0.00001420	0.00000000	42.45934677	54.96661758	0.00000000	6.48550129	32.65392685	6.82723951	10.05525398
0.00001580	0.00000000	21.22967339	49.96965027	0.00000000	5.67481375	31.44452286	5.97383451	10.05525398
0.00001740	0.00000000	21.22967339	74.95447540	0.00000000	9.32290840	32.65392685	7.52063131	8.91692352
0.00001900	0.00000000	21.22967339	79.95143890	0.00000000	6.89084530	25.39749908	6.40053701	9.01178455
0.00002060	0.00000000	31.84450912	49.96965027	0.00000000	3.24275064	41.11975861	6.18718576	8.25289726
0.00002220	0.00000000	42.45934677	54.96661758	0.00000000	6.48550129	26.60690308	6.77390194	9.86553288
0.00002380	0.00000000	53.07418060	94.94233704	0.00000000	6.08015776	22.97868919	5.92049694	8.25289726
0.00002540	0.00000000	0.00000000	54.96661758	0.00000000	8.51222038	33.86333084	6.93391514	7.77859306
0.00002860	0.00000000	69.98371124	0.00000000	0.00000000	5.30341387	47.42913055	7.28100395	11.24487305
0.00003180	0.00000000	34.99185562	0.00000000	0.00000000	7.53937054	47.42913055	6.20618916	9.95000935
0.00003500	0.00000000	69.98371124	0.00000000	0.00000000	9.49402237	66.95877075	7.69706106	10.49521542
0.00003820	0.00000000	69.98371124	1415.90124512	0.00000000	6.98089886	47.42913055	6.27553177	10.42706394
0.00004140	0.00000000	0.00000000	0.00000000	0.00000000	8.93555069	44.63918304	6.72626066	10.35891342
0.00004460	0.00000000	139.96742249	0.00000000	0.00000000	6.14319086	41.84923553	7.41968966	10.35891342
0.00004780	0.00000000	34.99185562	0.00000000	0.00000000	8.09784222	47.42913055	7.24633265	10.35891342
0.00005100	0.00000000	139.96742249	0.00000000	0.00000000	7.26013470	27.89948845	6.55290365	8.58699417
0.00005740	0.00000000	25.35907555	139.84210205	0.00000000	7.91014576	48.75036240	6.72288084	8.14076805
0.00006380	0.00000000	50.71815109	419.52630615	0.00000000	9.92119980	47.64239883	5.98336363	9.18697166
0.00007020	0.00000000	76.07722473	279.68420410	0.00000000	7.10572433	45.42647552	6.16824293	9.15427780
0.00007660	0.00000000	25.35907555	0.00000000	0.00000000	6.97165394	40.99462509	6.06739998	8.92710590
0.00008300	0.00000000	50.71815109	139.84210205	0.00000000	5.89909172	45.42647552	5.42872620	8.56740570
0.00008940	0.00000000	88.75675964	139.84210205	0.00000000	5.89909172	39.88666153	5.54637671	8.56902313
0.00009580	0.00000000	38.03861237	139.84210205	0.00000000	4.82652998	44.31851196	5.88252068	8.24196148
0.00010220	0.00000000	12.67953777	0.00000000	0.00000000	8.04421616	35.45481110	6.77330208	7.65325022
0.00011500	0.00000000	42.17197418	108.34954834	0.00000000	7.03395987	49.69765854	5.80600691	8.92513561
0.00012780	0.00000000	42.17197418	86.67964172	0.00000000	5.86163330	32.65846252	5.35750914	8.10660458
0.00014060	0.00000000	36.90047836	130.01945496	0.00000000	6.44779682	39.75812912	5.73261642	7.77604389
0.00015340	0.00000000	21.08598709	65.00972748	0.00000000	8.01089859	46.85779190	5.90464830	8.43716526
0.00016620	0.00000000	47.44347000	65.00972748	0.00000000	7.29447699	36.44495010	5.88833666	8.79920769
0.00017900	0.00000000	31.62898064	173.35928345	0.00000000	6.38266754	35.49832916	5.64366913	8.01215839
0.00019180	0.00000000	47.44347000	173.35928345	0.00000000	6.38266754	28.87197304	5.65182495	8.42142391
0.00020460	0.00000000	47.44347000	173.35928345	0.00000000	5.79650402	27.92535210	5.53764629	8.12234592
0.00023020	0.00000000	40.26334000	83.03203583	0.00000000	6.92854309	31.51857185	5.43487930	8.05013847
0.00025580	0.00000000	25.42947769	110.70938110	0.00000000	7.02217197	33.53899384	5.79451323	8.20159912
0.00028140	0.00000000	40.26334000	125.11418152	0.00000000	6.39797878	32.12469864	5.21364546	7.79265499
0.00030700	0.00000000	38.14421463	125.11418152	0.00000000	5.86741495	33.13490677	5.45697546	8.15616035
0.00033260	0.00000000	36.02509308	106.57875061	0.00000000	6.46039820	34.34716034	5.51354885	8.23189068
0.00035820	0.00000000	31.78684616	97.31102753	0.00000000	6.36676931	30.50836182	5.41381025	7.58818293
0.00038380	0.00000000	40.26334000	60.24016190	0.00000000	6.02346325	30.30631828	5.75292158	8.05771160
0.00040940	0.00000000	40.26334000	134.38189697	0.00000000	6.74128485	27.90804291	5.52950716	8.14101410
0.00046060	0.00000000	33.24000931	75.67389679	0.00000000	5.92326117	28.63225174	5.46326494	7.95144796
0.00051180	0.00000000	29.99686050	88.88680267	0.00000000	6.30102062	29.81122589	5.34302282	7.99531794
0.00056300	0.00000000	35.82958603	91.58650970	0.00000000	6.10458565	31.24283981	5.35078049	8.10864925
0.00061420	0.00000000	38.32932281	110.86788177	0.00000000	6.91045332	26.77957726	5.54084063	7.71747446
0.00066540	0.00000000	46.66178513	79.53565216	0.00000000	6.91045332	33.29249191	5.46080732	7.17275429
0.00071660	0.00000000	47.49502945	96.40685272	0.00000000	6.94069576	27.89826584	5.73627234	7.97846413
0.00076780	0.00000000	37.59769058	112.43921661	0.00000000	6.89783859	30.76394844	5.34122849	7.77004385
0.00081900	0.00000000	35.92668533	105.18507385	0.00000000	6.05073547	30.59537888	5.35162592	7.80347872
0.00092140	0.00000000	34.53292847	72.31124878	0.00000000	6.44870424	27.24180603	5.38357306	7.78666639
0.00102380	0.00000000	34.61798477	65.40991211	0.00000000	6.71371984	27.90995407	5.31534433	7.49141312
0.00112620	0.00000000	32.54090500	83.53554535	0.00000000	6.99847507	26.80298615	5.43430185	7.55674028
0.00122860	0.00000000	34.96416473	79.59519196	0.00000000	6.39439583	25.97551155	5.38804054	7.49317884
0.00133100	0.00000000	33.92562485	81.95940399	0.00000000	6.23456240	28.98461914	5.38048792	7.51966286
0.00143340	0.00000000	29.42528725	79.20115662	0.00000000	6.72094631	27.36436081	5.46734619	7.72053003
0.00153580	0.00000000	33.92562485	76.04886627	0.00000000	6.58092690	30.96493530	5.39370537	7.72813225
0.00163820	0.00000000	37.04124451	82.17680359	0.00000000	6.52197123	26.71625900	5.25586510	7.55454254
0.00184300	0.00000000	29.01821136	64.70241547	0.00000000	6.32366896	27.49633598	5.40213346	7.60438824
0.00204780	0.00000000	32.02046967	67.46973419	0.00000000	6.65790558	27.53235054	5.39821243	7.65316248
0.00225260	0.00000000	32.02046967	65.89989471	0.00000000	6.26164389	24.97012138	5.26831245	7.62713623
0.00245740	0.00000000	35.21191025	72.50308990	0.00000000	6.38884783	25.92992210	5.17157888	7.39079809
0.00266220	0.00000000	32.09581375	73.58786011	0.00000000	6.56026506	27.80165672	5.34266615	7.52941513
0.00286700	0.00000000	30.99523354	66.58621979	0.00000000	6.44955826	26.79696655	5.21331978	7.37023783
0.00307180	0.00000000	30.36906815	61.81373215	0.00000000	6.19600391	25.91304016	5.24507666	7.48795176
0.00327660	0.00000000	34.99149704	70.18849182	0.00000000	6.76742506	26.44837952	5.28397846	7.61637545
0.00368620	0.00000000	29.84443092	58.53374863	0.00000000	6.37175274	25.48142052	5.24483109	7.27056503
0.00409580	0.00000000	30.43736649	61.22905350	0.00000000	6.30725288	24.78415871	5.21594810	7.20323324
0.00450540	0.00000000	30.43736649	58.52218628	0.00000000	6.30771494	25.27241325	5.24790096	7.43786144
0.00491500	0.00000000	29.70633888	61.70173645	0.00000000	6.10670471	25.33247185	5.25972700	7.31478405
0.00532460	0.00000000	28.56840706	61.25743103	0.00000000	6.54547739	24.82270813	5.21975899	7.40205050
0.00573420	0.00000000	30.63805389	59.60408020	0.00000000	6.47647762	25.07600021	5.17205286	7.12126875
0.00614380	0.00000000	31.64413452	60.54693222	0.00000000	6.36617041	25.42004395	5.23087311	7.46751785
0.00655340	0.00000000	28.61112595	59.53155899	0.00000000	6.51981592	25.24055862	5.22314978	7.49076414
0.00737260	0.00000000	29.32640457	51.55162048	0.00000000	6.23273849	23.98770714	5.15558529	7.21965456
0.00819180	0.00000000	29.33444405	56.02574539	0.00000000	6.20718908	24.53421974	5.15862560	7.34371185
0.00901100	0.00000000	28.28779030	55.36848831	0.00000000	6.26865101	24.19424438	5.16935873	7.29880476
0.00983020	0.00000000	30.00985909	52.16667557	0.00000000	6.41990900	24.46775055	5.18846321	7.27238083
0.01064940	0.00000000	27.40575790	56.27357864	0.00000000	6.32658625	23.58604431	5.17278814	7.24407959
0.01146860	0.00000000	26.10216522	54.44957352	0.00000000	6.24541330	24.05384064	5.12247515	7.30907917
0.01228780	0.00000000	27.70891762	54.47684479	0.00000000	6.40311813	24.13533020	5.11478281	7.25870991
0.01310700	0.00000000	27.98053741	55.83736801	0.00000000	6.30228949	24.19206429	5.17697048	7.35715294
0.01474540	0.00000000	26.76456451	50.05202103	0.00000000	6.27653694	23.52740860	5.12367010	7.15876865
0.01638380	0.00000000	26.21973991	49.80730057	0.00000000	6.24050999	23.82422447	5.10234022	7.19220018
0.01802220	0.00000000	26.82005692	51.18129730	0.00000000	6.14156866	23.27198219	5.14115334	7.22398329
0.01966060	0.00000000	26.17137527	51.40912628	0.00000000	6.12794018	23.43041611	5.13920069	7.19611788
0.02129900	0.00000000	26.61233521	50.99571609	0.00000000	6.24514914	23.69425201	5.11625385	7.20151949
0.02293740	0.00000000	28.36853409	51.25428772	0.00000000	6.18699455	23.31257057	5.14887953	7.14412308
0.02457580	0.00000000	26.83816338	50.98625565	0.00000000	6.27374887	23.57040596	5.13246584	7.19891357
0.02621420	0.00000000	28.53219986	50.36167908	0.00000000	6.26953030	23.32355499	5.16707850	7.21420574
0.02949100	0.00000000	26.00174904	47.08257675	0.00000000	6.18968821	22.77271652	5.07941341	7.12970257
0.03276780	0.00000000	26.11236382	47.33262634	0.00000000	6.19707203	22.89731026	5.12184811	7.12808561
0.03604460	0.00000000	26.19900322	48.42928314	0.00000000	6.17178535	22.85017395	5.08738661	7.16126394
0.03932140	0.00000000	25.72920418	47.64526367	0.00000000	6.09314394	22.79536057	5.11569500	7.14534950
0.04259820	0.00000000	26.35514641	47.67970657	0.00000000	6.20808601	23.01187134	5.10599375	7.13756561
0.04587500	0.00000000	27.00640869	48.11118698	0.00000000	6.27253246	22.99270439	5.14089394	7.11875725
0.04915180	0.00000000	26.53258133	48.04328918	0.00000000	6.14402056	23.47001648	5.12632084	7.12934160
0.05242860	0.00000000	26.95495987	48.81080246	0.00000000	6.19610500	23.28152084	5.12902260	7.13363552
0.05898220	0.00000000	25.57553482	46.20073700	0.00000000	6.19247389	22.76408958	5.06599712	7.11112404
0.06553581	0.00000000	25.60423470	45.96748352	0.00000000	6.22286415	22.76564026	5.10065937	7.09582996
0.07208940	0.00000000	26.58012199	45.79017639	0.00000000	6.17391586	22.87211609	5.07844543	7.06230116
0.07864300	0.00000000	26.29279709	46.27625656	0.00000000	6.23102522	22.81619835	5.07949495	7.07407761
0.08519660	0.00000000	25.90928268	47.04939270	0.00000000	6.18061018	22.71564484	5.10874701	7.09160757
0.09175020	0.00000000	26.12124825	46.77359772	0.00000000	6.22838497	23.04672432	5.08737946	7.08126497
0.09830380	0.00000000	26.31282616	47.25102234	0.00000000	6.23639250	23.00264549	5.09431267	7.09917021
0.10485740	0.00000000	26.25095177	47.50963211	0.00000000	6.22330713	22.88521576	5.11304331	7.10186768
0.11796460	0.00000000	27.49938011	49.91976166	0.00000000	6.29103088	23.77659607	5.14588785	7.18135071
0.13107181	0.00000000	27.91841125	47.42094421	0.00000000	6.27520418	24.06423187	5.14315605	7.19415379
0.14417900	0.00000000	27.61933517	49.38512421	0.00000000	6.27388954	23.96979141	5.14138937	7.16739988
0.15728620	0.00000000	27.35431480	37.38623047	0.00000000	6.27451706	23.76687622	5.13558817	7.15568686
0.17039341	0.00000000	27.52177811	26.68144608	0.00000000	6.29327774	23.93294716	5.16193342	7.18718052
0.18350060	0.00000000	28.53067589	0.00000000	0.00000000	6.28227615	24.32530975	5.14220953	7.15829372
0.19660780	0.00000000	29.35255241	0.00000000	0.00000000	6.29542637	24.22237206	5.15508318	7.16571426
0.20971501	0.00000000	30.25961494	0.00000000	0.00000000	6.24125004	23.97868919	5.14151192	7.12133694
0.23592941	0.00000000	20.05494499	0.00000000	0.00000000	6.38223934	26.45545006	5.19709301	7.24035501
0.26214382	0.00000000	0.00000000	0.00000000	0.00000000	6.41065693	26.99880981	5.18551826	7.21855068
0.28835821	0.00000000	0.00000000	0.00000000	0.00000000	6.36976814	23.46956062	5.18964338	7.20253706
0.31457260	0.00000000	0.00000000	0.00000000	0.00000000	6.37765074	14.06148243	5.18451214	7.20618200
0.34078699	0.00000000	0.00000000	0.00000000	0.00000000	6.38336325	0.00000000	5.16544962	7.20713520
0.36700141	0.00000000	0.00000000	0.00000000	0.00000000	6.34592962	0.00000000	5.13850021	7.24413395
0.39321581	0.00000000	0.00000000	0.00000000	0.00000000	6.33212042	0.00000000	5.14598703	7.24994850
0.41943020	0.00000000	0.00000000	0.00000000	0.00000000	6.28242779	0.00000000	5.12465954	7.24599266
0.47185901	0.00000000	0.00000000	0.00000000	0.00000000	6.31617546	0.00000000	5.19594002	7.40314436
0.52428782	0.00000000	0.00000000	0.00000000	0.00000000	6.27971315	0.00000000	5.14662743	7.39157295
0.57671660	0.00000000	0.00000000	0.00000000	0.00000000	6.18328047	0.00000000	5.10374975	7.26154661
0.62914538	0.00000000	0.00000000	0.00000000	0.00000000	6.16017246	0.00000000	5.09492064	7.08128643
0.68157423	0.00000000	0.00000000	0.00000000	0.00000000	6.17484617	0.00000000	5.09255886	6.98817539
0.73400301	0.00000000	0.00000000	0.00000000	0.00000000	6.10301828	0.00000000	5.10063982	6.86784458
0.78643179	0.00000000	0.00000000	0.00000000	0.00000000	6.13166809	0.00000000	5.11995220	6.68945789
0.83886063	0.00000000	0.00000000	0.00000000	0.00000000	5.94333410	0.00000000	5.11257362	0.00000000
0.94371825	0.00000000	0.00000000	0.00000000	0.00000000	0.00000000	0.00000000	5.26628923	0.00000000
1.04857588	0.00000000	0.00000000	0.00000000	0.00000000	0.00000000	0.00000000	5.11667633	0.00000000
1.15343344	0.00000000	0.00000000	0.00000000	0.00000000	0.00000000	0.00000000	0.00000000	0.00000000
1.25829101	0.00000000	0.00000000	0.00000000	0.00000000	0.00000000	0.00000000	0.00000000	0.00000000
1.36314869	0.00000000	0.00000000	0.00000000	0.00000000	0.00000000	0.00000000	0.00000000	0.00000000
1.46800625	0.00000000	0.00000000	0.00000000	0.00000000	0.00000000	0.00000000	0.00000000	0.00000000
1.57286382	0.00000000	0.00000000	0.00000000	0.00000000	0.00000000	0.00000000	0.00000000	0.00000000
1.67772150	0.00000000	0.00000000	0.00000000	0.00000000	0.00000000	0.00000000	0.00000000	0.00000000
1.88743675	0.00000000	0.00000000	0.00000000	0.00000000	0.00000000	0.00000000	0.00000000	0.00000000
2.09715199	0.00000000	0.00000000	0.00000000	0.00000000	0.00000000	0.00000000	0.00000000	0.00000000
2.30686712	0.00000000	0.00000000	0.00000000	0.00000000	0.00000000	0.00000000	0.00000000	0.00000000
2.51658225	0.00000000	0.00000000	0.00000000	0.00000000	0.00000000	0.00000000	0.00000000	0.00000000
2.72629738	0.00000000	0.00000000	0.00000000	0.00000000	0.00000000	0.00000000	1.65231586	0.00000000
2.93601274	0.00000000	13.00000000	0.00000000	0.00000000	1.95585084	0.00000000	2.53399634	0.21129170
3.14572787	0.00000000	0.00000000	0.00000000	0.00000000	3.07586789	0.00000000	2.72030878	3.65183926
3.35544300	0.00000000	0.00000000	0.00000000	0.00000000	3.33819127	0.00000000	2.34664488	3.46278882
3.77487350	0.00000000	0.00000000	0.00000000	0.00000000	0.00000000	0.00000000	0.00000000	0.00000000
4.19430399	0.00000000	0.00000000	0.00000000	0.00000000	0.00000000	0.00000000	0.00000000	0.00000000
4.61373425	0.00000000	0.00000000	0.00000000	0.00000000	0.00000000	0.00000000	0.00000000	0.00000000
5.03316450	0.00000000	0.00000000	0.00000000	0.00000000	0.00000000	0.00000000	0.00000000	0.00000000
5.45259476	0.00000000	0.00000000	0.00000000	0.00000000	0.00000000	0.00000000	0.00000000	0.00000000
5.87202549	0.00000000	0.00000000	0.00000000	0.00000000	0.00000000	0.00000000	0.00000000	0.00000000
6.29145575	0.00000000	0.00000000	0.00000000	0.00000000	0.00000000	0.00000000	0.00000000	0.00000000
6.71088600	0.00000000	0.00000000	0.00000000	0.00000000	0.00000000	0.00000000	0.00000000	0.00000000
7.54974699	0.00000000	0.00000000	0.00000000	0.00000000	0.00000000	0.00000000	0.00000000	0.00000000
8.38860798	0.00000000	0.00000000	0.00000000	0.00000000	0.00000000	0.00000000	0.00000000	0.00000000
9.22746849	0.00000000	0.00000000	0.00000000	0.00000000	0.00000000	0.00000000	0.00000000	0.00000000
10.06632900	0.00000000	0.00000000	0.00000000	0.00000000	0.00000000	0.00000000	0.00000000	0.00000000
10.90518951	0.00000000	0.00000000	0.00000000	0.00000000	0.00000000	0.00000000	0.00000000	0.00000000
11.74405098	0.00000000	0.00000000	0.00000000	0.00000000	0.00000000	0.00000000	0.00000000	0.00000000
12.58291149	0.00000000	0.00000000	0.00000000	0.00000000	0.00000000	0.00000000	0.00000000	0.00000000
13.42177200	0.00000000	0.00000000	0.00000000	0.00000000	0.00000000	0.00000000	0.00000000	0.00000000
15.09949398	0.00000000	0.00000000	0.00000000	0.00000000	0.00000000	0.00000000	0.00000000	0.00000000
16.77721596	0.00000000	0.00000000	0.00000000	0.00000000	0.00000000	0.00000000	0.00000000	0.00000000
18.45493698	0.00000000	0.00000000	0.00000000	0.00000000	0.00000000	0.00000000	0.00000000	0.00000000
20.13265800	0.00000000	0.00000000	0.00000000	0.00000000	0.00000000	0.00000000	0.00000000	0.00000000
21.81037903	0.00000000	0.00000000	0.00000000	0.00000000	0.00000000	0.00000000	0.00000000	0.00000000
23.48810196	0.00000000	0.00000000	0.00000000	0.00000000	0.00000000	0.00000000	0.00000000	0.00000000
25.16582298	0.00000000	0.00000000	0.00000000	0.00000000	0.00000000	0.00000000	0.00000000	0.00000000
26.84354401	0.00000000	0.00000000	0.00000000	0.00000000	0.00000000	0.00000000	0.00000000	0.00000000
30.19898796	0.00000000	0.00000000	0.00000000	0.00000000	0.00000000	0.00000000	0.00000000	0.00000000
33.55443192	0.00000000	0.00000000	0.00000000	0.00000000	0.00000000	0.00000000	0.00000000	0.00000000
36.90987396	0.00000000	0.00000000	0.00000000	0.00000000	0.00000000	0.00000000	0.00000000	0.00000000
40.26531601	0.00000000	0.00000000	0.00000000	0.00000000	0.00000000	0.00000000	0.00000000	0.00000000
43.62075806	0.00000000	0.00000000	0.00000000	0.00000000	0.00000000	0.00000000	0.00000000	0.00000000
46.97620392	0.00000000	0.00000000	0.00000000	0.00000000	0.00000000	0.00000000	0.00000000	0.00000000
50.33164597	0.00000000	0.00000000	0.00000000	0.00000000	0.00000000	0.00000000	0.00000000	0.00000000
53.68708801	0.00000000	0.00000000	0.00000000	0.00000000	0.00000000	0.00000000	0.00000000	0.00000000
60.39797592	0.00000000	0.00000000	0.00000000	0.00000000	0.00000000	0.00000000	0.00000000	0.00000000
67.10886383	0.00000000	0.00000000	0.00000000	0.00000000	0.00000000	0.00000000	0.00000000	0.00000000
73.81974792	0.00000000	0.00000000	0.00000000	0.00000000	0.00000000	0.00000000	0.00000000	0.00000000
80.53063202	0.00000000	0.00000000	0.00000000	0.00000000	0.00000000	0.00000000	0.00000000	0.00000000
87.24151611	0.00000000	0.00000000	0.00000000	0.00000000	0.00000000	0.00000000	0.00000000	0.00000000
93.95240784	0.00000000	0.00000000	0.00000000	0.00000000	0.00000000	0.00000000	0.00000000	0.00000000
100.66329193	0.00000000	0.00000000	0.00000000	0.00000000	0.00000000	0.00000000	0.00000000	0.00000000
107.37417603	0.00000000	0.00000000	0.00000000	0.00000000	0.00000000	0.00000000	0.00000000	0.00000000
120.79595184	0.00000000	0.00000000	0.00000000	0.00000000	0.00000000	0.00000000	0.00000000	0.00000000
134.21772766	0.00000000	0.00000000	0.00000000	0.00000000	0.00000000	0.00000000	0.00000000	0.00000000
147.63949585	0.00000000	0.00000000	0.00000000	0.00000000	0.00000000	0.00000000	0.00000000	0.00000000
161.06126404	0.00000000	0.00000000	0.00000000	0.00000000	0.00000000	0.00000000	0.00000000	0.00000000
174.48303223	0.00000000	0.00000000	0.00000000	0.00000000	0.00000000	0.00000000	0.00000000	0.00000000
187.90481567	0.00000000	0.00000000	0.00000000	0.00000000	0.00000000	0.00000000	0.00000000	0.00000000
201.32658386	0.00000000	0.00000000	0.00000000	0.00000000	0.00000000	0.00000000	0.00000000	0.00000000
214.74835205	0.00000000	0.00000000	0.00000000	0.00000000	0.00000000	0.00000000	0.00000000	0.00000000
241.59190369	0.00000000	0.00000000	0.00000000	0.00000000	0.00000000	0.00000000	0.00000000	0.00000000
268.43545532	0.00000000	0.00000000	0.00000000	0.00000000	0.00000000	0.00000000	0.00000000	0.00000000
295.27899170	0.00000000	0.00000000	0.00000000	0.00000000	0.00000000	0.00000000	0.00000000	0.00000000
322.12252808	0.00000000	0.00000000	0.00000000	0.00000000	0.00000000	0.00000000	0.00000000	0.00000000
348.96606445	0.00000000	0.00000000	0.00000000	0.00000000	0.00000000	0.00000000	0.00000000	0.00000000
375.80963135	0.00000000	0.00000000	0.00000000	0.00000000	0.00000000	0.00000000	0.00000000	0.00000000
402.65316772	0.00000000	0.00000000	0.00000000	0.00000000	0.00000000	0.00000000	0.00000000	0.00000000
429.49670410	0.00000000	0.00000000	0.00000000	0.00000000	0.00000000	0.00000000	0.00000000	0.00000000
483.18380737	0.00000000	0.00000000	0.00000000	0.00000000	0.00000000	0.00000000	0.00000000	0.00000000
536.87091064	0.00000000	0.00000000	0.00000000	0.00000000	0.00000000	0.00000000	0.00000000	0.00000000
590.55798340	0.00000000	0.00000000	0.00000000	0.00000000	0.00000000	0.00000000	0.00000000	0.00000000
644.24505615	0.00000000	0.00000000	0.00000000	0.00000000	0.00000000	0.00000000	0.00000000	0.00000000
697.93212891	0.00000000	0.00000000	0.00000000	0.00000000	0.00000000	0.00000000	0.00000000	0.00000000
751.61926270	0.00000000	0.00000000	0.00000000	0.00000000	0.00000000	0.00000000	0.00000000	0.00000000
805.30633545	0.00000000	0.00000000	0.00000000	0.00000000	0.00000000	0.00000000	0.00000000	0.00000000
858.99340820	0.00000000	0.00000000	0.00000000	0.00000000	0.00000000	0.00000000	0.00000000	0.00000000
966.36761475	0.00000000	0.00000000	0.00000000	0.00000000	0.00000000	0.00000000	0.00000000	0.00000000
1073.74182129	0.00000000	0.00000000	0.00000000	0.00000000	0.00000000	0.00000000	0.00000000	0.00000000
1181.11596680	0.00000000	0.00000000	0.00000000	0.00000000	0.00000000	0.00000000	0.00000000	0.00000000
1288.49011230	0.00000000	0.00000000	0.00000000	0.00000000	0.00000000	0.00000000	0.00000000	0.00000000
1395.86425781	0.00000000	0.00000000	0.00000000	0.00000000	0.00000000	0.00000000	0.00000000	0.00000000
1503.23852539	0.00000000	0.00000000	0.00000000	0.00000000	0.00000000	0.00000000	0.00000000	0.00000000
1610.61267090	0.00000000	0.00000000	0.00000000	0.00000000	0.00000000	0.00000000	0.00000000	0.00000000
1717.98681641	0.00000000	0.00000000	0.00000000	0.00000000	0.00000000	0.00000000	0.00000000	0.00000000
1932.73522949	0.00000000	0.00000000	0.00000000	0.00000000	0.00000000	0.00000000	0.00000000	0.00000000
2147.48364258	0.00000000	0.00000000	0.00000000	0.00000000	0.00000000	0.00000000	0.00000000	0.00000000
2362.23193359	0.00000000	0.00000000	0.00000000	0.00000000	0.00000000	0.00000000	0.00000000	0.00000000
2576.98022461	0.00000000	0.00000000	0.00000000	0.00000000	0.00000000	0.00000000	0.00000000	0.00000000
2791.72851562	0.00000000	0.00000000	0.00000000	0.00000000	0.00000000	0.00000000	0.00000000	0.00000000
3006.47705078	0.00000000	0.00000000	0.00000000	0.00000000	0.00000000	0.00000000	0.00000000	0.00000000
3221.22534180	0.00000000	0.00000000	0.00000000	0.00000000	0.00000000	0.00000000	0.00000000	0.00000000
3435.97363281	0.00000000	0.00000000	0.00000000	0.00000000	0.00000000	0.00000000	0.00000000	0.00000000
0	0	0	0	0	0	0	0	0
