%12/8/2014 7:40:52 PM
%Duration	ID1		ID2		ID3		ID4		ID5		ID6		ID7		ID8
3000.000000	1.478195	2.679825	29.792786	4.281998	4.177094	27.933121	20.236969	19.216537
%Tau		Tau1		Tau2		Tau3		Tau4		Tau5		Tau6		Tau7		Tau8
%		0.000001	0.000001	0.000032	0.000002	0.000003	0.000041	0.000022	0.000029
%Delaytime	D1		D2		D3		D4		D5		D6		D7		D8
0.00000000	19.84563446	28.57185555	3.61061597	14.74087143	11.26666451	2.02149558	3.48332572	4.59631443
0.00000020	4.66956091	4.08169365	1.70312071	2.50908446	2.21639299	1.54451346	1.47803652	1.69656801
0.00000040	4.66956091	1.81408608	1.51010036	2.66590214	2.03169370	1.57101250	1.57311487	1.45420122
0.00000060	1.16739023	1.36056447	1.54037809	2.35226655	1.10819650	1.46123087	1.40024507	1.55807269
0.00000080	2.33478045	2.26760745	1.36249661	1.88181329	1.47759545	1.49908662	1.33109725	1.49748099
0.00000100	1.16739023	1.81408608	1.52145445	1.41136003	0.36939886	1.30980802	1.70276725	1.30704987
0.00000120	0.00000000	1.81408608	1.41169786	1.25454223	1.66229486	1.42337513	1.65954971	1.44554520
0.00000140	1.16739023	1.81408608	1.46089911	1.56817782	1.84699428	1.47637320	1.37431467	1.44554520
0.00000160	1.16739023	1.81408608	1.56308639	1.25454223	1.29289603	1.30602241	1.27923632	1.57538462
0.00000180	2.33478045	1.81408608	1.36628127	1.41136003	1.29289603	1.44987416	1.32245374	1.41092134
0.00000200	1.16739023	3.17465067	1.42683673	1.56817782	1.66229486	1.30980802	1.46074951	1.53210485
0.00000220	0.00000000	2.72112894	1.34735775	1.09772444	1.10819650	1.37037718	1.45210600	1.45420122
0.00000240	2.33478045	1.81408608	1.48739207	0.78408891	2.58579206	1.40444732	1.44346261	1.32436180
0.00000260	1.16739023	1.81408608	1.43440616	2.19544888	0.73879772	1.40444732	1.24466228	1.37629759
0.00000280	4.66956091	2.26760745	1.39655900	0.78408891	1.29289603	1.44230306	1.33974075	1.35032964
0.00000300	2.33478045	0.90704304	1.43440616	0.94090664	0.73879772	1.44987416	1.68548024	1.44554520
0.00000340	1.75108540	1.58732533	1.46468377	1.64658666	1.10819650	1.48962271	1.43914080	1.44554520
0.00000380	1.75108540	0.68028224	1.32843411	1.56817782	1.66229486	1.48962271	1.32677543	1.51479292
0.00000420	0.58369511	1.36056447	1.36628127	1.17613328	1.10819650	1.41201842	1.43481910	1.51912093
0.00000460	1.16739023	0.90704304	1.44576025	1.56817782	1.10819650	1.53504956	1.34838414	1.40226543
0.00000500	2.91847563	1.13380373	1.47036088	0.94090664	1.84699428	1.47448039	1.30948853	1.35032964
0.00000540	1.75108540	0.90704304	1.47414565	1.41136003	1.66229486	1.41391122	1.47803652	1.44554520
0.00000580	1.75108540	1.36056447	1.37385070	0.70568001	1.56994510	1.53694236	1.52125394	1.46285713
0.00000620	1.16739023	1.36056447	1.43629849	1.48976886	2.21639299	1.46312368	1.29220152	1.28973794
0.00000700	1.16739023	2.49436831	1.34262681	1.09772444	1.66229486	1.37416267	1.41537118	1.43688929
0.00000780	0.58369511	0.79366267	1.37858164	1.29374671	1.33907080	1.41296482	1.30948853	1.43905330
0.00000860	2.04293299	1.24718416	1.30004883	1.21533775	1.29289603	1.33062863	1.43049729	1.32003379
0.00000940	1.75108540	1.70070565	1.37006605	1.33295107	1.43142056	1.32589674	1.35054505	1.26593411
0.00001020	0.58369511	1.13380373	1.31140292	1.64658666	1.10819650	1.41107202	1.48668003	1.35465765
0.00001100	1.45923781	0.79366267	1.32748795	1.21533775	1.15437138	1.37889469	1.38295817	1.30921388
0.00001180	0.58369511	0.79366267	1.40696692	1.29374671	1.15437138	1.35712767	1.37863636	1.28973794
0.00001260	1.16739023	1.92746639	1.33600354	0.90170223	1.29289603	1.31548631	1.32245374	1.31786978
0.00001420	1.16739023	1.24718416	1.30004883	1.43096220	1.13128400	1.34813690	1.41321039	1.35465765
0.00001580	1.16739023	1.24718416	1.27923286	1.39175773	1.06202173	1.36895752	1.31272984	1.29406595
0.00001740	0.58369511	0.90704304	1.27119040	1.07812226	1.22363365	1.35949361	1.34946465	1.35898566
0.00001900	1.16739023	1.19049394	1.31755316	1.29374671	1.43142056	1.33867300	1.29112113	1.34491968
0.00002060	0.43777135	1.36056447	1.30430663	0.86249775	1.24672115	1.28756773	1.22737539	1.25944209
0.00002220	0.87554270	1.30387437	1.33032656	1.13692892	1.45450795	1.30933475	1.26843190	1.25403214
0.00002380	0.29184756	0.85035282	1.24043953	1.13692892	1.15437138	1.27763069	1.30300581	1.28324604
0.00002540	1.31331408	1.36056447	1.32323015	1.25454223	0.99275941	1.21327591	1.19388187	1.25295007
0.00002860	1.38021457	1.55704439	1.27301502	1.15517986	1.47235096	1.26952922	1.25323284	1.22283828
0.00003180	0.79907155	1.10408604	1.18951535	1.28244555	1.24048471	1.23194683	1.19427633	1.22229743
0.00003500	0.72642869	1.10408604	1.22511852	1.17475927	1.39119780	1.22461939	1.16182315	1.18714285
0.00003820	1.30757165	1.33056521	1.20153141	1.24328685	1.19411147	1.21067381	1.17264092	1.18281615
0.00004140	1.67078602	0.93422663	1.15317762	0.93980742	1.15933156	1.21704185	1.18886745	1.18443871
0.00004460	1.01700020	1.10408604	1.15058303	1.07686257	1.04339838	1.18631446	1.13856506	1.17578530
0.00004780	1.01700020	1.04746628	1.14044058	1.19433856	1.35641789	1.13147783	1.13802421	1.15739667
0.00005100	0.94435734	0.90591675	1.14137113	1.02791429	1.18251812	1.16196895	1.12287939	1.15144742
0.00005740	1.12551653	1.24687421	1.12526822	1.13219380	1.17485309	1.11324537	1.06720912	1.10594010
0.00006380	1.12551653	0.89264858	1.10864031	1.04887223	1.05331659	1.09573638	1.08560467	1.09351385
0.00007020	1.08920956	1.02016973	1.08446515	1.03906965	1.16906559	1.10744846	1.08587515	1.08407772
0.00007660	1.16182351	1.02016973	1.09910071	1.03906965	1.16906559	1.07030082	1.05287147	1.06651843
0.00008300	1.16182351	0.86431050	1.08542085	0.99005693	1.17485309	1.06259906	1.05747032	1.04301620
0.00008940	0.68983275	0.99183172	1.06218886	1.07337856	1.07067895	1.05703878	1.07424271	1.04409671
0.00009580	1.08920956	1.02016973	1.05027795	1.00476074	1.05910397	1.06388831	1.02311409	1.03977442
0.00010220	0.83506066	1.06267691	1.04461730	0.98515564	1.08804131	1.05122995	1.05611777	1.01951385
0.00011500	0.83555925	1.02776515	1.03663337	1.07639086	0.96422356	1.03124690	1.04427826	1.02433014
0.00012780	0.81739491	1.02776515	1.03804862	1.08617628	1.04240382	1.03408659	1.04576600	1.02500534
0.00014060	0.99903822	1.02776515	1.03403890	1.02991033	1.04819500	1.03444159	1.04481924	1.01798379
0.00015340	1.03536689	0.99232495	1.03285956	1.04458845	0.96132797	1.01733232	1.01587546	1.01757872
0.00016620	1.27150321	1.14117372	1.02088928	1.05682015	1.01923931	1.02632475	1.00992441	1.02623820
0.00017900	0.98087388	1.16243780	1.02053547	1.02257133	1.00476146	1.02301180	1.04049122	1.01800120
0.00019180	0.96270955	1.04194117	1.01518106	0.95407373	1.03661275	1.01939142	1.03900349	1.02623820
0.00020460	1.01720262	0.93562067	1.01536953	1.04948103	0.99028367	1.01104975	1.01817477	1.01057446
0.00023020	1.03763688	0.96847963	1.01402414	0.94530439	1.05744922	1.00399148	1.01580989	1.00976729
0.00025580	1.02853477	0.95428950	1.00068188	0.99177474	1.02408659	1.00177026	1.02040887	1.00875509
0.00028140	0.88290155	1.04639554	0.99676114	0.94408149	0.96751523	0.99958992	1.00331557	0.99411201
0.00030700	0.88290155	1.04284835	1.00466144	1.00767255	1.02118552	0.99723184	1.02103508	1.01651537
0.00033260	0.91020775	0.91515267	1.00434387	0.97220826	0.99072403	1.00693977	0.99695814	1.00710106
0.00035820	0.92841190	0.97900051	1.00375438	0.98932892	1.03278995	1.00119376	0.99533498	0.99637216
0.00038380	1.14686179	0.96126503	1.00690842	1.01011825	1.05599868	1.00628817	0.99709344	1.00534666
0.00040940	1.01033068	0.96126503	1.00822353	1.02112448	0.99225348	0.99577355	1.00426233	0.98908460
0.00046060	1.09767485	0.96160305	1.01262903	1.00407708	0.95186198	0.99910557	1.00277472	1.00889480
0.00051180	0.96103483	0.97234935	0.99662012	1.00537348	0.93590087	1.00233173	0.99432844	1.01056349
0.00056300	0.94737083	1.00777185	1.00034964	0.99627316	1.00635493	0.99451864	0.99557847	0.99819535
0.00061420	0.86083215	0.96880710	0.99931437	0.96141273	1.00409830	0.99074113	0.99503791	1.00837374
0.00066540	0.99291748	0.99891627	1.00231481	1.01584387	1.03239298	1.00272918	1.00032496	1.01346302
0.00071660	0.92915213	1.00777185	0.99965113	1.00292730	0.99249023	1.00157809	1.00853467	1.00773335
0.00076780	1.00658154	1.03079653	0.99661076	1.00720811	1.07084477	0.99196249	1.00900757	1.00587976
0.00081900	1.01569080	1.01662755	1.00785923	0.93076551	1.02876544	0.98938721	0.99721682	0.99027503
0.00092140	0.99143034	1.06148934	1.00326335	1.01685297	1.00510669	1.00284624	1.00189269	0.99817038
0.00102380	0.99143034	0.94295639	0.99343586	1.00065422	0.98733318	1.01052868	1.00147069	1.00039518
0.00112620	1.01194274	0.97391647	0.99565965	1.01379657	1.01699567	1.00362217	0.99854934	1.00236857
0.00122860	1.04385078	1.05352819	1.00255144	1.01563048	1.00885582	1.00351310	1.00393796	1.00467896
0.00133100	0.98231375	0.99325377	1.00425160	1.01012897	0.99362510	1.00478709	0.99218214	1.00093472
0.00143340	0.99598861	0.97644895	0.99891949	1.01325929	0.99717218	1.00172067	0.99262100	0.99886113
0.00153580	0.92761415	0.94726157	1.00014377	1.00385714	0.96324021	0.99931866	1.00123513	0.99761343
0.00163820	1.06892145	1.02054536	1.00163746	1.00232875	0.98898947	1.00254500	1.00175726	1.00027752
0.00184300	1.02199507	0.99516553	1.00036383	1.01163149	1.00679779	1.00145578	1.00118446	1.00167489
0.00204780	0.96730638	0.99118835	1.00052512	1.01346660	0.97875780	0.99699575	0.99954474	1.00856626
0.00225260	1.01629829	1.05924141	0.99850529	1.00367916	0.99879336	0.99705535	1.00270498	1.00124490
0.00245740	0.96388835	1.03007579	1.00094771	0.99022132	1.01856971	1.00128150	1.00224030	1.00239921
0.00266220	1.09605265	1.02079582	0.99550533	1.00459671	0.97611415	0.99760145	1.00171590	1.00229776
0.00286700	1.01288033	1.02300537	0.99847651	0.98792738	0.99335039	0.99947947	1.00433433	1.00041890
0.00307180	0.97756052	1.02281737	0.99632412	0.98548049	0.97919852	0.99911314	1.00484157	1.00566709
0.00327660	1.01629829	0.98026246	1.00001192	1.01300788	0.99226177	1.00540876	0.99957776	0.99874085
0.00368620	1.01596892	1.00445127	1.00197124	0.98802418	1.00813425	0.99717593	0.99941891	1.00089073
0.00409580	1.00265598	1.01596367	0.99986273	1.00272596	1.00868821	1.00013494	0.99754369	0.99443275
0.00450540	0.99524581	1.00189149	1.00435412	1.01007521	1.00723875	1.00202835	1.00017250	1.00200725
0.00491500	1.02887666	0.98174745	0.99884200	1.00807989	0.99571139	1.00115824	1.00570977	1.00095558
0.00532460	1.00322604	0.98971653	1.00012505	0.99728519	0.99726290	1.00169885	1.00165260	0.99947304
0.00573420	1.00627673	1.00530851	0.99959195	0.99873585	1.00225651	1.00282145	0.99675339	0.99857366
0.00614380	0.99222142	0.98902816	0.99756545	1.00830948	0.98503268	0.99938494	1.00358796	1.00144958
0.00655340	0.95059377	1.02209759	0.99971753	0.99706298	0.99697977	1.00032365	1.00100636	1.00564611
0.00737260	1.00180101	1.00574577	1.00156200	0.99371433	0.99599552	0.99961883	1.00003767	1.00336027
0.00819180	0.99296582	0.99539846	0.99690676	1.00806534	0.99355179	0.99860746	1.00042665	1.00038517
0.00901100	0.98869067	0.99250108	0.99894929	1.00204873	1.00540829	1.00009072	1.00185442	1.00035143
0.00983020	0.98660737	0.99693882	0.99920988	1.00328040	0.99919742	0.99958044	1.00070524	0.99932796
0.01064940	0.96418005	1.00170946	1.00167620	1.00787687	1.01247799	0.99943888	1.00130570	1.00160921
0.01146860	1.00949621	0.98519039	1.00310361	0.99741989	0.99980897	1.00083661	0.99783480	0.99965829
0.01228780	0.98592895	0.98117381	1.00190198	0.99489707	0.99447918	1.00210488	0.99415672	1.00180554
0.01310700	1.00009096	0.99457085	1.00009477	0.99183875	0.99544108	1.00094581	1.00157380	1.00095177
0.01474540	1.00675631	1.00362313	1.00176239	0.99806088	1.00573313	0.99986070	0.99980557	1.00020051
0.01638380	1.00402343	0.98787278	0.99986106	1.00508988	0.99712658	1.00119960	0.99898046	0.99950033
0.01802220	1.00282609	1.00835133	0.99957913	1.00014150	0.99388361	0.99887431	1.00000489	0.99957222
0.01966060	0.98108488	1.00223637	1.00021815	0.99077868	0.98869741	1.00048029	1.00051987	1.00218296
0.02129900	0.99462003	0.99970043	0.99861586	1.00183952	1.00449359	1.00249219	1.00176728	1.00045943
0.02293740	0.99219799	1.01089883	0.99793208	0.99815297	0.99528480	1.00096047	1.00510967	1.00116348
0.02457580	1.00140166	1.00168252	1.00147104	1.00261247	0.99260646	1.00052059	1.00081265	1.00216019
0.02621420	1.00493622	1.00175226	1.00054717	1.00291646	0.99470854	1.00179935	1.00077009	1.00059783
0.02949100	1.00993609	1.00085115	1.00067282	0.99964792	1.00150681	1.00145996	1.00043511	0.99945438
0.03276780	1.00522113	0.99190438	0.99973643	1.00823081	0.99823260	0.99982804	1.00029325	1.00101709
0.03604460	0.99497616	0.99045157	0.99997801	0.99816376	0.99589616	1.00094533	1.00041997	0.99927586
0.03932140	0.99152476	1.00191891	1.00036502	0.99720734	1.00263643	0.99972552	1.00124383	1.00041902
0.04259820	1.00171578	0.99927777	0.99872935	1.00437474	0.99783891	0.99813026	1.00093806	0.99911577
0.04587500	0.99756753	1.01425421	1.00076640	0.99673635	0.99910527	1.00033069	0.99965471	1.00023293
0.04915180	0.99782568	0.99204332	1.00069261	0.99875396	1.00214708	1.00131977	1.00154996	0.99898505
0.05242860	1.01359236	1.00634444	0.99963450	1.00514972	0.99950188	0.99930197	1.00147867	0.99906504
0.05898220	0.99932045	0.99418724	1.00038350	1.00454295	0.99786973	1.00053215	1.00039506	1.00079095
0.06553581	0.99902278	1.00512719	0.99921101	1.00200939	1.00091267	1.00109005	1.00041950	0.99916971
0.07208940	0.99758840	1.00237572	1.00022101	1.00153232	0.99860257	0.99999094	1.00029099	1.00005460
0.07864300	1.00810432	1.00310850	1.00036967	0.99997509	0.99886656	1.00017238	1.00008726	1.00092185
0.08519660	1.01023245	0.99762774	1.00068712	1.00092781	0.99814534	0.99993539	1.00054574	1.00097716
0.09175020	1.00250018	1.00196016	1.00094044	0.99892199	0.99586219	1.00022984	0.99985105	1.00183320
0.09830380	1.00384605	0.99589258	1.00010169	0.99632418	1.00213206	1.00146317	0.99943531	1.00140488
0.10485740	1.01410377	1.00191820	1.00020945	0.99537235	1.00365555	1.00045633	1.00038052	1.00059271
0.11796460	0.99334985	0.99872214	0.99991733	0.99777865	0.99862647	0.99978364	1.00009549	1.00133669
0.13107181	0.99855638	1.00240195	1.00114226	1.00114548	1.00009441	0.99950588	1.00040615	0.99949080
0.14417900	1.00772965	0.99426645	1.00113952	1.00299311	0.99714553	0.99991256	1.00081670	0.99950266
0.15728620	0.99978721	1.00030327	1.00019681	1.00049198	0.99798304	0.99960631	1.00080800	0.99977738
0.17039341	1.00267947	0.99793488	1.00027335	1.00095534	1.00168228	1.00007403	1.00104880	1.00079048
0.18350060	1.00121343	0.99464691	1.00088847	0.99842632	0.99965185	1.00008774	1.00004148	1.00040126
0.19660780	1.00967693	0.99839193	1.00045204	1.00049102	0.99905175	1.00060916	1.00057650	1.00123501
0.20971501	0.99387658	0.99939096	1.00038326	0.99933118	1.00042880	1.00044584	1.00073504	0.99941909
0.23592941	0.99928498	0.99802303	1.00055432	0.99941647	1.00059652	0.99968576	1.00030935	1.00002933
0.26214382	0.99902278	1.00147092	1.00009680	0.99695361	1.00193298	1.00059819	0.99980140	1.00075352
0.28835821	1.00045824	1.00104308	1.00073421	1.00090170	0.99933130	1.00011826	1.00033879	1.00100541
0.31457260	1.00156498	1.00060523	1.00025594	1.00014341	1.00100112	0.99988043	0.99986017	0.99991816
0.34078699	1.00891781	1.00193417	1.00066495	1.00043714	0.99999893	1.00011373	1.00018394	0.99937266
0.36700141	0.99897921	0.99932098	1.00057781	0.99977386	1.00085711	1.00085974	1.00034916	1.00100648
0.39321581	1.00386715	0.99794263	1.00003648	0.99865651	0.99650288	0.99939400	1.00027084	1.00038290
0.41943020	0.99889207	0.99930096	1.00045502	0.99970645	1.00195253	1.00014627	1.00050795	0.99969834
0.47185901	0.99872220	0.99661297	1.00044322	0.99791604	1.00020123	0.99965197	0.99994367	0.99997705
0.52428782	0.99751461	1.00052238	1.00045872	0.99945426	0.99924308	1.00018728	1.00080514	1.00042653
0.57671660	0.99680078	0.99861127	1.00035501	1.00030077	1.00144744	1.00006330	1.00013292	0.99997228
0.62914538	1.00082171	1.00151384	1.00006199	1.00091529	1.00053072	1.00018120	1.00025129	1.00043690
0.68157423	0.99595976	1.00026047	1.00083518	1.00172222	1.00051498	1.00035465	0.99995923	1.00036645
0.73400301	0.99876308	0.99973923	1.00029325	1.00081742	0.99968326	0.99983782	1.00026095	1.00062692
0.78643179	1.00378466	0.99881113	1.00032127	0.99960387	0.99873406	1.00048220	1.00017381	1.00033069
0.83886063	0.99637777	1.00015235	1.00044692	0.99980748	1.00053203	1.00013804	1.00016892	1.00049472
0.94371825	0.99954331	1.00069726	1.00028098	0.99985939	1.00025678	1.00010562	1.00044620	1.00019634
1.04857588	1.00079107	0.99991244	1.00022435	1.00057662	1.00049090	0.99974185	1.00091732	1.00026834
1.15343344	1.00242698	1.00093663	1.00011146	0.99909270	0.99911910	0.99983799	1.00024247	0.99976319
1.25829101	1.00137258	0.99941289	0.99986231	0.99902910	1.00085580	1.00005329	1.00035346	1.00030673
1.36314869	1.00106573	1.00006104	0.99988747	1.00115943	0.99965060	0.99993634	1.00008416	0.99995214
1.46800625	1.00342298	0.99819863	1.00009167	0.99969840	1.00032985	1.00027657	1.00037086	0.99990183
1.57286382	1.00202870	0.99824923	0.99997610	0.99879819	0.99976909	1.00036478	1.00032437	0.99997181
1.67772150	1.00109994	0.99974203	1.00014675	1.00023866	0.99966007	1.00013757	0.99975586	0.99982446
1.88743675	1.00005591	1.00043535	1.00015724	1.00031114	1.00005996	0.99995768	1.00001383	0.99992764
2.09715199	0.99916846	0.99958837	1.00007975	0.99980277	1.00017297	0.99991065	1.00038230	0.99994886
2.30686712	0.99755138	0.99947864	1.00013530	1.00042391	1.00015438	1.00027966	1.00018501	0.99998885
2.51658225	0.99836808	0.99955761	1.00031447	0.99938208	1.00035536	1.00013995	1.00043881	1.00014174
2.72629738	0.99963421	1.00160849	1.00041068	0.99967968	0.99996281	0.99981898	0.99993855	1.00015831
2.93601274	0.99910575	0.99997973	1.00025642	1.00080895	0.99996328	0.99998832	1.00007713	0.99994403
3.14572787	0.99988550	0.99966025	1.00006390	0.99903047	1.00015163	1.00021398	0.99986047	1.00019062
3.35544300	0.99924242	0.99895251	1.00036740	1.00002587	1.00016367	1.00006199	1.00008905	1.00018179
3.77487350	0.99951470	1.00005674	0.99994946	1.00110674	0.99992365	1.00008571	0.99996942	1.00000632
4.19430399	0.99813825	0.99976659	1.00002575	0.99900925	0.99988306	0.99995130	0.99982154	0.99996847
4.61373425	1.00245702	1.00025856	0.99997979	1.00134432	1.00017715	0.99996889	0.99998820	1.00002384
5.03316450	1.00000000	1.00000000	1.00000000	1.00000000	1.00000000	1.00000000	1.00000000	1.00000000
5.45259476	0.00000000	0.00000000	0.00000000	0.00000000	0.00000000	0.00000000	0.00000000	0.00000000
5.87202549	0.00000000	0.00000000	0.00000000	0.00000000	0.00000000	0.00000000	0.00000000	0.00000000
6.29145575	0.00000000	0.00000000	0.00000000	0.00000000	0.00000000	0.00000000	0.00000000	0.00000000
6.71088600	0.00000000	0.00000000	0.00000000	0.00000000	0.00000000	0.00000000	0.00000000	0.00000000
7.54974699	0.00000000	0.00000000	0.00000000	0.00000000	0.00000000	0.00000000	0.00000000	0.00000000
8.38860798	0.00000000	0.00000000	0.00000000	0.00000000	0.00000000	0.00000000	0.00000000	0.00000000
9.22746849	0.00000000	0.00000000	0.00000000	0.00000000	0.00000000	0.00000000	0.00000000	0.00000000
10.06632900	0.00000000	0.00000000	0.00000000	0.00000000	0.00000000	0.00000000	0.00000000	0.00000000
10.90518951	0.00000000	0.00000000	0.00000000	0.00000000	0.00000000	0.00000000	0.00000000	0.00000000
11.74405098	0.00000000	0.00000000	0.00000000	0.00000000	0.00000000	0.00000000	0.00000000	0.00000000
12.58291149	0.00000000	0.00000000	0.00000000	0.00000000	0.00000000	0.00000000	0.00000000	0.00000000
13.42177200	0.00000000	0.00000000	0.00000000	0.00000000	0.00000000	0.00000000	0.00000000	0.00000000
15.09949398	0.00000000	0.00000000	0.00000000	0.00000000	0.00000000	0.00000000	0.00000000	0.00000000
16.77721596	0.00000000	0.00000000	0.00000000	0.00000000	0.00000000	0.00000000	0.00000000	0.00000000
18.45493698	0.00000000	0.00000000	0.00000000	0.00000000	0.00000000	0.00000000	0.00000000	0.00000000
20.13265800	0.00000000	0.00000000	0.00000000	0.00000000	0.00000000	0.00000000	0.00000000	0.00000000
21.81037903	0.00000000	0.00000000	0.00000000	0.00000000	0.00000000	0.00000000	0.00000000	0.00000000
23.48810196	0.00000000	0.00000000	0.00000000	0.00000000	0.00000000	0.00000000	0.00000000	0.00000000
25.16582298	0.00000000	0.00000000	0.00000000	0.00000000	0.00000000	0.00000000	0.00000000	0.00000000
26.84354401	0.00000000	0.00000000	0.00000000	0.00000000	0.00000000	0.00000000	0.00000000	0.00000000
30.19898796	0.00000000	0.00000000	0.00000000	0.00000000	0.00000000	0.00000000	0.00000000	0.00000000
33.55443192	0.00000000	0.00000000	0.00000000	0.00000000	0.00000000	0.00000000	0.00000000	0.00000000
36.90987396	0.00000000	0.00000000	0.00000000	0.00000000	0.00000000	0.00000000	0.00000000	0.00000000
40.26531601	0.00000000	0.00000000	0.00000000	0.00000000	0.00000000	0.00000000	0.00000000	0.00000000
43.62075806	0.00000000	0.00000000	0.00000000	0.00000000	0.00000000	0.00000000	0.00000000	0.00000000
46.97620392	0.00000000	0.00000000	0.00000000	0.00000000	0.00000000	0.00000000	0.00000000	0.00000000
50.33164597	0.00000000	0.00000000	0.00000000	0.00000000	0.00000000	0.00000000	0.00000000	0.00000000
53.68708801	0.00000000	0.00000000	0.00000000	0.00000000	0.00000000	0.00000000	0.00000000	0.00000000
60.39797592	0.00000000	0.00000000	0.00000000	0.00000000	0.00000000	0.00000000	0.00000000	0.00000000
67.10886383	0.00000000	0.00000000	0.00000000	0.00000000	0.00000000	0.00000000	0.00000000	0.00000000
73.81974792	0.00000000	0.00000000	0.00000000	0.00000000	0.00000000	0.00000000	0.00000000	0.00000000
80.53063202	0.00000000	0.00000000	0.00000000	0.00000000	0.00000000	0.00000000	0.00000000	0.00000000
87.24151611	0.00000000	0.00000000	0.00000000	0.00000000	0.00000000	0.00000000	0.00000000	0.00000000
93.95240784	0.00000000	0.00000000	0.00000000	0.00000000	0.00000000	0.00000000	0.00000000	0.00000000
100.66329193	0.00000000	0.00000000	0.00000000	0.00000000	0.00000000	0.00000000	0.00000000	0.00000000
107.37417603	0.00000000	0.00000000	0.00000000	0.00000000	0.00000000	0.00000000	0.00000000	0.00000000
120.79595184	0.00000000	0.00000000	0.00000000	0.00000000	0.00000000	0.00000000	0.00000000	0.00000000
134.21772766	0.00000000	0.00000000	0.00000000	0.00000000	0.00000000	0.00000000	0.00000000	0.00000000
147.63949585	0.00000000	0.00000000	0.00000000	0.00000000	0.00000000	0.00000000	0.00000000	0.00000000
161.06126404	0.00000000	0.00000000	0.00000000	0.00000000	0.00000000	0.00000000	0.00000000	0.00000000
174.48303223	0.00000000	0.00000000	0.00000000	0.00000000	0.00000000	0.00000000	0.00000000	0.00000000
187.90481567	0.00000000	0.00000000	0.00000000	0.00000000	0.00000000	0.00000000	0.00000000	0.00000000
201.32658386	0.00000000	0.00000000	0.00000000	0.00000000	0.00000000	0.00000000	0.00000000	0.00000000
214.74835205	0.00000000	0.00000000	0.00000000	0.00000000	0.00000000	0.00000000	0.00000000	0.00000000
241.59190369	0.00000000	0.00000000	0.00000000	0.00000000	0.00000000	0.00000000	0.00000000	0.00000000
268.43545532	0.00000000	0.00000000	0.00000000	0.00000000	0.00000000	0.00000000	0.00000000	0.00000000
295.27899170	0.00000000	0.00000000	0.00000000	0.00000000	0.00000000	0.00000000	0.00000000	0.00000000
322.12252808	0.00000000	0.00000000	0.00000000	0.00000000	0.00000000	0.00000000	0.00000000	0.00000000
348.96606445	0.00000000	0.00000000	0.00000000	0.00000000	0.00000000	0.00000000	0.00000000	0.00000000
375.80963135	0.00000000	0.00000000	0.00000000	0.00000000	0.00000000	0.00000000	0.00000000	0.00000000
402.65316772	0.00000000	0.00000000	0.00000000	0.00000000	0.00000000	0.00000000	0.00000000	0.00000000
429.49670410	0.00000000	0.00000000	0.00000000	0.00000000	0.00000000	0.00000000	0.00000000	0.00000000
483.18380737	0.00000000	0.00000000	0.00000000	0.00000000	0.00000000	0.00000000	0.00000000	0.00000000
536.87091064	0.00000000	0.00000000	0.00000000	0.00000000	0.00000000	0.00000000	0.00000000	0.00000000
590.55798340	0.00000000	0.00000000	0.00000000	0.00000000	0.00000000	0.00000000	0.00000000	0.00000000
644.24505615	0.00000000	0.00000000	0.00000000	0.00000000	0.00000000	0.00000000	0.00000000	0.00000000
697.93212891	0.00000000	0.00000000	0.00000000	0.00000000	0.00000000	0.00000000	0.00000000	0.00000000
751.61926270	0.00000000	0.00000000	0.00000000	0.00000000	0.00000000	0.00000000	0.00000000	0.00000000
805.30633545	0.00000000	0.00000000	0.00000000	0.00000000	0.00000000	0.00000000	0.00000000	0.00000000
858.99340820	0.00000000	0.00000000	0.00000000	0.00000000	0.00000000	0.00000000	0.00000000	0.00000000
966.36761475	0.00000000	0.00000000	0.00000000	0.00000000	0.00000000	0.00000000	0.00000000	0.00000000
1073.74182129	0.00000000	0.00000000	0.00000000	0.00000000	0.00000000	0.00000000	0.00000000	0.00000000
1181.11596680	0.00000000	0.00000000	0.00000000	0.00000000	0.00000000	0.00000000	0.00000000	0.00000000
1288.49011230	0.00000000	0.00000000	0.00000000	0.00000000	0.00000000	0.00000000	0.00000000	0.00000000
1395.86425781	0.00000000	0.00000000	0.00000000	0.00000000	0.00000000	0.00000000	0.00000000	0.00000000
1503.23852539	0.00000000	0.00000000	0.00000000	0.00000000	0.00000000	0.00000000	0.00000000	0.00000000
1610.61267090	0.00000000	0.00000000	0.00000000	0.00000000	0.00000000	0.00000000	0.00000000	0.00000000
1717.98681641	0.00000000	0.00000000	0.00000000	0.00000000	0.00000000	0.00000000	0.00000000	0.00000000
1932.73522949	0.00000000	0.00000000	0.00000000	0.00000000	0.00000000	0.00000000	0.00000000	0.00000000
2147.48364258	0.00000000	0.00000000	0.00000000	0.00000000	0.00000000	0.00000000	0.00000000	0.00000000
2362.23193359	0.00000000	0.00000000	0.00000000	0.00000000	0.00000000	0.00000000	0.00000000	0.00000000
2576.98022461	0.00000000	0.00000000	0.00000000	0.00000000	0.00000000	0.00000000	0.00000000	0.00000000
2791.72851562	0.00000000	0.00000000	0.00000000	0.00000000	0.00000000	0.00000000	0.00000000	0.00000000
3006.47705078	0.00000000	0.00000000	0.00000000	0.00000000	0.00000000	0.00000000	0.00000000	0.00000000
3221.22534180	0.00000000	0.00000000	0.00000000	0.00000000	0.00000000	0.00000000	0.00000000	0.00000000
3435.97363281	0.00000000	0.00000000	0.00000000	0.00000000	0.00000000	0.00000000	0.00000000	0.00000000
0	0	0	0	0	0	0	0	0
