%6/22/2015 6:55:44 PM
%Duration	ID1		ID2		ID3		ID4		ID5		ID6		ID7		ID8
3000.000000	27.818680	26.426315	29.821396	21.953583	22.001266	26.235580	27.599335	181.093216
%Tau		Tau1		Tau2		Tau3		Tau4		Tau5		Tau6		Tau7		Tau8
%		0.000064	0.000048	0.000057	0.000045	0.000051	0.000057	0.000064	0.000230
%Delaytime	D1		D2		D3		D4		D5		D6		D7		D8
0.00000000	2.09902167	3.96446276	3.72026348	4.75645590	3.33160782	1.86001825	2.68736696	1.69565248
0.00000020	1.42433608	1.86562955	1.89409769	1.81744099	1.77539635	1.79767132	1.74255466	1.49408221
0.00000040	1.70420563	1.45303833	1.57042277	1.54728079	1.41739452	1.39761150	1.54646158	1.47396910
0.00000060	1.50929654	1.42164552	1.47851503	1.53090751	1.37355769	1.41319823	1.33254182	1.46451712
0.00000080	1.41434073	1.40370679	1.53845477	1.57184076	1.31510842	1.48074079	1.36373842	1.42539001
0.00000100	1.31438732	1.63242579	1.48251104	1.36717403	1.39547610	1.45995843	1.51972163	1.45110834
0.00000120	1.43932915	1.50236988	1.53845477	1.39992070	1.27857757	1.52230549	1.41721833	1.44033742
0.00000140	1.49430346	1.53376269	1.33465946	1.50634742	1.32241452	1.40800261	1.35482514	1.46660531
0.00000160	1.51429415	1.29607439	1.48650706	1.24437404	1.51968074	1.61063027	1.36373842	1.44923997
0.00000180	1.41933846	1.37231398	1.55044281	1.48997414	1.50506842	1.40800261	1.37710845	1.45880187
0.00000200	1.43932915	1.60103297	1.43056321	1.56365418	1.19090366	1.50671875	1.42613173	1.43890870
0.00000220	1.47431278	1.46649241	1.49050295	1.52272081	1.50506842	1.51191425	1.39939177	1.45396590
0.00000240	1.38935244	1.45752311	1.53845477	1.40810740	1.41739452	1.42878497	1.38602173	1.45891178
0.00000260	1.33437800	1.42613029	1.43056321	1.44904077	1.31510842	1.36643803	1.48852491	1.43967795
0.00000280	1.49430346	1.35437524	1.40658724	1.63733423	1.41739452	1.46515405	1.27906191	1.46385765
0.00000300	1.42433608	1.43509960	1.59439862	1.60458755	1.63657928	1.35604680	1.43058836	1.45253718
0.00000340	1.40184653	1.36558700	1.40259123	1.29349399	1.42470074	1.54568553	1.42167509	1.46468198
0.00000380	1.39934778	1.53824747	1.31667757	1.51453412	1.41008842	1.46775186	1.42167509	1.45292187
0.00000420	1.35936642	1.60327542	1.42456925	1.45313406	1.43931305	1.50412095	1.47961164	1.44720662
0.00000460	1.44682562	1.43285728	1.48650706	1.42448080	1.40278232	1.40540481	1.47738326	1.45698845
0.00000500	1.44932449	1.46200776	1.50848496	1.50634742	1.43931305	1.55088115	1.52640665	1.44264555
0.00000540	1.49430346	1.43734193	1.35064352	1.50225413	1.45757842	1.47554517	1.41499007	1.44945979
0.00000580	1.43433142	1.42164552	1.46852505	1.60458755	1.47219074	1.40280712	1.39716339	1.43747985
0.00000620	1.42433608	1.38801038	1.51847494	1.47769415	1.45392537	1.48333859	1.42167509	1.45566952
0.00000700	1.43807971	1.45303833	1.41857529	1.34670734	1.30780220	1.45865953	1.47849751	1.45564210
0.00000780	1.41434073	1.50685465	1.44554818	1.49816072	1.34981263	1.41709495	1.39159262	1.44327748
0.00000860	1.41559017	1.40931273	1.42756617	1.39787412	1.36807799	1.45346403	1.40384841	1.44176626
0.00000940	1.38435471	1.43285728	1.46652710	1.40606070	1.46305811	1.43657839	1.46846998	1.44165635
0.00001020	1.43308198	1.44743252	1.41757619	1.42243409	1.50689507	1.35085130	1.49632418	1.44135404
0.00001100	1.46931517	1.42613029	1.42057323	1.56774747	1.47036421	1.44307280	1.48184001	1.43613350
0.00001180	1.43433142	1.44631135	1.43356013	1.43880737	1.35346568	1.45606172	1.44395840	1.44226086
0.00001260	1.36811233	1.48218882	1.42756617	1.42243409	1.49228275	1.34825349	1.42613173	1.44967961
0.00001420	1.42058790	1.42556965	1.47152209	1.41220069	1.38360357	1.42618716	1.41666126	1.44248068
0.00001580	1.36748755	1.39697981	1.41457927	1.39480400	1.37355769	1.40215766	1.42947423	1.44117546
0.00001740	1.37560880	1.41155505	1.39559829	1.46848404	1.39364958	1.42618716	1.38100803	1.44536567
0.00001900	1.36873698	1.36446583	1.35963440	1.36205733	1.39456284	1.42553771	1.38212216	1.43712258
0.00002060	1.39185119	1.33699715	1.38361037	1.37740743	1.39182305	1.43917608	1.40496254	1.43606484
0.00002220	1.33750153	1.39361632	1.39459932	1.38354743	1.34981263	1.43333113	1.38880718	1.43829036
0.00002380	1.37810767	1.37399578	1.37561834	1.33749735	1.31054199	1.43138278	1.39660633	1.43114638
0.00002540	1.40621960	1.35437524	1.39260137	1.39071071	1.31967473	1.39306533	1.37822258	1.43530917
0.00002860	1.36110425	1.43345809	1.38122404	1.37886286	1.33675706	1.36991978	1.39801025	1.42498517
0.00003180	1.35608864	1.32674706	1.36270094	1.31793284	1.34959722	1.36406684	1.37878311	1.43001676
0.00003500	1.33226454	1.34439218	1.36945939	1.31025255	1.31887245	1.35171056	1.35537612	1.41642809
0.00003820	1.33351851	1.33206856	1.29711914	1.31793284	1.36794043	1.34195554	1.31162739	1.41334617
0.00004140	1.31878519	1.31834459	1.31939685	1.30718040	1.29869497	1.30651259	1.29769456	1.40910745
0.00004460	1.30624628	1.30574083	1.32014787	1.29591608	1.29640210	1.27594709	1.32444549	1.40679920
0.00004780	1.29809594	1.27605224	1.28885877	1.24778640	1.26797020	1.25806308	1.23417652	1.39963663
0.00005100	1.26894283	1.25056481	1.28887379	1.26826715	1.26521873	1.29480672	1.24810946	1.40095556
0.00005740	1.26630604	1.26653099	1.26711917	1.26218271	1.24167418	1.25449646	1.26566386	1.38565314
0.00006380	1.22075093	1.25518513	1.21330929	1.24300444	1.22723079	1.23724020	1.24393094	1.38023472
0.00007020	1.19382489	1.21064222	1.21681416	1.20694947	1.22446024	1.23937297	1.21829724	1.37321436
0.00007660	1.18991125	1.21568489	1.20180738	1.20132375	1.16162562	1.18955719	1.20729148	1.36289942
0.00008300	1.17441308	1.17520404	1.15211284	1.21283078	1.16643989	1.17848694	1.15908897	1.35217881
0.00008940	1.17926610	1.15489364	1.17276669	1.18934512	1.15566504	1.17132390	1.14822257	1.34035909
0.00009580	1.13917518	1.12926042	1.13408756	1.14766312	1.12196481	1.13469458	1.17134857	1.33261514
0.00010220	1.14966369	1.11413264	1.10529721	1.13871300	1.12104774	1.13322937	1.14738667	1.32197785
0.00011500	1.11521125	1.10432041	1.09379756	1.09739578	1.10068512	1.10288489	1.12181461	1.30071223
0.00012780	1.09438372	1.09410608	1.06958556	1.08640134	1.09484136	1.09116673	1.10317302	1.28640878
0.00014060	1.06392550	1.07890439	1.06026351	1.06824780	1.10629976	1.06269944	1.06239486	1.26711893
0.00015340	1.06063688	1.06377268	1.07233834	1.06030393	1.04889357	1.04650545	1.06386983	1.25046587
0.00016620	1.04903495	1.06502044	1.03522611	1.06017601	1.04854989	1.05496860	1.04820728	1.23325610
0.00017900	1.04025197	1.05381191	1.05474567	1.04370213	1.02609158	1.04293871	1.03475368	1.22005558
0.00019180	1.03281379	1.03223550	1.03241074	1.03168499	1.03319573	1.02918589	1.04902470	1.20474207
0.00020460	1.04067063	1.03783977	1.03253591	1.02580428	1.01612282	1.05050695	1.01909029	1.19165254
0.00023020	1.02888358	1.02932870	1.01841891	1.02378392	1.03291631	1.02129066	1.00944626	1.16709983
0.00025580	1.01923215	1.01560199	1.00633502	1.02250743	1.02156806	1.01730514	1.01554155	1.14577270
0.00028140	1.01233220	1.01220524	1.01805067	1.01046169	1.01650834	1.01867437	1.00237584	1.12882149
0.00030700	1.00951505	1.00517929	1.01178980	1.01639736	1.01107955	1.02137208	0.99938041	1.11510277
0.00033260	1.00258923	1.00125730	1.01160204	1.01145279	1.00272751	1.00262344	0.99977583	1.10003626
0.00035820	0.99938071	0.99505919	1.01022458	1.00660205	1.00093496	0.99892259	1.00450277	1.08943605
0.00038380	0.98975509	0.99645990	0.98874980	1.02495432	1.01279902	1.00904930	1.00255215	1.07771957
0.00040940	1.00643671	0.99612200	1.00061417	1.02946901	1.00886977	1.00603974	1.00521171	1.06724060
0.00046060	0.99655777	1.00459385	1.00085831	1.00957525	0.99721956	0.99911535	0.99765939	1.05408728
0.00051180	1.00459528	1.00093305	1.00493407	1.00468314	1.00381041	1.00555122	0.99567378	1.04174840
0.00056300	0.99808967	0.99531823	0.99529594	1.00455523	0.99946755	1.00829494	0.99890119	1.03532267
0.00061420	1.00405419	1.00099778	0.99557757	1.00826299	0.99876696	1.00036848	0.99699038	1.02878249
0.00066540	0.99795932	1.00398386	0.99644214	1.00228584	0.99060273	1.00933158	0.99567890	1.02312994
0.00071660	0.99854594	0.99459589	0.99249119	1.00942886	1.00560606	0.99717051	0.99363589	1.02074599
0.00076780	1.00881946	1.00762713	0.99749410	1.00773478	1.00785720	1.00171626	0.99861228	1.01647496
0.00081900	0.99778980	0.99669486	0.99468929	1.00238025	1.00590861	0.99935776	0.99180698	1.01327097
0.00092140	0.99436229	1.00507903	1.00051749	1.00717223	1.00158358	1.00351870	0.99702507	1.00888729
0.00102380	0.99504322	1.00302970	1.00635815	0.99982423	0.99867612	1.00689256	0.99672890	1.00517118
0.00112620	0.99690694	1.00108254	1.01054788	1.00434542	1.00312734	1.00195372	1.00239301	1.00513899
0.00122860	1.00290561	1.00410509	1.00626040	0.99451971	1.00568640	0.99496526	1.00270796	1.00715387
0.00133100	1.00883615	1.00468612	1.00058389	0.99884766	1.00108910	1.00243461	1.00317693	1.00561416
0.00143340	1.00255382	0.99621201	1.00081861	0.99507755	0.99637735	0.99497449	1.00278354	1.00410843
0.00153580	1.00199008	0.99971265	0.99588931	1.00856125	1.00293815	0.98900181	1.00331485	1.00393343
0.00163820	1.00431657	1.00720024	0.99356925	0.99576515	0.99960119	1.00414133	1.00066972	1.00622666
0.00184300	0.99793994	1.00531173	1.00227547	0.99871761	0.99682128	0.99919152	1.00019479	1.00414288
0.00204780	0.99772996	0.99826765	1.00174761	1.00283408	0.99452358	1.00742745	0.99366117	0.99935186
0.00225260	1.00041902	1.00089228	0.99732596	1.00476611	1.00341380	1.00124145	0.99701083	0.99801922
0.00245740	0.99518234	1.00188148	0.99957407	1.00153196	1.00298429	1.00372577	1.00126195	0.99824423
0.00266220	1.00609851	1.00417602	0.99576646	0.99639028	1.00043190	1.00290155	1.00161088	0.99826878
0.00286700	0.99298674	1.00088251	0.99488652	0.99819076	1.00546408	1.00032783	0.99963111	0.99795932
0.00307180	1.00191307	0.99964643	0.99772060	1.00007927	1.00444758	1.00397456	1.00022018	0.99585837
0.00327660	0.99911833	0.99720430	1.00012493	0.99856919	0.99823564	1.00166047	1.00183499	0.99731481
0.00368620	1.00271511	1.00064504	1.00445461	0.99768108	1.00464487	1.00099659	1.00286078	1.00006771
0.00409580	1.00409317	1.00277174	1.00256455	0.99831241	1.00333178	0.99584085	1.00108910	0.99971294
0.00450540	1.00018227	1.00321388	0.99872345	1.00186205	1.00698256	1.00378418	1.00145614	0.99791074
0.00491500	1.00199521	1.00120747	1.00035369	1.00190818	1.00146973	0.99957520	1.00331354	0.99843317
0.00532460	1.00284719	1.00333428	1.00054884	0.99212718	0.99738985	1.00158608	0.99494034	0.99644935
0.00573420	1.00113332	1.00808978	1.00208390	0.99329746	0.99428999	0.99448836	0.99906301	0.99948925
0.00614380	1.00043416	1.00421917	1.00498009	0.98999906	1.00418305	0.99993038	1.00611246	1.00269473
0.00655340	0.99723661	0.99927914	0.99889290	0.99080169	0.99636042	0.99900067	1.00074184	1.00409269
0.00737260	1.00142622	1.00074637	0.99907947	0.99919230	0.99671513	1.00012529	1.00161541	1.00330591
0.00819180	1.00018311	0.99866843	0.99957967	1.00305176	0.99802303	0.99788946	1.00051916	1.00027001
0.00901100	1.00214553	1.00072467	0.99859440	1.00258851	1.00293231	1.00041974	1.00126910	1.00314343
0.00983020	1.00554609	1.00147974	0.99852133	1.00031269	0.99764663	1.00108778	0.99987328	1.00138998
0.01064940	1.00031114	1.00101280	1.00158513	1.00250816	1.00058651	1.00217783	1.00102282	1.00126851
0.01146860	1.00005627	1.00263727	1.00002408	1.00085628	0.99722356	1.00303233	1.00264204	1.00020218
0.01228780	0.99732476	1.00388432	1.00247121	1.00156367	0.99421299	1.00289261	0.99899274	0.99773657
0.01310700	0.99904293	1.00127721	0.99922800	1.00245273	1.00400388	1.00161219	0.99962735	1.00117028
0.01474540	0.99981028	1.00173295	1.00031960	1.00313509	0.99872059	1.00089324	1.00238883	1.00162745
0.01638380	1.00060952	1.00160646	1.00030434	1.00266147	1.00001526	1.00304449	0.99927598	1.00175869
0.01802220	1.00109780	1.00123096	0.99855447	0.99866307	1.00204146	0.99928892	1.00154865	1.00046754
0.01966060	1.00069857	1.00118566	1.00147140	1.00357366	1.00369108	1.00038445	1.00186431	0.99638367
0.02129900	0.99894452	1.00204825	1.00041950	0.99748904	1.00336802	1.00022888	1.00020576	0.99805444
0.02293740	0.99973470	0.99740165	0.99738282	1.00198472	1.00183189	0.99792629	0.99803358	1.00118148
0.02457580	0.99851620	0.99931955	0.99830455	1.00553870	1.00191569	0.99774975	0.99889904	0.99789351
0.02621420	1.00079787	1.00046134	0.99828917	1.00031209	1.00057364	0.99928147	1.00111938	0.99856073
0.02949100	1.00212443	1.00356257	1.00005436	1.00069356	1.00072801	1.00019908	0.99990219	0.99842179
0.03276780	1.00139451	1.00016499	1.00082707	0.99903053	1.00121379	0.99767667	1.00183821	1.00204706
0.03604460	1.00041461	1.00186098	0.99923277	0.99689734	0.99865979	1.00007284	0.99890590	0.99946409
0.03932140	1.00046480	0.99888086	0.99968559	1.00334346	0.99864030	1.00136793	1.00133944	1.00057292
0.04259820	1.00206447	1.00169861	1.00026393	0.99994433	1.00034726	1.00141287	1.00031745	1.00174510
0.04587500	1.00038505	1.00175703	0.99955308	1.00028956	0.99891436	0.99827230	1.00196326	0.99680501
0.04915180	1.00159693	1.00252903	1.00044167	1.00033367	1.00044930	1.00004148	1.00076866	0.99768740
0.05242860	1.00124979	1.00029922	1.00020683	1.00023663	0.99974227	0.99922377	1.00100005	1.00190437
0.05898220	1.00059366	1.00061679	1.00005305	1.00214875	0.99840599	1.00088632	1.00000703	1.00126433
0.06553581	0.99981028	1.00149059	0.99812084	1.00139868	1.00106835	0.99973094	1.00077081	0.99930900
0.07208940	1.00118744	1.00137746	1.00024021	1.00093925	0.99813759	0.99922782	1.00148201	0.99980253
0.07864300	0.99999940	0.99879724	1.00007737	1.00148499	0.99964494	0.99955755	1.00048208	0.99974710
0.08519660	1.00097668	1.00169253	1.00072420	1.00218415	0.99962741	0.99929780	1.00065768	1.00221717
0.09175020	1.00097871	1.00104213	1.00079393	1.00019062	0.99972326	0.99914175	1.00093019	1.00139678
0.09830380	1.00257242	1.00064921	1.00095367	0.99916887	1.00152433	1.00003183	1.00102055	1.00122654
0.10485740	1.00110960	1.00037193	0.99974191	0.99954814	1.00012803	1.00002754	1.00097632	0.99939758
0.11796460	1.00021803	1.00129402	1.00041389	1.00010014	1.00048220	1.00027418	1.00080609	0.99991441
0.13107181	0.99985373	1.00082803	0.99976373	0.99988073	1.00013983	1.00071430	1.00083625	1.00001156
0.14417900	1.00128877	1.00014186	1.00011480	0.99938142	1.00007069	1.00080156	1.00092316	1.00167751
0.15728620	1.00147331	1.00083721	1.00078464	1.00048137	0.99984133	1.00075471	1.00065625	1.00074041
0.17039341	1.00035512	1.00180626	0.99990070	0.99951518	1.00009942	0.99983311	1.00012851	1.00141621
0.18350060	0.99967551	1.00025213	0.99935216	0.99976707	1.00058138	0.99961215	1.00052702	1.00037897
0.19660780	1.00150573	0.99951607	0.99976224	1.00023615	1.00078833	0.99943960	1.00044644	1.00104964
0.20971501	1.00085211	1.00049543	1.00059497	1.00100303	1.00073254	0.99841541	1.00134778	1.00055337
0.23592941	1.00038445	0.99995881	0.99988008	1.00023925	1.00022674	0.99997157	1.00035036	1.00039196
0.26214382	0.99989498	1.00099182	1.00019574	1.00060737	0.99952328	1.00013351	1.00074923	1.00043452
0.28835821	1.00011420	1.00006866	0.99998629	1.00048280	0.99927068	1.00002503	1.00068521	1.00065529
0.31457260	1.00019503	1.00040901	1.00013709	1.00091457	1.00003171	0.99995196	0.99968177	0.99963766
0.34078699	0.99987221	1.00013149	1.00008893	0.99950755	1.00035703	1.00037467	1.00018799	1.00080121
0.36700141	0.99999309	0.99936044	0.99995786	1.00006306	1.00096714	1.00045907	1.00029504	1.00066280
0.39321581	1.00004160	1.00071192	0.99997067	1.00001097	1.00046611	1.00007463	1.00085402	0.99910176
0.41943020	0.99963850	0.99951893	0.99970949	0.99970359	1.00027668	1.00056565	1.00062537	1.00048292
0.47185901	0.99990922	0.99981475	1.00022733	0.99952775	0.99943912	1.00007439	1.00004435	0.99979520
0.52428782	0.99954921	0.99978995	0.99969655	1.00004196	1.00014913	0.99991417	1.00020897	1.00038409
0.57671660	1.00040412	0.99993175	0.99973303	0.99944806	0.99992180	0.99960321	0.99957579	0.99949819
0.62914538	0.99942851	1.00022769	1.00040483	0.99990827	0.99961966	0.99998558	0.99986267	0.99994802
0.68157423	1.00037086	1.00038862	1.00030529	0.99942338	0.99987650	0.99939179	0.99959093	0.99987286
0.73400301	0.99973208	1.00032401	1.00004983	1.00010645	1.00052130	1.00059783	0.99945343	0.99930012
0.78643179	0.99947912	0.99989069	1.00028634	0.99959606	0.99989849	1.00030649	0.99927950	0.99969041
0.83886063	0.99975020	0.99951226	1.00006700	0.99989319	0.99951601	0.99986112	0.99939018	1.00021243
0.94371825	0.99981123	1.00009346	1.00011563	1.00015843	0.99990958	0.99961203	0.99918681	0.99968833
1.04857588	1.00005484	1.00011027	0.99984330	1.00008118	1.00020945	1.00006437	0.99943012	0.99986726
1.15343344	0.99998617	1.00022411	0.99975950	0.99974698	0.99989128	0.99977386	0.99949926	0.99973041
1.25829101	0.99996072	1.00005937	1.00005305	1.00022519	0.99977565	0.99984920	0.99953848	0.99986029
1.36314869	0.99930394	1.00010073	0.99963629	1.00033975	1.00012410	0.99979943	0.99964637	0.99971718
1.46800625	0.99944091	1.00024498	1.00004447	0.99951923	1.00045681	0.99977249	0.99975163	0.99963313
1.57286382	0.99951160	1.00010383	1.00026691	1.00011253	1.00025141	0.99988598	0.99972785	0.99940777
1.67772150	0.99990326	1.00006115	0.99978322	1.00010812	1.00045979	1.00003791	1.00028014	0.99961364
1.88743675	1.00042462	1.00032413	0.99979144	1.00001788	1.00001681	1.00009334	1.00048065	0.99982733
2.09715199	1.00065565	1.00013983	0.99980724	1.00009298	0.99987847	1.00001442	1.00042200	0.99979281
2.30686712	0.99994713	0.99962986	1.00007021	1.00014889	0.99993312	0.99991798	1.00024664	1.00017309
2.51658225	0.99993926	0.99993908	1.00010931	1.00009203	1.00005007	0.99994355	0.99970913	0.99990916
2.72629738	0.99976683	0.99980277	1.00023258	0.99995345	1.00005448	0.99987805	0.99972498	1.00003314
2.93601274	0.99961376	0.99959564	0.99981409	0.99956042	1.00034332	1.00019228	0.99920511	1.00047314
3.14572787	0.99995220	0.99992311	1.00004244	0.99974030	1.00027168	0.99984640	0.99916583	1.00115812
3.35544300	0.99977869	0.99989861	1.00018752	1.00038278	1.00002754	1.00009036	0.99978417	1.00061524
3.77487350	1.00018287	1.00062788	0.99975806	0.99965298	0.99969858	1.00020027	1.00030375	0.99934447
4.19430399	1.00041270	1.00022423	1.00004780	1.00029123	1.00000095	0.99990845	1.00039589	0.99977744
4.61373425	1.00002718	1.00010788	0.99998903	0.99949092	1.00054705	1.00000417	1.00007486	1.00060177
5.03316450	1.00000000	1.00000000	1.00000000	1.00000000	1.00000000	1.00000000	1.00000000	1.00000000
5.45259476	0.00000000	0.00000000	0.00000000	0.00000000	0.00000000	0.00000000	0.00000000	0.00000000
5.87202549	0.00000000	0.00000000	0.00000000	0.00000000	0.00000000	0.00000000	0.00000000	0.00000000
6.29145575	0.00000000	0.00000000	0.00000000	0.00000000	0.00000000	0.00000000	0.00000000	0.00000000
6.71088600	0.00000000	0.00000000	0.00000000	0.00000000	0.00000000	0.00000000	0.00000000	0.00000000
7.54974699	0.00000000	0.00000000	0.00000000	0.00000000	0.00000000	0.00000000	0.00000000	0.00000000
8.38860798	0.00000000	0.00000000	0.00000000	0.00000000	0.00000000	0.00000000	0.00000000	0.00000000
9.22746849	0.00000000	0.00000000	0.00000000	0.00000000	0.00000000	0.00000000	0.00000000	0.00000000
10.06632900	0.00000000	0.00000000	0.00000000	0.00000000	0.00000000	0.00000000	0.00000000	0.00000000
10.90518951	0.00000000	0.00000000	0.00000000	0.00000000	0.00000000	0.00000000	0.00000000	0.00000000
11.74405098	0.00000000	0.00000000	0.00000000	0.00000000	0.00000000	0.00000000	0.00000000	0.00000000
12.58291149	0.00000000	0.00000000	0.00000000	0.00000000	0.00000000	0.00000000	0.00000000	0.00000000
13.42177200	0.00000000	0.00000000	0.00000000	0.00000000	0.00000000	0.00000000	0.00000000	0.00000000
15.09949398	0.00000000	0.00000000	0.00000000	0.00000000	0.00000000	0.00000000	0.00000000	0.00000000
16.77721596	0.00000000	0.00000000	0.00000000	0.00000000	0.00000000	0.00000000	0.00000000	0.00000000
18.45493698	0.00000000	0.00000000	0.00000000	0.00000000	0.00000000	0.00000000	0.00000000	0.00000000
20.13265800	0.00000000	0.00000000	0.00000000	0.00000000	0.00000000	0.00000000	0.00000000	0.00000000
21.81037903	0.00000000	0.00000000	0.00000000	0.00000000	0.00000000	0.00000000	0.00000000	0.00000000
23.48810196	0.00000000	0.00000000	0.00000000	0.00000000	0.00000000	0.00000000	0.00000000	0.00000000
25.16582298	0.00000000	0.00000000	0.00000000	0.00000000	0.00000000	0.00000000	0.00000000	0.00000000
26.84354401	0.00000000	0.00000000	0.00000000	0.00000000	0.00000000	0.00000000	0.00000000	0.00000000
30.19898796	0.00000000	0.00000000	0.00000000	0.00000000	0.00000000	0.00000000	0.00000000	0.00000000
33.55443192	0.00000000	0.00000000	0.00000000	0.00000000	0.00000000	0.00000000	0.00000000	0.00000000
36.90987396	0.00000000	0.00000000	0.00000000	0.00000000	0.00000000	0.00000000	0.00000000	0.00000000
40.26531601	0.00000000	0.00000000	0.00000000	0.00000000	0.00000000	0.00000000	0.00000000	0.00000000
43.62075806	0.00000000	0.00000000	0.00000000	0.00000000	0.00000000	0.00000000	0.00000000	0.00000000
46.97620392	0.00000000	0.00000000	0.00000000	0.00000000	0.00000000	0.00000000	0.00000000	0.00000000
50.33164597	0.00000000	0.00000000	0.00000000	0.00000000	0.00000000	0.00000000	0.00000000	0.00000000
53.68708801	0.00000000	0.00000000	0.00000000	0.00000000	0.00000000	0.00000000	0.00000000	0.00000000
60.39797592	0.00000000	0.00000000	0.00000000	0.00000000	0.00000000	0.00000000	0.00000000	0.00000000
67.10886383	0.00000000	0.00000000	0.00000000	0.00000000	0.00000000	0.00000000	0.00000000	0.00000000
73.81974792	0.00000000	0.00000000	0.00000000	0.00000000	0.00000000	0.00000000	0.00000000	0.00000000
80.53063202	0.00000000	0.00000000	0.00000000	0.00000000	0.00000000	0.00000000	0.00000000	0.00000000
87.24151611	0.00000000	0.00000000	0.00000000	0.00000000	0.00000000	0.00000000	0.00000000	0.00000000
93.95240784	0.00000000	0.00000000	0.00000000	0.00000000	0.00000000	0.00000000	0.00000000	0.00000000
100.66329193	0.00000000	0.00000000	0.00000000	0.00000000	0.00000000	0.00000000	0.00000000	0.00000000
107.37417603	0.00000000	0.00000000	0.00000000	0.00000000	0.00000000	0.00000000	0.00000000	0.00000000
120.79595184	0.00000000	0.00000000	0.00000000	0.00000000	0.00000000	0.00000000	0.00000000	0.00000000
134.21772766	0.00000000	0.00000000	0.00000000	0.00000000	0.00000000	0.00000000	0.00000000	0.00000000
147.63949585	0.00000000	0.00000000	0.00000000	0.00000000	0.00000000	0.00000000	0.00000000	0.00000000
161.06126404	0.00000000	0.00000000	0.00000000	0.00000000	0.00000000	0.00000000	0.00000000	0.00000000
174.48303223	0.00000000	0.00000000	0.00000000	0.00000000	0.00000000	0.00000000	0.00000000	0.00000000
187.90481567	0.00000000	0.00000000	0.00000000	0.00000000	0.00000000	0.00000000	0.00000000	0.00000000
201.32658386	0.00000000	0.00000000	0.00000000	0.00000000	0.00000000	0.00000000	0.00000000	0.00000000
214.74835205	0.00000000	0.00000000	0.00000000	0.00000000	0.00000000	0.00000000	0.00000000	0.00000000
241.59190369	0.00000000	0.00000000	0.00000000	0.00000000	0.00000000	0.00000000	0.00000000	0.00000000
268.43545532	0.00000000	0.00000000	0.00000000	0.00000000	0.00000000	0.00000000	0.00000000	0.00000000
295.27899170	0.00000000	0.00000000	0.00000000	0.00000000	0.00000000	0.00000000	0.00000000	0.00000000
322.12252808	0.00000000	0.00000000	0.00000000	0.00000000	0.00000000	0.00000000	0.00000000	0.00000000
348.96606445	0.00000000	0.00000000	0.00000000	0.00000000	0.00000000	0.00000000	0.00000000	0.00000000
375.80963135	0.00000000	0.00000000	0.00000000	0.00000000	0.00000000	0.00000000	0.00000000	0.00000000
402.65316772	0.00000000	0.00000000	0.00000000	0.00000000	0.00000000	0.00000000	0.00000000	0.00000000
429.49670410	0.00000000	0.00000000	0.00000000	0.00000000	0.00000000	0.00000000	0.00000000	0.00000000
483.18380737	0.00000000	0.00000000	0.00000000	0.00000000	0.00000000	0.00000000	0.00000000	0.00000000
536.87091064	0.00000000	0.00000000	0.00000000	0.00000000	0.00000000	0.00000000	0.00000000	0.00000000
590.55798340	0.00000000	0.00000000	0.00000000	0.00000000	0.00000000	0.00000000	0.00000000	0.00000000
644.24505615	0.00000000	0.00000000	0.00000000	0.00000000	0.00000000	0.00000000	0.00000000	0.00000000
697.93212891	0.00000000	0.00000000	0.00000000	0.00000000	0.00000000	0.00000000	0.00000000	0.00000000
751.61926270	0.00000000	0.00000000	0.00000000	0.00000000	0.00000000	0.00000000	0.00000000	0.00000000
805.30633545	0.00000000	0.00000000	0.00000000	0.00000000	0.00000000	0.00000000	0.00000000	0.00000000
858.99340820	0.00000000	0.00000000	0.00000000	0.00000000	0.00000000	0.00000000	0.00000000	0.00000000
966.36761475	0.00000000	0.00000000	0.00000000	0.00000000	0.00000000	0.00000000	0.00000000	0.00000000
1073.74182129	0.00000000	0.00000000	0.00000000	0.00000000	0.00000000	0.00000000	0.00000000	0.00000000
1181.11596680	0.00000000	0.00000000	0.00000000	0.00000000	0.00000000	0.00000000	0.00000000	0.00000000
1288.49011230	0.00000000	0.00000000	0.00000000	0.00000000	0.00000000	0.00000000	0.00000000	0.00000000
1395.86425781	0.00000000	0.00000000	0.00000000	0.00000000	0.00000000	0.00000000	0.00000000	0.00000000
1503.23852539	0.00000000	0.00000000	0.00000000	0.00000000	0.00000000	0.00000000	0.00000000	0.00000000
1610.61267090	0.00000000	0.00000000	0.00000000	0.00000000	0.00000000	0.00000000	0.00000000	0.00000000
1717.98681641	0.00000000	0.00000000	0.00000000	0.00000000	0.00000000	0.00000000	0.00000000	0.00000000
1932.73522949	0.00000000	0.00000000	0.00000000	0.00000000	0.00000000	0.00000000	0.00000000	0.00000000
2147.48364258	0.00000000	0.00000000	0.00000000	0.00000000	0.00000000	0.00000000	0.00000000	0.00000000
2362.23193359	0.00000000	0.00000000	0.00000000	0.00000000	0.00000000	0.00000000	0.00000000	0.00000000
2576.98022461	0.00000000	0.00000000	0.00000000	0.00000000	0.00000000	0.00000000	0.00000000	0.00000000
2791.72851562	0.00000000	0.00000000	0.00000000	0.00000000	0.00000000	0.00000000	0.00000000	0.00000000
3006.47705078	0.00000000	0.00000000	0.00000000	0.00000000	0.00000000	0.00000000	0.00000000	0.00000000
3221.22534180	0.00000000	0.00000000	0.00000000	0.00000000	0.00000000	0.00000000	0.00000000	0.00000000
3435.97363281	0.00000000	0.00000000	0.00000000	0.00000000	0.00000000	0.00000000	0.00000000	0.00000000
0	0	0	0	0	0	0	0	0
