%6/30/2015 3:33:47 PM
%Duration	ID1		ID2		ID3		ID4		ID5		ID6		ID7		ID8
3000.000000	41.055679	38.146973	34.246445	40.836334	18.339157	37.918091	32.348633	173.568726
%Tau		Tau1		Tau2		Tau3		Tau4		Tau5		Tau6		Tau7		Tau8
%		0.000041	0.000035	0.000038	0.000038	0.000019	0.000029	0.000035	0.000141
%Delaytime	D1		D2		D3		D4		D5		D6		D7		D8
0.00000000	1.81883645	3.27077031	3.19298053	2.92228508	4.17598009	1.82409716	2.74069738	1.70092833
0.00000020	1.50395823	1.62633741	1.58555543	1.66425169	1.93312633	1.63382280	1.53321123	1.48125470
0.00000040	1.46459842	1.49514461	1.41333127	1.55440688	1.65543973	1.38519764	1.49043930	1.46512318
0.00000060	1.36516321	1.47931099	1.48167419	1.46736014	1.10006642	1.42578948	1.52992117	1.47247732
0.00000080	1.45009744	1.40014303	1.54181588	1.53989911	1.40979373	1.45623338	1.50359988	1.47603571
0.00000100	1.44181120	1.44538188	1.47620678	1.48394048	1.33503199	1.55263901	1.44437718	1.46227646
0.00000120	1.51017284	1.41371465	1.39146149	1.51295602	1.49523580	1.44862235	1.39831495	1.43677437
0.00000140	1.41280925	1.37073779	1.33952093	1.45492482	1.34571230	1.45369637	1.41476572	1.49157417
0.00000160	1.46667004	1.48835886	1.36959183	1.45699739	1.37775302	1.53741705	1.43450665	1.43926525
0.00000180	1.58682096	1.49514461	1.48440790	1.49637568	1.49523580	1.39027154	1.59901428	1.46334398
0.00000200	1.40866613	1.41145277	1.38599408	1.51502860	1.16414785	1.41564155	1.62862575	1.48113608
0.00000220	1.46459842	1.38430941	1.55275083	1.52331877	1.60203838	1.45369637	1.37199378	1.46014142
0.00000240	1.39209354	1.44085801	1.44066846	1.44663465	1.34571230	1.40803051	1.43779683	1.45966697
0.00000260	1.42523861	1.44764388	1.38052666	1.46321499	1.39911354	1.44354844	1.41147566	1.46251369
0.00000280	1.35687685	1.54716933	1.41606498	1.50466585	1.45251477	1.55771303	1.43450665	1.44377267
0.00000300	1.43145335	1.41823852	1.46527183	1.57927740	1.55931735	1.63128579	1.44766724	1.46215785
0.00000340	1.44388270	1.42841733	1.48987532	1.43109059	1.37241292	1.39154005	1.38679945	1.46245432
0.00000380	1.49981511	1.43972707	1.48987532	1.49326694	1.34571230	1.44227993	1.43944192	1.45053363
0.00000420	1.41073763	1.46008456	1.45707071	1.51191974	1.37775302	1.45750189	1.39666998	1.46702099
0.00000460	1.43352485	1.48948979	1.40376329	1.40414762	1.32969189	1.44608545	1.48221385	1.45753193
0.00000500	1.39002192	1.52115703	1.44340217	1.43212688	1.38843334	1.42959499	1.40325022	1.45361757
0.00000540	1.36827052	1.43067920	1.49534273	1.49637568	1.45251477	1.42325246	1.38021910	1.46482670
0.00000580	1.45527637	1.44312000	1.39282835	1.46010625	1.38843334	1.39915109	1.38186419	1.46269155
0.00000620	1.48738563	1.46234643	1.44476902	1.41036522	1.29765105	1.47399235	1.42792642	1.45367694
0.00000700	1.46822369	1.41654205	1.45433700	1.40622008	1.40445364	1.44798815	1.36376834	1.45809531
0.00000780	1.47133100	1.44934034	1.44066846	1.44456220	1.31367147	1.37314689	1.38433182	1.44489944
0.00000860	1.41695237	1.42389345	1.45707071	1.35751534	1.41513395	1.44608545	1.39666998	1.45154190
0.00000940	1.42627442	1.48383498	1.44066846	1.47098708	1.37508297	1.40422499	1.41065311	1.44125211
0.00001020	1.41125560	1.39109528	1.43110037	1.40622008	1.44717467	1.41183603	1.42957151	1.45195699
0.00001100	1.39727247	1.42332792	1.40786386	1.45077980	1.48989570	1.37948942	1.38926709	1.45358789
0.00001180	1.41073763	1.34359443	1.41743183	1.39585745	1.50324607	1.36109614	1.39255726	1.44033277
0.00001260	1.44854379	1.41145277	1.38804436	1.38342214	1.47654533	1.38963735	1.40325022	1.44863582
0.00001420	1.38121784	1.33087099	1.40923071	1.39870715	1.33369696	1.40105379	1.36870360	1.44277918
0.00001580	1.38976300	1.33991873	1.38496900	1.37772262	1.35639250	1.33414066	1.34155989	1.44057000
0.00001740	1.36645794	1.35264218	1.37471747	1.38057244	1.35505748	1.37473249	1.33950353	1.42743349
0.00001900	1.33978641	1.36423469	1.35865688	1.35466564	1.36173260	1.36648726	1.31729496	1.41979766
0.00002060	1.34677804	1.33793962	1.31457579	1.33627176	1.25626516	1.35697353	1.35513175	1.41103506
0.00002220	1.34108114	1.27912903	1.34122944	1.31295574	1.28163075	1.34302008	1.32017386	1.41913056
0.00002380	1.27945209	1.28450119	1.33166146	1.30362928	1.29898608	1.28149807	1.33785844	1.41147983
0.00002540	1.31699920	1.28139102	1.29988205	1.27072763	1.19351864	1.25612807	1.29919910	1.41109443
0.00002860	1.28007603	1.24209332	1.27495873	1.28176236	1.22981381	1.22860157	1.28423870	1.40741122
0.00003180	1.23927629	1.25126481	1.23392439	1.25251663	1.28901732	1.21032166	1.23178303	1.39186490
0.00003500	1.23228204	1.21542573	1.20906544	1.23207057	1.20050967	1.20428514	1.22540605	1.38317156
0.00003820	1.19886518	1.20061028	1.21195996	1.22416651	1.18054545	1.19189441	1.18652713	1.36628449
0.00004140	1.20974505	1.18974566	1.18744159	1.18935668	1.22247016	1.15996444	1.18714428	1.35936475
0.00004460	1.18889189	1.14783931	1.18999553	1.18948615	1.18054545	1.15885246	1.15525949	1.35251462
0.00004780	1.16700244	1.11976063	1.17041481	1.15454698	1.17455626	1.13151872	1.15772796	1.33970809
0.00005100	1.17672658	1.12695670	1.12274015	1.13617146	1.15592313	1.12929475	1.11864328	1.33290243
0.00005740	1.13217938	1.11175096	1.09431124	1.13500488	1.11566150	1.11386132	1.11374032	1.31649590
0.00006380	1.10244489	1.10072756	1.08179069	1.08338451	1.09172595	1.09513032	1.09646666	1.30526567
0.00007020	1.09091377	1.08675826	1.08494210	1.07930851	1.08341503	1.07195461	1.07096744	1.28767920
0.00007660	1.05774593	1.06550741	1.05300200	1.08306110	1.08707190	1.06909728	1.08042681	1.27146423
0.00008300	1.05839372	1.05187225	1.04685938	1.06610990	1.06812286	1.05933499	1.03909338	1.26013470
0.00008940	1.05275774	1.04671848	1.06483090	1.05561984	1.03487909	1.03219080	1.03631735	1.24868000
0.00009580	1.04310536	1.03626966	1.04634833	1.02016509	1.04319000	1.04592168	1.02151132	1.23933160
0.00010220	1.05366468	1.02942145	1.04156864	1.04675615	1.04152787	1.02068233	1.02140844	1.22781241
0.00011500	1.02154160	1.01541710	1.01965284	1.02493501	1.01921868	1.02346182	1.02645695	1.20913494
0.00012780	1.00970376	1.02742958	1.02088869	1.01700985	1.00740790	1.02755010	1.02056313	1.19232500
0.00014060	1.01894176	1.00727069	1.01487994	1.00812852	1.01788795	1.00512397	1.01557350	1.17323172
0.00015340	1.00446105	1.00232816	1.01314247	1.00437224	1.01023591	1.00862634	1.02282643	1.16048086
0.00016620	1.01463926	1.00610566	1.00001693	1.00859034	1.00108671	1.00100529	1.00744605	1.14875960
0.00017900	1.01042533	1.01208985	1.01812851	1.00930274	1.00541174	1.00348496	1.01468825	1.13973141
0.00019180	1.00568438	1.00046575	1.00517333	0.99511915	0.99476546	1.00618410	1.01149905	1.12706447
0.00020460	1.00940347	1.00392568	0.99781048	0.99414772	1.00873876	0.98654509	1.02147818	1.11888015
0.00023020	1.00429523	1.00416303	0.99204451	0.99765778	1.00998688	1.00141835	0.99978143	1.10331452
0.00025580	1.00346112	0.99708122	0.99381375	0.99841148	1.01506174	1.00425780	1.00306356	1.09160066
0.00028140	1.00706589	1.00786281	0.99660617	1.00224853	1.00632620	1.00251043	1.00490499	1.07993782
0.00030700	1.00649881	0.99868846	1.00483429	1.00780177	0.99675882	0.99626625	0.98869896	1.07135296
0.00033260	1.00675023	0.99696672	0.99959052	0.99786103	0.98411322	1.00033677	0.99668854	1.06391382
0.00035820	0.99649400	0.99691391	1.00806284	1.00001431	1.01102364	1.00379181	0.99653423	1.05742359
0.00038380	1.01443028	1.00224710	1.00545061	1.00056481	1.00771499	0.99798322	0.99871016	1.05237198
0.00040940	1.00588381	0.98918772	1.00400102	0.99705154	0.99604803	0.99907529	1.00934458	1.04838526
0.00046060	0.99957329	0.99982911	0.99938655	1.00670505	0.99553096	0.99848157	0.99640608	1.03995001
0.00051180	0.99605125	0.99729550	1.00619555	0.99589223	1.01398599	1.00059617	0.99767560	1.03200853
0.00056300	0.99540359	1.00149763	0.99918300	1.00213933	1.00451994	1.00662661	0.99902242	1.02918208
0.00061420	0.99549240	1.00230098	0.99564582	1.00144279	0.98822540	0.99924523	1.00266480	1.02583218
0.00066540	0.99677962	0.99987328	1.00203919	0.99713820	0.99869019	1.00214469	0.99808514	1.02219152
0.00071660	0.99564648	0.99805456	1.00168347	0.99428910	1.00699115	1.00229371	0.99559057	1.01868844
0.00076780	0.99834239	1.00024390	0.99534214	0.99534816	1.00470221	0.99067014	1.00322890	1.01974487
0.00081900	1.00033343	1.00574374	0.99600291	0.99758184	0.99453217	0.99549091	1.00674891	1.01810670
0.00092140	0.99744964	1.00319004	1.00708055	1.00112879	0.99246812	0.99774432	1.00642049	1.01345134
0.00102380	0.99764031	1.00284612	0.99922013	0.99665987	0.99917310	1.00536263	1.00337756	1.01055026
0.00112620	1.00248361	0.99566454	1.00039232	0.99667609	1.00187933	1.00055778	1.00440860	1.00999391
0.00122860	0.99865645	0.99928606	1.00355470	0.99607247	1.00816596	0.99797517	1.00657475	1.01187694
0.00133100	0.99865705	1.00010216	1.00230348	1.00092852	0.99615461	0.99742258	1.00032091	1.01139426
0.00143340	1.00417471	0.99715078	1.00135982	1.00241280	0.99590111	1.00318325	1.00112510	1.00887859
0.00153580	0.99288940	0.99544382	1.00059831	0.99965537	0.99698550	1.00404918	1.00365138	1.00679302
0.00163820	1.00211596	1.00109470	1.00474191	0.99541795	1.00737333	1.00067139	0.99187088	1.00466430
0.00184300	0.99997360	1.00234461	1.00036979	1.00159824	1.00074160	1.00158143	0.99844575	1.00104594
0.00204780	1.00285017	0.99645174	1.00287545	0.99891019	0.99352014	0.99896103	0.99760401	1.00146198
0.00225260	1.00317931	0.99802989	1.00086749	1.00013578	1.00609088	0.99965721	0.99939781	1.00246453
0.00245740	1.00244296	0.99640340	1.00213408	1.00039232	1.00437963	0.99839753	1.00081682	1.00320709
0.00266220	0.99885678	0.99627966	1.00066102	1.00359225	1.00764668	0.99958777	0.99946827	0.99916720
0.00286700	0.99920869	0.99878925	0.99669057	1.00842345	1.00250685	0.99764931	1.00202489	0.99893755
0.00307180	0.99792147	0.99874550	1.00254214	0.99915630	0.99624699	1.00291920	0.99949765	0.99904335
0.00327660	0.99893576	0.99954015	1.00097692	1.00383103	0.99664235	0.99948794	0.99766052	0.99782473
0.00368620	1.00160825	1.00075233	1.00180662	0.99935365	0.99834991	1.00115275	1.00128937	1.00211334
0.00409580	0.99998498	1.00032198	1.00086582	1.00058115	1.00139868	1.00188446	0.99814594	1.00135028
0.00450540	1.00125384	1.00100398	0.99963635	1.00168133	1.00259948	1.00291443	1.00052238	0.99782580
0.00491500	1.00037014	1.00169849	1.00065243	1.00281000	0.99229151	0.99717474	1.00118804	0.99821419
0.00532460	1.00057614	1.00314474	1.00085294	0.99948543	1.00118697	0.99966717	0.99890715	1.00074518
0.00573420	1.00180697	1.00141919	1.00322092	0.99943811	0.99776840	0.99807757	1.00355959	1.00344324
0.00614380	1.00168741	1.00120294	1.00004351	0.99968147	0.99831527	0.99998510	0.99999785	1.00233662
0.00655340	1.00134766	1.00007570	1.00210452	0.99992365	1.00029325	1.00200665	0.99747247	1.00151646
0.00737260	1.00089252	1.00007284	0.99939919	0.99926871	1.00030553	0.99860626	0.99917948	1.00175476
0.00819180	1.00313604	1.00035501	1.00131249	1.00022817	1.00193155	0.99752581	0.99884915	1.00188494
0.00901100	1.00036728	0.99899822	0.99821883	1.00277627	1.00077784	0.99983382	0.99771476	1.00225735
0.00983020	0.99878305	0.99949884	0.99984545	1.00103998	1.00379014	0.99808449	1.00277615	0.99918193
0.01064940	1.00256324	0.99828929	1.00100243	0.99912578	1.00067425	0.99985677	0.99965078	0.99641687
0.01146860	1.00208914	1.00126565	0.99973863	0.99796581	0.99846733	1.00077438	0.99899173	0.99885756
0.01228780	1.00142252	1.00312734	1.00209820	0.99928433	1.00228143	0.99932325	0.99864614	0.99968773
0.01310700	1.00119472	1.00003529	1.00092936	1.00153756	1.00271285	0.99959028	0.99948531	0.99618107
0.01474540	1.00016379	0.99981451	0.99971330	1.00048745	1.00357008	0.99998754	0.99928319	1.00059032
0.01638380	1.00072670	0.99865520	1.00123036	1.00081277	0.99912012	1.00089478	1.00173807	1.00169706
0.01802220	1.00129223	1.00131083	1.00136101	0.99904335	0.99857789	0.99949986	0.99999142	1.00138092
0.01966060	1.00242460	0.99995011	1.00046229	0.99970108	1.00018573	1.00085592	0.99892718	1.00126898
0.02129900	1.00059319	0.99917853	1.00012898	0.99932730	1.00478196	0.99964702	0.99999911	1.00289595
0.02293740	1.00252068	1.00060213	0.99968094	0.99999094	1.00202787	1.00037253	0.99890620	1.00125778
0.02457580	1.00049925	1.00103390	1.00137293	1.00053751	1.00294113	0.99948001	1.00086391	1.00187683
0.02621420	1.00203502	1.00078630	1.00195372	0.99994975	0.99844027	0.99924296	1.00093961	0.99959362
0.02949100	1.00026762	0.99983454	1.00107718	0.99980706	0.99909115	0.99978393	0.99965137	0.99888825
0.03276780	1.00152040	0.99858981	1.00171590	0.99929702	0.99974972	0.99795067	1.00059736	1.00276172
0.03604460	1.00259376	1.00037134	1.00025356	0.99968034	1.00090599	0.99992085	0.99953884	1.00183928
0.03932140	1.00170612	0.99847430	1.00230217	0.99967337	0.99859208	0.99967909	0.99966669	1.00159240
0.04259820	1.00054622	1.00147951	1.00030637	1.00110459	0.99813730	1.00027657	0.99996144	1.00203478
0.04587500	0.99998516	1.00056350	1.00016224	1.00130761	0.99952292	0.99845082	1.00126934	1.00074852
0.04915180	0.99959409	1.00082779	1.00078356	0.99998635	0.99891973	1.00077200	1.00014675	1.00185680
0.05242860	0.99990106	1.00057065	1.00070274	0.99976230	0.99926841	0.99951690	0.99826974	1.00049508
0.05898220	0.99959648	1.00092781	1.00074995	0.99903601	0.99961686	1.00032103	1.00035357	1.00107729
0.06553581	0.99965173	1.00064409	1.00126910	0.99998492	1.00079501	0.99987876	1.00082421	0.99869001
0.07208940	1.00106502	0.99966609	1.00066948	0.99995661	1.00019157	0.99934530	1.00024331	1.00004542
0.07864300	1.00034010	0.99967378	1.00122809	1.00063074	1.00058091	0.99983907	1.00026333	1.00181794
0.08519660	1.00052726	0.99937534	1.00076663	0.99990404	0.99999458	0.99971497	1.00029504	1.00081766
0.09175020	0.99971336	1.00062633	1.00082254	1.00005436	1.00062728	0.99934703	1.00050485	0.99956989
0.09830380	1.00008535	0.99984503	1.00051153	0.99967617	1.00090230	0.99985194	0.99950713	0.99931735
0.10485740	1.00087821	1.00017607	1.00025833	1.00017881	0.99967605	0.99961418	0.99961150	0.99952948
0.11796460	1.00022972	1.00038278	1.00055230	0.99976265	1.00018895	1.00026596	1.00019896	0.99987328
0.13107181	1.00061417	0.99996275	1.00083220	0.99962658	1.00027156	1.00039244	0.99986267	0.99863881
0.14417900	1.00108087	1.00014663	1.00051200	1.00047708	0.99863470	0.99951732	1.00026393	0.99975783
0.15728620	1.00082529	1.00012791	1.00074518	0.99985552	1.00164640	0.99963003	0.99998832	0.99871939
0.17039341	1.00077987	1.00048769	1.00026822	0.99970663	0.99962467	0.99977434	0.99943161	0.99900514
0.18350060	1.00113344	0.99977249	1.00011659	1.00020301	0.99979830	1.00043070	0.99973524	0.99973589
0.19660780	1.00007093	1.00047433	1.00003684	1.00000262	1.00013983	0.99994123	1.00001323	0.99971765
0.20971501	1.00069773	1.00014591	1.00105023	1.00019860	0.99923509	0.99940920	0.99995971	0.99893576
0.23592941	1.00011683	0.99982834	1.00027609	0.99975705	0.99959153	1.00012231	0.99985766	0.99925643
0.26214382	0.99998683	1.00038838	0.99978000	1.00000739	0.99970746	1.00033188	0.99973667	0.99955845
0.28835821	1.00007617	0.99978763	1.00019431	0.99968380	1.00057328	1.00001049	1.00050998	0.99986875
0.31457260	1.00027299	1.00037909	0.99998236	1.00007951	0.99986869	0.99997556	0.99978006	0.99948078
0.34078699	1.00006664	0.99974537	1.00009525	1.00020993	1.00029242	0.99995434	1.00014687	1.00058985
0.36700141	1.00015247	1.00003743	1.00016296	0.99986637	0.99990207	1.00022483	1.00075555	1.00041342
0.39321581	1.00026894	1.00012720	0.99990350	0.99974245	1.00046420	0.99996561	0.99999923	1.00120151
0.41943020	1.00037467	1.00046706	0.99951118	1.00024199	1.00032270	0.99956930	1.00089347	1.00088263
0.47185901	1.00043285	0.99991030	1.00011480	1.00008714	1.00063348	1.00027716	0.99967092	0.99988717
0.52428782	1.00010216	0.99975848	1.00011063	1.00022054	0.99997282	0.99990350	1.00006783	0.99947017
0.57671660	1.00019884	0.99996805	0.99988079	1.00002420	1.00017738	1.00016606	0.99986088	0.99985272
0.62914538	1.00012648	1.00009227	1.00010872	0.99963051	1.00025737	0.99990517	1.00037897	0.99953592
0.68157423	1.00019670	1.00018203	1.00015426	0.99989122	1.00025892	1.00000346	1.00019968	1.00000548
0.73400301	0.99980676	1.00039625	0.99983245	1.00016189	1.00033569	1.00003874	1.00012839	1.00039101
0.78643179	0.99954116	1.00002599	0.99972421	1.00008392	0.99969012	0.99985087	1.00012982	1.00093853
0.83886063	0.99988502	0.99994427	1.00021529	0.99970376	1.00005877	1.00015974	0.99990255	0.99993157
0.94371825	1.00002289	1.00025463	1.00014615	0.99984604	0.99944222	0.99994475	0.99995470	1.00020111
1.04857588	0.99979424	0.99991411	1.00025833	0.99981517	0.99997705	1.00009990	0.99990201	0.99949920
1.15343344	0.99987334	0.99978679	1.00044060	0.99981862	1.00039065	0.99993277	0.99986893	0.99894023
1.25829101	0.99978930	0.99972403	1.00018620	1.00025475	0.99984944	1.00002146	0.99985820	0.99998987
1.36314869	0.99950385	1.00016701	0.99999344	0.99992698	0.99983966	1.00001442	0.99996489	1.00081313
1.46800625	0.99976015	0.99992621	0.99987233	0.99995202	0.99951166	0.99990851	0.99988544	1.00000024
1.57286382	0.99960023	0.99972540	0.99965197	0.99999338	0.99947542	1.00005627	1.00017977	0.99913996
1.67772150	0.99966234	1.00010157	0.99935430	1.00028908	0.99956524	0.99996650	0.99986154	1.00053942
1.88743675	0.99949414	0.99983853	0.99981016	1.00010180	1.00020576	1.00004697	0.99983424	0.99983877
2.09715199	0.99939334	0.99998122	1.00001609	0.99987203	0.99948436	0.99993855	0.99997908	0.99994057
2.30686712	0.99978119	1.00013089	0.99969077	1.00003505	1.00014889	0.99998903	0.99993223	1.00026703
2.51658225	0.99992716	1.00012147	1.00017154	0.99973816	1.00007510	0.99995863	0.99987483	0.99964845
2.72629738	1.00016737	1.00009537	0.99985987	1.00020540	1.00004983	0.99995840	0.99981225	0.99988967
2.93601274	1.00040376	0.99996644	0.99964011	0.99988168	1.00011742	0.99999100	1.00004578	1.00002515
3.14572787	1.00003469	1.00019360	1.00029063	1.00029337	1.00055814	1.00001383	0.99985278	1.00055635
3.35544300	1.00045562	1.00016809	1.00031388	1.00010967	0.99938107	1.00001633	0.99977410	0.99942237
3.77487350	1.00004530	1.00019670	0.99963319	0.99992120	0.99995357	0.99999553	1.00003660	0.99999893
4.19430399	1.00008595	0.99953353	1.00016785	1.00000787	0.99995732	0.99999666	1.00003934	0.99989581
4.61373425	1.00005937	1.00017023	1.00007105	0.99994314	0.99997693	1.00000787	0.99994898	0.99993521
5.03316450	1.00000000	1.00000000	1.00000000	1.00000000	1.00000000	1.00000000	1.00000000	1.00000000
5.45259476	0.00000000	0.00000000	0.00000000	0.00000000	0.00000000	0.00000000	0.00000000	0.00000000
5.87202549	0.00000000	0.00000000	0.00000000	0.00000000	0.00000000	0.00000000	0.00000000	0.00000000
6.29145575	0.00000000	0.00000000	0.00000000	0.00000000	0.00000000	0.00000000	0.00000000	0.00000000
6.71088600	0.00000000	0.00000000	0.00000000	0.00000000	0.00000000	0.00000000	0.00000000	0.00000000
7.54974699	0.00000000	0.00000000	0.00000000	0.00000000	0.00000000	0.00000000	0.00000000	0.00000000
8.38860798	0.00000000	0.00000000	0.00000000	0.00000000	0.00000000	0.00000000	0.00000000	0.00000000
9.22746849	0.00000000	0.00000000	0.00000000	0.00000000	0.00000000	0.00000000	0.00000000	0.00000000
10.06632900	0.00000000	0.00000000	0.00000000	0.00000000	0.00000000	0.00000000	0.00000000	0.00000000
10.90518951	0.00000000	0.00000000	0.00000000	0.00000000	0.00000000	0.00000000	0.00000000	0.00000000
11.74405098	0.00000000	0.00000000	0.00000000	0.00000000	0.00000000	0.00000000	0.00000000	0.00000000
12.58291149	0.00000000	0.00000000	0.00000000	0.00000000	0.00000000	0.00000000	0.00000000	0.00000000
13.42177200	0.00000000	0.00000000	0.00000000	0.00000000	0.00000000	0.00000000	0.00000000	0.00000000
15.09949398	0.00000000	0.00000000	0.00000000	0.00000000	0.00000000	0.00000000	0.00000000	0.00000000
16.77721596	0.00000000	0.00000000	0.00000000	0.00000000	0.00000000	0.00000000	0.00000000	0.00000000
18.45493698	0.00000000	0.00000000	0.00000000	0.00000000	0.00000000	0.00000000	0.00000000	0.00000000
20.13265800	0.00000000	0.00000000	0.00000000	0.00000000	0.00000000	0.00000000	0.00000000	0.00000000
21.81037903	0.00000000	0.00000000	0.00000000	0.00000000	0.00000000	0.00000000	0.00000000	0.00000000
23.48810196	0.00000000	0.00000000	0.00000000	0.00000000	0.00000000	0.00000000	0.00000000	0.00000000
25.16582298	0.00000000	0.00000000	0.00000000	0.00000000	0.00000000	0.00000000	0.00000000	0.00000000
26.84354401	0.00000000	0.00000000	0.00000000	0.00000000	0.00000000	0.00000000	0.00000000	0.00000000
30.19898796	0.00000000	0.00000000	0.00000000	0.00000000	0.00000000	0.00000000	0.00000000	0.00000000
33.55443192	0.00000000	0.00000000	0.00000000	0.00000000	0.00000000	0.00000000	0.00000000	0.00000000
36.90987396	0.00000000	0.00000000	0.00000000	0.00000000	0.00000000	0.00000000	0.00000000	0.00000000
40.26531601	0.00000000	0.00000000	0.00000000	0.00000000	0.00000000	0.00000000	0.00000000	0.00000000
43.62075806	0.00000000	0.00000000	0.00000000	0.00000000	0.00000000	0.00000000	0.00000000	0.00000000
46.97620392	0.00000000	0.00000000	0.00000000	0.00000000	0.00000000	0.00000000	0.00000000	0.00000000
50.33164597	0.00000000	0.00000000	0.00000000	0.00000000	0.00000000	0.00000000	0.00000000	0.00000000
53.68708801	0.00000000	0.00000000	0.00000000	0.00000000	0.00000000	0.00000000	0.00000000	0.00000000
60.39797592	0.00000000	0.00000000	0.00000000	0.00000000	0.00000000	0.00000000	0.00000000	0.00000000
67.10886383	0.00000000	0.00000000	0.00000000	0.00000000	0.00000000	0.00000000	0.00000000	0.00000000
73.81974792	0.00000000	0.00000000	0.00000000	0.00000000	0.00000000	0.00000000	0.00000000	0.00000000
80.53063202	0.00000000	0.00000000	0.00000000	0.00000000	0.00000000	0.00000000	0.00000000	0.00000000
87.24151611	0.00000000	0.00000000	0.00000000	0.00000000	0.00000000	0.00000000	0.00000000	0.00000000
93.95240784	0.00000000	0.00000000	0.00000000	0.00000000	0.00000000	0.00000000	0.00000000	0.00000000
100.66329193	0.00000000	0.00000000	0.00000000	0.00000000	0.00000000	0.00000000	0.00000000	0.00000000
107.37417603	0.00000000	0.00000000	0.00000000	0.00000000	0.00000000	0.00000000	0.00000000	0.00000000
120.79595184	0.00000000	0.00000000	0.00000000	0.00000000	0.00000000	0.00000000	0.00000000	0.00000000
134.21772766	0.00000000	0.00000000	0.00000000	0.00000000	0.00000000	0.00000000	0.00000000	0.00000000
147.63949585	0.00000000	0.00000000	0.00000000	0.00000000	0.00000000	0.00000000	0.00000000	0.00000000
161.06126404	0.00000000	0.00000000	0.00000000	0.00000000	0.00000000	0.00000000	0.00000000	0.00000000
174.48303223	0.00000000	0.00000000	0.00000000	0.00000000	0.00000000	0.00000000	0.00000000	0.00000000
187.90481567	0.00000000	0.00000000	0.00000000	0.00000000	0.00000000	0.00000000	0.00000000	0.00000000
201.32658386	0.00000000	0.00000000	0.00000000	0.00000000	0.00000000	0.00000000	0.00000000	0.00000000
214.74835205	0.00000000	0.00000000	0.00000000	0.00000000	0.00000000	0.00000000	0.00000000	0.00000000
241.59190369	0.00000000	0.00000000	0.00000000	0.00000000	0.00000000	0.00000000	0.00000000	0.00000000
268.43545532	0.00000000	0.00000000	0.00000000	0.00000000	0.00000000	0.00000000	0.00000000	0.00000000
295.27899170	0.00000000	0.00000000	0.00000000	0.00000000	0.00000000	0.00000000	0.00000000	0.00000000
322.12252808	0.00000000	0.00000000	0.00000000	0.00000000	0.00000000	0.00000000	0.00000000	0.00000000
348.96606445	0.00000000	0.00000000	0.00000000	0.00000000	0.00000000	0.00000000	0.00000000	0.00000000
375.80963135	0.00000000	0.00000000	0.00000000	0.00000000	0.00000000	0.00000000	0.00000000	0.00000000
402.65316772	0.00000000	0.00000000	0.00000000	0.00000000	0.00000000	0.00000000	0.00000000	0.00000000
429.49670410	0.00000000	0.00000000	0.00000000	0.00000000	0.00000000	0.00000000	0.00000000	0.00000000
483.18380737	0.00000000	0.00000000	0.00000000	0.00000000	0.00000000	0.00000000	0.00000000	0.00000000
536.87091064	0.00000000	0.00000000	0.00000000	0.00000000	0.00000000	0.00000000	0.00000000	0.00000000
590.55798340	0.00000000	0.00000000	0.00000000	0.00000000	0.00000000	0.00000000	0.00000000	0.00000000
644.24505615	0.00000000	0.00000000	0.00000000	0.00000000	0.00000000	0.00000000	0.00000000	0.00000000
697.93212891	0.00000000	0.00000000	0.00000000	0.00000000	0.00000000	0.00000000	0.00000000	0.00000000
751.61926270	0.00000000	0.00000000	0.00000000	0.00000000	0.00000000	0.00000000	0.00000000	0.00000000
805.30633545	0.00000000	0.00000000	0.00000000	0.00000000	0.00000000	0.00000000	0.00000000	0.00000000
858.99340820	0.00000000	0.00000000	0.00000000	0.00000000	0.00000000	0.00000000	0.00000000	0.00000000
966.36761475	0.00000000	0.00000000	0.00000000	0.00000000	0.00000000	0.00000000	0.00000000	0.00000000
1073.74182129	0.00000000	0.00000000	0.00000000	0.00000000	0.00000000	0.00000000	0.00000000	0.00000000
1181.11596680	0.00000000	0.00000000	0.00000000	0.00000000	0.00000000	0.00000000	0.00000000	0.00000000
1288.49011230	0.00000000	0.00000000	0.00000000	0.00000000	0.00000000	0.00000000	0.00000000	0.00000000
1395.86425781	0.00000000	0.00000000	0.00000000	0.00000000	0.00000000	0.00000000	0.00000000	0.00000000
1503.23852539	0.00000000	0.00000000	0.00000000	0.00000000	0.00000000	0.00000000	0.00000000	0.00000000
1610.61267090	0.00000000	0.00000000	0.00000000	0.00000000	0.00000000	0.00000000	0.00000000	0.00000000
1717.98681641	0.00000000	0.00000000	0.00000000	0.00000000	0.00000000	0.00000000	0.00000000	0.00000000
1932.73522949	0.00000000	0.00000000	0.00000000	0.00000000	0.00000000	0.00000000	0.00000000	0.00000000
2147.48364258	0.00000000	0.00000000	0.00000000	0.00000000	0.00000000	0.00000000	0.00000000	0.00000000
2362.23193359	0.00000000	0.00000000	0.00000000	0.00000000	0.00000000	0.00000000	0.00000000	0.00000000
2576.98022461	0.00000000	0.00000000	0.00000000	0.00000000	0.00000000	0.00000000	0.00000000	0.00000000
2791.72851562	0.00000000	0.00000000	0.00000000	0.00000000	0.00000000	0.00000000	0.00000000	0.00000000
3006.47705078	0.00000000	0.00000000	0.00000000	0.00000000	0.00000000	0.00000000	0.00000000	0.00000000
3221.22534180	0.00000000	0.00000000	0.00000000	0.00000000	0.00000000	0.00000000	0.00000000	0.00000000
3435.97363281	0.00000000	0.00000000	0.00000000	0.00000000	0.00000000	0.00000000	0.00000000	0.00000000
0	0	0	0	0	0	0	0	0
