%6/22/2015 8:58:56 AM
%Duration	ID1		ID2		ID3		ID4		ID5		ID6		ID7		ID8
3000.000000	36.420822	31.719208	40.330887	27.017593	37.097931	38.337708	33.750534	192.689896
%Tau		Tau1		Tau2		Tau3		Tau4		Tau5		Tau6		Tau7		Tau8
%		0.000035	0.000029	0.000035	0.000021	0.000032	0.000038	0.000032	0.000115
%Delaytime	D1		D2		D3		D4		D5		D6		D7		D8
0.00000000	1.95647264	3.60661840	3.15373111	3.62754369	2.52548385	1.77931225	2.34843707	1.61964583
0.00000020	1.57428968	1.69978583	1.60517943	1.93409586	1.65489793	1.43882656	1.60504699	1.44861007
0.00000040	1.49076629	1.53615224	1.47014403	1.59094977	1.48757803	1.46738338	1.43327880	1.44851732
0.00000060	1.41736698	1.49941814	1.52023780	1.55975473	1.53202236	1.46518672	1.46143746	1.43080151
0.00000080	1.43761504	1.41259217	1.47885597	1.67116570	1.41176116	1.39708960	1.37132955	1.44081879
0.00000100	1.44267714	1.50275767	1.52241576	1.49736452	1.46404862	1.45640004	1.41919947	1.47068512
0.00000120	1.54138660	1.35916078	1.55508566	1.35475838	1.50064993	1.41466308	1.31219625	1.43376958
0.00000140	1.51860750	1.44264734	1.40698230	1.57312405	1.48496366	1.48935020	1.43327880	1.43126523
0.00000160	1.53379357	1.52279437	1.39391434	1.53747249	1.56600916	1.39489293	1.45298982	1.42532909
0.00000180	1.45533216	1.31908727	1.35035443	1.50627732	1.40914679	1.41685975	1.38259304	1.45667946
0.00000200	1.42242897	1.61295986	1.47667801	1.50182092	1.34901631	1.45859671	1.44735813	1.42282486
0.00000220	1.42242897	1.44598675	1.35253251	1.34584546	1.34378755	1.41905642	1.37696135	1.43080151
0.00000240	1.46545625	1.56286788	1.48103392	1.39040995	1.49019241	1.42564642	1.30938041	1.45148540
0.00000260	1.35915363	1.48939979	1.46796596	1.44388723	1.46143425	1.44980991	1.36851370	1.44508541
0.00000280	1.34902966	1.50609708	1.48756790	1.33693254	1.45097685	1.48715353	1.50085974	1.44703329
0.00000300	1.37687075	1.57956529	1.43094015	1.37258410	1.44574809	1.42564642	1.41638350	1.44221008
0.00000340	1.44773912	1.51110625	1.38738036	1.44834363	1.46143425	1.42235148	1.50226760	1.43460441
0.00000380	1.41989803	1.47938144	1.46252108	1.43274605	1.46404862	1.41685975	1.46284544	1.42987394
0.00000420	1.44267714	1.37084889	1.41569424	1.43274605	1.33855879	1.37731946	1.37836921	1.43196094
0.00000460	1.41989803	1.51444578	1.49192393	1.33916080	1.46535587	1.35315597	1.33472323	1.42574656
0.00000500	1.42622554	1.48939979	1.40698230	1.33693254	1.37254560	1.44651496	1.47129309	1.42611754
0.00000540	1.36295021	1.43262899	1.44618607	1.36367118	1.43659770	1.35315597	1.42060733	1.42551458
0.00000580	1.36548126	1.40591323	1.45163107	1.38149703	1.45881987	1.33448422	1.47551680	1.44128263
0.00000620	1.43255305	1.34914243	1.42549515	1.44165897	1.42614031	1.48276019	1.36992168	1.42171180
0.00000700	1.39585340	1.48439062	1.42113924	1.47174001	1.38169599	1.45640004	1.40371215	1.41751468
0.00000780	1.39775157	1.39339030	1.43311810	1.37926877	1.39738214	1.41301548	1.40160024	1.41809440
0.00000860	1.39648616	1.39756465	1.38247979	1.38372529	1.42940819	1.37841785	1.38400102	1.42027414
0.00000940	1.39458787	1.38754618	1.41133821	1.39152396	1.36600971	1.37567198	1.36077011	1.42783344
0.00001020	1.41673422	1.37585807	1.39336979	1.39152396	1.36470246	1.38336039	1.40793598	1.41693497
0.00001100	1.36991048	1.40006924	1.36995637	1.28011298	1.33006203	1.38336039	1.36921763	1.42277849
0.00001180	1.38889313	1.36166537	1.39663684	1.39152396	1.33136928	1.35809851	1.37625742	1.41763067
0.00001260	1.43824780	1.39005077	1.38683581	1.39375222	1.38234949	1.41411388	1.34105897	1.40411198
0.00001420	1.35029519	1.38921595	1.36587262	1.33637547	1.36862409	1.35397971	1.34493077	1.41270316
0.00001580	1.30505323	1.36917913	1.34872103	1.35197306	1.32058501	1.37127852	1.29776490	1.40944529
0.00001740	1.36484849	1.32075703	1.35362148	1.36200011	1.32679415	1.33146369	1.33225942	1.40714967
0.00001900	1.34175301	1.31491292	1.32803011	1.35587251	1.30947387	1.34574211	1.33190739	1.39904535
0.00002060	1.34238577	1.28068340	1.29862714	1.32801974	1.26731718	1.30922234	1.30234075	1.40142214
0.00002220	1.29587841	1.28026605	1.31686783	1.26284420	1.30293798	1.31059527	1.33929908	1.39517295
0.00002380	1.25728047	1.28402293	1.29917169	1.23666263	1.28529096	1.28011632	1.24074352	1.38953817
0.00002540	1.29777658	1.24311447	1.25152814	1.26340127	1.25685966	1.26062071	1.24109554	1.38077307
0.00002860	1.25935793	1.23971164	1.26366234	1.26804721	1.25330877	1.25097013	1.21577895	1.36662781
0.00003180	1.22875404	1.23160088	1.24251103	1.20710742	1.20722771	1.21576822	1.21262610	1.36431170
0.00003500	1.20512724	1.21995449	1.20719647	1.17733324	1.16243827	1.21398759	1.15920258	1.35468793
0.00003820	1.16802192	1.19167054	1.17528105	1.18262029	1.16748595	1.16700602	1.16042864	1.34358191
0.00004140	1.17135191	1.18210387	1.18182778	1.17928112	1.17270756	1.15618515	1.14886820	1.33365130
0.00004460	1.12504971	1.12678373	1.16041446	1.16258526	1.14518917	1.13865268	1.12767398	1.32383084
0.00004780	1.13725948	1.13468659	1.14718449	1.11806309	1.12255561	1.14961040	1.11979175	1.31445956
0.00005100	1.12504971	1.13780618	1.15536797	1.13726330	1.14176965	1.13729274	1.14151144	1.30456483
0.00005740	1.10811543	1.10123944	1.11367130	1.09283507	1.09994435	1.11102128	1.10239708	1.28996909
0.00006380	1.09122443	1.10040808	1.11489964	1.08657122	1.07790029	1.09581590	1.07258606	1.27285945
0.00007020	1.08677614	1.07619476	1.09716785	1.08935511	1.06455362	1.06745064	1.07802212	1.25899100
0.00007660	1.08273435	1.05987930	1.08372533	1.07418263	1.05154252	1.06402612	1.06767595	1.24703693
0.00008300	1.04699194	1.05997205	1.06142128	1.05580866	1.05365849	1.05513120	1.03593588	1.23128116
0.00008940	1.05507553	1.05029631	1.06203544	1.03061402	1.04348564	1.04869282	1.03900468	1.22093379
0.00009580	1.03692698	1.04137051	1.05575764	1.03840899	1.03770745	1.03191221	1.05039275	1.20862937
0.00010220	1.03303409	1.03327584	1.04402089	1.02212298	1.04429948	1.03644168	1.02838540	1.19535780
0.00011500	1.03395712	1.02395904	1.02884948	1.02386594	1.03577149	1.03056204	1.02740252	1.17839992
0.00012780	1.02900732	1.02577746	1.03669059	0.99106824	1.02985847	1.02398205	1.00495243	1.15811944
0.00014060	1.01883996	1.01251841	1.00923812	1.02750099	1.00111556	1.02785468	1.02236009	1.14248312
0.00015340	1.01167250	1.00602424	1.01878369	1.00771725	1.00889170	1.01822448	1.00179529	1.12978256
0.00016620	1.00874221	1.01766181	1.01653373	1.01760912	1.00726318	1.01178157	0.99898905	1.11315310
0.00017900	1.01297927	1.01766181	1.00578630	1.00527906	1.00836241	1.00468743	1.00319850	1.10250604
0.00019180	1.00272322	0.99849105	1.01986587	0.98822427	1.00905454	1.01301527	0.99599767	1.09274578
0.00020460	1.00933623	0.99875081	1.00864995	0.99728036	1.00824022	1.00550997	1.00486469	1.08251500
0.00023020	1.00522792	1.00600624	0.99693638	1.00310719	1.00395346	1.00837421	1.00392532	1.07113194
0.00025580	1.00215960	1.00668192	1.00149405	0.99852198	0.99822074	1.01367033	1.00780499	1.05909848
0.00028140	1.00779104	1.00009632	1.00409234	1.00966775	1.00043130	1.00548685	1.01352596	1.04972816
0.00030700	0.99711031	1.00587630	1.00215840	1.00625432	0.99319005	1.00681496	1.00181127	1.04256022
0.00033260	0.99638706	1.00168157	1.00025010	1.00658023	1.00068665	0.99930829	1.00658953	1.03557503
0.00035820	1.00624585	1.00912941	0.99508750	0.99816340	1.00343478	1.00319874	1.00086868	1.02808166
0.00038380	1.00038600	0.99686319	1.00893962	1.00237799	1.00115359	1.00223899	1.00414670	1.02634919
0.00040940	0.99377394	0.99946195	1.00295079	1.00170386	0.99773192	1.00914574	1.00342572	1.02562857
0.00046060	1.00031328	1.00026417	0.99602532	1.00063980	1.00040221	1.00557601	1.00193894	1.02050996
0.00051180	1.00141168	1.00296509	0.99943340	1.00284255	0.99444348	1.00451243	1.00586629	1.01517797
0.00056300	1.00666928	1.00575113	1.00105238	1.00254631	0.99169326	1.00392067	0.99633604	1.01305866
0.00061420	1.00204587	0.99270415	1.00488675	0.99378198	0.99539155	1.00518131	0.99990886	1.00979531
0.00066540	0.99745208	1.00489724	1.00822675	0.99707514	0.99896759	1.00692225	0.99817610	1.00698805
0.00071660	1.00185835	1.00011039	1.00158095	1.00268793	1.01063907	0.99876589	0.99884510	1.00708807
0.00076780	1.00381923	0.99239439	0.99958748	1.00153279	1.00347698	0.99959791	1.00629056	1.00464666
0.00081900	0.99565214	1.00273800	0.99681002	1.00443769	0.99916667	1.00175917	1.00349391	1.00274050
0.00092140	1.00491869	1.00556123	1.00206316	1.00348210	1.00660992	1.00116885	1.00773227	1.00116467
0.00102380	0.99827182	0.99648589	1.00552988	0.99707001	1.00860178	1.00034463	1.00368214	0.99858528
0.00112620	1.00087440	0.99858218	0.99897510	1.00116837	1.00791013	1.00480080	0.99798256	0.99988574
0.00122860	0.99979007	1.00324118	1.00406861	1.00009668	1.00479591	1.00483513	1.00459290	0.99920726
0.00133100	1.00566709	0.99974751	1.00085318	1.00067687	1.00085020	1.00299776	1.00086212	1.00138581
0.00143340	1.00004232	1.00018549	1.00116861	1.00074804	1.00169969	1.00186408	0.99843782	1.00073361
0.00153580	0.99969548	1.00535631	0.99546140	1.00095057	0.99930739	0.99746388	0.99678564	1.00161421
0.00163820	0.99954277	0.99861997	1.00182056	0.99673378	0.99584949	0.99917281	1.00407505	0.99980265
0.00184300	0.99987179	1.00187981	1.00061214	1.00081193	0.99587232	0.99839109	0.99652869	1.00064182
0.00204780	1.00065017	0.99764019	1.00119305	0.99900424	0.99891710	0.99771458	1.00063539	1.00358367
0.00225260	0.99718052	1.00274277	1.00001216	1.00048888	1.00372362	0.99905902	0.99871331	1.00325871
0.00245740	0.99694866	0.99601829	1.00085890	1.00006127	0.99881768	0.99980652	1.00460303	1.00083065
0.00266220	1.00278258	0.99893153	1.00343335	0.99903834	0.99992120	1.00165153	0.99774069	0.99713427
0.00286700	0.99888319	1.00096071	0.99716729	0.99882132	1.00044918	0.99816763	1.00248301	0.99999726
0.00307180	0.99712849	1.00136685	1.00103557	0.99646485	1.00141001	1.00008559	0.99972200	0.99974710
0.00327660	1.00344467	0.99746037	1.00546134	0.99888098	1.00293767	0.99742198	1.00030756	0.99947226
0.00368620	0.99986285	0.99670446	1.00018692	1.00236106	0.99863392	1.00289547	0.99915445	1.00330055
0.00409580	1.00205958	1.00185251	1.00059056	1.00226879	1.00285685	1.00284374	1.00270319	1.00347674
0.00450540	1.00067341	0.99999195	1.00118387	1.00271225	1.00217366	1.00535738	1.00034332	1.00216734
0.00491500	1.00142825	1.00128376	1.00056970	1.00057387	1.00032210	1.00153029	0.99814445	1.00333393
0.00532460	1.00015271	0.99942267	1.00078750	1.00186360	1.00011206	0.99964106	0.99672568	1.00195861
0.00573420	1.00029922	1.00037825	1.00141466	0.99939519	0.99876183	1.00176382	1.00023937	1.00134790
0.00614380	1.00115252	1.00035071	0.99789834	0.99994677	1.00019741	1.00239515	0.99760842	1.00261438
0.00655340	1.00415671	0.99843925	1.00180912	0.99815625	1.00231481	1.00139892	1.00081265	1.00163019
0.00737260	0.99941075	0.99824035	0.99927968	1.00017929	0.99898189	0.99816769	0.99828261	1.00040865
0.00819180	0.99874598	1.00194311	1.00147271	1.00346661	0.99921983	1.00059819	0.99966240	0.99846590
0.00901100	1.00043249	1.00009239	0.99921703	1.00010300	0.99807823	0.99972886	1.00131202	0.99768502
0.00983020	1.00226355	1.00084472	1.00034571	0.99570757	0.99844122	1.00096440	1.00117195	1.00201678
0.01064940	0.99986595	0.99787855	1.00209749	0.99967617	1.00229311	0.99952471	0.99969947	0.99942106
0.01146860	1.00104475	0.99964160	1.00006413	1.00142634	1.00142419	1.00166976	1.00122321	0.99985099
0.01228780	1.00153506	1.00019479	1.00209510	1.00130737	1.00333619	1.00100064	0.99779403	1.00049436
0.01310700	0.99922460	1.00045788	0.99890614	1.00131893	1.00015688	1.00123405	0.99986196	1.00176346
0.01474540	0.99928141	0.99822640	1.00034094	1.00177288	1.00203109	1.00125396	1.00218904	0.99835998
0.01638380	1.00031435	1.00290740	0.99990493	1.00063336	0.99975330	1.00122023	1.00038195	1.00047946
0.01802220	0.99855679	1.00056040	1.00093043	1.00204039	1.00068629	0.99996853	1.00054872	0.99991471
0.01966060	1.00103068	1.00030851	1.00069499	1.00199902	1.00048387	1.00068665	0.99830198	1.00080371
0.02129900	0.99947518	1.00206459	0.99893743	1.00111687	0.99856782	0.99955392	0.99932361	0.99971086
0.02293740	1.00222731	1.00031650	1.00007105	1.00148809	0.99803400	0.99921757	0.99854314	1.00089061
0.02457580	1.00217354	0.99998760	1.00003588	0.99994797	1.00041795	1.00113511	1.00093937	1.00018072
0.02621420	0.99972665	0.99992275	1.00124884	1.00281727	1.00008512	1.00257039	1.00017369	1.00239408
0.02949100	1.00021601	0.99897730	1.00041878	1.00001550	1.00057757	1.00065768	1.00058877	1.00135112
0.03276780	0.99982768	1.00026345	0.99971038	1.00116444	1.00026131	1.00089622	0.99976778	0.99955064
0.03604460	1.00060093	0.99936223	0.99946225	1.00105155	1.00021017	0.99962378	1.00016415	0.99965447
0.03932140	0.99947095	1.00082266	0.99948758	1.00146234	1.00084484	1.00130808	0.99989057	0.99936652
0.04259820	1.00046825	1.00011373	0.99734390	1.00098431	1.00075781	1.00005853	0.99965143	0.99988371
0.04587500	1.00056875	0.99950171	0.99977738	1.00138009	1.00070465	0.99982923	1.00067234	0.99987739
0.04915180	1.00029981	1.00115955	0.99927610	1.00182152	0.99958789	0.99940681	0.99936908	0.99884695
0.05242860	1.00162292	0.99935073	0.99901700	1.00168741	1.00024438	1.00067246	0.99946231	0.99980390
0.05898220	1.00031388	1.00013101	1.00035167	1.00075805	1.00065231	0.99950713	0.99989063	0.99979979
0.06553581	1.00099635	0.99938846	1.00067818	1.00076723	0.99966514	0.99969435	1.00090146	0.99858630
0.07208940	1.00059485	1.00058436	1.00038278	1.00167227	1.00001061	1.00027668	1.00005484	0.99914765
0.07864300	1.00010681	0.99984515	0.99944609	1.00010383	0.99987829	0.99991411	0.99954379	0.99916089
0.08519660	1.00016093	1.00023818	1.00069809	1.00091779	1.00030065	0.99947828	0.99957752	1.00168407
0.09175020	1.00034797	1.00035441	1.00052655	1.00111723	1.00025213	1.00077760	1.00038171	1.00022840
0.09830380	1.00037563	1.00024974	1.00026321	1.00106490	1.00012112	1.00075364	1.00037396	0.99821693
0.10485740	1.00132263	0.99988937	0.99997711	1.00130045	1.00012958	1.00052345	0.99984843	1.00010455
0.11796460	1.00010240	0.99969953	1.00038362	1.00005043	0.99998307	1.00016379	0.99997270	0.99914807
0.13107181	1.00031757	0.99990964	0.99996519	1.00035739	1.00048649	1.00022173	0.99999970	0.99980718
0.14417900	1.00103271	0.99981922	1.00025213	1.00036407	0.99980032	1.00002623	1.00009167	1.00100529
0.15728620	1.00094116	0.99953121	1.00018477	1.00101399	1.00057185	0.99997222	1.00039220	1.00056016
0.17039341	1.00051987	1.00078940	0.99956125	0.99973989	1.00054383	1.00047934	1.00093365	0.99976254
0.18350060	0.99993950	1.00042295	0.99992865	0.99978977	1.00019574	1.00010335	0.99966425	1.00030935
0.19660780	1.00084829	1.00001383	0.99960911	1.00006175	1.00023377	0.99975729	1.00033808	1.00044417
0.20971501	1.00006688	0.99992657	1.00024605	1.00010371	1.00037622	0.99968022	1.00030434	0.99944621
0.23592941	1.00036275	0.99978191	0.99959898	0.99994987	1.00021720	1.00005341	0.99999809	0.99988812
0.26214382	1.00038815	1.00018013	0.99985182	1.00036585	1.00015378	0.99976677	1.00018418	1.00062788
0.28835821	1.00039351	0.99996138	1.00009775	1.00032282	1.00046253	0.99950725	1.00036991	1.00033283
0.31457260	1.00019002	0.99985731	1.00014758	1.00044417	1.00023639	0.99982321	1.00022531	0.99953240
0.34078699	1.00068438	1.00051510	1.00017679	0.99988717	1.00030303	1.00011373	0.99989039	0.99952233
0.36700141	1.00015569	1.00032759	1.00003624	1.00015152	1.00038397	0.99964607	1.00021195	0.99965084
0.39321581	0.99998236	1.00051355	0.99971741	1.00001609	0.99986047	1.00052655	1.00066781	0.99991477
0.41943020	1.00035167	1.00004280	1.00044787	1.00013661	1.00032794	1.00052631	1.00011861	1.00082755
0.47185901	1.00036061	0.99963224	1.00023878	0.99996477	1.00032532	0.99985743	0.99978179	1.00003314
0.52428782	1.00015402	1.00048161	1.00004148	1.00003076	1.00039148	1.00007284	1.00010169	1.00018549
0.57671660	1.00010526	0.99995309	1.00019360	1.00016141	0.99982864	1.00007415	0.99996722	0.99987507
0.62914538	0.99975681	0.99969840	1.00033629	0.99993968	1.00015879	1.00009239	1.00017095	0.99940252
0.68157423	0.99994045	1.00025356	0.99965608	1.00003386	1.00012112	1.00016594	0.99983245	1.00039542
0.73400301	0.99988419	1.00001407	0.99992472	0.99979830	1.00004196	1.00017929	1.00003564	1.00006258
0.78643179	1.00002205	0.99997979	0.99989110	0.99981034	1.00026047	1.00036538	0.99971181	1.00011015
0.83886063	1.00009036	0.99998361	0.99982524	0.99970472	1.00005996	1.00006664	1.00011301	0.99984759
0.94371825	0.99992919	0.99990708	1.00004077	0.99987119	0.99991596	0.99982190	1.00005710	0.99985033
1.04857588	0.99994177	1.00014901	1.00008476	1.00011957	1.00019217	0.99983186	0.99993598	1.00022304
1.15343344	0.99975258	0.99983507	1.00012839	1.00005245	1.00016534	0.99999678	0.99997693	0.99976850
1.25829101	0.99982440	1.00012040	1.00015879	1.00011933	1.00009286	1.00025868	1.00021148	1.00027680
1.36314869	0.99990827	1.00019157	1.00001502	1.00009573	1.00002074	0.99985570	1.00007153	0.99990612
1.46800625	0.99980313	1.00000620	0.99990004	1.00007081	1.00002766	0.99966675	1.00018489	0.99968088
1.57286382	0.99972159	1.00001204	0.99985021	1.00011468	1.00005603	0.99983805	1.00013912	1.00000358
1.67772150	0.99969798	1.00016391	0.99995339	1.00028348	0.99994785	0.99976534	0.99995822	0.99977160
1.88743675	0.99980718	0.99993879	0.99993646	1.00014400	0.99998170	0.99972045	0.99984562	0.99976510
2.09715199	0.99974483	1.00005186	0.99998903	0.99995625	0.99995965	1.00000548	0.99986577	1.00000894
2.30686712	0.99976385	0.99993867	1.00006914	0.99989718	0.99992990	0.99989170	0.99979228	0.99999726
2.51658225	0.99963212	0.99997514	1.00003779	0.99979025	1.00004101	1.00003660	0.99982733	0.99971724
2.72629738	0.99971569	1.00024354	1.00001013	1.00004327	0.99982721	1.00005281	1.00001121	1.00020075
2.93601274	0.99988151	0.99996185	0.99984431	1.00043809	1.00000417	0.99992293	1.00004554	0.99991626
3.14572787	0.99957407	1.00014901	0.99987221	1.00043130	0.99970824	1.00024021	0.99997288	1.00047386
3.35544300	0.99980706	0.99986398	1.00001299	1.00055122	0.99988312	1.00028455	0.99992502	0.99970245
3.77487350	1.00015497	1.00002801	0.99998409	0.99976724	1.00003946	1.00007415	0.99993044	1.00005126
4.19430399	1.00017536	1.00001216	0.99988598	1.00037777	0.99999249	0.99993151	1.00012434	1.00004005
4.61373425	0.99952245	0.99999154	1.00016665	0.99988025	1.00000465	1.00003779	0.99988461	0.99998343
5.03316450	1.00000000	1.00000000	1.00000000	1.00000000	1.00000000	1.00000000	1.00000000	1.00000000
5.45259476	0.00000000	0.00000000	0.00000000	0.00000000	0.00000000	0.00000000	0.00000000	0.00000000
5.87202549	0.00000000	0.00000000	0.00000000	0.00000000	0.00000000	0.00000000	0.00000000	0.00000000
6.29145575	0.00000000	0.00000000	0.00000000	0.00000000	0.00000000	0.00000000	0.00000000	0.00000000
6.71088600	0.00000000	0.00000000	0.00000000	0.00000000	0.00000000	0.00000000	0.00000000	0.00000000
7.54974699	0.00000000	0.00000000	0.00000000	0.00000000	0.00000000	0.00000000	0.00000000	0.00000000
8.38860798	0.00000000	0.00000000	0.00000000	0.00000000	0.00000000	0.00000000	0.00000000	0.00000000
9.22746849	0.00000000	0.00000000	0.00000000	0.00000000	0.00000000	0.00000000	0.00000000	0.00000000
10.06632900	0.00000000	0.00000000	0.00000000	0.00000000	0.00000000	0.00000000	0.00000000	0.00000000
10.90518951	0.00000000	0.00000000	0.00000000	0.00000000	0.00000000	0.00000000	0.00000000	0.00000000
11.74405098	0.00000000	0.00000000	0.00000000	0.00000000	0.00000000	0.00000000	0.00000000	0.00000000
12.58291149	0.00000000	0.00000000	0.00000000	0.00000000	0.00000000	0.00000000	0.00000000	0.00000000
13.42177200	0.00000000	0.00000000	0.00000000	0.00000000	0.00000000	0.00000000	0.00000000	0.00000000
15.09949398	0.00000000	0.00000000	0.00000000	0.00000000	0.00000000	0.00000000	0.00000000	0.00000000
16.77721596	0.00000000	0.00000000	0.00000000	0.00000000	0.00000000	0.00000000	0.00000000	0.00000000
18.45493698	0.00000000	0.00000000	0.00000000	0.00000000	0.00000000	0.00000000	0.00000000	0.00000000
20.13265800	0.00000000	0.00000000	0.00000000	0.00000000	0.00000000	0.00000000	0.00000000	0.00000000
21.81037903	0.00000000	0.00000000	0.00000000	0.00000000	0.00000000	0.00000000	0.00000000	0.00000000
23.48810196	0.00000000	0.00000000	0.00000000	0.00000000	0.00000000	0.00000000	0.00000000	0.00000000
25.16582298	0.00000000	0.00000000	0.00000000	0.00000000	0.00000000	0.00000000	0.00000000	0.00000000
26.84354401	0.00000000	0.00000000	0.00000000	0.00000000	0.00000000	0.00000000	0.00000000	0.00000000
30.19898796	0.00000000	0.00000000	0.00000000	0.00000000	0.00000000	0.00000000	0.00000000	0.00000000
33.55443192	0.00000000	0.00000000	0.00000000	0.00000000	0.00000000	0.00000000	0.00000000	0.00000000
36.90987396	0.00000000	0.00000000	0.00000000	0.00000000	0.00000000	0.00000000	0.00000000	0.00000000
40.26531601	0.00000000	0.00000000	0.00000000	0.00000000	0.00000000	0.00000000	0.00000000	0.00000000
43.62075806	0.00000000	0.00000000	0.00000000	0.00000000	0.00000000	0.00000000	0.00000000	0.00000000
46.97620392	0.00000000	0.00000000	0.00000000	0.00000000	0.00000000	0.00000000	0.00000000	0.00000000
50.33164597	0.00000000	0.00000000	0.00000000	0.00000000	0.00000000	0.00000000	0.00000000	0.00000000
53.68708801	0.00000000	0.00000000	0.00000000	0.00000000	0.00000000	0.00000000	0.00000000	0.00000000
60.39797592	0.00000000	0.00000000	0.00000000	0.00000000	0.00000000	0.00000000	0.00000000	0.00000000
67.10886383	0.00000000	0.00000000	0.00000000	0.00000000	0.00000000	0.00000000	0.00000000	0.00000000
73.81974792	0.00000000	0.00000000	0.00000000	0.00000000	0.00000000	0.00000000	0.00000000	0.00000000
80.53063202	0.00000000	0.00000000	0.00000000	0.00000000	0.00000000	0.00000000	0.00000000	0.00000000
87.24151611	0.00000000	0.00000000	0.00000000	0.00000000	0.00000000	0.00000000	0.00000000	0.00000000
93.95240784	0.00000000	0.00000000	0.00000000	0.00000000	0.00000000	0.00000000	0.00000000	0.00000000
100.66329193	0.00000000	0.00000000	0.00000000	0.00000000	0.00000000	0.00000000	0.00000000	0.00000000
107.37417603	0.00000000	0.00000000	0.00000000	0.00000000	0.00000000	0.00000000	0.00000000	0.00000000
120.79595184	0.00000000	0.00000000	0.00000000	0.00000000	0.00000000	0.00000000	0.00000000	0.00000000
134.21772766	0.00000000	0.00000000	0.00000000	0.00000000	0.00000000	0.00000000	0.00000000	0.00000000
147.63949585	0.00000000	0.00000000	0.00000000	0.00000000	0.00000000	0.00000000	0.00000000	0.00000000
161.06126404	0.00000000	0.00000000	0.00000000	0.00000000	0.00000000	0.00000000	0.00000000	0.00000000
174.48303223	0.00000000	0.00000000	0.00000000	0.00000000	0.00000000	0.00000000	0.00000000	0.00000000
187.90481567	0.00000000	0.00000000	0.00000000	0.00000000	0.00000000	0.00000000	0.00000000	0.00000000
201.32658386	0.00000000	0.00000000	0.00000000	0.00000000	0.00000000	0.00000000	0.00000000	0.00000000
214.74835205	0.00000000	0.00000000	0.00000000	0.00000000	0.00000000	0.00000000	0.00000000	0.00000000
241.59190369	0.00000000	0.00000000	0.00000000	0.00000000	0.00000000	0.00000000	0.00000000	0.00000000
268.43545532	0.00000000	0.00000000	0.00000000	0.00000000	0.00000000	0.00000000	0.00000000	0.00000000
295.27899170	0.00000000	0.00000000	0.00000000	0.00000000	0.00000000	0.00000000	0.00000000	0.00000000
322.12252808	0.00000000	0.00000000	0.00000000	0.00000000	0.00000000	0.00000000	0.00000000	0.00000000
348.96606445	0.00000000	0.00000000	0.00000000	0.00000000	0.00000000	0.00000000	0.00000000	0.00000000
375.80963135	0.00000000	0.00000000	0.00000000	0.00000000	0.00000000	0.00000000	0.00000000	0.00000000
402.65316772	0.00000000	0.00000000	0.00000000	0.00000000	0.00000000	0.00000000	0.00000000	0.00000000
429.49670410	0.00000000	0.00000000	0.00000000	0.00000000	0.00000000	0.00000000	0.00000000	0.00000000
483.18380737	0.00000000	0.00000000	0.00000000	0.00000000	0.00000000	0.00000000	0.00000000	0.00000000
536.87091064	0.00000000	0.00000000	0.00000000	0.00000000	0.00000000	0.00000000	0.00000000	0.00000000
590.55798340	0.00000000	0.00000000	0.00000000	0.00000000	0.00000000	0.00000000	0.00000000	0.00000000
644.24505615	0.00000000	0.00000000	0.00000000	0.00000000	0.00000000	0.00000000	0.00000000	0.00000000
697.93212891	0.00000000	0.00000000	0.00000000	0.00000000	0.00000000	0.00000000	0.00000000	0.00000000
751.61926270	0.00000000	0.00000000	0.00000000	0.00000000	0.00000000	0.00000000	0.00000000	0.00000000
805.30633545	0.00000000	0.00000000	0.00000000	0.00000000	0.00000000	0.00000000	0.00000000	0.00000000
858.99340820	0.00000000	0.00000000	0.00000000	0.00000000	0.00000000	0.00000000	0.00000000	0.00000000
966.36761475	0.00000000	0.00000000	0.00000000	0.00000000	0.00000000	0.00000000	0.00000000	0.00000000
1073.74182129	0.00000000	0.00000000	0.00000000	0.00000000	0.00000000	0.00000000	0.00000000	0.00000000
1181.11596680	0.00000000	0.00000000	0.00000000	0.00000000	0.00000000	0.00000000	0.00000000	0.00000000
1288.49011230	0.00000000	0.00000000	0.00000000	0.00000000	0.00000000	0.00000000	0.00000000	0.00000000
1395.86425781	0.00000000	0.00000000	0.00000000	0.00000000	0.00000000	0.00000000	0.00000000	0.00000000
1503.23852539	0.00000000	0.00000000	0.00000000	0.00000000	0.00000000	0.00000000	0.00000000	0.00000000
1610.61267090	0.00000000	0.00000000	0.00000000	0.00000000	0.00000000	0.00000000	0.00000000	0.00000000
1717.98681641	0.00000000	0.00000000	0.00000000	0.00000000	0.00000000	0.00000000	0.00000000	0.00000000
1932.73522949	0.00000000	0.00000000	0.00000000	0.00000000	0.00000000	0.00000000	0.00000000	0.00000000
2147.48364258	0.00000000	0.00000000	0.00000000	0.00000000	0.00000000	0.00000000	0.00000000	0.00000000
2362.23193359	0.00000000	0.00000000	0.00000000	0.00000000	0.00000000	0.00000000	0.00000000	0.00000000
2576.98022461	0.00000000	0.00000000	0.00000000	0.00000000	0.00000000	0.00000000	0.00000000	0.00000000
2791.72851562	0.00000000	0.00000000	0.00000000	0.00000000	0.00000000	0.00000000	0.00000000	0.00000000
3006.47705078	0.00000000	0.00000000	0.00000000	0.00000000	0.00000000	0.00000000	0.00000000	0.00000000
3221.22534180	0.00000000	0.00000000	0.00000000	0.00000000	0.00000000	0.00000000	0.00000000	0.00000000
3435.97363281	0.00000000	0.00000000	0.00000000	0.00000000	0.00000000	0.00000000	0.00000000	0.00000000
0	0	0	0	0	0	0	0	0
