%7/1/2015 1:57:13 PM
%Duration	ID1		ID2		ID3		ID4		ID5		ID6		ID7		ID8
3000.000000	0.381470	0.867844	0.982285	0.610352	0.505447	0.324249	0.381470	0.982285
%Tau		Tau1		Tau2		Tau3		Tau4		Tau5		Tau6		Tau7		Tau8
%		0.000001	0.000002	0.000000	0.000002	0.000001	0.000000	0.000001	0.000002
%Delaytime	D1		D2		D3		D4		D5		D6		D7		D8
0.00000000	48.40110779	47.69142532	19.27670860	56.28373337	87.57917023	78.83684540	89.89291382	45.75233078
0.00000020	0.00000000	7.94857073	22.48949432	11.25674629	9.73101902	0.00000000	0.00000000	7.62538815
0.00000040	0.00000000	3.97428536	6.42557001	0.00000000	9.73101902	0.00000000	0.00000000	3.81269407
0.00000060	0.00000000	7.94857073	3.21278501	0.00000000	0.00000000	0.00000000	0.00000000	0.00000000
0.00000080	0.00000000	0.00000000	3.21278501	0.00000000	0.00000000	0.00000000	0.00000000	0.00000000
0.00000100	0.00000000	0.00000000	3.21278501	0.00000000	0.00000000	0.00000000	0.00000000	7.62538815
0.00000120	0.00000000	3.97428536	0.00000000	0.00000000	0.00000000	0.00000000	0.00000000	0.00000000
0.00000140	0.00000000	0.00000000	3.21278501	0.00000000	0.00000000	0.00000000	0.00000000	0.00000000
0.00000160	0.00000000	7.94857073	0.00000000	0.00000000	0.00000000	26.27894783	0.00000000	3.81269407
0.00000180	0.00000000	0.00000000	0.00000000	0.00000000	0.00000000	0.00000000	0.00000000	3.81269407
0.00000200	0.00000000	0.00000000	0.00000000	0.00000000	0.00000000	0.00000000	0.00000000	3.81269407
0.00000220	0.00000000	0.00000000	0.00000000	0.00000000	0.00000000	0.00000000	0.00000000	0.00000000
0.00000240	0.00000000	3.97428536	0.00000000	11.25674629	0.00000000	0.00000000	0.00000000	0.00000000
0.00000260	0.00000000	0.00000000	0.00000000	0.00000000	9.73101902	0.00000000	0.00000000	3.81269407
0.00000280	0.00000000	3.97428536	0.00000000	0.00000000	0.00000000	0.00000000	22.47322845	0.00000000
0.00000300	0.00000000	0.00000000	0.00000000	0.00000000	0.00000000	0.00000000	0.00000000	0.00000000
0.00000340	0.00000000	0.00000000	0.00000000	5.62837315	0.00000000	0.00000000	0.00000000	1.90634704
0.00000380	0.00000000	1.98714268	0.00000000	5.62837315	0.00000000	0.00000000	0.00000000	0.00000000
0.00000420	8.06685162	1.98714268	0.00000000	0.00000000	0.00000000	0.00000000	0.00000000	1.90634704
0.00000460	0.00000000	0.00000000	0.00000000	0.00000000	4.86550951	0.00000000	0.00000000	0.00000000
0.00000500	0.00000000	3.97428536	1.60639250	11.25674629	0.00000000	0.00000000	0.00000000	0.00000000
0.00000540	0.00000000	0.00000000	1.60639250	5.62837315	0.00000000	0.00000000	0.00000000	0.00000000
0.00000580	8.06685162	0.00000000	1.60639250	0.00000000	4.86550951	0.00000000	0.00000000	0.00000000
0.00000620	0.00000000	1.98714268	1.60639250	0.00000000	0.00000000	0.00000000	0.00000000	3.81269407
0.00000700	4.03342581	0.00000000	0.80319625	0.00000000	2.43275476	0.00000000	0.00000000	0.00000000
0.00000780	0.00000000	1.98714268	1.60639250	0.00000000	2.43275476	0.00000000	0.00000000	1.90634704
0.00000860	0.00000000	0.99357134	3.21278501	0.00000000	0.00000000	6.56973696	0.00000000	0.00000000
0.00000940	0.00000000	0.99357134	3.21278501	0.00000000	0.00000000	0.00000000	11.23661423	0.00000000
0.00001020	4.03342581	0.99357134	1.60639250	5.62837315	0.00000000	0.00000000	0.00000000	0.00000000
0.00001100	0.00000000	0.00000000	1.60639250	0.00000000	0.00000000	0.00000000	0.00000000	0.95317352
0.00001180	0.00000000	0.00000000	0.80319625	2.81418657	0.00000000	0.00000000	0.00000000	0.00000000
0.00001260	0.00000000	0.99357134	0.80319625	0.00000000	0.00000000	6.56973696	5.61830711	0.95317352
0.00001420	2.01671290	1.49035704	0.40159813	1.40709329	1.21637738	3.28486848	0.00000000	1.90634704
0.00001580	2.01671290	0.49678567	1.20479429	1.40709329	1.21637738	0.00000000	0.00000000	3.33610749
0.00001740	2.01671290	0.99357134	1.20479429	4.22128010	0.00000000	0.00000000	0.00000000	1.90634704
0.00001900	2.01671290	0.00000000	1.60639250	0.00000000	0.00000000	3.28486848	0.00000000	0.95317352
0.00002060	2.01671290	1.49035704	2.40958858	1.40709329	0.00000000	0.00000000	0.00000000	0.47658676
0.00002220	4.03342581	0.99357134	0.00000000	1.40709329	1.21637738	0.00000000	0.00000000	0.95317352
0.00002380	0.00000000	1.49035704	2.40958858	0.00000000	6.08188677	0.00000000	2.80915356	1.90634704
0.00002540	6.05013847	0.00000000	1.60639250	1.40709329	0.00000000	3.28486848	2.80915356	0.95317352
0.00002860	1.00537312	0.74572712	0.99084121	0.00000000	0.60055822	3.27866173	1.41694641	0.72529721
0.00003180	1.00537312	0.99430281	0.19816825	1.42468178	0.00000000	0.00000000	0.00000000	1.20882869
0.00003500	0.00000000	1.24287856	0.79267299	0.71234089	0.00000000	1.63933086	1.41694641	0.96706295
0.00003820	0.00000000	0.99430281	0.99084121	0.00000000	0.00000000	1.63933086	0.00000000	0.96706295
0.00004140	3.01611924	0.49715140	1.78351414	0.00000000	0.00000000	0.00000000	0.00000000	1.20882869
0.00004460	0.00000000	0.74572712	1.98168242	0.00000000	1.20111644	0.00000000	2.83389282	0.24176574
0.00004780	0.00000000	0.74572712	0.39633650	0.00000000	1.20111644	1.63933086	0.00000000	1.20882869
0.00005100	0.00000000	1.49145424	0.39633650	1.42468178	1.20111644	0.00000000	4.25083923	0.24176574
0.00005740	2.01372623	1.37120080	0.78903866	0.71234089	1.20111644	0.81811816	0.70106119	0.60266304
0.00006380	3.02058935	0.74792773	1.38081765	0.35617045	0.30027911	0.00000000	0.70106119	0.96426088
0.00007020	0.00000000	1.24654615	1.28218782	1.42468178	0.00000000	0.81811816	1.40212238	0.96426088
0.00007660	0.00000000	1.37120080	1.47944748	1.06851137	1.50139546	1.63623631	1.40212238	0.72319567
0.00008300	1.51029468	1.74516463	1.28218782	1.78085232	0.30027911	0.00000000	0.70106119	0.84372830
0.00008940	0.00000000	0.49861848	0.88766849	1.42468178	1.20111644	1.63623631	0.00000000	1.20532608
0.00009580	2.51715779	0.99723697	0.88766849	1.42468178	1.80167460	0.81811816	0.70106119	1.08479345
0.00010220	2.51715779	2.24378324	0.59177899	1.78085232	1.50139546	1.63623631	0.70106119	1.44639134
0.00011500	0.25171578	0.93215889	1.63166916	1.94920969	0.75414526	1.23415983	0.35114419	1.14340150
0.00012780	1.00686312	0.87001497	0.89000136	0.70880353	0.75414526	1.23415983	1.05343258	1.38411760
0.00014060	1.25857890	1.05644679	0.89000136	1.41760707	0.75414526	0.82277316	1.75572109	1.08322251
0.00015340	1.25857890	1.05644679	0.84055686	1.59480798	0.60331625	2.46831965	1.05343258	1.08322251
0.00016620	1.51029468	0.68358320	0.79111236	1.41760707	0.60331625	0.00000000	1.05343258	1.26375961
0.00017900	1.00686312	0.74572712	0.84055686	1.06320524	1.20663249	1.23415983	1.40457678	0.72214830
0.00019180	0.50343156	1.18073463	1.13722396	2.12641048	0.75414526	0.82277316	1.40457678	0.96286440
0.00020460	0.75514734	1.18073463	0.89000136	1.06320524	1.20663249	0.41138658	0.35114419	0.84250635
0.00023020	0.87970150	1.23922706	0.84276885	0.79740399	0.83146572	1.23884797	0.87479645	0.89942485
0.00025580	1.13104475	1.27020776	0.84276885	1.06320524	0.60470235	0.82589865	0.34991857	0.86944401
0.00028140	1.00537312	0.86745894	1.04106736	1.24040616	0.83146572	1.44532263	1.22471499	0.95938647
0.00030700	0.87970150	0.58863282	1.26415324	0.97460485	0.98264134	1.44532263	0.69983715	0.98936731
0.00033260	1.38238800	1.02236235	0.89234346	1.06320524	1.13381696	1.44532263	1.04975569	1.07930982
0.00035820	0.62835819	0.74353623	0.99149275	0.17720088	1.51175594	1.23884797	2.09951138	1.13927150
0.00038380	1.00537312	0.77451688	0.89234346	1.32900667	0.60470235	0.82589865	0.69983715	0.95938647
0.00040940	0.50268656	1.27020776	0.81798154	1.06320524	1.43616807	0.82589865	1.39967430	0.74952072
0.00046060	0.81445247	0.94386995	1.16022587	1.06452811	0.79276139	1.34208524	0.69983715	0.91243494
0.00051180	0.81445247	1.03670967	0.92319047	1.10888350	0.75501084	1.23884797	0.69983715	0.98722470
0.00056300	0.75180227	0.97481650	1.01051927	0.84275144	0.83051193	1.23884797	0.78731680	1.19663596
0.00061420	1.12770343	0.95934325	1.03547037	0.70968539	0.83051193	1.03237331	0.34991857	0.85260314
0.00066540	1.06505322	0.97481650	1.11032367	0.93146211	0.79276139	0.72266132	1.13723540	0.97226673
0.00071660	1.31565392	1.03670967	1.08537257	0.70968539	1.39677012	1.03237331	1.22471499	0.83764517
0.00076780	0.81445247	1.03670967	1.07289696	1.15252209	1.24576795	0.72334760	0.96227610	0.91243494
0.00081900	0.87710267	0.91292340	0.94814157	1.06386650	1.05701518	1.13668907	1.39967430	0.88251901
0.00092140	1.31468225	0.99284065	1.10335791	1.01448679	0.92595047	0.72266132	0.83105659	1.00747752
0.00102380	1.15817249	0.94630122	0.95998377	1.23502743	0.98264134	1.29046655	0.96227610	0.93284953
0.00112620	0.81385094	0.88424867	0.97868472	0.99243277	1.03933215	0.98075461	0.83105659	0.86599690
0.00122860	1.06426656	0.96957093	0.99738574	0.92627060	0.81256878	0.61942399	1.00601590	0.96304828
0.00133100	1.12687051	1.02386689	0.99147898	0.94832462	0.85036266	0.87751728	1.26845479	0.91825533
0.00143340	1.00166273	0.88424867	1.07254326	0.94832462	0.96319145	1.29046655	1.00601590	0.99291021
0.00153580	0.97036076	1.02386689	0.92288607	0.92627060	1.00096369	0.98075461	1.39967430	0.92572081
0.00163820	1.12687051	0.86873555	0.94159323	1.12475717	0.90653312	1.03139472	0.65609735	0.88839334
0.00184300	0.95966637	0.96921444	0.89987367	0.95994681	0.98433584	1.05019641	1.25095224	0.98490816
0.00204780	0.94393414	1.00410616	1.00262749	0.99243277	1.07898355	0.84527999	1.07444072	0.99605805
0.00225260	1.14845324	1.09327388	1.08047116	1.00345981	0.92754728	0.79405093	0.89902186	1.05142903
0.00245740	0.84954077	1.03938019	0.94035244	0.69470292	1.03165972	0.66597819	1.09732652	0.96597713
0.00266220	0.89673746	0.96533757	1.04310620	0.97037870	0.96540630	0.92212361	1.18511260	0.99905521
0.00286700	1.08552432	1.00798309	1.11820459	1.09167600	0.99380064	0.97427356	1.07537997	1.01799130
0.00307180	1.02259529	1.07388961	1.02787614	1.19091928	1.14523697	0.87171847	1.09732652	0.92882419
0.00327660	0.69221836	1.11653507	1.05556118	0.97037870	1.07898355	1.07682872	1.16316605	1.02913713
0.00368620	1.17378986	1.01617992	1.04933393	1.11028457	0.99020642	1.07479501	0.94452643	1.00571167
0.00409580	1.00047863	1.04327810	1.01975334	1.11028457	1.01863337	0.99802399	1.15320086	1.03731441
0.00450540	1.11864543	1.02817130	1.06490266	0.98936248	0.92387682	1.11318052	0.88961208	0.99234146
0.00491500	0.85080069	0.91393006	0.97927451	0.98936248	0.99968207	1.01081920	0.85666347	0.97968590
0.00532460	0.82716739	0.97976398	1.01196897	0.89042622	1.03284693	1.24113238	1.12025225	0.98676652
0.00573420	1.04774535	0.94649905	0.95935112	1.03883064	0.90966332	0.89566255	0.90059495	1.02207446
0.00614380	0.96108973	0.95037025	0.95655155	0.97287315	0.86278057	0.93404806	0.90059495	1.02542198
0.00655340	0.93745637	0.99875975	1.05590916	0.95088726	0.99551606	1.11318052	1.16418374	1.02727973
0.00737260	1.03823638	0.99234992	1.01051927	1.01661336	1.04830348	1.10038543	1.01414049	0.98947620
0.00819180	0.93559706	0.99622250	0.98244929	0.98079765	1.00789273	0.95963842	0.94287658	1.04867172
0.00901100	1.01060271	0.97685957	0.97855067	1.05242896	1.01681542	0.99162638	1.03606784	0.97888440
0.00983020	0.95928305	0.98460472	0.93068069	1.00897336	1.06670594	1.03001189	1.00317681	1.03843629
0.01064940	1.12113738	0.99258822	0.92054766	0.94281113	1.00018525	0.98522878	0.95300579	0.98167586
0.01146860	1.05007946	1.03902507	1.00706828	1.00221717	0.92416167	0.96603602	0.99682212	0.93608147
0.01228780	1.02244580	1.02064383	1.03746736	0.99671042	0.94262493	1.05560231	0.99682212	1.00400782
0.01310700	0.99012989	1.03418791	0.98258090	1.07655740	1.00140798	1.01721668	1.13374829	1.03471434
0.01474540	1.02441955	0.96756345	0.99740982	0.95894539	1.02156687	1.03516757	1.02874362	0.98914915
0.01638380	0.97902143	1.04502928	1.01380563	1.01736045	0.97286427	1.08747208	1.06989336	0.99882752
0.01802220	1.00073361	0.98315895	1.00170398	0.99272543	0.99006444	0.88858336	0.98485053	1.05094218
0.01966060	0.95730925	0.99790967	0.99519145	1.00922501	1.03404093	0.97840410	1.01955271	1.01953244
0.02129900	0.96520460	0.94276583	0.98192745	0.97622585	0.95742202	1.04897749	0.94260538	1.00380111
0.02293740	0.97309989	1.00684369	1.00227308	0.96582448	0.96098560	0.97840410	1.00218642	0.98191857
0.02457580	0.96915227	1.00297678	1.00227308	0.98936248	0.97705328	1.00727499	0.96923786	1.01125038
0.02621420	1.00985360	1.01048636	0.99141651	0.99898130	1.03107059	1.01273358	0.89784926	0.99692386
0.02949100	1.01182544	0.98097420	1.01232314	1.00860047	1.01740968	1.10038543	0.99495256	0.99696302
0.03276780	0.96350235	0.96280277	0.97330993	1.00379109	1.01919830	0.95643961	1.00081360	0.97574675
0.03604460	1.03648007	0.98387861	0.99372005	1.00179625	0.95988005	0.94524384	0.99993801	1.00087929
0.03932140	0.96870083	0.96269107	1.01710522	1.02788830	1.05062497	0.93156815	0.97524816	1.01736701
0.04259820	1.00910449	1.00022054	0.98557210	1.00660264	1.01684856	1.00027728	0.99669504	0.99527562
0.04587500	1.01304626	0.99768859	0.97481900	0.99073702	0.97533667	1.01785409	1.01042366	0.98538685
0.04915180	0.97218680	0.97393411	0.98420352	1.07176375	0.96707273	0.97083420	1.01728785	1.01494169
0.05242860	1.03297508	1.01185989	1.01059759	1.03397524	0.98961419	1.03418815	1.02236176	1.00633466
0.05898220	0.98670673	0.99441832	0.99831754	0.99368596	1.00496852	1.03053212	0.98193890	0.99012655
0.06553581	0.99358958	1.00944448	1.02613413	0.97072673	0.98860389	0.97371060	1.02072155	1.00664127
0.07208940	1.00193894	1.00180912	1.01195025	1.00572443	0.99196327	1.03202808	1.00405610	0.99412179
0.07864300	0.99997532	1.01514077	1.00860465	1.00538039	1.01510310	0.98775226	0.99395084	1.01784194
0.08519660	1.01862979	1.00155723	1.00635338	0.98167580	1.01804447	1.00465763	1.02668846	0.98437577
0.09175020	1.02576971	0.98230350	0.98485810	0.97228092	1.03433323	1.03927314	0.99888211	1.00503337
0.09830380	1.03390348	1.00918698	1.00222671	1.01862669	1.02485096	1.03685820	1.05274999	1.00071895
0.10485740	1.00908542	1.01853430	0.99711186	0.99753708	0.99048185	1.02043164	0.97901875	1.00346565
0.11796460	0.98940557	1.00494087	0.99909174	1.01142752	1.00790834	0.96775043	0.96206158	1.00504470
0.13107181	0.98742175	1.00186896	0.99423701	0.99305606	1.00885201	0.99116188	1.00323212	0.99638754
0.14417900	0.98592663	0.99189806	0.99618858	0.98995328	0.99378091	0.97236156	0.98827118	0.99279910
0.15728620	0.98712415	1.00512624	1.00375378	1.00358260	1.02373922	1.01794076	1.01313472	0.98544967
0.17039341	0.99774611	0.99002653	1.00512290	1.02162719	1.01977396	1.03315997	0.94558573	1.00213635
0.18350060	0.99376303	0.99810165	0.99771541	1.00477993	0.97878468	0.99253201	0.98951316	1.00195920
0.19660780	1.00446391	1.01663995	1.00493193	1.00608861	1.02271497	1.00018001	1.05364156	1.00841033
0.20971501	0.99100453	1.00017822	1.00431633	1.01179922	1.00154603	1.01606357	0.98209530	1.01100838
0.23592941	0.98556036	1.00095487	1.00203192	1.00263262	1.02646017	0.99839592	1.00628042	0.98978460
0.26214382	1.01280308	0.99820060	0.99930024	0.97042215	1.00707626	1.01049840	1.02495229	1.00362206
0.28835821	0.99351609	0.99723321	1.00440347	1.01810074	0.98965985	0.95996451	1.01046145	1.00051415
0.31457260	0.99714971	0.99652988	1.00158632	0.98744559	1.01295257	1.00999963	0.99277729	0.99934441
0.34078699	0.98469448	1.00162697	0.99941623	1.02325904	0.99957144	0.98933667	0.98189312	1.00334454
0.36700141	0.99394161	1.00847948	1.00624847	0.98416388	0.98209852	0.99595368	1.02375758	0.99326384
0.39321581	1.01380622	0.99552095	0.99962473	0.99417108	0.99807447	1.01037633	1.00804496	1.00389218
0.41943020	0.99080551	0.99305022	0.99635071	0.99578369	1.00237238	1.02153230	0.99690384	0.99465621
0.47185901	1.02220857	0.99923766	0.99779934	0.99986535	1.00130177	1.00338602	0.98868310	1.00527871
0.52428782	1.00202644	1.00270605	1.00411475	1.00609374	1.00388765	0.98890179	0.99345100	1.00133264
0.57671660	0.99923253	0.99880135	1.00651085	0.99646282	0.99743122	0.99013257	0.99542820	1.00702596
0.62914538	0.98834258	1.00061357	1.00135970	1.00601077	0.99129063	0.99790227	1.00172234	1.00280297
0.68157423	0.99392080	0.99910015	1.00336313	1.01028812	0.99481010	0.98795110	0.98732555	0.99873787
0.73400301	1.00093961	1.00138795	0.99849474	1.00018835	1.01163161	0.98858511	0.98794496	1.00140643
0.78643179	1.00045311	0.99700660	1.00323188	0.98795414	0.99670649	1.01101530	1.00025034	1.00009716
0.83886063	0.99823761	0.99881560	0.99919599	0.99732602	0.99703032	1.00886357	0.99810386	0.99704218
0.94371825	0.99273795	0.99988621	0.99981815	0.99993598	1.00645590	0.99084884	0.99594784	0.99814999
1.04857588	1.00127304	0.99736458	1.00369322	1.00110078	0.99860388	0.99271023	0.99947780	1.00589228
1.15343344	0.99862236	1.00032437	1.00210750	0.99146432	0.99466461	1.00553322	1.00721526	0.99896061
1.25829101	1.00777960	1.00019729	1.00091410	1.00660574	1.00274026	0.99823803	1.00643325	0.99907726
1.36314869	0.99453384	1.00097811	1.00490499	1.00276470	0.98738331	0.99358046	0.99061078	1.00385153
1.46800625	0.99175042	1.00382793	1.00184810	0.98587531	0.99647975	0.98673189	1.01200247	0.99829739
1.57286382	1.00876582	1.00068057	1.00314963	1.01376891	0.99207902	1.00963211	0.99896377	1.00168073
1.67772150	0.99785000	1.00102162	0.99955672	0.99499118	0.99477023	1.00877035	0.99139047	1.00387359
1.88743675	0.99593973	0.99748743	1.00060523	1.00360990	0.99272501	0.99985975	1.00292516	0.99918854
2.09715199	1.00294006	1.00131452	0.99932289	0.99790674	0.99561679	1.00838995	1.00479758	0.99875104
2.30686712	0.99894077	1.00157964	1.00018549	0.99815238	1.00060987	1.00696635	0.99321985	0.99714684
2.51658225	0.99726987	1.00107276	1.00281954	1.00650656	1.00299084	1.00351954	1.00138962	1.00188375
2.72629738	1.00162375	1.00116777	0.99813145	1.00461102	0.99621814	1.00908601	0.99385124	0.99924421
2.93601274	0.99795800	1.00216031	0.99779153	0.99224502	1.00052059	0.98414129	0.99933398	1.00221789
3.14572787	1.00030065	0.99926680	1.00305593	1.00307214	1.00462568	0.99311811	1.00111556	0.99907285
3.35544300	0.99874461	0.99985462	0.99540454	0.99734801	1.00835669	0.99238580	0.99884683	0.99777240
3.77487350	1.01082325	1.00013351	1.00215304	1.00992787	1.00261414	0.99412900	0.99455172	1.00087142
4.19430399	1.00805020	1.00083101	0.99906075	0.99326813	1.00719869	1.00928581	1.00686812	0.99972880
4.61373425	0.98715377	0.99955779	0.99970818	0.99147511	0.99692845	0.99431300	1.00802672	0.99860805
5.03316450	1.00000000	1.00000000	1.00000000	1.00000000	1.00000000	1.00000000	1.00000000	1.00000000
5.45259476	0.00000000	0.00000000	0.00000000	0.00000000	0.00000000	0.00000000	0.00000000	0.00000000
5.87202549	0.00000000	0.00000000	0.00000000	0.00000000	0.00000000	0.00000000	0.00000000	0.00000000
6.29145575	0.00000000	0.00000000	0.00000000	0.00000000	0.00000000	0.00000000	0.00000000	0.00000000
6.71088600	0.00000000	0.00000000	0.00000000	0.00000000	0.00000000	0.00000000	0.00000000	0.00000000
7.54974699	0.00000000	0.00000000	0.00000000	0.00000000	0.00000000	0.00000000	0.00000000	0.00000000
8.38860798	0.00000000	0.00000000	0.00000000	0.00000000	0.00000000	0.00000000	0.00000000	0.00000000
9.22746849	0.00000000	0.00000000	0.00000000	0.00000000	0.00000000	0.00000000	0.00000000	0.00000000
10.06632900	0.00000000	0.00000000	0.00000000	0.00000000	0.00000000	0.00000000	0.00000000	0.00000000
10.90518951	0.00000000	0.00000000	0.00000000	0.00000000	0.00000000	0.00000000	0.00000000	0.00000000
11.74405098	0.00000000	0.00000000	0.00000000	0.00000000	0.00000000	0.00000000	0.00000000	0.00000000
12.58291149	0.00000000	0.00000000	0.00000000	0.00000000	0.00000000	0.00000000	0.00000000	0.00000000
13.42177200	0.00000000	0.00000000	0.00000000	0.00000000	0.00000000	0.00000000	0.00000000	0.00000000
15.09949398	0.00000000	0.00000000	0.00000000	0.00000000	0.00000000	0.00000000	0.00000000	0.00000000
16.77721596	0.00000000	0.00000000	0.00000000	0.00000000	0.00000000	0.00000000	0.00000000	0.00000000
18.45493698	0.00000000	0.00000000	0.00000000	0.00000000	0.00000000	0.00000000	0.00000000	0.00000000
20.13265800	0.00000000	0.00000000	0.00000000	0.00000000	0.00000000	0.00000000	0.00000000	0.00000000
21.81037903	0.00000000	0.00000000	0.00000000	0.00000000	0.00000000	0.00000000	0.00000000	0.00000000
23.48810196	0.00000000	0.00000000	0.00000000	0.00000000	0.00000000	0.00000000	0.00000000	0.00000000
25.16582298	0.00000000	0.00000000	0.00000000	0.00000000	0.00000000	0.00000000	0.00000000	0.00000000
26.84354401	0.00000000	0.00000000	0.00000000	0.00000000	0.00000000	0.00000000	0.00000000	0.00000000
30.19898796	0.00000000	0.00000000	0.00000000	0.00000000	0.00000000	0.00000000	0.00000000	0.00000000
33.55443192	0.00000000	0.00000000	0.00000000	0.00000000	0.00000000	0.00000000	0.00000000	0.00000000
36.90987396	0.00000000	0.00000000	0.00000000	0.00000000	0.00000000	0.00000000	0.00000000	0.00000000
40.26531601	0.00000000	0.00000000	0.00000000	0.00000000	0.00000000	0.00000000	0.00000000	0.00000000
43.62075806	0.00000000	0.00000000	0.00000000	0.00000000	0.00000000	0.00000000	0.00000000	0.00000000
46.97620392	0.00000000	0.00000000	0.00000000	0.00000000	0.00000000	0.00000000	0.00000000	0.00000000
50.33164597	0.00000000	0.00000000	0.00000000	0.00000000	0.00000000	0.00000000	0.00000000	0.00000000
53.68708801	0.00000000	0.00000000	0.00000000	0.00000000	0.00000000	0.00000000	0.00000000	0.00000000
60.39797592	0.00000000	0.00000000	0.00000000	0.00000000	0.00000000	0.00000000	0.00000000	0.00000000
67.10886383	0.00000000	0.00000000	0.00000000	0.00000000	0.00000000	0.00000000	0.00000000	0.00000000
73.81974792	0.00000000	0.00000000	0.00000000	0.00000000	0.00000000	0.00000000	0.00000000	0.00000000
80.53063202	0.00000000	0.00000000	0.00000000	0.00000000	0.00000000	0.00000000	0.00000000	0.00000000
87.24151611	0.00000000	0.00000000	0.00000000	0.00000000	0.00000000	0.00000000	0.00000000	0.00000000
93.95240784	0.00000000	0.00000000	0.00000000	0.00000000	0.00000000	0.00000000	0.00000000	0.00000000
100.66329193	0.00000000	0.00000000	0.00000000	0.00000000	0.00000000	0.00000000	0.00000000	0.00000000
107.37417603	0.00000000	0.00000000	0.00000000	0.00000000	0.00000000	0.00000000	0.00000000	0.00000000
120.79595184	0.00000000	0.00000000	0.00000000	0.00000000	0.00000000	0.00000000	0.00000000	0.00000000
134.21772766	0.00000000	0.00000000	0.00000000	0.00000000	0.00000000	0.00000000	0.00000000	0.00000000
147.63949585	0.00000000	0.00000000	0.00000000	0.00000000	0.00000000	0.00000000	0.00000000	0.00000000
161.06126404	0.00000000	0.00000000	0.00000000	0.00000000	0.00000000	0.00000000	0.00000000	0.00000000
174.48303223	0.00000000	0.00000000	0.00000000	0.00000000	0.00000000	0.00000000	0.00000000	0.00000000
187.90481567	0.00000000	0.00000000	0.00000000	0.00000000	0.00000000	0.00000000	0.00000000	0.00000000
201.32658386	0.00000000	0.00000000	0.00000000	0.00000000	0.00000000	0.00000000	0.00000000	0.00000000
214.74835205	0.00000000	0.00000000	0.00000000	0.00000000	0.00000000	0.00000000	0.00000000	0.00000000
241.59190369	0.00000000	0.00000000	0.00000000	0.00000000	0.00000000	0.00000000	0.00000000	0.00000000
268.43545532	0.00000000	0.00000000	0.00000000	0.00000000	0.00000000	0.00000000	0.00000000	0.00000000
295.27899170	0.00000000	0.00000000	0.00000000	0.00000000	0.00000000	0.00000000	0.00000000	0.00000000
322.12252808	0.00000000	0.00000000	0.00000000	0.00000000	0.00000000	0.00000000	0.00000000	0.00000000
348.96606445	0.00000000	0.00000000	0.00000000	0.00000000	0.00000000	0.00000000	0.00000000	0.00000000
375.80963135	0.00000000	0.00000000	0.00000000	0.00000000	0.00000000	0.00000000	0.00000000	0.00000000
402.65316772	0.00000000	0.00000000	0.00000000	0.00000000	0.00000000	0.00000000	0.00000000	0.00000000
429.49670410	0.00000000	0.00000000	0.00000000	0.00000000	0.00000000	0.00000000	0.00000000	0.00000000
483.18380737	0.00000000	0.00000000	0.00000000	0.00000000	0.00000000	0.00000000	0.00000000	0.00000000
536.87091064	0.00000000	0.00000000	0.00000000	0.00000000	0.00000000	0.00000000	0.00000000	0.00000000
590.55798340	0.00000000	0.00000000	0.00000000	0.00000000	0.00000000	0.00000000	0.00000000	0.00000000
644.24505615	0.00000000	0.00000000	0.00000000	0.00000000	0.00000000	0.00000000	0.00000000	0.00000000
697.93212891	0.00000000	0.00000000	0.00000000	0.00000000	0.00000000	0.00000000	0.00000000	0.00000000
751.61926270	0.00000000	0.00000000	0.00000000	0.00000000	0.00000000	0.00000000	0.00000000	0.00000000
805.30633545	0.00000000	0.00000000	0.00000000	0.00000000	0.00000000	0.00000000	0.00000000	0.00000000
858.99340820	0.00000000	0.00000000	0.00000000	0.00000000	0.00000000	0.00000000	0.00000000	0.00000000
966.36761475	0.00000000	0.00000000	0.00000000	0.00000000	0.00000000	0.00000000	0.00000000	0.00000000
1073.74182129	0.00000000	0.00000000	0.00000000	0.00000000	0.00000000	0.00000000	0.00000000	0.00000000
1181.11596680	0.00000000	0.00000000	0.00000000	0.00000000	0.00000000	0.00000000	0.00000000	0.00000000
1288.49011230	0.00000000	0.00000000	0.00000000	0.00000000	0.00000000	0.00000000	0.00000000	0.00000000
1395.86425781	0.00000000	0.00000000	0.00000000	0.00000000	0.00000000	0.00000000	0.00000000	0.00000000
1503.23852539	0.00000000	0.00000000	0.00000000	0.00000000	0.00000000	0.00000000	0.00000000	0.00000000
1610.61267090	0.00000000	0.00000000	0.00000000	0.00000000	0.00000000	0.00000000	0.00000000	0.00000000
1717.98681641	0.00000000	0.00000000	0.00000000	0.00000000	0.00000000	0.00000000	0.00000000	0.00000000
1932.73522949	0.00000000	0.00000000	0.00000000	0.00000000	0.00000000	0.00000000	0.00000000	0.00000000
2147.48364258	0.00000000	0.00000000	0.00000000	0.00000000	0.00000000	0.00000000	0.00000000	0.00000000
2362.23193359	0.00000000	0.00000000	0.00000000	0.00000000	0.00000000	0.00000000	0.00000000	0.00000000
2576.98022461	0.00000000	0.00000000	0.00000000	0.00000000	0.00000000	0.00000000	0.00000000	0.00000000
2791.72851562	0.00000000	0.00000000	0.00000000	0.00000000	0.00000000	0.00000000	0.00000000	0.00000000
3006.47705078	0.00000000	0.00000000	0.00000000	0.00000000	0.00000000	0.00000000	0.00000000	0.00000000
3221.22534180	0.00000000	0.00000000	0.00000000	0.00000000	0.00000000	0.00000000	0.00000000	0.00000000
3435.97363281	0.00000000	0.00000000	0.00000000	0.00000000	0.00000000	0.00000000	0.00000000	0.00000000
0	0	0	0	0	0	0	0	0
