%6/23/2015 2:23:37 PM
%Duration	ID1		ID2		ID3		ID4		ID5		ID6		ID7		ID8
3000.000000	39.758682	40.225983	30.508041	39.253235	40.788651	44.240952	49.543381	208.244324
%Tau		Tau1		Tau2		Tau3		Tau4		Tau5		Tau6		Tau7		Tau8
%		0.000032	0.000035	0.000035	0.000025	0.000032	0.000038	0.000038	0.000141
%Delaytime	D1		D2		D3		D4		D5		D6		D7		D8
0.00000000	1.86407685	2.86687660	3.22249770	2.82676435	2.56007242	1.77899075	2.17196035	1.63594830
0.00000020	1.52822745	1.64450788	1.61599255	1.81901646	1.66553795	1.46960115	1.53097320	1.49354005
0.00000040	1.47863901	1.42976749	1.48633361	1.51479077	1.43338490	1.50741541	1.50015640	1.45822906
0.00000060	1.47638500	1.44261527	1.45154715	1.46831179	1.48024154	1.41287971	1.41263700	1.44185400
0.00000080	1.34790564	1.46280456	1.39146125	1.38802993	1.49515045	1.49882126	1.48659706	1.44899392
0.00000100	1.43806660	1.51419532	1.41676056	1.50845265	1.51644886	1.42834914	1.42003310	1.46001399
0.00000120	1.50343323	1.36552894	1.46103430	1.46408641	1.37587917	1.38881600	1.38921642	1.43657684
0.00000140	1.57556200	1.47198141	1.49265850	1.50845265	1.56969488	1.46100688	1.42249835	1.43525743
0.00000160	1.32536542	1.44445062	1.46419680	1.42394555	1.44616401	1.44553745	1.44715178	1.44231975
0.00000180	1.51019526	1.48666453	1.40411091	1.43028355	1.49728024	1.43006802	1.46810710	1.45000279
0.00000200	1.50117922	1.47932303	1.41359818	1.42605817	1.46746242	1.52288485	1.43605769	1.43634403
0.00000220	1.44482863	1.41875517	1.51163292	1.45352304	1.33754194	1.48163295	1.40647376	1.45031321
0.00000240	1.48540103	1.48115838	1.42624784	1.39648068	1.35458076	1.39225364	1.40154302	1.43937063
0.00000260	1.46962285	1.48115838	1.50847054	1.43239629	1.48876083	1.39741015	1.43852305	1.43486941
0.00000280	1.48314703	1.43343830	1.43889749	1.38169193	1.43551481	1.43178678	1.40524101	1.47134459
0.00000300	1.62740445	1.47748756	1.51479530	1.42394555	1.46746242	1.40772319	1.44468641	1.46746421
0.00000340	1.42566943	1.42242599	1.35509348	1.44190335	1.48556614	1.47389817	1.41140437	1.44200933
0.00000380	1.41101825	1.53805542	1.51637650	1.38063562	1.42380059	1.37076831	1.43729043	1.43246365
0.00000420	1.41439927	1.42701447	1.44205987	1.37429762	1.46213782	1.44811571	1.44900072	1.44076753
0.00000460	1.45384467	1.44353294	1.45312834	1.38697362	1.43764460	1.43780267	1.44961703	1.43339491
0.00000500	1.45159066	1.45638061	1.36774313	1.42394555	1.43551481	1.50225890	1.46256006	1.44146597
0.00000540	1.49103606	1.44445062	1.44838464	1.45141041	1.36310005	1.43694329	1.45947838	1.44872224
0.00000580	1.42566943	1.44169748	1.47368395	1.46408641	1.39185297	1.39912903	1.44838440	1.44115555
0.00000620	1.38735104	1.37745893	1.44205987	1.39014268	1.33115244	1.40772319	1.46194375	1.43843937
0.00000700	1.44539213	1.37883544	1.45945311	1.36743140	1.37428176	1.40557456	1.41695142	1.43374419
0.00000780	1.39636719	1.39122438	1.36062777	1.36479056	1.44616401	1.45413160	1.42126572	1.43550968
0.00000860	1.44313812	1.39397740	1.38276470	1.41074133	1.39983988	1.40987170	1.44437826	1.44317341
0.00000940	1.40143871	1.42517900	1.36695254	1.41232574	1.37907386	1.40471518	1.39507151	1.43840051
0.00001020	1.39185905	1.40820169	1.42861962	1.38908637	1.39877498	1.40299642	1.40308392	1.43582010
0.00001100	1.36142981	1.37562358	1.38197398	1.39278352	1.38706088	1.39053488	1.40986359	1.43442321
0.00001180	1.36706483	1.37149394	1.33849084	1.35158634	1.39611268	1.39010513	1.33497894	1.43143535
0.00001260	1.39580369	1.41187251	1.36458075	1.38591731	1.34712625	1.36045527	1.37534881	1.43547094
0.00001420	1.36255682	1.35979331	1.37643981	1.34868133	1.35324955	1.35551369	1.37072635	1.42789459
0.00001580	1.36960065	1.31161439	1.34007204	1.33415663	1.33141863	1.36475241	1.34129643	1.41976523
0.00001740	1.33269095	1.35061634	1.29737949	1.34181511	1.34419775	1.34326696	1.33343816	1.42212260
0.00001900	1.33522677	1.32698572	1.31872582	1.28767776	1.33913934	1.30652690	1.30554903	1.42253006
0.00002060	1.32846475	1.31849706	1.30528557	1.29771292	1.29574382	1.30588233	1.30431640	1.40920103
0.00002220	1.28028500	1.27192414	1.29145002	1.25572348	1.32556152	1.30115557	1.26887715	1.41410971
0.00002380	1.24450231	1.29165459	1.28117216	1.27685022	1.27497780	1.29062772	1.27673542	1.40644598
0.00002540	1.25098264	1.23957539	1.23215473	1.22614598	1.27284789	1.28761983	1.24977088	1.40296340
0.00002860	1.23948944	1.23853207	1.22633302	1.22264826	1.24225783	1.25817513	1.23444927	1.38734770
0.00003180	1.20533252	1.23212659	1.22336757	1.24043655	1.20889175	1.23744190	1.21802676	1.38882375
0.00003500	1.20250869	1.21439731	1.19944584	1.20841753	1.19667208	1.19339716	1.22071266	1.37721395
0.00003820	1.20180273	1.18099773	1.20003891	1.20472813	1.18364453	1.19629765	1.19393015	1.36655617
0.00004140	1.19177830	1.17539299	1.16741848	1.18916976	1.17500389	1.16159904	1.17205918	1.36109114
0.00004460	1.15238655	1.14084947	1.14072895	1.13541007	1.16330564	1.14408863	1.14136291	1.35056436
0.00004780	1.14193857	1.13535917	1.12946010	1.13883591	1.14535952	1.14365888	1.14757884	1.34228098
0.00005100	1.13856006	1.14210773	1.13934505	1.14555597	1.12395716	1.14677429	1.13422596	1.33217883
0.00005740	1.13179374	1.12236702	1.12573338	1.11057210	1.11751771	1.10699177	1.12275648	1.31814957
0.00006380	1.08523905	1.09336567	1.09864545	1.11855280	1.09055281	1.11022484	1.09355450	1.30532396
0.00007020	1.10458982	1.08810472	1.07501757	1.09896386	1.07594121	1.08421314	1.08373106	1.28879070
0.00007660	1.07093561	1.07283652	1.08292651	1.06335640	1.07268691	1.07749522	1.05928743	1.27575195
0.00008300	1.06642020	1.06465912	1.04852271	1.06170750	1.05515301	1.06228602	1.06872034	1.26111746
0.00008940	1.05668378	1.06231463	1.05227947	1.05404758	1.05920434	1.05852401	1.05984938	1.24868155
0.00009580	1.04587984	1.06014156	1.04061389	1.04494560	1.04253399	1.05836272	1.05532134	1.23646641
0.00010220	1.04072952	1.06443048	1.04189909	1.03729463	1.04133844	1.04567933	1.04745495	1.22568953
0.00011500	1.03484535	1.04341125	1.03875709	1.04252422	1.03538930	1.03144872	1.03153980	1.20648932
0.00012780	1.04045391	1.02774966	1.02309620	1.02217925	1.03053868	1.03659928	1.02103460	1.18810380
0.00014060	1.02094722	1.03286541	1.02209759	1.03649914	1.02705014	1.01953852	1.01410162	1.17234957
0.00015340	1.01430678	1.01556230	1.02809668	1.01649296	1.01814616	1.01889372	1.02426112	1.15841031
0.00016620	1.01836324	1.01176107	1.00793982	1.01565170	1.02489054	1.01515913	1.01894784	1.14585614
0.00017900	1.01402450	1.01688492	1.01406586	1.01633525	1.01771426	1.00978565	1.01191878	1.13418019
0.00019180	1.01011801	1.01408410	1.00714934	1.01899624	1.01656735	1.00361764	1.00905728	1.12339258
0.00020460	1.00196958	1.00900471	0.99915630	1.01207507	1.01424170	1.01388085	1.00613809	1.11478150
0.00023020	1.01155400	1.00788426	1.00243759	1.00642180	1.02145290	1.00981855	1.01220310	1.10162365
0.00025580	1.01229453	1.00255120	1.00234926	1.01678061	1.01439464	0.99640518	1.00301540	1.08928800
0.00028140	1.00196171	1.00099325	0.99606401	1.00286150	1.00710356	0.99597549	1.00316918	1.07809150
0.00030700	1.00483584	1.00385988	1.00062108	1.00951254	1.01014435	0.99706489	1.00103259	1.06840718
0.00033260	0.99504966	0.99940675	1.00400722	0.99869150	0.99945533	0.99484944	1.00416243	1.06032109
0.00035820	0.99994272	1.00372326	1.00694501	1.00314975	1.00265253	1.00007260	0.99617934	1.05362809
0.00038380	1.00333703	1.00111556	0.99840307	1.00162590	1.00599980	0.99937439	1.00819588	1.04658055
0.00040940	1.00421870	0.99932098	1.00215566	1.00062895	1.00799406	0.99566269	1.00558829	1.04205310
0.00046060	1.00112224	0.99679625	1.00571513	1.00689113	1.00516891	0.99814612	0.99897575	1.03614521
0.00051180	1.00121045	1.00357127	1.00699794	0.99804223	1.00256038	1.00157118	0.99882668	1.02854049
0.00056300	0.99949944	1.00419319	1.00371516	1.00072253	1.00332510	0.99956501	1.00640094	1.02393544
0.00061420	0.99496621	0.99560905	1.00165153	1.00177813	0.99694473	0.99760306	1.00030589	1.01779079
0.00066540	0.99919093	0.99851876	0.99448544	1.00212348	1.00120664	0.99433422	0.99808210	1.01425040
0.00071660	0.99960548	0.99883401	0.99522549	1.00002933	1.00173020	1.00399268	0.99803865	1.01047635
0.00076780	0.99605101	0.99777192	1.00482142	0.99780262	1.00690615	1.00601423	1.00090790	1.00696337
0.00081900	0.99599814	1.00305498	1.00485837	0.99685401	0.99812514	0.99690825	1.00198340	1.00550485
0.00092140	0.99654108	0.99963462	1.00420547	1.00089622	1.00518262	1.00604224	0.99994266	1.00256300
0.00102380	1.00443482	1.00404143	1.00036073	0.99748141	1.00117528	1.00121653	1.00433171	1.00185978
0.00112620	1.00341678	0.99300891	0.99981380	1.00144386	1.00083458	0.99945796	1.00388563	1.00247180
0.00122860	1.00562489	1.00096822	1.00089860	1.00073898	1.00583518	1.00038397	1.00592232	1.00079894
0.00133100	1.00025630	1.00133216	1.00136304	1.00179923	0.99677610	1.00283182	1.00058997	1.00024450
0.00143340	1.00583208	1.00024962	0.99760556	1.00138617	0.99618590	0.99694014	1.00215673	0.99943858
0.00153580	1.00428939	1.00363100	0.99338758	1.00222743	0.99880850	1.00035655	1.00438368	0.99865967
0.00163820	0.99950278	0.99916697	1.00088596	0.99931139	0.99808568	1.00281930	0.99928910	0.99928695
0.00184300	0.99657446	1.00325763	0.99997216	1.00124812	1.00261104	0.99760073	0.99985081	1.00343990
0.00204780	0.99962610	1.00007570	1.00600171	0.99784964	1.00095952	0.99918455	0.99862653	1.00240183
0.00225260	0.99713701	1.00158894	0.99480104	1.00436795	0.99916095	1.00112796	1.00140226	1.00193143
0.00245740	1.00422275	1.00183260	1.00407934	0.99607235	0.99804646	1.00044060	1.00093400	1.00095165
0.00266220	1.00106585	1.00334644	1.00006080	0.99887693	1.00019908	1.00141788	1.00020051	0.99934298
0.00286700	1.00367165	1.00420916	0.99956381	0.99935812	1.00528407	0.99974996	0.99992096	0.99649674
0.00307180	1.00278974	0.99618375	1.00613308	0.99625397	1.00285256	1.00176811	0.99793977	0.99632823
0.00327660	1.00085390	1.00240874	1.00311971	1.00019479	1.00488484	1.00219548	1.00248647	0.99880987
0.00368620	1.00376368	1.00009513	1.00235248	1.00069439	1.00164163	1.00159252	1.00111437	1.00125468
0.00409580	1.00172305	0.99989718	0.99942714	0.99689806	1.00059855	1.00004768	0.99965495	1.00168538
0.00450540	0.99923670	1.00239754	1.00245571	1.00146294	1.00495160	1.00255525	1.00212622	1.00202203
0.00491500	1.00189471	1.00127161	0.99969286	1.00024295	1.00149488	1.00049794	1.00063372	0.99933779
0.00532460	1.00076711	0.99914151	0.99911594	0.99887455	1.00025415	1.00062990	1.00321007	1.00049329
0.00573420	1.00039577	0.99925596	1.00211406	1.00309384	1.00131631	1.00260460	0.99969828	0.99867851
0.00614380	1.00239158	1.00239396	1.00031424	1.00203526	1.00122941	1.00051522	1.00045824	0.99535722
0.00655340	0.99875820	1.00107479	1.00028265	1.00069857	1.00200510	1.00402975	1.00177836	0.99512362
0.00737260	0.99801230	1.00108206	1.00081539	1.00108683	1.00009739	0.99975055	1.00057220	1.00238514
0.00819180	0.99914509	1.00316930	0.99884433	1.00056732	0.99980724	1.00056899	1.00126219	1.00167906
0.00901100	0.99782157	0.99929631	1.00371993	1.00136495	1.00137413	1.00107527	1.00080550	1.00087643
0.00983020	1.00151932	0.99839836	0.99986160	1.00169528	1.00187433	0.99715817	1.00181746	0.99855590
0.01064940	1.00125778	1.00037563	1.00406039	0.99797660	1.00175822	0.99925393	1.00253010	0.99951768
0.01146860	0.99933767	1.00170219	1.00162041	1.00092053	1.00355077	1.00106335	0.99981922	0.99754560
0.01228780	0.99957967	1.00001407	1.00118244	1.00019479	1.00073302	1.00000656	1.00077581	0.99911249
0.01310700	1.00002003	1.00090778	1.00212324	0.99648261	1.00081122	0.99818027	0.99944615	1.00028312
0.01474540	1.00095475	1.00101423	0.99996942	1.00120354	1.00111103	1.00109470	1.00254655	0.99788713
0.01638380	1.00087011	1.00197506	1.00126803	1.00149477	1.00005281	1.00093198	1.00085270	1.00068974
0.01802220	1.00011730	1.00187504	1.00120950	1.00076532	1.00080943	1.00017083	0.99981272	1.00181198
0.01966060	1.00197637	1.00090885	1.00149453	1.00100029	1.00182927	1.00121725	1.00103199	1.00117874
0.02129900	1.00042450	1.00033605	1.00061357	1.00031507	1.00160944	0.99940705	0.99975401	1.00420964
0.02293740	1.00009596	1.00105035	1.00188518	1.00245655	1.00152922	1.00092256	1.00018024	1.00149047
0.02457580	1.00092208	1.00250494	1.00160074	0.99834371	1.00129247	0.99903041	1.00126898	0.99930638
0.02621420	1.00021791	1.00054312	1.00173509	0.99921817	1.00167465	0.99950165	1.00037599	0.99844426
0.02949100	1.00020242	1.00105035	0.99957341	0.99996525	1.00084066	0.99907053	1.00118697	1.00071204
0.03276780	0.99946821	1.00058722	1.00000703	0.99955261	1.00111711	0.99910069	1.00163305	0.99797869
0.03604460	1.00032425	1.00005496	1.00182378	1.00052083	1.00135744	1.00043178	1.00144947	1.00133288
0.03932140	1.00059950	0.99981081	0.99958587	1.00067949	1.00150263	1.00036764	1.00075841	0.99890089
0.04259820	0.99973637	1.00140142	1.00169277	1.00014842	1.00206673	0.99961233	1.00016642	1.00046432
0.04587500	1.00010526	1.00055730	1.00109172	1.00079954	1.00239408	1.00006008	1.00114655	1.00203145
0.04915180	1.00050378	1.00092912	1.00151193	1.00050628	1.00107241	0.99925941	1.00076592	1.00103521
0.05242860	0.99997777	0.99977368	0.99909437	1.00068724	1.00096810	1.00055039	1.00122988	1.00015426
0.05898220	1.00018620	0.99998367	1.00038552	0.99997449	1.00032353	0.99944419	1.00061679	0.99977046
0.06553581	0.99983996	1.00088823	1.00101793	0.99985957	1.00022900	1.00091243	1.00043929	1.00050330
0.07208940	1.00056767	1.00085533	1.00009155	1.00002122	1.00166047	1.00028718	1.00134373	1.00067759
0.07864300	1.00015688	1.00113094	1.00022471	1.00018036	1.00028872	0.99986196	0.99969047	1.00025797
0.08519660	1.00017381	1.00060296	1.00081432	1.00005889	1.00067425	1.00147176	1.00032067	0.99986428
0.09175020	0.99955541	1.00068247	1.00180626	1.00122142	1.00031078	1.00058877	1.00109732	1.00078917
0.09830380	1.00064027	1.00078249	1.00063336	1.00003994	1.00077605	1.00040531	1.00115621	1.00048256
0.10485740	0.99979943	1.00155151	1.00088453	1.00018692	1.00051773	1.00030434	1.00103164	0.99926233
0.11796460	0.99973619	1.00066793	1.00068450	1.00054836	1.00091946	0.99955899	1.00108063	1.00025403
0.13107181	0.99981880	1.00055313	1.00049973	1.00075054	1.00070918	1.00027835	1.00006485	0.99978864
0.14417900	0.99998486	1.00128078	1.00045264	1.00071490	1.00150561	0.99976152	0.99996442	0.99948329
0.15728620	1.00007904	1.00055230	1.00104010	1.00066471	1.00036824	1.00024307	1.00077474	1.00023425
0.17039341	1.00035179	1.00097239	1.00040913	0.99967784	1.00070393	1.00040209	1.00118887	0.99939185
0.18350060	1.00052357	1.00061321	1.00143957	1.00007641	1.00067210	0.99997896	0.99994481	0.99968940
0.19660780	0.99993235	1.00084960	1.00082779	1.00052559	1.00010383	0.99971676	1.00074708	0.99966145
0.20971501	1.00011349	1.00044870	1.00111222	1.00058055	1.00096154	0.99991375	1.00091982	0.99936587
0.23592941	1.00003076	1.00036788	1.00061715	1.00009346	1.00021601	1.00045764	1.00025082	0.99981683
0.26214382	1.00010991	1.00014758	1.00066531	1.00032675	1.00050712	1.00033140	1.00065804	0.99961251
0.28835821	1.00017762	0.99980146	1.00021124	1.00011873	1.00030756	1.00002050	1.00064600	1.00034678
0.31457260	0.99980998	1.00013053	1.00010788	0.99990034	1.00019336	0.99994308	1.00036430	1.00055790
0.34078699	0.99951321	1.00052547	1.00021231	1.00036764	1.00007427	1.00002587	1.00000393	1.00013471
0.36700141	0.99985766	0.99978852	1.00022590	1.00032878	0.99995351	0.99993002	1.00017440	1.00025892
0.39321581	0.99970055	0.99979323	1.00012445	1.00022829	0.99989188	1.00029886	1.00024903	0.99976879
0.41943020	0.99963719	0.99970931	1.00027609	1.00010955	1.00024438	0.99975121	1.00046921	1.00003576
0.47185901	1.00006342	0.99995041	1.00016940	1.00031745	0.99977350	1.00002038	1.00017524	1.00030398
0.52428782	1.00005412	0.99985725	1.00036430	1.00006807	0.99944180	1.00019777	1.00018394	0.99948823
0.57671660	0.99966913	0.99978608	0.99968058	0.99994951	0.99964774	1.00003040	1.00048125	1.00007987
0.62914538	0.99966431	1.00001085	1.00026822	1.00015843	0.99974471	0.99997586	1.00028086	0.99995434
0.68157423	0.99971914	0.99983132	1.00024796	0.99979353	0.99961573	1.00027072	1.00021553	0.99968308
0.73400301	0.99996626	1.00016296	1.00021851	1.00007951	0.99958509	1.00023055	0.99991965	0.99975204
0.78643179	1.00017738	1.00014377	0.99994415	0.99988079	0.99973243	1.00040758	0.99999869	0.99994141
0.83886063	0.99976242	0.99984992	1.00009561	1.00027192	0.99981511	1.00001311	1.00009370	0.99994576
0.94371825	1.00011337	1.00028610	1.00000775	0.99992305	0.99985552	1.00001574	0.99988216	0.99997878
1.04857588	0.99987745	1.00017190	0.99945277	0.99996942	1.00012255	1.00002420	1.00013649	1.00014997
1.15343344	1.00007081	1.00022507	0.99953228	1.00000763	1.00016499	0.99999702	1.00013912	0.99985003
1.25829101	0.99990821	1.00040925	0.99963623	0.99956018	1.00054479	1.00008512	0.99977589	0.99964464
1.36314869	1.00002182	1.00027621	0.99959451	0.99979782	1.00027311	0.99999195	0.99974728	0.99981678
1.46800625	1.00011635	1.00028145	0.99963015	0.99961340	1.00031328	1.00003850	0.99975312	0.99994236
1.57286382	0.99972850	1.00015295	0.99976003	1.00001228	0.99970931	1.00015402	0.99992186	1.00022686
1.67772150	0.99991930	1.00018442	0.99953973	0.99993891	0.99972624	1.00002694	0.99980509	1.00006652
1.88743675	1.00011563	0.99976712	0.99951011	0.99985033	0.99960947	0.99990076	0.99978381	1.00033140
2.09715199	0.99969375	0.99981081	0.99966788	0.99989796	0.99995923	0.99991268	0.99986196	1.00005710
2.30686712	0.99998099	1.00012887	0.99983996	0.99994773	1.00011408	1.00003064	0.99976867	1.00006211
2.51658225	1.00001538	1.00027215	1.00019419	1.00043929	1.00030446	1.00019300	0.99976009	0.99992764
2.72629738	1.00051308	1.00002408	1.00034785	1.00042045	0.99991220	1.00000215	1.00028765	1.00017416
2.93601274	1.00019813	0.99970049	1.00053883	1.00043273	0.99968851	1.00006342	1.00016701	0.99992836
3.14572787	0.99983847	1.00000417	1.00013053	1.00014496	0.99960923	0.99991405	0.99997109	0.99958932
3.35544300	0.99973446	1.00005567	1.00005269	1.00011528	0.99994379	1.00020814	1.00006235	1.00034583
3.77487350	1.00008297	1.00054157	0.99989051	1.00006735	0.99981362	1.00008035	1.00013041	1.00000083
4.19430399	1.00002825	1.00025952	1.00038826	0.99999326	1.00000286	0.99998873	0.99954319	0.99998206
4.61373425	0.99996114	0.99955463	0.99962032	1.00000763	1.00037694	1.00000060	0.99963653	1.00004971
5.03316450	1.00000000	1.00000000	1.00000000	1.00000000	1.00000000	1.00000000	1.00000000	1.00000000
5.45259476	0.00000000	0.00000000	0.00000000	0.00000000	0.00000000	0.00000000	0.00000000	0.00000000
5.87202549	0.00000000	0.00000000	0.00000000	0.00000000	0.00000000	0.00000000	0.00000000	0.00000000
6.29145575	0.00000000	0.00000000	0.00000000	0.00000000	0.00000000	0.00000000	0.00000000	0.00000000
6.71088600	0.00000000	0.00000000	0.00000000	0.00000000	0.00000000	0.00000000	0.00000000	0.00000000
7.54974699	0.00000000	0.00000000	0.00000000	0.00000000	0.00000000	0.00000000	0.00000000	0.00000000
8.38860798	0.00000000	0.00000000	0.00000000	0.00000000	0.00000000	0.00000000	0.00000000	0.00000000
9.22746849	0.00000000	0.00000000	0.00000000	0.00000000	0.00000000	0.00000000	0.00000000	0.00000000
10.06632900	0.00000000	0.00000000	0.00000000	0.00000000	0.00000000	0.00000000	0.00000000	0.00000000
10.90518951	0.00000000	0.00000000	0.00000000	0.00000000	0.00000000	0.00000000	0.00000000	0.00000000
11.74405098	0.00000000	0.00000000	0.00000000	0.00000000	0.00000000	0.00000000	0.00000000	0.00000000
12.58291149	0.00000000	0.00000000	0.00000000	0.00000000	0.00000000	0.00000000	0.00000000	0.00000000
13.42177200	0.00000000	0.00000000	0.00000000	0.00000000	0.00000000	0.00000000	0.00000000	0.00000000
15.09949398	0.00000000	0.00000000	0.00000000	0.00000000	0.00000000	0.00000000	0.00000000	0.00000000
16.77721596	0.00000000	0.00000000	0.00000000	0.00000000	0.00000000	0.00000000	0.00000000	0.00000000
18.45493698	0.00000000	0.00000000	0.00000000	0.00000000	0.00000000	0.00000000	0.00000000	0.00000000
20.13265800	0.00000000	0.00000000	0.00000000	0.00000000	0.00000000	0.00000000	0.00000000	0.00000000
21.81037903	0.00000000	0.00000000	0.00000000	0.00000000	0.00000000	0.00000000	0.00000000	0.00000000
23.48810196	0.00000000	0.00000000	0.00000000	0.00000000	0.00000000	0.00000000	0.00000000	0.00000000
25.16582298	0.00000000	0.00000000	0.00000000	0.00000000	0.00000000	0.00000000	0.00000000	0.00000000
26.84354401	0.00000000	0.00000000	0.00000000	0.00000000	0.00000000	0.00000000	0.00000000	0.00000000
30.19898796	0.00000000	0.00000000	0.00000000	0.00000000	0.00000000	0.00000000	0.00000000	0.00000000
33.55443192	0.00000000	0.00000000	0.00000000	0.00000000	0.00000000	0.00000000	0.00000000	0.00000000
36.90987396	0.00000000	0.00000000	0.00000000	0.00000000	0.00000000	0.00000000	0.00000000	0.00000000
40.26531601	0.00000000	0.00000000	0.00000000	0.00000000	0.00000000	0.00000000	0.00000000	0.00000000
43.62075806	0.00000000	0.00000000	0.00000000	0.00000000	0.00000000	0.00000000	0.00000000	0.00000000
46.97620392	0.00000000	0.00000000	0.00000000	0.00000000	0.00000000	0.00000000	0.00000000	0.00000000
50.33164597	0.00000000	0.00000000	0.00000000	0.00000000	0.00000000	0.00000000	0.00000000	0.00000000
53.68708801	0.00000000	0.00000000	0.00000000	0.00000000	0.00000000	0.00000000	0.00000000	0.00000000
60.39797592	0.00000000	0.00000000	0.00000000	0.00000000	0.00000000	0.00000000	0.00000000	0.00000000
67.10886383	0.00000000	0.00000000	0.00000000	0.00000000	0.00000000	0.00000000	0.00000000	0.00000000
73.81974792	0.00000000	0.00000000	0.00000000	0.00000000	0.00000000	0.00000000	0.00000000	0.00000000
80.53063202	0.00000000	0.00000000	0.00000000	0.00000000	0.00000000	0.00000000	0.00000000	0.00000000
87.24151611	0.00000000	0.00000000	0.00000000	0.00000000	0.00000000	0.00000000	0.00000000	0.00000000
93.95240784	0.00000000	0.00000000	0.00000000	0.00000000	0.00000000	0.00000000	0.00000000	0.00000000
100.66329193	0.00000000	0.00000000	0.00000000	0.00000000	0.00000000	0.00000000	0.00000000	0.00000000
107.37417603	0.00000000	0.00000000	0.00000000	0.00000000	0.00000000	0.00000000	0.00000000	0.00000000
120.79595184	0.00000000	0.00000000	0.00000000	0.00000000	0.00000000	0.00000000	0.00000000	0.00000000
134.21772766	0.00000000	0.00000000	0.00000000	0.00000000	0.00000000	0.00000000	0.00000000	0.00000000
147.63949585	0.00000000	0.00000000	0.00000000	0.00000000	0.00000000	0.00000000	0.00000000	0.00000000
161.06126404	0.00000000	0.00000000	0.00000000	0.00000000	0.00000000	0.00000000	0.00000000	0.00000000
174.48303223	0.00000000	0.00000000	0.00000000	0.00000000	0.00000000	0.00000000	0.00000000	0.00000000
187.90481567	0.00000000	0.00000000	0.00000000	0.00000000	0.00000000	0.00000000	0.00000000	0.00000000
201.32658386	0.00000000	0.00000000	0.00000000	0.00000000	0.00000000	0.00000000	0.00000000	0.00000000
214.74835205	0.00000000	0.00000000	0.00000000	0.00000000	0.00000000	0.00000000	0.00000000	0.00000000
241.59190369	0.00000000	0.00000000	0.00000000	0.00000000	0.00000000	0.00000000	0.00000000	0.00000000
268.43545532	0.00000000	0.00000000	0.00000000	0.00000000	0.00000000	0.00000000	0.00000000	0.00000000
295.27899170	0.00000000	0.00000000	0.00000000	0.00000000	0.00000000	0.00000000	0.00000000	0.00000000
322.12252808	0.00000000	0.00000000	0.00000000	0.00000000	0.00000000	0.00000000	0.00000000	0.00000000
348.96606445	0.00000000	0.00000000	0.00000000	0.00000000	0.00000000	0.00000000	0.00000000	0.00000000
375.80963135	0.00000000	0.00000000	0.00000000	0.00000000	0.00000000	0.00000000	0.00000000	0.00000000
402.65316772	0.00000000	0.00000000	0.00000000	0.00000000	0.00000000	0.00000000	0.00000000	0.00000000
429.49670410	0.00000000	0.00000000	0.00000000	0.00000000	0.00000000	0.00000000	0.00000000	0.00000000
483.18380737	0.00000000	0.00000000	0.00000000	0.00000000	0.00000000	0.00000000	0.00000000	0.00000000
536.87091064	0.00000000	0.00000000	0.00000000	0.00000000	0.00000000	0.00000000	0.00000000	0.00000000
590.55798340	0.00000000	0.00000000	0.00000000	0.00000000	0.00000000	0.00000000	0.00000000	0.00000000
644.24505615	0.00000000	0.00000000	0.00000000	0.00000000	0.00000000	0.00000000	0.00000000	0.00000000
697.93212891	0.00000000	0.00000000	0.00000000	0.00000000	0.00000000	0.00000000	0.00000000	0.00000000
751.61926270	0.00000000	0.00000000	0.00000000	0.00000000	0.00000000	0.00000000	0.00000000	0.00000000
805.30633545	0.00000000	0.00000000	0.00000000	0.00000000	0.00000000	0.00000000	0.00000000	0.00000000
858.99340820	0.00000000	0.00000000	0.00000000	0.00000000	0.00000000	0.00000000	0.00000000	0.00000000
966.36761475	0.00000000	0.00000000	0.00000000	0.00000000	0.00000000	0.00000000	0.00000000	0.00000000
1073.74182129	0.00000000	0.00000000	0.00000000	0.00000000	0.00000000	0.00000000	0.00000000	0.00000000
1181.11596680	0.00000000	0.00000000	0.00000000	0.00000000	0.00000000	0.00000000	0.00000000	0.00000000
1288.49011230	0.00000000	0.00000000	0.00000000	0.00000000	0.00000000	0.00000000	0.00000000	0.00000000
1395.86425781	0.00000000	0.00000000	0.00000000	0.00000000	0.00000000	0.00000000	0.00000000	0.00000000
1503.23852539	0.00000000	0.00000000	0.00000000	0.00000000	0.00000000	0.00000000	0.00000000	0.00000000
1610.61267090	0.00000000	0.00000000	0.00000000	0.00000000	0.00000000	0.00000000	0.00000000	0.00000000
1717.98681641	0.00000000	0.00000000	0.00000000	0.00000000	0.00000000	0.00000000	0.00000000	0.00000000
1932.73522949	0.00000000	0.00000000	0.00000000	0.00000000	0.00000000	0.00000000	0.00000000	0.00000000
2147.48364258	0.00000000	0.00000000	0.00000000	0.00000000	0.00000000	0.00000000	0.00000000	0.00000000
2362.23193359	0.00000000	0.00000000	0.00000000	0.00000000	0.00000000	0.00000000	0.00000000	0.00000000
2576.98022461	0.00000000	0.00000000	0.00000000	0.00000000	0.00000000	0.00000000	0.00000000	0.00000000
2791.72851562	0.00000000	0.00000000	0.00000000	0.00000000	0.00000000	0.00000000	0.00000000	0.00000000
3006.47705078	0.00000000	0.00000000	0.00000000	0.00000000	0.00000000	0.00000000	0.00000000	0.00000000
3221.22534180	0.00000000	0.00000000	0.00000000	0.00000000	0.00000000	0.00000000	0.00000000	0.00000000
3435.97363281	0.00000000	0.00000000	0.00000000	0.00000000	0.00000000	0.00000000	0.00000000	0.00000000
0	0	0	0	0	0	0	0	0
