%7/1/2015 1:55:11 PM
%Duration	ID1		ID2		ID3		ID4		ID5		ID6		ID7		ID8
3000.000000	48.770905	37.984848	22.830963	43.182373	40.531158	35.333633	46.672821	169.343948
%Tau		Tau1		Tau2		Tau3		Tau4		Tau5		Tau6		Tau7		Tau8
%		0.000035	0.000029	0.000024	0.000029	0.000032	0.000035	0.000032	0.000102
%Delaytime	D1		D2		D3		D4		D5		D6		D7		D8
0.00000000	1.78309798	3.01006889	4.32336617	2.78096199	2.63916588	1.91265619	2.26327682	1.75602627
0.00000020	1.53745246	1.71238589	1.65808976	1.61395109	1.59445214	1.55296266	1.44068635	1.47937703
0.00000040	1.52011275	1.61119044	1.52790916	1.43632102	1.54390144	1.43021011	1.47297490	1.47447371
0.00000060	1.52589262	1.45443666	1.55531561	1.54328108	1.41120601	1.45590246	1.54062724	1.45357013
0.00000080	1.45364392	1.57150590	1.47309625	1.56238103	1.55232656	1.50443256	1.46221209	1.46015084
0.00000100	1.46375871	1.48816848	1.37717378	1.43823099	1.50177586	1.41879129	1.55907786	1.47176397
0.00000120	1.41896451	1.54571104	1.41828334	1.41722095	1.47228801	1.40737247	1.50372601	1.47111881
0.00000140	1.52011275	1.49412119	1.37717378	1.51272106	1.45543778	1.46732140	1.40839779	1.43369889
0.00000160	1.39006507	1.45840514	1.45254147	1.48789096	1.44701266	1.43591952	1.44529903	1.47331238
0.00000180	1.38284016	1.42467332	1.39087701	1.47261095	1.51862609	1.35884237	1.40532267	1.44776356
0.00000200	1.42329943	1.45443666	1.55531561	1.52418101	1.46807551	1.43306482	1.46374965	1.44647324
0.00000220	1.46375871	1.50801075	1.43198657	1.48789096	1.41752481	1.45590246	1.47758758	1.45886052
0.00000240	1.59525144	1.51197922	1.37717378	1.45351100	1.46386290	1.46446669	1.45913696	1.46234453
0.00000260	1.38573015	1.42864180	1.39772856	1.40958095	1.56707048	1.42735541	1.46067452	1.47047365
0.00000280	1.41462970	1.37506771	1.38402534	1.51272106	1.47439432	1.39880824	1.44991171	1.44569910
0.00000300	1.50855291	1.35324121	1.50735438	1.43823099	1.33116746	1.33314991	1.42992353	1.45640886
0.00000340	1.43269181	1.39689410	1.44568980	1.43918598	1.42594993	1.38025272	1.44914293	1.44531190
0.00000380	1.43630421	1.43062592	1.44568980	1.41626596	1.41752481	1.41450918	1.38687205	1.43440855
0.00000420	1.46231377	1.46534991	1.30865765	1.42963600	1.48281944	1.45162046	1.44222391	1.44176352
0.00000460	1.45942378	1.40086257	1.42856085	1.44205093	1.36592102	1.41450918	1.42377329	1.44608617
0.00000500	1.42329943	1.35919392	1.44568980	1.41722095	1.37855864	1.52727032	1.42915475	1.43924737
0.00000540	1.50710797	1.38697302	1.48679948	1.43536603	1.39540887	1.39595354	1.39379096	1.43124723
0.00000580	1.34527087	1.39590204	1.32921243	1.41722095	1.48071313	1.50015056	1.43376732	1.41434371
0.00000620	1.33371115	1.46038938	1.36347055	1.44682598	1.43753445	1.36740649	1.36457753	1.42286003
0.00000700	1.43413675	1.38945329	1.36175764	1.42724848	1.40962625	1.40665877	1.40301633	1.41747284
0.00000780	1.42510569	1.36316228	1.42342210	1.47165596	1.39382923	1.41094077	1.38149059	1.40840816
0.00000860	1.40704358	1.36365843	1.28125119	1.38713849	1.34591138	1.39952195	1.37803113	1.41031146
0.00000940	1.37019670	1.31802118	1.34120274	1.35896587	1.38171804	1.37597060	1.40147877	1.40740812
0.00001020	1.35755312	1.39590204	1.33092535	1.36135340	1.33116746	1.36597908	1.35535216	1.39273047
0.00001100	1.40234733	1.36762679	1.31037056	1.34941590	1.31115782	1.31316698	1.33805478	1.39311767
0.00001180	1.31239772	1.37258744	1.37546086	1.34893847	1.33380032	1.32958162	1.36534631	1.39640796
0.00001260	1.32973742	1.34381616	1.25727057	1.34655094	1.34117222	1.33100891	1.35804296	1.38669813
0.00001420	1.33985221	1.34753656	1.34120274	1.34320843	1.33406353	1.31459427	1.30961001	1.38066578
0.00001580	1.33425295	1.29173028	1.30180597	1.31933343	1.32116258	1.32886791	1.31133974	1.37282705
0.00001740	1.30499220	1.26742351	1.24699318	1.31551337	1.29246461	1.28426301	1.29269695	1.36702049
0.00001900	1.31167519	1.25303781	1.33863342	1.30214334	1.26771581	1.23359191	1.28424048	1.35632670
0.00002060	1.27717650	1.27461636	1.25041890	1.28423715	1.26218688	1.28854513	1.29442668	1.35297191
0.00002220	1.25297320	1.26395106	1.24014151	1.27206087	1.22848642	1.25535905	1.23753726	1.34179425
0.00002380	1.26254606	1.25328588	1.29324150	1.22669828	1.26929557	1.24429703	1.25675666	1.33634257
0.00002540	1.25297320	1.26246297	1.18532860	1.22932458	1.25191867	1.21753418	1.24195778	1.33742321
0.00002860	1.21158111	1.23115301	1.19255185	1.24632335	1.22949135	1.22449195	1.21777499	1.32309473
0.00003180	1.21942139	1.23374832	1.15178454	1.18776810	1.21449053	1.21273160	1.18974042	1.32436228
0.00003500	1.22158194	1.19963884	1.17495751	1.16217983	1.18700802	1.19099295	1.17716336	1.30972493
0.00003820	1.17225051	1.18147194	1.16294193	1.15265870	1.17438447	1.17157078	1.17543519	1.29971600
0.00004140	1.17108023	1.13735211	1.16980791	1.14611292	1.14480770	1.17602539	1.15162492	1.28825855
0.00004460	1.13597214	1.16145110	1.12088716	1.12385714	1.13205254	1.14270473	1.13741565	1.28613865
0.00004780	1.13975298	1.11856723	1.12174547	1.13314939	1.11548400	1.13379538	1.12608659	1.27750516
0.00005100	1.10527503	1.09731054	1.09857237	1.11851048	1.08786976	1.11437321	1.11130130	1.26803827
0.00005740	1.10328329	1.09364510	1.10376775	1.08890116	1.08014703	1.10397720	1.08357036	1.25041413
0.00006380	1.08370149	1.07244229	1.08360171	1.07704425	1.07876539	1.07235610	1.07598829	1.23753583
0.00007020	1.06669319	1.03838181	1.08639061	1.06513667	1.04442060	1.04643571	1.05031466	1.22232759
0.00007660	1.04949713	1.05191946	1.03340125	1.06287420	1.05152643	1.05427420	1.03240764	1.21259964
0.00008300	1.03455186	1.04518151	1.03919351	1.03935659	1.05007899	1.02630508	1.03207171	1.20593321
0.00008940	1.02694428	1.05402112	1.03726280	1.04126179	1.03283215	1.02257407	1.03747940	1.19881451
0.00009580	1.04540074	1.03201473	1.05013466	1.02756810	1.02276564	1.02925467	1.03488803	1.18378007
0.00010220	1.02734935	1.03442562	1.00186503	1.03286695	1.02026546	1.02782953	1.01732481	1.17581677
0.00011500	1.01798570	1.02109432	1.00625968	1.01594472	1.01032448	1.02274966	1.01300192	1.16029644
0.00012780	1.00864613	1.01518929	1.00936806	1.00966334	1.01522434	1.01927245	1.01110637	1.15086198
0.00014060	1.00745344	1.01661146	1.01388538	1.00058365	1.00979841	1.01320958	1.01372910	1.14184880
0.00015340	1.00527751	1.01237595	0.99909347	1.00216150	0.99892193	1.01196134	0.99547392	1.13179350
0.00016620	1.01331174	1.02449501	1.00070131	1.00203431	0.99842018	1.01624107	1.00248790	1.12534356
0.00017900	1.00578809	1.01707518	1.01581466	1.00849426	0.99710476	1.01338792	0.99927241	1.11770272
0.00019180	1.00781345	1.00946987	0.99137598	1.00385022	0.99401361	1.00950944	1.00721502	1.11161017
0.00020460	0.99705613	1.01022017	1.01238465	0.99781513	1.00282681	1.00732505	1.00011230	1.10625780
0.00023020	0.99369639	1.00224626	1.01103234	0.99601382	1.00324738	1.00794494	1.00701773	1.09581709
0.00025580	0.99579924	1.00257075	1.00073922	1.00012112	0.99995875	1.00747430	1.00060129	1.08396029
0.00028140	1.00199151	0.99624157	0.99773705	1.00649047	0.99703187	0.99708205	1.00093257	1.07705140
0.00030700	0.99669099	1.00063074	1.00224030	0.99279940	0.99239492	0.99768406	1.00024843	1.07107639
0.00033260	1.00092232	1.00095522	0.99730819	0.98912364	0.99422812	1.00247514	0.99620849	1.06569254
0.00035820	1.00033569	1.00695169	0.99907732	0.99735320	0.99916905	0.99866247	0.99557239	1.05831110
0.00038380	0.99548095	1.00298798	0.99828845	0.99797821	1.00399470	1.00488305	1.00021243	1.05527532
0.00040940	0.99156451	1.00107169	1.02139473	0.99579060	1.00194740	1.01123738	0.99247098	1.04945409
0.00046060	0.99603081	1.00270534	0.99780297	0.99792379	1.00173557	0.99848682	1.00330400	1.04287243
0.00051180	0.99306315	0.99938953	1.00141728	0.99932164	1.00050139	0.99927783	1.00484073	1.03676593
0.00056300	1.00164855	1.00076437	0.99263597	1.00467515	1.00266480	0.99921095	1.00778341	1.03116202
0.00061420	1.00091445	1.00380766	1.00066757	1.00155568	0.99943995	1.00663352	1.00452864	1.02867544
0.00066540	1.00609457	1.00073206	0.99789858	1.00064623	0.99635512	1.00368488	1.00208545	1.02445471
0.00071660	1.00462902	1.00498879	1.00569332	0.99864298	1.00398016	0.99908376	1.00280333	1.02319312
0.00076780	1.00556290	1.00221407	1.00192976	0.99361086	0.99983430	1.00572109	1.00832367	1.02134025
0.00081900	1.00346160	0.99636525	1.02008188	1.00512934	1.00492585	0.99943769	1.00363421	1.01918483
0.00092140	0.99901545	0.99380058	0.99792755	0.99739289	0.99708319	0.99841076	0.99764884	1.01562846
0.00102380	0.99879324	0.99741101	0.99928904	0.99990588	1.00018573	0.99908251	0.99856317	1.01476192
0.00112620	1.00013399	1.00124478	1.00392413	1.00121987	0.99762237	0.99691731	0.99851269	1.01232851
0.00122860	1.00312936	0.99940038	0.99686825	0.99811310	0.99787772	0.99919784	1.00019240	1.01005149
0.00133100	1.00239909	0.99839991	1.00243640	1.00373530	1.00072134	0.99683082	1.00176752	1.00959969
0.00143340	1.00051236	1.00626159	1.00517833	0.99842680	0.99176383	1.00124979	0.99706912	1.00624907
0.00153580	1.00524127	1.00396597	0.99688166	1.00203562	0.99872601	1.00461805	0.99751967	1.00582540
0.00163820	1.00655544	1.00026512	1.00548422	0.99816155	1.00046062	0.99778897	1.00302482	1.00568581
0.00184300	1.00080359	1.00110757	1.00556755	1.00312853	1.00044155	0.99588645	0.99909097	1.00369620
0.00204780	1.00337231	1.00119281	1.00281560	1.00285220	0.99765050	0.99778914	0.99961472	1.00395262
0.00225260	0.99914938	0.99972719	1.00503349	0.99640149	0.99727106	1.00040221	1.00179124	1.00478005
0.00245740	1.00339901	0.99948579	0.99324626	1.00172186	0.99852622	1.00405288	1.00088978	1.00222778
0.00266220	0.99909997	1.00302362	1.00119829	1.00276279	0.99940491	1.00197589	0.99799317	1.00192904
0.00286700	1.00086808	0.99469423	1.00121355	1.00036097	1.00074625	1.00219560	0.99879760	1.00450015
0.00307180	1.00077641	0.99864811	0.99541783	1.00040257	0.99787402	0.99717557	1.00079918	1.00540996
0.00327660	1.00023329	1.00191295	1.00009620	0.99861276	0.99975669	0.99959362	1.00086522	1.00293112
0.00368620	0.99953926	0.99691337	1.00215125	0.99992156	0.99918246	1.00040090	0.99983627	1.00042295
0.00409580	0.99971771	1.00206101	0.99903911	0.99986690	0.99952626	1.00084579	1.00094497	1.00298893
0.00450540	0.99784422	1.00244009	1.00419676	1.00296748	1.00086844	0.99887443	1.00043535	1.00369143
0.00491500	1.00067830	0.99874079	1.00147319	1.00198722	1.00216734	0.99847740	1.00020719	1.00649405
0.00532460	1.00245774	0.99930042	0.99956393	0.99871629	0.99930078	0.99854976	0.99928725	1.00269127
0.00573420	1.00212467	0.99905258	0.99970901	1.00126171	0.99845672	0.99893421	1.00249660	1.00084591
0.00614380	1.00020564	1.00202668	1.00050807	0.99868923	0.99826896	0.99928874	1.00038612	1.00308061
0.00655340	0.99871594	1.00395823	1.00017846	1.00030446	0.99970090	0.99998617	1.00117636	1.00314140
0.00737260	0.99918336	1.00209534	1.00114620	1.00219965	1.00025666	0.99953556	1.00226498	1.00164294
0.00819180	1.00018740	1.00245082	1.00248361	1.00212801	1.00082600	0.99945468	1.00079739	1.00094903
0.00901100	1.00041127	0.99860591	0.99788642	0.99817127	1.00144267	0.99918699	1.00121689	0.99683827
0.00983020	1.00072491	1.00063300	1.00102782	1.00036061	1.00143063	0.99951589	0.99963039	0.99849588
0.01064940	0.99958050	1.00063825	1.00004625	1.00145030	0.99978429	1.00129175	1.00323319	1.00092423
0.01146860	0.99917752	1.00207353	0.99815702	1.00097990	1.00026631	0.99900436	1.00246334	1.00140572
0.01228780	1.00082076	1.00242937	1.00318027	1.00157857	1.00065243	0.99879515	1.00100553	1.00017989
0.01310700	1.00129700	1.00168753	1.00139534	1.00096154	0.99989897	0.99977022	1.00047827	1.00237095
0.01474540	1.00045562	1.00109792	1.00090158	0.99978352	1.00074506	1.00025105	1.00054443	1.00055754
0.01638380	1.00143123	1.00114167	0.99896979	0.99976456	1.00012088	1.00148308	0.99935102	0.99931729
0.01802220	1.00122428	1.00333035	0.99929613	1.00042045	1.00080454	0.99952656	0.99954444	0.99906248
0.01966060	1.00036621	1.00016618	1.00110447	1.00152266	0.99917179	1.00036430	1.00246322	0.99855113
0.02129900	1.00064421	1.00115323	0.99852794	1.00122356	0.99934900	0.99897826	1.00251818	1.00027657
0.02293740	1.00143015	1.00241685	1.00029778	1.00179768	0.99887151	0.99922234	1.00074899	0.99958646
0.02457580	0.99967009	1.00069427	1.00079584	1.00048375	1.00042200	0.99982613	1.00050795	0.99905109
0.02621420	1.00005710	1.00101137	1.00014627	1.00136530	1.00057101	1.00013113	0.99992019	1.00134730
0.02949100	1.00071359	1.00103021	1.00013006	0.99981058	1.00001037	0.99922937	0.99997771	0.99894243
0.03276780	1.00079286	1.00170588	1.00061715	1.00113666	0.99936694	1.00075221	1.00139380	1.00064826
0.03604460	1.00034821	1.00029171	1.00073647	1.00046623	0.99973243	1.00035048	1.00043833	1.00062633
0.03932140	1.00162923	1.00105655	1.00143313	1.00053883	0.99946153	1.00143003	1.00071239	0.99941617
0.04259820	1.00026405	1.00069201	1.00123370	0.99976885	0.99957031	1.00055408	1.00089359	0.99943095
0.04587500	0.99997711	1.00204432	1.00024092	0.99920011	1.00041795	0.99948013	1.00014269	1.00056970
0.04915180	1.00093472	1.00133586	1.00032389	0.99949968	1.00027883	1.00030839	1.00210309	1.00128782
0.05242860	1.00072539	1.00122964	1.00046325	0.99959403	1.00021935	1.00044441	1.00179565	1.00072742
0.05898220	1.00147402	1.00094247	0.99978662	0.99991167	1.00055838	1.00054514	1.00019252	1.00004792
0.06553581	1.00079286	1.00131381	0.99986857	0.99997288	1.00030029	1.00069439	1.00103223	1.00076449
0.07208940	1.00065851	1.00089204	1.00105190	1.00094974	0.99970657	1.00000322	1.00107670	0.99984211
0.07864300	1.00124443	1.00106800	1.00151169	1.00042737	0.99942726	1.00021970	1.00062752	1.00145423
0.08519660	1.00119758	1.00055099	0.99998492	1.00054300	1.00069833	1.00117469	1.00109947	0.99860394
0.09175020	1.00066268	1.00076580	0.99989992	0.99993932	0.99985325	1.00140738	1.00027084	1.00061667
0.09830380	1.00054455	1.00080228	1.00067389	1.00036681	1.00040460	1.00030494	1.00181258	1.00077879
0.10485740	1.00074017	1.00126100	1.00109577	1.00018919	1.00051403	0.99959624	1.00086188	1.00162327
0.11796460	1.00080919	1.00075436	1.00005186	1.00034440	1.00011444	0.99973071	1.00069225	1.00002110
0.13107181	1.00027668	1.00049126	1.00004351	1.00033259	1.00024247	1.00001085	1.00089300	0.99837190
0.14417900	1.00063276	1.00016701	0.99955100	1.00021470	1.00046217	1.00035524	1.00111735	0.99990469
0.15728620	1.00019872	1.00030291	1.00048351	0.99980360	0.99988830	1.00033224	1.00123549	1.00086188
0.17039341	1.00055563	1.00026608	1.00045872	1.00009322	0.99996305	1.00006807	1.00104856	1.00032735
0.18350060	1.00056219	1.00131679	1.00036752	1.00004780	0.99994373	0.99974090	1.00086784	1.00013685
0.19660780	1.00035572	1.00035131	1.00054908	0.99975640	1.00006795	1.00015283	1.00049567	0.99974477
0.20971501	1.00049412	1.00038183	0.99994540	1.00048578	0.99991834	1.00031626	1.00039780	1.00070190
0.23592941	1.00046003	1.00028229	1.00035286	1.00046968	1.00025213	1.00031877	1.00076973	1.00053394
0.26214382	1.00057960	1.00026572	1.00071788	1.00008214	0.99977160	0.99978364	1.00037694	1.00041151
0.28835821	1.00026762	1.00029826	1.00053287	1.00004172	1.00011718	1.00000215	1.00032985	1.00027907
0.31457260	1.00016582	1.00006998	1.00036633	0.99992013	0.99987632	0.99976057	1.00061834	0.99968308
0.34078699	1.00014985	0.99991065	0.99990839	1.00019956	0.99969250	0.99977243	1.00049233	1.00003135
0.36700141	1.00012636	0.99976212	1.00022566	1.00011981	0.99995166	0.99987400	1.00018215	0.99974346
0.39321581	1.00004709	0.99932015	0.99979967	1.00013578	0.99998194	0.99987864	0.99998945	1.00022519
0.41943020	1.00016725	0.99943495	0.99993682	1.00005198	0.99993366	0.99971521	1.00009894	1.00002885
0.47185901	0.99994510	0.99986243	0.99985719	0.99995160	1.00000679	0.99997479	1.00033557	0.99955398
0.52428782	0.99982291	0.99986821	0.99969292	1.00015855	1.00018120	0.99990916	0.99992335	0.99959791
0.57671660	0.99978447	0.99958891	0.99997890	1.00026536	0.99992645	1.00002158	1.00003588	1.00034952
0.62914538	0.99979746	0.99933881	1.00040340	1.00029135	1.00004327	1.00003636	0.99995965	1.00045621
0.68157423	0.99988198	0.99934864	0.99997622	0.99999392	0.99975604	1.00012350	1.00003159	1.00017917
0.73400301	0.99975312	0.99947470	0.99961102	1.00013685	0.99991572	1.00019550	0.99982983	0.99999315
0.78643179	0.99986529	0.99967909	0.99969649	1.00006819	0.99991339	1.00010145	0.99997503	1.00005972
0.83886063	0.99985433	0.99984044	0.99970645	0.99992687	0.99994260	0.99998373	0.99976939	1.00018299
0.94371825	0.99980736	1.00005484	1.00035369	0.99981856	0.99993700	0.99992955	0.99963969	1.00003076
1.04857588	0.99942988	0.99987966	0.99976575	0.99968863	0.99995667	0.99999076	0.99953389	0.99974191
1.15343344	0.99960411	1.00016236	0.99978298	0.99977905	1.00007629	1.00011051	0.99974078	0.99957818
1.25829101	0.99959415	1.00031984	1.00009954	0.99966460	1.00000596	0.99982226	0.99954402	1.00010180
1.36314869	0.99956185	1.00032794	0.99960065	0.99988806	1.00007975	0.99977386	0.99963599	1.00011468
1.46800625	0.99973017	1.00000179	0.99982595	0.99987459	0.99990827	0.99959213	0.99970275	1.00008357
1.57286382	0.99961036	0.99996918	1.00022507	0.99978298	0.99983490	0.99983341	0.99994147	1.00030696
1.67772150	0.99984837	0.99994057	0.99944234	0.99981171	0.99992353	0.99986589	0.99964404	1.00008082
1.88743675	0.99968952	1.00000906	0.99972916	0.99974948	1.00013077	1.00016713	0.99988395	0.99982089
2.09715199	0.99976999	0.99998981	0.99973780	0.99996752	0.99979949	0.99977028	0.99980456	1.00005388
2.30686712	1.00031173	1.00018036	0.99993002	1.00007153	1.00004470	0.99990284	0.99999034	0.99988008
2.51658225	1.00062132	1.00030684	1.00014615	1.00033808	1.00003433	1.00030696	1.00024796	0.99955493
2.72629738	1.00050843	1.00006902	1.00007546	1.00000834	0.99993616	1.00013876	1.00012696	0.99983937
2.93601274	1.00033283	0.99990070	1.00040209	0.99999499	0.99985445	1.00012481	1.00021875	0.99972510
3.14572787	0.99983132	0.99944031	1.00020349	1.00037873	1.00006151	1.00004566	1.00058651	1.00002158
3.35544300	0.99979627	0.99998981	0.99986887	0.99977362	0.99990445	0.99976921	1.00018156	0.99964291
3.77487350	1.00000250	1.00032580	0.99965698	0.99995577	1.00007546	0.99985528	0.99955904	1.00001085
4.19430399	0.99972677	1.00009024	1.00037742	1.00005686	0.99993247	0.99997735	1.00024664	1.00007975
4.61373425	0.99941379	0.99965996	0.99951470	0.99973989	0.99993742	0.99996853	1.00007915	0.99999791
5.03316450	1.00000000	1.00000000	1.00000000	1.00000000	1.00000000	1.00000000	1.00000000	1.00000000
5.45259476	0.00000000	0.00000000	0.00000000	0.00000000	0.00000000	0.00000000	0.00000000	0.00000000
5.87202549	0.00000000	0.00000000	0.00000000	0.00000000	0.00000000	0.00000000	0.00000000	0.00000000
6.29145575	0.00000000	0.00000000	0.00000000	0.00000000	0.00000000	0.00000000	0.00000000	0.00000000
6.71088600	0.00000000	0.00000000	0.00000000	0.00000000	0.00000000	0.00000000	0.00000000	0.00000000
7.54974699	0.00000000	0.00000000	0.00000000	0.00000000	0.00000000	0.00000000	0.00000000	0.00000000
8.38860798	0.00000000	0.00000000	0.00000000	0.00000000	0.00000000	0.00000000	0.00000000	0.00000000
9.22746849	0.00000000	0.00000000	0.00000000	0.00000000	0.00000000	0.00000000	0.00000000	0.00000000
10.06632900	0.00000000	0.00000000	0.00000000	0.00000000	0.00000000	0.00000000	0.00000000	0.00000000
10.90518951	0.00000000	0.00000000	0.00000000	0.00000000	0.00000000	0.00000000	0.00000000	0.00000000
11.74405098	0.00000000	0.00000000	0.00000000	0.00000000	0.00000000	0.00000000	0.00000000	0.00000000
12.58291149	0.00000000	0.00000000	0.00000000	0.00000000	0.00000000	0.00000000	0.00000000	0.00000000
13.42177200	0.00000000	0.00000000	0.00000000	0.00000000	0.00000000	0.00000000	0.00000000	0.00000000
15.09949398	0.00000000	0.00000000	0.00000000	0.00000000	0.00000000	0.00000000	0.00000000	0.00000000
16.77721596	0.00000000	0.00000000	0.00000000	0.00000000	0.00000000	0.00000000	0.00000000	0.00000000
18.45493698	0.00000000	0.00000000	0.00000000	0.00000000	0.00000000	0.00000000	0.00000000	0.00000000
20.13265800	0.00000000	0.00000000	0.00000000	0.00000000	0.00000000	0.00000000	0.00000000	0.00000000
21.81037903	0.00000000	0.00000000	0.00000000	0.00000000	0.00000000	0.00000000	0.00000000	0.00000000
23.48810196	0.00000000	0.00000000	0.00000000	0.00000000	0.00000000	0.00000000	0.00000000	0.00000000
25.16582298	0.00000000	0.00000000	0.00000000	0.00000000	0.00000000	0.00000000	0.00000000	0.00000000
26.84354401	0.00000000	0.00000000	0.00000000	0.00000000	0.00000000	0.00000000	0.00000000	0.00000000
30.19898796	0.00000000	0.00000000	0.00000000	0.00000000	0.00000000	0.00000000	0.00000000	0.00000000
33.55443192	0.00000000	0.00000000	0.00000000	0.00000000	0.00000000	0.00000000	0.00000000	0.00000000
36.90987396	0.00000000	0.00000000	0.00000000	0.00000000	0.00000000	0.00000000	0.00000000	0.00000000
40.26531601	0.00000000	0.00000000	0.00000000	0.00000000	0.00000000	0.00000000	0.00000000	0.00000000
43.62075806	0.00000000	0.00000000	0.00000000	0.00000000	0.00000000	0.00000000	0.00000000	0.00000000
46.97620392	0.00000000	0.00000000	0.00000000	0.00000000	0.00000000	0.00000000	0.00000000	0.00000000
50.33164597	0.00000000	0.00000000	0.00000000	0.00000000	0.00000000	0.00000000	0.00000000	0.00000000
53.68708801	0.00000000	0.00000000	0.00000000	0.00000000	0.00000000	0.00000000	0.00000000	0.00000000
60.39797592	0.00000000	0.00000000	0.00000000	0.00000000	0.00000000	0.00000000	0.00000000	0.00000000
67.10886383	0.00000000	0.00000000	0.00000000	0.00000000	0.00000000	0.00000000	0.00000000	0.00000000
73.81974792	0.00000000	0.00000000	0.00000000	0.00000000	0.00000000	0.00000000	0.00000000	0.00000000
80.53063202	0.00000000	0.00000000	0.00000000	0.00000000	0.00000000	0.00000000	0.00000000	0.00000000
87.24151611	0.00000000	0.00000000	0.00000000	0.00000000	0.00000000	0.00000000	0.00000000	0.00000000
93.95240784	0.00000000	0.00000000	0.00000000	0.00000000	0.00000000	0.00000000	0.00000000	0.00000000
100.66329193	0.00000000	0.00000000	0.00000000	0.00000000	0.00000000	0.00000000	0.00000000	0.00000000
107.37417603	0.00000000	0.00000000	0.00000000	0.00000000	0.00000000	0.00000000	0.00000000	0.00000000
120.79595184	0.00000000	0.00000000	0.00000000	0.00000000	0.00000000	0.00000000	0.00000000	0.00000000
134.21772766	0.00000000	0.00000000	0.00000000	0.00000000	0.00000000	0.00000000	0.00000000	0.00000000
147.63949585	0.00000000	0.00000000	0.00000000	0.00000000	0.00000000	0.00000000	0.00000000	0.00000000
161.06126404	0.00000000	0.00000000	0.00000000	0.00000000	0.00000000	0.00000000	0.00000000	0.00000000
174.48303223	0.00000000	0.00000000	0.00000000	0.00000000	0.00000000	0.00000000	0.00000000	0.00000000
187.90481567	0.00000000	0.00000000	0.00000000	0.00000000	0.00000000	0.00000000	0.00000000	0.00000000
201.32658386	0.00000000	0.00000000	0.00000000	0.00000000	0.00000000	0.00000000	0.00000000	0.00000000
214.74835205	0.00000000	0.00000000	0.00000000	0.00000000	0.00000000	0.00000000	0.00000000	0.00000000
241.59190369	0.00000000	0.00000000	0.00000000	0.00000000	0.00000000	0.00000000	0.00000000	0.00000000
268.43545532	0.00000000	0.00000000	0.00000000	0.00000000	0.00000000	0.00000000	0.00000000	0.00000000
295.27899170	0.00000000	0.00000000	0.00000000	0.00000000	0.00000000	0.00000000	0.00000000	0.00000000
322.12252808	0.00000000	0.00000000	0.00000000	0.00000000	0.00000000	0.00000000	0.00000000	0.00000000
348.96606445	0.00000000	0.00000000	0.00000000	0.00000000	0.00000000	0.00000000	0.00000000	0.00000000
375.80963135	0.00000000	0.00000000	0.00000000	0.00000000	0.00000000	0.00000000	0.00000000	0.00000000
402.65316772	0.00000000	0.00000000	0.00000000	0.00000000	0.00000000	0.00000000	0.00000000	0.00000000
429.49670410	0.00000000	0.00000000	0.00000000	0.00000000	0.00000000	0.00000000	0.00000000	0.00000000
483.18380737	0.00000000	0.00000000	0.00000000	0.00000000	0.00000000	0.00000000	0.00000000	0.00000000
536.87091064	0.00000000	0.00000000	0.00000000	0.00000000	0.00000000	0.00000000	0.00000000	0.00000000
590.55798340	0.00000000	0.00000000	0.00000000	0.00000000	0.00000000	0.00000000	0.00000000	0.00000000
644.24505615	0.00000000	0.00000000	0.00000000	0.00000000	0.00000000	0.00000000	0.00000000	0.00000000
697.93212891	0.00000000	0.00000000	0.00000000	0.00000000	0.00000000	0.00000000	0.00000000	0.00000000
751.61926270	0.00000000	0.00000000	0.00000000	0.00000000	0.00000000	0.00000000	0.00000000	0.00000000
805.30633545	0.00000000	0.00000000	0.00000000	0.00000000	0.00000000	0.00000000	0.00000000	0.00000000
858.99340820	0.00000000	0.00000000	0.00000000	0.00000000	0.00000000	0.00000000	0.00000000	0.00000000
966.36761475	0.00000000	0.00000000	0.00000000	0.00000000	0.00000000	0.00000000	0.00000000	0.00000000
1073.74182129	0.00000000	0.00000000	0.00000000	0.00000000	0.00000000	0.00000000	0.00000000	0.00000000
1181.11596680	0.00000000	0.00000000	0.00000000	0.00000000	0.00000000	0.00000000	0.00000000	0.00000000
1288.49011230	0.00000000	0.00000000	0.00000000	0.00000000	0.00000000	0.00000000	0.00000000	0.00000000
1395.86425781	0.00000000	0.00000000	0.00000000	0.00000000	0.00000000	0.00000000	0.00000000	0.00000000
1503.23852539	0.00000000	0.00000000	0.00000000	0.00000000	0.00000000	0.00000000	0.00000000	0.00000000
1610.61267090	0.00000000	0.00000000	0.00000000	0.00000000	0.00000000	0.00000000	0.00000000	0.00000000
1717.98681641	0.00000000	0.00000000	0.00000000	0.00000000	0.00000000	0.00000000	0.00000000	0.00000000
1932.73522949	0.00000000	0.00000000	0.00000000	0.00000000	0.00000000	0.00000000	0.00000000	0.00000000
2147.48364258	0.00000000	0.00000000	0.00000000	0.00000000	0.00000000	0.00000000	0.00000000	0.00000000
2362.23193359	0.00000000	0.00000000	0.00000000	0.00000000	0.00000000	0.00000000	0.00000000	0.00000000
2576.98022461	0.00000000	0.00000000	0.00000000	0.00000000	0.00000000	0.00000000	0.00000000	0.00000000
2791.72851562	0.00000000	0.00000000	0.00000000	0.00000000	0.00000000	0.00000000	0.00000000	0.00000000
3006.47705078	0.00000000	0.00000000	0.00000000	0.00000000	0.00000000	0.00000000	0.00000000	0.00000000
3221.22534180	0.00000000	0.00000000	0.00000000	0.00000000	0.00000000	0.00000000	0.00000000	0.00000000
3435.97363281	0.00000000	0.00000000	0.00000000	0.00000000	0.00000000	0.00000000	0.00000000	0.00000000
0	0	0	0	0	0	0	0	0
