%6/29/2015 2:23:37 PM
%Duration	ID1		ID2		ID3		ID4		ID5		ID6		ID7		ID8
3000.000000	24.700165	25.758743	26.664734	19.321442	23.355484	26.569366	27.008057	204.229355
%Tau		Tau1		Tau2		Tau3		Tau4		Tau5		Tau6		Tau7		Tau8
%		0.000032	0.000029	0.000029	0.000025	0.000032	0.000032	0.000035	0.000070
%Delaytime	D1		D2		D3		D4		D5		D6		D7		D8
0.00000000	1.76108789	3.06041598	2.83336067	3.25917745	2.69689441	1.68985260	2.21275544	1.67910171
0.00000020	1.52415442	1.69867921	1.70842111	1.77431250	1.64231288	1.50321221	1.62366641	1.49981582
0.00000040	1.60372162	1.61138844	1.55325699	1.67300594	1.47349644	1.48976064	1.46374750	1.46896923
0.00000060	1.51000905	1.58694696	1.47890759	1.53696561	1.51101124	1.55197406	1.54370689	1.45999265
0.00000080	1.65146196	1.51187694	1.41748846	1.50512636	1.56103086	1.50489366	1.44906104	1.46162474
0.00000100	1.50824094	1.57647216	1.54194295	1.55433249	1.58187246	1.51161945	1.52575684	1.45844221
0.00000120	1.46934140	1.45251918	1.54517555	1.61801088	1.50684297	1.58055866	1.54370689	1.48635101
0.00000140	1.55598128	1.58520126	1.53224516	1.54275453	1.54435766	1.48807919	1.52575684	1.45444357
0.00000160	1.51354539	1.54330158	1.50315189	1.49065399	1.56103086	1.45276880	1.47027481	1.46684742
0.00000180	1.53653145	1.53457248	1.50153565	1.58327723	1.42139268	1.48471630	1.53065228	1.47492635
0.00000200	1.48879111	1.44379008	1.53709412	1.49933743	1.50059044	1.53684103	1.44416559	1.46807158
0.00000220	1.50116825	1.54853904	1.48537266	1.45592034	1.50892711	1.56038129	1.51759768	1.45770776
0.00000240	1.55244493	1.57647216	1.42718613	1.56880486	1.43389750	1.60241747	1.47680211	1.47998583
0.00000260	1.55951762	1.48918128	1.45951200	1.51670432	1.52143204	1.50993800	1.48659301	1.45746291
0.00000280	1.57012653	1.55901396	1.47405863	1.58617163	1.42347682	1.42754710	1.51107037	1.47386551
0.00000300	1.46403694	1.57647216	1.50476825	1.47328722	1.41722429	1.55365551	1.48006570	1.45493317
0.00000340	1.44635534	1.48219800	1.58315837	1.54130733	1.42556095	1.47546828	1.48414528	1.46982610
0.00000380	1.47464585	1.46124828	1.42880249	1.48052335	1.42972922	1.45445025	1.47272253	1.45199537
0.00000420	1.41806471	1.50402069	1.53628588	1.55288517	1.51622164	1.42670643	1.52983642	1.47721136
0.00000460	1.45342791	1.47783351	1.49830306	1.57314658	1.51205325	1.51666379	1.53391600	1.44407976
0.00000500	1.53653145	1.46561277	1.44819796	1.41395044	1.50892711	1.50909722	1.52983642	1.45815659
0.00000540	1.52238619	1.46735859	1.48537266	1.49499571	1.47037029	1.45949459	1.50209534	1.45787096
0.00000580	1.46315289	1.47346902	1.44900608	1.46026206	1.46203363	1.52086735	1.46456337	1.46158397
0.00000620	1.47110951	1.49703753	1.53709412	1.41539776	1.47662270	1.45024669	1.43192685	1.46905077
0.00000700	1.44458711	1.45470142	1.48618090	1.47111630	1.46151257	1.50531399	1.45722020	1.45958459
0.00000780	1.45740628	1.43287873	1.43890429	1.48341787	1.43962896	1.43469334	1.41764843	1.45393348
0.00000860	1.40833986	1.45732021	1.43607581	1.47256362	1.49642217	1.45318913	1.42580760	1.45846260
0.00000940	1.49276948	1.47215962	1.41425586	1.40381980	1.46151257	1.42586565	1.47680211	1.43238986
0.00001020	1.42911577	1.48088872	1.47325051	1.47111630	1.47037029	1.46622038	1.40622568	1.43369555
0.00001100	1.42557943	1.43113291	1.40415406	1.43710625	1.40784562	1.42040098	1.39969838	1.43624568
0.00001180	1.43442023	1.43680680	1.42718613	1.46098566	1.39586174	1.40232551	1.45232475	1.42690194
0.00001260	1.41718066	1.36391902	1.41587210	1.47111630	1.39846694	1.36155045	1.39561880	1.41692567
0.00001420	1.39176333	1.38181365	1.42132711	1.35931730	1.36772573	1.38803315	1.39378297	1.42065907
0.00001580	1.40590858	1.34646082	1.37203026	1.40635252	1.37840700	1.34368503	1.36563396	1.41251910
0.00001740	1.34335995	1.32376516	1.34960413	1.36438262	1.33021092	1.36070967	1.33728099	1.40307331
0.00001900	1.34866440	1.36479187	1.32232916	1.33254337	1.31640339	1.33737957	1.32626617	1.39162815
0.00002060	1.32302606	1.31176269	1.29202378	1.32566905	1.30467999	1.31699204	1.36237037	1.38622189
0.00002220	1.30976486	1.30456126	1.27747715	1.26633227	1.30363798	1.31215799	1.33258951	1.37746978
0.00002380	1.26136148	1.27859223	1.28838706	1.28514636	1.26377857	1.29198062	1.29893315	1.36867678
0.00002540	1.28434765	1.31045341	1.24090850	1.30287504	1.28383851	1.26339602	1.28791833	1.36308694
0.00002860	1.25133526	1.24822414	1.27011538	1.22348368	1.24892521	1.26256716	1.24823284	1.33976960
0.00003180	1.22449613	1.22644460	1.20320976	1.20123959	1.21904230	1.21603954	1.23369408	1.32087088
0.00003500	1.20004749	1.21134984	1.22158301	1.21208882	1.19544387	1.21313798	1.22386777	1.31080067
0.00003820	1.20015609	1.17620075	1.16857421	1.20799816	1.18095124	1.16506481	1.20129871	1.29605353
0.00004140	1.17244768	1.18892348	1.17562222	1.21884727	1.16504800	1.17148960	1.17272258	1.27727222
0.00004460	1.14658642	1.15140235	1.15904462	1.16495693	1.14927280	1.15024626	1.15968788	1.27264333
0.00004780	1.15984309	1.13954222	1.14554429	1.13205361	1.13413906	1.12734497	1.14936042	1.25305188
0.00005100	1.12789679	1.13717020	1.12172008	1.15321851	1.13734531	1.11305296	1.13602483	1.24232769
0.00005740	1.09116673	1.10449016	1.10149527	1.11129868	1.10443425	1.10328507	1.11900103	1.22178853
0.00006380	1.09682977	1.10556924	1.08866346	1.07574928	1.10140622	1.09109950	1.08450532	1.20108986
0.00007020	1.07570231	1.07341278	1.08422899	1.05721724	1.06820858	1.07383227	1.07338428	1.18513596
0.00007660	1.05516577	1.05868340	1.05389047	1.04893124	1.06126285	1.06900990	1.05332053	1.16853738
0.00008300	1.06485820	1.05328798	1.06229579	1.06603777	1.04860961	1.05629790	1.05723500	1.15178299
0.00008940	1.03791261	1.06100333	1.05752110	1.04901004	1.03460765	1.05624604	1.06005085	1.14025784
0.00009580	1.03252184	1.05107582	1.06125128	1.03769493	1.03820455	1.03716421	1.04592085	1.12845910
0.00010220	1.03420985	1.03262365	1.04429162	1.05505812	1.04135180	1.04083788	1.04546833	1.12099397
0.00011500	1.03685486	1.03887415	1.03804886	1.04889607	1.04134154	1.03247344	1.04544675	1.10171747
0.00012780	1.03205681	1.03516912	1.02840066	1.04010427	1.04484642	1.03699052	1.04297698	1.08805609
0.00014060	1.01698089	1.03023076	1.03048718	1.02635884	1.02777207	1.03008509	1.03725612	1.07352638
0.00015340	1.02466881	1.01787126	1.04245400	1.04156673	1.03474975	1.03384936	1.03388131	1.06463563
0.00016620	1.02324331	1.04035032	1.03916311	1.02518833	1.02561772	1.03187633	1.03574622	1.05842400
0.00017900	1.01811802	1.02143335	1.03048718	1.01701140	1.03249896	1.02917647	1.02742219	1.05163252
0.00019180	1.02729738	1.02324140	1.02597475	1.02794516	1.03304553	1.02636492	1.03122747	1.04454088
0.00020460	1.01767397	1.02855766	1.03632867	1.03137124	1.02719331	1.02483332	1.02664089	1.04192138
0.00023020	1.01366997	1.02708876	1.03185022	1.03359544	1.02973104	1.03252006	1.02680445	1.03181362
0.00025580	1.02077162	1.03768933	1.02482498	1.02939248	1.02907932	1.02622187	1.03038585	1.02491057
0.00028140	1.01738465	1.03456819	1.03702462	1.03123784	1.03014231	1.02129424	1.02908099	1.02157271
0.00030700	1.02496433	1.03277123	1.02382600	1.02717936	1.02926505	1.02712953	1.02780640	1.01845801
0.00033260	1.02215683	1.02930450	1.02144098	1.02945960	1.03006291	1.03364336	1.02396488	1.01663518
0.00035820	1.02083576	1.02781832	1.02518702	1.03187203	1.03234279	1.03357053	1.03776836	1.01306045
0.00038380	1.02295041	1.02975595	1.02737224	1.02849627	1.03277647	1.03012264	1.03384852	1.01231253
0.00040940	1.02224028	1.03157198	1.03170526	1.02620375	1.03069115	1.02954817	1.02905309	1.00936890
0.00046060	1.02363229	1.02763414	1.03115726	1.03055847	1.03298473	1.02960289	1.03448176	1.00598097
0.00051180	1.02396059	1.02905464	1.03021443	1.02855396	1.03170002	1.02523494	1.03082716	1.00532222
0.00056300	1.02780509	1.02783036	1.02865863	1.03335714	1.02663291	1.02927756	1.02917886	1.00455463
0.00061420	1.03221047	1.03216839	1.02720785	1.03615761	1.03161943	1.02170777	1.03446281	1.00169420
0.00066540	1.02567077	1.03732276	1.03256977	1.03295290	1.02435696	1.02251112	1.03186512	1.00007808
0.00071660	1.02731502	1.03008509	1.03061104	1.03626776	1.02647257	1.03020191	1.02718794	0.99899787
0.00076780	1.02698457	1.02869725	1.03124130	1.03409517	1.02757001	1.03054023	1.03025341	0.99624038
0.00081900	1.02495182	1.02736473	1.02974272	1.02844095	1.02251887	1.03028643	1.03046191	0.99663299
0.00092140	1.02672589	1.03267157	1.03269613	1.03107119	1.03292501	1.02546203	1.03086603	0.99807149
0.00102380	1.02771676	1.03057146	1.03122306	1.03417730	1.02682245	1.02946639	1.03288794	0.99828303
0.00112620	1.02335978	1.03313446	1.02938330	1.03417170	1.02771139	1.02912354	1.03167081	0.99944067
0.00122860	1.02512932	1.03104448	1.02891088	1.02962983	1.03108466	1.02706409	1.03001106	1.00035000
0.00133100	1.01896143	1.03374827	1.03370428	1.02750981	1.02890754	1.03155982	1.03156555	1.00140464
0.00143340	1.02383566	1.03308666	1.03057086	1.03210521	1.03055573	1.03390574	1.03303897	0.99932963
0.00153580	1.02474916	1.02766871	1.03080130	1.03157437	1.03080034	1.02991426	1.03524721	0.99871802
0.00163820	1.02458823	1.03033650	1.02735734	1.02977979	1.03403997	1.03320861	1.03165960	0.99901068
0.00184300	1.02550054	1.03044116	1.02744257	1.03525651	1.03189719	1.02703404	1.03268349	1.00029528
0.00204780	1.02773714	1.03016245	1.02766573	1.03191948	1.03125763	1.02778530	1.03285134	1.00329494
0.00225260	1.02470338	1.02962828	1.02754259	1.02571499	1.03087866	1.02793384	1.03300953	1.00085723
0.00245740	1.03024888	1.03005338	1.02755356	1.03264821	1.03377676	1.02455914	1.03191614	1.00124991
0.00266220	1.02792203	1.03320694	1.02719700	1.03363836	1.02688432	1.03070128	1.02585685	1.00095069
0.00286700	1.02254391	1.03174734	1.03222191	1.02937067	1.02665472	1.02900290	1.03190076	0.99858510
0.00307180	1.02345419	1.03144598	1.02762985	1.03022325	1.03206956	1.03155029	1.02889025	1.00118458
0.00327660	1.02150893	1.02799809	1.03092480	1.02895451	1.03503096	1.02988303	1.02612674	1.00067472
0.00368620	1.02391100	1.03209531	1.02851880	1.03210926	1.03091109	1.02874064	1.03150797	0.99967456
0.00409580	1.02384531	1.03174865	1.02849996	1.02948940	1.03111386	1.03141415	1.03195977	0.99786878
0.00450540	1.02487242	1.02960408	1.03096080	1.03089190	1.02776825	1.02893066	1.03287113	0.99951708
0.00491500	1.02425623	1.03062510	1.03223896	1.03000367	1.02898216	1.02900171	1.03252137	1.00032473
0.00532460	1.02618229	1.02868092	1.02995598	1.02626169	1.02955317	1.03115153	1.03025615	1.00073481
0.00573420	1.02707422	1.02967024	1.02870846	1.03019762	1.02565670	1.03040409	1.03012204	1.00066710
0.00614380	1.02763426	1.03220260	1.02591991	1.03038573	1.02742445	1.02974033	1.03323960	0.99841934
0.00655340	1.02517438	1.03105795	1.03011918	1.02947176	1.02998686	1.03055120	1.03174162	0.99853534
0.00737260	1.02609861	1.03168678	1.03241742	1.02951169	1.02839231	1.02915895	1.03079307	1.00020981
0.00819180	1.02504563	1.03310180	1.03132665	1.03307104	1.03122878	1.03105140	1.03139627	1.00258422
0.00901100	1.02355731	1.03048420	1.03061402	1.03031218	1.03143620	1.03181863	1.03266633	1.00133026
0.00983020	1.02621830	1.03112864	1.02956223	1.03335905	1.02982736	1.02944183	1.03414476	1.00104082
0.01064940	1.02501857	1.03325140	1.03019452	1.03322291	1.02901626	1.02999163	1.03210795	0.99927664
0.01146860	1.02518976	1.03124273	1.03170943	1.03461063	1.03017879	1.02995396	1.03318095	1.00142026
0.01228780	1.02329707	1.03207862	1.03030455	1.03058672	1.03050148	1.03060842	1.03104782	0.99837756
0.01310700	1.02537155	1.03037107	1.03038597	1.03127658	1.03014576	1.02927053	1.03089476	1.00228858
0.01474540	1.02636755	1.03213310	1.03138351	1.03210080	1.03016973	1.02861238	1.03126323	1.00136101
0.01638380	1.02607358	1.03335547	1.03231704	1.03159106	1.03044534	1.03068531	1.03180099	0.99954152
0.01802220	1.02731168	1.03026497	1.03173316	1.03071046	1.03099275	1.03024268	1.03243053	0.99867511
0.01966060	1.02700305	1.03287470	1.03168809	1.03336072	1.03045440	1.03145874	1.03246415	1.00036407
0.02129900	1.02662671	1.03133798	1.03154540	1.03154814	1.02983904	1.03113723	1.03312302	1.00134218
0.02293740	1.02725554	1.03205800	1.03123641	1.03131950	1.02859068	1.03102779	1.03001213	1.00180840
0.02457580	1.02449298	1.03144145	1.03112829	1.03195679	1.03066528	1.02964628	1.03076768	1.00035155
0.02621420	1.02670002	1.03203785	1.02964675	1.03052557	1.03158450	1.03160584	1.03236520	1.00076365
0.02949100	1.02613497	1.03195083	1.03077662	1.03200102	1.03139949	1.03121173	1.03138471	1.00058210
0.03276780	1.02643657	1.03216898	1.03058922	1.03088999	1.03051615	1.03080750	1.03171408	1.00043440
0.03604460	1.02768099	1.03129280	1.03282154	1.03082454	1.02982593	1.03078830	1.03252792	0.99976850
0.03932140	1.02581751	1.03245580	1.03042734	1.03307939	1.03020680	1.03158712	1.03178144	0.99854958
0.04259820	1.02679384	1.03192675	1.03191769	1.03237712	1.03096008	1.02994454	1.03181577	1.00135529
0.04587500	1.02554595	1.03093600	1.02993762	1.03207445	1.03053510	1.03056562	1.03249621	1.00093269
0.04915180	1.02656484	1.03188348	1.03085637	1.03148770	1.03005922	1.03018379	1.03075695	1.00058472
0.05242860	1.02597106	1.03119957	1.03056657	1.03019226	1.03026450	1.03001380	1.03178120	1.00008881
0.05898220	1.02661824	1.03127325	1.03056598	1.03079391	1.03135061	1.03027320	1.03154957	1.00089574
0.06553581	1.02646935	1.03164446	1.03059983	1.03096926	1.03082287	1.03062010	1.03186858	0.99978685
0.07208940	1.02620935	1.03183055	1.03063595	1.03199112	1.03018320	1.03025949	1.03154540	1.00024748
0.07864300	1.02617705	1.03119028	1.03100824	1.03095746	1.03020155	1.03005123	1.03160596	1.00126040
0.08519660	1.02550983	1.03101969	1.03016770	1.03120875	1.03053701	1.03036737	1.03049123	1.00051403
0.09175020	1.02550220	1.03123677	1.03029466	1.03124321	1.02983761	1.03056574	1.03067613	1.00096786
0.09830380	1.02537429	1.03025138	1.02956069	1.03010893	1.02974808	1.02970374	1.03055632	0.99953359
0.10485740	1.02543688	1.03059185	1.03026998	1.03037834	1.02924740	1.02974093	1.03045809	0.99972850
0.11796460	1.02476013	1.03005838	1.02921045	1.02939105	1.02948117	1.02874172	1.03037870	1.00037146
0.13107181	1.02438843	1.02990353	1.02932072	1.02911043	1.02903736	1.02903795	1.02963686	1.00070810
0.14417900	1.02391851	1.02964890	1.02907574	1.02954149	1.02841163	1.02807510	1.02955103	1.00040233
0.15728620	1.02393055	1.02846730	1.02871609	1.02890575	1.02829099	1.02815247	1.02954543	1.00050139
0.17039341	1.02368784	1.02910471	1.02735543	1.02840161	1.02790868	1.02829111	1.02913618	1.00030744
0.18350060	1.02315652	1.02854979	1.02779746	1.02821398	1.02757215	1.02786934	1.02916932	1.00041008
0.19660780	1.02282560	1.02849710	1.02740288	1.02748871	1.02720857	1.02747154	1.02844977	1.00048339
0.20971501	1.02286863	1.02796066	1.02706063	1.02746880	1.02655935	1.02716994	1.02812576	1.00103462
0.23592941	1.02158415	1.02694094	1.02614748	1.02655005	1.02552855	1.02601933	1.02723289	1.00033724
0.26214382	1.02060735	1.02659595	1.02543259	1.02568698	1.02502191	1.02562296	1.02642620	1.00054848
0.28835821	1.02028453	1.02533352	1.02520382	1.02507555	1.02395093	1.02488220	1.02577531	1.00064933
0.31457260	1.01995850	1.02465868	1.02407837	1.02478313	1.02312005	1.02398419	1.02486861	1.00020421
0.34078699	1.01886570	1.02412796	1.02357423	1.02377963	1.02205372	1.02314317	1.02484858	1.00005412
0.36700141	1.01817560	1.02294552	1.02301967	1.02334297	1.02134454	1.02250242	1.02368832	1.00022697
0.39321581	1.01812088	1.02252710	1.02246201	1.02234006	1.02059078	1.02152705	1.02331781	1.00043929
0.41943020	1.01705801	1.02165568	1.02244318	1.02229941	1.01982737	1.02098393	1.02215552	1.00043726
0.47185901	1.01505053	1.01962423	1.02061367	1.02065003	1.01754415	1.01900804	1.02054167	1.00016356
0.52428782	1.01419318	1.01877201	1.01982677	1.01992083	1.01601779	1.01797163	1.01924479	1.00039721
0.57671660	1.01304579	1.01769161	1.01873958	1.01892078	1.01484394	1.01664507	1.01863527	1.00028539
0.62914538	1.01190531	1.01647174	1.01765156	1.01784182	1.01331115	1.01588321	1.01795733	0.99985337
0.68157423	1.01104999	1.01502883	1.01669931	1.01678979	1.01224053	1.01474762	1.01678109	1.00029671
0.73400301	1.01034427	1.01418126	1.01577318	1.01551175	1.01129687	1.01415920	1.01584494	1.00013494
0.78643179	1.00941133	1.01334763	1.01496446	1.01413703	1.01025569	1.01355553	1.01468146	1.00015152
0.83886063	1.00858819	1.01248956	1.01419330	1.01416469	1.01001894	1.01264763	1.01364505	1.00003159
0.94371825	1.00663543	1.01009631	1.01208544	1.01111245	1.00784647	1.01135731	1.01136315	1.00017452
1.04857588	1.00564134	1.00900650	1.01064587	1.00971353	1.00670063	1.01095355	1.01028216	1.00028372
1.15343344	1.00500178	1.00824416	1.00967467	1.00857937	1.00626647	1.00985897	1.00981498	1.00015533
1.25829101	1.00481963	1.00730133	1.00842130	1.00796664	1.00546753	1.00911951	1.00964320	1.00017560
1.36314869	1.00393009	1.00655437	1.00780737	1.00711679	1.00539231	1.00814724	1.00900304	1.00031579
1.46800625	1.00313699	1.00544965	1.00724638	1.00666177	1.00455678	1.00704455	1.00748646	1.00041425
1.57286382	1.00293493	1.00536036	1.00701094	1.00658667	1.00416291	1.00643957	1.00632644	1.00014031
1.67772150	1.00291526	1.00492251	1.00662184	1.00581944	1.00363791	1.00557995	1.00563991	1.00028396
1.88743675	1.00231767	1.00303018	1.00561404	1.00371981	1.00059283	1.00306106	1.00313532	1.00029457
2.09715199	1.00088906	0.99941337	1.00419927	1.00104809	0.99902946	1.00236320	1.00181282	1.00012934
2.30686712	0.99938959	0.99794424	1.00286794	0.99995649	0.99667406	1.00013745	1.00132143	1.00013018
2.51658225	0.99774933	0.99685234	1.00188196	0.99689746	0.99480087	0.99823093	1.00019133	1.00003564
2.72629738	0.99686164	0.99500620	1.00057614	0.99655592	0.99398094	0.99814820	0.99883753	1.00014842
2.93601274	0.99635082	0.99505121	1.00006664	0.99772072	0.99377823	0.99570453	0.99725401	1.00014246
3.14572787	0.99543476	0.99452865	0.99872172	0.99768901	0.99297285	0.99617171	0.99534667	1.00007474
3.35544300	0.99449754	0.99429983	0.99716431	0.99579430	0.99262011	0.99483413	0.99386865	0.99997538
3.77487350	0.99193877	0.99169481	0.99262363	0.99335504	0.99104923	0.99446923	0.99288595	0.99992532
4.19430399	0.98957217	0.99002796	0.99231225	0.99213654	0.98833734	0.99202693	0.99175370	1.00010443
4.61373425	0.99219364	0.99347126	0.99354196	0.99465019	0.99255747	0.99192816	0.99252963	1.00004184
5.03316450	1.00000000	1.00000000	1.00000000	1.00000000	1.00000000	1.00000000	1.00000000	1.00000000
5.45259476	0.00000000	0.00000000	0.00000000	0.00000000	0.00000000	0.00000000	0.00000000	0.00000000
5.87202549	0.00000000	0.00000000	0.00000000	0.00000000	0.00000000	0.00000000	0.00000000	0.00000000
6.29145575	0.00000000	0.00000000	0.00000000	0.00000000	0.00000000	0.00000000	0.00000000	0.00000000
6.71088600	0.00000000	0.00000000	0.00000000	0.00000000	0.00000000	0.00000000	0.00000000	0.00000000
7.54974699	0.00000000	0.00000000	0.00000000	0.00000000	0.00000000	0.00000000	0.00000000	0.00000000
8.38860798	0.00000000	0.00000000	0.00000000	0.00000000	0.00000000	0.00000000	0.00000000	0.00000000
9.22746849	0.00000000	0.00000000	0.00000000	0.00000000	0.00000000	0.00000000	0.00000000	0.00000000
10.06632900	0.00000000	0.00000000	0.00000000	0.00000000	0.00000000	0.00000000	0.00000000	0.00000000
10.90518951	0.00000000	0.00000000	0.00000000	0.00000000	0.00000000	0.00000000	0.00000000	0.00000000
11.74405098	0.00000000	0.00000000	0.00000000	0.00000000	0.00000000	0.00000000	0.00000000	0.00000000
12.58291149	0.00000000	0.00000000	0.00000000	0.00000000	0.00000000	0.00000000	0.00000000	0.00000000
13.42177200	0.00000000	0.00000000	0.00000000	0.00000000	0.00000000	0.00000000	0.00000000	0.00000000
15.09949398	0.00000000	0.00000000	0.00000000	0.00000000	0.00000000	0.00000000	0.00000000	0.00000000
16.77721596	0.00000000	0.00000000	0.00000000	0.00000000	0.00000000	0.00000000	0.00000000	0.00000000
18.45493698	0.00000000	0.00000000	0.00000000	0.00000000	0.00000000	0.00000000	0.00000000	0.00000000
20.13265800	0.00000000	0.00000000	0.00000000	0.00000000	0.00000000	0.00000000	0.00000000	0.00000000
21.81037903	0.00000000	0.00000000	0.00000000	0.00000000	0.00000000	0.00000000	0.00000000	0.00000000
23.48810196	0.00000000	0.00000000	0.00000000	0.00000000	0.00000000	0.00000000	0.00000000	0.00000000
25.16582298	0.00000000	0.00000000	0.00000000	0.00000000	0.00000000	0.00000000	0.00000000	0.00000000
26.84354401	0.00000000	0.00000000	0.00000000	0.00000000	0.00000000	0.00000000	0.00000000	0.00000000
30.19898796	0.00000000	0.00000000	0.00000000	0.00000000	0.00000000	0.00000000	0.00000000	0.00000000
33.55443192	0.00000000	0.00000000	0.00000000	0.00000000	0.00000000	0.00000000	0.00000000	0.00000000
36.90987396	0.00000000	0.00000000	0.00000000	0.00000000	0.00000000	0.00000000	0.00000000	0.00000000
40.26531601	0.00000000	0.00000000	0.00000000	0.00000000	0.00000000	0.00000000	0.00000000	0.00000000
43.62075806	0.00000000	0.00000000	0.00000000	0.00000000	0.00000000	0.00000000	0.00000000	0.00000000
46.97620392	0.00000000	0.00000000	0.00000000	0.00000000	0.00000000	0.00000000	0.00000000	0.00000000
50.33164597	0.00000000	0.00000000	0.00000000	0.00000000	0.00000000	0.00000000	0.00000000	0.00000000
53.68708801	0.00000000	0.00000000	0.00000000	0.00000000	0.00000000	0.00000000	0.00000000	0.00000000
60.39797592	0.00000000	0.00000000	0.00000000	0.00000000	0.00000000	0.00000000	0.00000000	0.00000000
67.10886383	0.00000000	0.00000000	0.00000000	0.00000000	0.00000000	0.00000000	0.00000000	0.00000000
73.81974792	0.00000000	0.00000000	0.00000000	0.00000000	0.00000000	0.00000000	0.00000000	0.00000000
80.53063202	0.00000000	0.00000000	0.00000000	0.00000000	0.00000000	0.00000000	0.00000000	0.00000000
87.24151611	0.00000000	0.00000000	0.00000000	0.00000000	0.00000000	0.00000000	0.00000000	0.00000000
93.95240784	0.00000000	0.00000000	0.00000000	0.00000000	0.00000000	0.00000000	0.00000000	0.00000000
100.66329193	0.00000000	0.00000000	0.00000000	0.00000000	0.00000000	0.00000000	0.00000000	0.00000000
107.37417603	0.00000000	0.00000000	0.00000000	0.00000000	0.00000000	0.00000000	0.00000000	0.00000000
120.79595184	0.00000000	0.00000000	0.00000000	0.00000000	0.00000000	0.00000000	0.00000000	0.00000000
134.21772766	0.00000000	0.00000000	0.00000000	0.00000000	0.00000000	0.00000000	0.00000000	0.00000000
147.63949585	0.00000000	0.00000000	0.00000000	0.00000000	0.00000000	0.00000000	0.00000000	0.00000000
161.06126404	0.00000000	0.00000000	0.00000000	0.00000000	0.00000000	0.00000000	0.00000000	0.00000000
174.48303223	0.00000000	0.00000000	0.00000000	0.00000000	0.00000000	0.00000000	0.00000000	0.00000000
187.90481567	0.00000000	0.00000000	0.00000000	0.00000000	0.00000000	0.00000000	0.00000000	0.00000000
201.32658386	0.00000000	0.00000000	0.00000000	0.00000000	0.00000000	0.00000000	0.00000000	0.00000000
214.74835205	0.00000000	0.00000000	0.00000000	0.00000000	0.00000000	0.00000000	0.00000000	0.00000000
241.59190369	0.00000000	0.00000000	0.00000000	0.00000000	0.00000000	0.00000000	0.00000000	0.00000000
268.43545532	0.00000000	0.00000000	0.00000000	0.00000000	0.00000000	0.00000000	0.00000000	0.00000000
295.27899170	0.00000000	0.00000000	0.00000000	0.00000000	0.00000000	0.00000000	0.00000000	0.00000000
322.12252808	0.00000000	0.00000000	0.00000000	0.00000000	0.00000000	0.00000000	0.00000000	0.00000000
348.96606445	0.00000000	0.00000000	0.00000000	0.00000000	0.00000000	0.00000000	0.00000000	0.00000000
375.80963135	0.00000000	0.00000000	0.00000000	0.00000000	0.00000000	0.00000000	0.00000000	0.00000000
402.65316772	0.00000000	0.00000000	0.00000000	0.00000000	0.00000000	0.00000000	0.00000000	0.00000000
429.49670410	0.00000000	0.00000000	0.00000000	0.00000000	0.00000000	0.00000000	0.00000000	0.00000000
483.18380737	0.00000000	0.00000000	0.00000000	0.00000000	0.00000000	0.00000000	0.00000000	0.00000000
536.87091064	0.00000000	0.00000000	0.00000000	0.00000000	0.00000000	0.00000000	0.00000000	0.00000000
590.55798340	0.00000000	0.00000000	0.00000000	0.00000000	0.00000000	0.00000000	0.00000000	0.00000000
644.24505615	0.00000000	0.00000000	0.00000000	0.00000000	0.00000000	0.00000000	0.00000000	0.00000000
697.93212891	0.00000000	0.00000000	0.00000000	0.00000000	0.00000000	0.00000000	0.00000000	0.00000000
751.61926270	0.00000000	0.00000000	0.00000000	0.00000000	0.00000000	0.00000000	0.00000000	0.00000000
805.30633545	0.00000000	0.00000000	0.00000000	0.00000000	0.00000000	0.00000000	0.00000000	0.00000000
858.99340820	0.00000000	0.00000000	0.00000000	0.00000000	0.00000000	0.00000000	0.00000000	0.00000000
966.36761475	0.00000000	0.00000000	0.00000000	0.00000000	0.00000000	0.00000000	0.00000000	0.00000000
1073.74182129	0.00000000	0.00000000	0.00000000	0.00000000	0.00000000	0.00000000	0.00000000	0.00000000
1181.11596680	0.00000000	0.00000000	0.00000000	0.00000000	0.00000000	0.00000000	0.00000000	0.00000000
1288.49011230	0.00000000	0.00000000	0.00000000	0.00000000	0.00000000	0.00000000	0.00000000	0.00000000
1395.86425781	0.00000000	0.00000000	0.00000000	0.00000000	0.00000000	0.00000000	0.00000000	0.00000000
1503.23852539	0.00000000	0.00000000	0.00000000	0.00000000	0.00000000	0.00000000	0.00000000	0.00000000
1610.61267090	0.00000000	0.00000000	0.00000000	0.00000000	0.00000000	0.00000000	0.00000000	0.00000000
1717.98681641	0.00000000	0.00000000	0.00000000	0.00000000	0.00000000	0.00000000	0.00000000	0.00000000
1932.73522949	0.00000000	0.00000000	0.00000000	0.00000000	0.00000000	0.00000000	0.00000000	0.00000000
2147.48364258	0.00000000	0.00000000	0.00000000	0.00000000	0.00000000	0.00000000	0.00000000	0.00000000
2362.23193359	0.00000000	0.00000000	0.00000000	0.00000000	0.00000000	0.00000000	0.00000000	0.00000000
2576.98022461	0.00000000	0.00000000	0.00000000	0.00000000	0.00000000	0.00000000	0.00000000	0.00000000
2791.72851562	0.00000000	0.00000000	0.00000000	0.00000000	0.00000000	0.00000000	0.00000000	0.00000000
3006.47705078	0.00000000	0.00000000	0.00000000	0.00000000	0.00000000	0.00000000	0.00000000	0.00000000
3221.22534180	0.00000000	0.00000000	0.00000000	0.00000000	0.00000000	0.00000000	0.00000000	0.00000000
3435.97363281	0.00000000	0.00000000	0.00000000	0.00000000	0.00000000	0.00000000	0.00000000	0.00000000
0	0	0	0	0	0	0	0	0
