%6/23/2015 2:24:13 PM
%Duration	ID1		ID2		ID3		ID4		ID5		ID6		ID7		ID8
3000.000000	38.414001	41.236877	31.700134	40.483475	40.426254	44.612885	54.693222	171.537399
%Tau		Tau1		Tau2		Tau3		Tau4		Tau5		Tau6		Tau7		Tau8
%		0.000038	0.000035	0.000032	0.000035	0.000038	0.000045	0.000038	0.000192
%Delaytime	D1		D2		D3		D4		D5		D6		D7		D8
0.00000000	1.91266060	3.00391459	3.54121614	2.97196770	2.50175238	1.69565642	2.14712644	1.69618213
0.00000020	1.63287091	1.68713021	1.74185896	1.76635826	1.57289445	1.47918963	1.60440505	1.48941946
0.00000040	1.49985611	1.58523607	1.49833691	1.53558862	1.56864345	1.39329016	1.49936211	1.46655953
0.00000060	1.49068272	1.50881553	1.60656893	1.50323772	1.53888595	1.46200979	1.50561464	1.43619347
0.00000080	1.38977492	1.46570659	1.49157238	1.55499911	1.34971344	1.48777962	1.51061666	1.41981614
0.00000100	1.41958857	1.48726106	1.54568839	1.43206573	1.50062633	1.43967593	1.52062082	1.43869555
0.00000120	1.61681736	1.39124548	1.41716290	1.46657336	1.47511995	1.51698542	1.53687739	1.44642925
0.00000140	1.46774912	1.44611156	1.43069196	1.57440960	1.40285182	1.53760135	1.51436818	1.45120585
0.00000160	1.40353513	1.45394957	1.43069196	1.46010315	1.35183907	1.43795788	1.51436818	1.43335021
0.00000180	1.47462916	1.39124548	1.56598186	1.42128217	1.46449232	1.46200979	1.46934986	1.46587718
0.00000200	1.43105543	1.49313962	1.47804344	1.45794642	1.39009857	1.47747171	1.49185908	1.43778563
0.00000220	1.54113662	1.45982802	1.49157238	1.50323772	1.42198157	1.48434365	1.47935390	1.41572189
0.00000240	1.51132298	1.44219255	1.45436764	1.45147634	1.39009857	1.48606157	1.40682435	1.42652631
0.00000260	1.41958857	1.45394957	1.54907072	1.39755809	1.40285182	1.55993521	1.35305238	1.43903673
0.00000280	1.52049637	1.41280007	1.48819017	1.48382711	1.49850082	1.38298225	1.46059632	1.42163587
0.00000300	1.47233582	1.45982802	1.39010489	1.44931960	1.39647520	1.48090768	1.45809531	1.44006026
0.00000340	1.48265600	1.44905078	1.42730963	1.42451727	1.47724545	1.44912481	1.46997511	1.43625033
0.00000380	1.43220210	1.42357731	1.45267653	1.49353242	1.43898582	1.39930308	1.46247208	1.44750965
0.00000420	1.44366884	1.37361002	1.47973454	1.43961430	1.46661782	1.51784444	1.41370213	1.45928073
0.00000460	1.46430910	1.43141532	1.45774996	1.45363307	1.45386457	1.40359807	1.50436413	1.43716013
0.00000500	1.39092159	1.41573930	1.46451437	1.33177805	1.39753795	1.41991901	1.42120516	1.44347215
0.00000540	1.38633490	1.42357731	1.50510144	1.42020380	1.40285182	1.45685577	1.42683244	1.43283832
0.00000580	1.40353513	1.45688879	1.44422090	1.36628568	1.39222419	1.45943272	1.48873281	1.43426001
0.00000620	1.43793547	1.44611156	1.39348710	1.43422246	1.51337957	1.38899517	1.38869190	1.43488550
0.00000700	1.46660244	1.37556958	1.43322861	1.43691838	1.46714914	1.40875208	1.41839159	1.45214415
0.00000780	1.42016196	1.40153289	1.42392743	1.43152654	1.38797307	1.39973259	1.42370617	1.44614482
0.00000860	1.42417538	1.45199001	1.37911260	1.39755809	1.46342945	1.39414918	1.43058407	1.44000340
0.00000940	1.40238845	1.39712405	1.45352209	1.37113822	1.44058001	1.37525129	1.38931715	1.42863035
0.00001020	1.38060153	1.41671908	1.45183098	1.43853593	1.43792307	1.41347659	1.41495264	1.43539727
0.00001100	1.40181506	1.37654924	1.42900074	1.37599087	1.37893951	1.38684773	1.39588237	1.43087649
0.00001180	1.41442859	1.37312019	1.39095044	1.40834177	1.40869701	1.36021888	1.40150964	1.42487717
0.00001260	1.41156185	1.41035068	1.41631734	1.38677454	1.42198157	1.37482178	1.38275194	1.43283832
0.00001420	1.37171471	1.35083079	1.35290015	1.35577154	1.40763426	1.34282422	1.36977792	1.42501938
0.00001580	1.35107458	1.40839112	1.30258918	1.34687507	1.36645210	1.35248792	1.37040317	1.42091084
0.00001740	1.37515485	1.34323776	1.33218384	1.37733889	1.32261300	1.36258101	1.33273160	1.42102456
0.00001900	1.35222125	1.31972373	1.35120904	1.32207274	1.36964035	1.33917344	1.34039092	1.42344129
0.00002060	1.33158100	1.35328019	1.35205460	1.29538333	1.29498100	1.35034037	1.33491993	1.41634738
0.00002220	1.32642090	1.31972373	1.31611812	1.28648674	1.33005226	1.30438411	1.29631042	1.40616846
0.00002380	1.29947400	1.26755202	1.32330549	1.32530785	1.28568184	1.28570104	1.30959713	1.40714943
0.00002540	1.32842767	1.29571986	1.28990579	1.28217328	1.28329062	1.28290927	1.28708792	1.40564251
0.00002860	1.29113269	1.27812517	1.27499270	1.27396286	1.26183641	1.26980853	1.25732219	1.40375626
0.00003180	1.25516045	1.25233781	1.22352707	1.27921164	1.25400305	1.26615715	1.26233923	1.39986813
0.00003500	1.24627483	1.23046124	1.19958162	1.24610424	1.25679123	1.23769820	1.23545098	1.39191020
0.00003820	1.20055711	1.20724046	1.21292436	1.21245849	1.20633900	1.21847498	1.20307529	1.37928355
0.00004140	1.21689510	1.20296288	1.18200302	1.20828640	1.19399154	1.21675670	1.21334457	1.38406134
0.00004460	1.20542979	1.16715384	1.16908371	1.17127609	1.19160163	1.19033813	1.20095861	1.36750126
0.00004780	1.18824244	1.15419912	1.18030870	1.17316020	1.15694892	1.17820275	1.19021904	1.36252046
0.00005100	1.16130912	1.16947591	1.16505969	1.15055025	1.15270030	1.16327524	1.16717196	1.36250627
0.00005740	1.15187693	1.14209974	1.13398921	1.15549600	1.14897704	1.13148892	1.14602447	1.34764135
0.00006380	1.13208735	1.12383735	1.12658334	1.14957869	1.14067817	1.13368988	1.11802769	1.33679008
0.00007020	1.11072052	1.10191035	1.09956062	1.10804176	1.11272717	1.10497892	1.10791111	1.32156777
0.00007660	1.12104547	1.08089066	1.07645881	1.09890604	1.09261048	1.08920491	1.09406960	1.31261706
0.00008300	1.09062493	1.09444988	1.07455134	1.09102917	1.09008753	1.08550084	1.08744299	1.30573273
0.00008940	1.07793403	1.07589102	1.06628561	1.08941531	1.08510816	1.07820010	1.07752252	1.29578292
0.00009580	1.06330729	1.04449689	1.07116020	1.06453514	1.08039439	1.06800056	1.04842782	1.28422487
0.00010220	1.06502807	1.05335319	1.05113161	1.07388198	1.06426108	1.06392884	1.05630934	1.27504945
0.00011500	1.05607164	1.04987824	1.04438806	1.04446137	1.05376804	1.05949426	1.04945898	1.25898540
0.00012780	1.04280531	1.03510475	1.05005717	1.04960811	1.05130875	1.03806615	1.03539848	1.24321127
0.00014060	1.03528488	1.04166007	1.03617585	1.02162039	1.04276776	1.02950323	1.03650272	1.22645903
0.00015340	1.04379177	1.02557266	1.03829515	1.01926565	1.03246534	1.02854562	1.02958047	1.21669030
0.00016620	1.02975464	1.02841544	1.02711582	1.02098119	1.01930487	1.02213597	1.02792645	1.20525551
0.00017900	1.02659929	1.01679945	1.00856113	1.01411879	1.03685212	1.01726282	1.01928520	1.19105661
0.00019180	1.00660038	1.01178622	1.02552640	1.01614583	1.01754344	1.01008308	1.02023315	1.17890775
0.00020460	1.01958954	1.00927961	1.01847970	1.01104140	1.01751029	1.01262307	1.02035081	1.17028987
0.00023020	1.01560152	1.01399708	1.00543869	1.00930023	1.02414489	1.00234008	1.01773703	1.15261221
0.00025580	1.00942957	1.00906372	1.02376318	1.01185632	1.00676465	0.99544388	1.00918305	1.13669097
0.00028140	1.00673842	1.00473523	0.99750924	1.00679410	1.01306522	1.00343764	1.00800455	1.12188232
0.00030700	1.00232470	1.00705302	1.00528550	1.00706327	1.01037216	0.99568886	1.01173723	1.11185122
0.00033260	1.00057530	1.00159264	1.00144255	1.01141953	1.00072157	1.00277102	1.00858307	1.10018575
0.00035820	0.99766874	1.00256336	1.00711429	1.00223601	1.00404632	1.00741661	1.00344014	1.09172535
0.00038380	0.99592841	0.99766076	0.98833907	0.99946898	1.00773692	0.99769455	1.00178456	1.08347821
0.00040940	1.00213647	1.00108683	0.98892212	1.00048637	1.00063038	0.99815047	1.00148749	1.07716143
0.00046060	1.00072742	0.99452347	1.00081611	1.00567579	1.00270379	0.99832284	1.00560892	1.06219614
0.00051180	1.00089788	0.99828386	0.99461395	1.00940979	1.00490952	0.99965966	1.00105023	1.05356932
0.00056300	0.99937379	0.99543190	0.99711412	1.00232029	1.00020659	0.99690348	1.00107467	1.04383862
0.00061420	0.99558175	1.00085187	1.00259376	0.99867874	0.99895740	1.00129068	0.99955571	1.03906882
0.00066540	1.00387478	0.99623525	1.00438142	0.99703884	0.99380469	1.00150633	1.00065863	1.03213167
0.00071660	0.99896234	1.00171041	0.99688900	1.00589442	0.99581116	0.99928290	1.00107145	1.02751064
0.00076780	0.99635363	0.99740660	0.99986595	1.00106657	1.00150549	0.99937201	1.00343394	1.02496588
0.00081900	1.00228822	0.99594611	1.00174880	0.99819845	1.00034010	0.99171078	1.00342250	1.02315712
0.00092140	1.00403428	0.99747109	0.99856824	1.00550818	1.00424969	0.99368215	1.00548327	1.01922607
0.00102380	0.99597454	1.00702381	0.99476761	1.00182092	1.00281787	1.00108588	1.00046086	1.01354170
0.00112620	0.99320740	1.00588858	0.99389452	0.99767125	1.00233543	0.99906784	0.99998808	1.00882828
0.00122860	1.00385475	1.00190830	1.00330651	0.99982262	1.00118184	1.00397420	1.00057828	1.00832188
0.00133100	1.00135231	1.00292730	0.99549007	1.00148952	1.00031590	1.00410271	0.99926907	1.00816858
0.00143340	0.99703318	0.99992508	0.99549919	1.00239015	0.99741471	1.00396180	1.00237334	1.00739694
0.00153580	1.00186408	1.00109744	1.00072443	1.00365305	1.00323045	1.00173950	0.99792892	1.00712371
0.00163820	1.00353706	0.98861116	0.99748349	1.00663769	1.00458872	1.00269032	0.99713326	1.00483859
0.00184300	1.00438952	0.99660206	0.99822235	1.00042844	0.99989861	1.00481403	1.00086892	1.00453556
0.00204780	1.00254786	0.99915355	0.99588704	1.00000119	0.99882275	1.00142634	0.99703139	1.00223780
0.00225260	1.00196254	1.00150776	0.99914777	0.99845833	1.00143182	1.00172007	0.99557662	0.99992543
0.00245740	1.00194466	1.00186551	1.00067568	0.99995244	1.00233960	1.00272346	1.00027001	0.99802190
0.00266220	0.99781293	1.00381899	1.00010717	1.00348663	1.00073850	1.00001681	0.99954373	0.99775630
0.00286700	0.99723518	1.00399745	1.00202346	1.00226545	0.99700689	1.00304937	1.00058889	1.00178051
0.00307180	1.00249481	0.99951673	1.00196970	1.00363493	1.00211489	0.99991167	0.99941701	1.00025618
0.00327660	0.99685931	1.00239182	1.00174582	0.99883133	1.00169063	1.00247920	1.00344384	1.00104260
0.00368620	0.99616838	1.00273371	1.00226855	1.00167334	1.00128353	1.00185812	1.00403225	1.00021100
0.00409580	0.99642998	1.00007856	0.99971890	1.00066400	1.00156605	1.00020790	0.99627829	1.00185859
0.00450540	1.00296783	1.00071585	0.99786824	1.00076962	1.00061512	0.99968827	1.00208187	1.00256693
0.00491500	1.00190437	1.00016761	1.00246108	0.99833423	0.99973303	1.00158274	1.00091004	1.00302553
0.00532460	0.99982792	0.99576795	1.00108945	1.00040472	0.99870205	0.99784243	1.00211394	1.00281560
0.00573420	1.00228846	0.99878722	0.99922317	0.99857330	1.00170004	0.99514157	1.00038874	1.00370634
0.00614380	1.00289822	0.99974734	0.99924386	1.00007880	1.00084662	1.00107765	1.00056040	1.00008678
0.00655340	1.00119865	1.00509560	0.99802023	1.00107110	1.00088537	0.99930322	1.00113821	0.99421030
0.00737260	1.00252259	1.00112927	1.00137043	1.00076830	1.00283170	0.99975765	1.00199747	0.99523515
0.00819180	1.00080121	0.99993378	1.00001061	0.99802220	1.00330114	1.00103712	1.00231230	0.99707443
0.00901100	1.00012338	1.00019360	1.00080454	1.00209093	1.00420952	0.99904549	1.00030529	0.99608117
0.00983020	1.00102746	0.99992496	0.99895650	0.99915725	1.00378275	1.00174630	0.99934345	0.99730468
0.01064940	1.00013578	1.00022042	0.99915731	0.99773932	1.00277567	0.99750006	1.00063896	1.00319064
0.01146860	1.00194168	1.00174665	1.00241029	1.00160575	1.00339997	0.99953640	0.99880451	1.00294673
0.01228780	1.00008023	1.00027835	1.00227749	0.99962115	1.00225103	0.99820369	1.00132787	1.00138688
0.01310700	1.00170946	1.00043845	1.00029981	1.00061297	1.00061595	0.99993169	1.00227523	0.99797761
0.01474540	1.00141919	1.00062442	1.00072598	1.00076377	1.00202990	0.99897712	1.00069547	0.99906600
0.01638380	1.00129998	0.99966347	0.99894679	1.00014436	1.00270295	1.00006509	1.00064695	1.00109529
0.01802220	1.00246072	1.00089586	1.00117326	0.99989420	1.00245535	0.99890459	1.00107908	1.00015008
0.01966060	1.00090718	1.00124204	0.99942940	0.99916047	1.00043964	1.00122654	0.99892253	0.99479067
0.02129900	1.00102556	1.00108540	1.00162649	1.00107670	1.00124252	1.00219965	0.99962628	0.99687302
0.02293740	1.00094330	1.00080848	0.99985820	1.00037110	1.00147510	0.99936980	1.00167799	0.99919403
0.02457580	0.99852532	1.00015366	1.00075829	1.00273168	1.00054431	1.00068521	1.00061595	0.99717575
0.02621420	1.00183201	1.00139368	1.00059295	1.00051510	1.00043678	1.00091290	1.00115526	1.00207102
0.02949100	1.00084722	0.99977160	1.00080109	1.00057745	1.00099683	1.00050807	1.00006783	1.00034678
0.03276780	1.00212026	1.00019622	0.99980265	1.00058198	1.00168443	0.99949062	0.99932474	1.00186074
0.03604460	1.00076151	1.00074220	1.00037241	0.99881840	1.00033402	0.99985027	1.00045872	1.00009668
0.03932140	1.00123882	1.00036788	1.00066054	1.00045919	1.00196981	1.00048470	1.00113165	1.00206375
0.04259820	1.00139844	1.00107634	1.00050914	0.99917454	1.00233436	0.99973321	1.00063121	1.00051427
0.04587500	1.00141537	0.99995214	1.00086427	1.00068104	1.00118983	1.00024939	1.00103152	1.00098348
0.04915180	1.00185359	1.00082910	1.00001335	1.00038993	1.00148857	1.00076628	1.00055158	1.00078535
0.05242860	0.99985802	0.99999958	1.00083780	1.00022590	1.00277472	0.99942631	1.00018537	1.00073969
0.05898220	1.00107729	1.00018251	0.99987859	1.00094783	1.00118113	1.00012851	0.99927318	1.00058103
0.06553581	1.00070190	1.00076783	0.99974823	1.00084579	1.00131035	1.00061738	1.00036228	1.00165296
0.07208940	1.00026965	1.00017178	1.00034797	1.00046718	1.00131726	1.00052643	1.00075328	0.99994034
0.07864300	1.00120878	1.00083125	1.00006878	1.00003767	1.00168240	1.00035405	0.99943978	1.00003600
0.08519660	1.00049245	1.00117505	1.00105286	1.00068128	1.00140524	1.00010443	1.00021839	1.00088704
0.09175020	1.00091791	1.00095522	1.00152647	1.00051427	1.00210583	1.00097775	1.00078309	1.00117707
0.09830380	1.00090861	1.00054407	1.00063515	1.00020993	1.00144410	1.00008130	1.00026000	0.99976921
0.10485740	0.99969697	1.00100923	1.00063646	0.99968010	1.00207627	1.00020456	1.00047338	1.00004601
0.11796460	1.00035048	1.00041199	1.00100064	1.00103271	1.00180840	1.00056231	0.99997377	1.00001597
0.13107181	1.00072896	0.99993730	1.00009823	1.00059509	1.00128937	1.00032759	1.00048709	0.99974352
0.14417900	0.99996221	1.00105822	1.00035286	1.00021338	1.00155318	1.00026941	1.00111210	0.99993944
0.15728620	1.00040936	0.99983490	1.00073707	0.99964309	1.00226963	1.00030351	1.00037336	0.99986613
0.17039341	1.00117254	1.00045466	1.00046098	0.99981892	1.00150895	0.99964648	1.00084603	1.00081813
0.18350060	0.99992698	1.00028133	1.00033343	0.99997032	1.00112176	0.99995291	1.00055921	1.00043416
0.19660780	1.00057936	1.00057828	1.00133228	1.00004542	1.00111949	1.00010598	1.00038159	0.99954772
0.20971501	0.99961692	0.99998295	1.00011551	1.00009549	1.00119925	1.00073564	1.00082242	0.99969429
0.23592941	0.99985337	1.00062466	0.99990869	1.00014973	1.00081217	1.00030231	1.00020099	1.00091588
0.26214382	1.00017321	1.00041461	0.99987853	0.99995595	1.00196970	0.99975330	1.00069582	1.00085592
0.28835821	1.00039661	0.99983239	1.00046933	1.00020266	1.00099826	0.99973094	1.00007951	1.00046408
0.31457260	1.00014162	1.00043571	1.00039208	0.99995655	1.00142336	1.00018442	1.00017297	1.00012970
0.34078699	0.99971402	1.00031734	0.99991715	1.00047946	1.00100291	1.00047433	0.99969631	0.99915183
0.36700141	1.00004780	1.00000656	1.00017893	1.00006163	1.00079441	1.00008595	1.00010681	0.99935037
0.39321581	1.00034034	1.00011742	1.00006056	1.00025022	1.00135434	0.99998540	1.00006509	0.99943882
0.41943020	1.00036609	1.00004590	1.00027025	1.00005603	1.00136089	1.00012994	1.00003338	0.99856853
0.47185901	1.00020838	1.00020337	0.99994922	0.99995816	1.00101137	0.99968749	1.00003374	0.99954158
0.52428782	0.99998420	1.00045192	0.99991828	0.99984699	1.00117791	1.00014985	0.99981350	0.99954855
0.57671660	1.00003481	1.00046515	0.99972856	0.99966913	1.00119638	1.00010145	0.99982178	0.99993449
0.62914538	1.00002301	1.00027180	0.99986249	0.99993044	1.00103855	1.00014937	1.00013876	0.99935585
0.68157423	1.00012767	1.00038338	0.99961042	1.00045097	1.00142455	0.99963140	0.99979573	0.99936575
0.73400301	0.99989164	1.00030077	0.99993348	1.00013280	1.00109255	1.00014615	1.00028980	0.99996364
0.78643179	0.99974442	1.00078738	1.00003242	1.00024199	1.00091982	1.00002992	1.00012314	0.99959546
0.83886063	0.99997336	1.00022233	1.00008762	1.00010765	1.00073755	0.99992090	1.00021589	1.00041199
0.94371825	0.99989158	1.00023687	1.00038671	1.00001609	1.00095117	1.00025737	1.00032890	0.99978590
1.04857588	0.99971789	1.00017250	1.00000191	0.99989927	1.00063348	0.99985188	1.00010216	0.99980485
1.15343344	0.99978584	1.00021732	1.00006533	0.99993259	1.00086606	0.99991882	1.00033391	0.99991083
1.25829101	0.99953914	1.00015783	0.99999750	0.99985713	1.00036252	0.99979913	0.99998224	1.00012302
1.36314869	0.99973339	1.00019693	0.99989760	0.99985147	1.00054073	0.99972641	1.00024545	1.00001550
1.46800625	0.99961150	0.99980915	0.99962181	0.99977285	1.00059748	0.99971473	1.00009191	1.00060070
1.57286382	0.99945438	0.99978471	0.99940687	1.00000322	1.00038791	0.99981868	1.00016987	0.99993265
1.67772150	0.99961782	0.99973643	0.99943417	1.00016010	1.00032723	0.99992442	1.00005412	1.00037146
1.88743675	0.99999934	1.00004494	1.00019503	0.99988854	1.00034797	0.99999893	1.00006700	0.99977958
2.09715199	0.99972516	0.99984241	1.00015664	0.99988419	1.00001991	0.99991071	0.99991786	0.99995589
2.30686712	0.99966794	0.99949771	0.99997181	0.99977690	1.00027704	1.00002837	1.00002086	1.00024927
2.51658225	1.00033224	0.99978393	0.99944347	0.99969804	0.99985325	1.00029206	1.00038409	0.99982917
2.72629738	1.00060260	0.99994761	0.99952376	1.00009441	0.99991667	1.00022697	1.00039124	1.00012362
2.93601274	1.00039387	0.99994791	0.99985343	1.00021029	0.99979872	1.00013077	1.00006938	1.00050974
3.14572787	1.00034738	0.99987543	0.99994153	1.00006568	1.00002337	1.00020671	0.99971515	0.99992532
3.35544300	1.00009048	0.99987787	0.99995393	0.99989688	1.00014174	1.00025392	0.99983686	0.99948847
3.77487350	0.99976945	0.99984986	0.99989855	1.00008833	0.99967790	0.99984276	0.99983245	1.00002563
4.19430399	1.00010514	1.00019979	1.00011384	0.99998993	1.00004113	0.99988806	1.00016105	0.99994642
4.61373425	1.00008488	1.00017464	0.99992287	1.00000203	0.99974936	0.99990338	0.99988288	1.00004375
5.03316450	1.00000000	1.00000000	1.00000000	1.00000000	1.00000000	1.00000000	1.00000000	1.00000000
5.45259476	0.00000000	0.00000000	0.00000000	0.00000000	0.00000000	0.00000000	0.00000000	0.00000000
5.87202549	0.00000000	0.00000000	0.00000000	0.00000000	0.00000000	0.00000000	0.00000000	0.00000000
6.29145575	0.00000000	0.00000000	0.00000000	0.00000000	0.00000000	0.00000000	0.00000000	0.00000000
6.71088600	0.00000000	0.00000000	0.00000000	0.00000000	0.00000000	0.00000000	0.00000000	0.00000000
7.54974699	0.00000000	0.00000000	0.00000000	0.00000000	0.00000000	0.00000000	0.00000000	0.00000000
8.38860798	0.00000000	0.00000000	0.00000000	0.00000000	0.00000000	0.00000000	0.00000000	0.00000000
9.22746849	0.00000000	0.00000000	0.00000000	0.00000000	0.00000000	0.00000000	0.00000000	0.00000000
10.06632900	0.00000000	0.00000000	0.00000000	0.00000000	0.00000000	0.00000000	0.00000000	0.00000000
10.90518951	0.00000000	0.00000000	0.00000000	0.00000000	0.00000000	0.00000000	0.00000000	0.00000000
11.74405098	0.00000000	0.00000000	0.00000000	0.00000000	0.00000000	0.00000000	0.00000000	0.00000000
12.58291149	0.00000000	0.00000000	0.00000000	0.00000000	0.00000000	0.00000000	0.00000000	0.00000000
13.42177200	0.00000000	0.00000000	0.00000000	0.00000000	0.00000000	0.00000000	0.00000000	0.00000000
15.09949398	0.00000000	0.00000000	0.00000000	0.00000000	0.00000000	0.00000000	0.00000000	0.00000000
16.77721596	0.00000000	0.00000000	0.00000000	0.00000000	0.00000000	0.00000000	0.00000000	0.00000000
18.45493698	0.00000000	0.00000000	0.00000000	0.00000000	0.00000000	0.00000000	0.00000000	0.00000000
20.13265800	0.00000000	0.00000000	0.00000000	0.00000000	0.00000000	0.00000000	0.00000000	0.00000000
21.81037903	0.00000000	0.00000000	0.00000000	0.00000000	0.00000000	0.00000000	0.00000000	0.00000000
23.48810196	0.00000000	0.00000000	0.00000000	0.00000000	0.00000000	0.00000000	0.00000000	0.00000000
25.16582298	0.00000000	0.00000000	0.00000000	0.00000000	0.00000000	0.00000000	0.00000000	0.00000000
26.84354401	0.00000000	0.00000000	0.00000000	0.00000000	0.00000000	0.00000000	0.00000000	0.00000000
30.19898796	0.00000000	0.00000000	0.00000000	0.00000000	0.00000000	0.00000000	0.00000000	0.00000000
33.55443192	0.00000000	0.00000000	0.00000000	0.00000000	0.00000000	0.00000000	0.00000000	0.00000000
36.90987396	0.00000000	0.00000000	0.00000000	0.00000000	0.00000000	0.00000000	0.00000000	0.00000000
40.26531601	0.00000000	0.00000000	0.00000000	0.00000000	0.00000000	0.00000000	0.00000000	0.00000000
43.62075806	0.00000000	0.00000000	0.00000000	0.00000000	0.00000000	0.00000000	0.00000000	0.00000000
46.97620392	0.00000000	0.00000000	0.00000000	0.00000000	0.00000000	0.00000000	0.00000000	0.00000000
50.33164597	0.00000000	0.00000000	0.00000000	0.00000000	0.00000000	0.00000000	0.00000000	0.00000000
53.68708801	0.00000000	0.00000000	0.00000000	0.00000000	0.00000000	0.00000000	0.00000000	0.00000000
60.39797592	0.00000000	0.00000000	0.00000000	0.00000000	0.00000000	0.00000000	0.00000000	0.00000000
67.10886383	0.00000000	0.00000000	0.00000000	0.00000000	0.00000000	0.00000000	0.00000000	0.00000000
73.81974792	0.00000000	0.00000000	0.00000000	0.00000000	0.00000000	0.00000000	0.00000000	0.00000000
80.53063202	0.00000000	0.00000000	0.00000000	0.00000000	0.00000000	0.00000000	0.00000000	0.00000000
87.24151611	0.00000000	0.00000000	0.00000000	0.00000000	0.00000000	0.00000000	0.00000000	0.00000000
93.95240784	0.00000000	0.00000000	0.00000000	0.00000000	0.00000000	0.00000000	0.00000000	0.00000000
100.66329193	0.00000000	0.00000000	0.00000000	0.00000000	0.00000000	0.00000000	0.00000000	0.00000000
107.37417603	0.00000000	0.00000000	0.00000000	0.00000000	0.00000000	0.00000000	0.00000000	0.00000000
120.79595184	0.00000000	0.00000000	0.00000000	0.00000000	0.00000000	0.00000000	0.00000000	0.00000000
134.21772766	0.00000000	0.00000000	0.00000000	0.00000000	0.00000000	0.00000000	0.00000000	0.00000000
147.63949585	0.00000000	0.00000000	0.00000000	0.00000000	0.00000000	0.00000000	0.00000000	0.00000000
161.06126404	0.00000000	0.00000000	0.00000000	0.00000000	0.00000000	0.00000000	0.00000000	0.00000000
174.48303223	0.00000000	0.00000000	0.00000000	0.00000000	0.00000000	0.00000000	0.00000000	0.00000000
187.90481567	0.00000000	0.00000000	0.00000000	0.00000000	0.00000000	0.00000000	0.00000000	0.00000000
201.32658386	0.00000000	0.00000000	0.00000000	0.00000000	0.00000000	0.00000000	0.00000000	0.00000000
214.74835205	0.00000000	0.00000000	0.00000000	0.00000000	0.00000000	0.00000000	0.00000000	0.00000000
241.59190369	0.00000000	0.00000000	0.00000000	0.00000000	0.00000000	0.00000000	0.00000000	0.00000000
268.43545532	0.00000000	0.00000000	0.00000000	0.00000000	0.00000000	0.00000000	0.00000000	0.00000000
295.27899170	0.00000000	0.00000000	0.00000000	0.00000000	0.00000000	0.00000000	0.00000000	0.00000000
322.12252808	0.00000000	0.00000000	0.00000000	0.00000000	0.00000000	0.00000000	0.00000000	0.00000000
348.96606445	0.00000000	0.00000000	0.00000000	0.00000000	0.00000000	0.00000000	0.00000000	0.00000000
375.80963135	0.00000000	0.00000000	0.00000000	0.00000000	0.00000000	0.00000000	0.00000000	0.00000000
402.65316772	0.00000000	0.00000000	0.00000000	0.00000000	0.00000000	0.00000000	0.00000000	0.00000000
429.49670410	0.00000000	0.00000000	0.00000000	0.00000000	0.00000000	0.00000000	0.00000000	0.00000000
483.18380737	0.00000000	0.00000000	0.00000000	0.00000000	0.00000000	0.00000000	0.00000000	0.00000000
536.87091064	0.00000000	0.00000000	0.00000000	0.00000000	0.00000000	0.00000000	0.00000000	0.00000000
590.55798340	0.00000000	0.00000000	0.00000000	0.00000000	0.00000000	0.00000000	0.00000000	0.00000000
644.24505615	0.00000000	0.00000000	0.00000000	0.00000000	0.00000000	0.00000000	0.00000000	0.00000000
697.93212891	0.00000000	0.00000000	0.00000000	0.00000000	0.00000000	0.00000000	0.00000000	0.00000000
751.61926270	0.00000000	0.00000000	0.00000000	0.00000000	0.00000000	0.00000000	0.00000000	0.00000000
805.30633545	0.00000000	0.00000000	0.00000000	0.00000000	0.00000000	0.00000000	0.00000000	0.00000000
858.99340820	0.00000000	0.00000000	0.00000000	0.00000000	0.00000000	0.00000000	0.00000000	0.00000000
966.36761475	0.00000000	0.00000000	0.00000000	0.00000000	0.00000000	0.00000000	0.00000000	0.00000000
1073.74182129	0.00000000	0.00000000	0.00000000	0.00000000	0.00000000	0.00000000	0.00000000	0.00000000
1181.11596680	0.00000000	0.00000000	0.00000000	0.00000000	0.00000000	0.00000000	0.00000000	0.00000000
1288.49011230	0.00000000	0.00000000	0.00000000	0.00000000	0.00000000	0.00000000	0.00000000	0.00000000
1395.86425781	0.00000000	0.00000000	0.00000000	0.00000000	0.00000000	0.00000000	0.00000000	0.00000000
1503.23852539	0.00000000	0.00000000	0.00000000	0.00000000	0.00000000	0.00000000	0.00000000	0.00000000
1610.61267090	0.00000000	0.00000000	0.00000000	0.00000000	0.00000000	0.00000000	0.00000000	0.00000000
1717.98681641	0.00000000	0.00000000	0.00000000	0.00000000	0.00000000	0.00000000	0.00000000	0.00000000
1932.73522949	0.00000000	0.00000000	0.00000000	0.00000000	0.00000000	0.00000000	0.00000000	0.00000000
2147.48364258	0.00000000	0.00000000	0.00000000	0.00000000	0.00000000	0.00000000	0.00000000	0.00000000
2362.23193359	0.00000000	0.00000000	0.00000000	0.00000000	0.00000000	0.00000000	0.00000000	0.00000000
2576.98022461	0.00000000	0.00000000	0.00000000	0.00000000	0.00000000	0.00000000	0.00000000	0.00000000
2791.72851562	0.00000000	0.00000000	0.00000000	0.00000000	0.00000000	0.00000000	0.00000000	0.00000000
3006.47705078	0.00000000	0.00000000	0.00000000	0.00000000	0.00000000	0.00000000	0.00000000	0.00000000
3221.22534180	0.00000000	0.00000000	0.00000000	0.00000000	0.00000000	0.00000000	0.00000000	0.00000000
3435.97363281	0.00000000	0.00000000	0.00000000	0.00000000	0.00000000	0.00000000	0.00000000	0.00000000
0	0	0	0	0	0	0	0	0
