%7/1/2015 1:57:23 PM
%Duration	ID1		ID2		ID3		ID4		ID5		ID6		ID7		ID8
3000.000000	39.682388	35.972595	19.540787	33.559799	31.633377	28.781891	35.524368	165.529251
%Tau		Tau1		Tau2		Tau3		Tau4		Tau5		Tau6		Tau7		Tau8
%		0.000048	0.000038	0.000019	0.000032	0.000045	0.000041	0.000045	0.000205
%Delaytime	D1		D2		D3		D4		D5		D6		D7		D8
0.00000000	1.99083400	3.31653833	5.32928562	3.41013861	2.91946101	1.96649957	2.60467386	1.73633730
0.00000020	1.58021009	1.68977344	1.99848211	1.78887522	1.51392412	1.56163192	1.41936719	1.52375925
0.00000040	1.46717310	1.52652407	1.58333850	1.63650084	1.49644232	1.58832657	1.45237577	1.47038579
0.00000060	1.49716246	1.40337110	1.45782995	1.59383595	1.49993873	1.51269197	1.51839280	1.45455694
0.00000080	1.52023125	1.47497165	1.53506589	1.42317665	1.47196782	1.46375191	1.45237577	1.45167899
0.00000100	1.48793507	1.56662047	1.50610244	1.48412645	1.58385134	1.37477005	1.46737969	1.47287130
0.00000120	1.46948004	1.50361192	1.63161099	1.53898120	1.46147871	1.51269197	1.38635874	1.45992041
0.00000140	1.35874999	1.48642778	1.52541149	1.49022138	1.42651510	1.53938651	1.41036487	1.48699963
0.00000160	1.44871807	1.45205951	1.51575696	1.38965428	1.42651510	1.53938651	1.41036487	1.45494938
0.00000180	1.49716246	1.47783577	1.45782995	1.60602593	1.40204060	1.55718291	1.41936719	1.45913553
0.00000200	1.44410431	1.43487537	1.44817543	1.53593373	1.45798242	1.52603924	1.44637418	1.43663502
0.00000220	1.48101437	1.34609067	1.20681286	1.41098678	1.45448601	1.42371011	1.44337344	1.46175194
0.00000240	1.48332131	1.41769123	1.37093937	1.47498393	1.44399691	1.43705738	1.45837736	1.48111284
0.00000260	1.43026316	1.49501991	1.44817543	1.47803152	1.33211339	1.49934471	1.52139366	1.47378707
0.00000280	1.48562813	1.43773937	1.34197593	1.44146156	1.36008430	1.56163192	1.41636646	1.46476066
0.00000300	1.49946940	1.52366006	1.54472041	1.50850630	1.39504790	1.41036272	1.50939047	1.47169399
0.00000340	1.42449594	1.48642778	1.42886639	1.44603288	1.42476690	1.47265005	1.42386842	1.45933175
0.00000380	1.49831593	1.35754681	1.33232141	1.55878985	1.48245692	1.42593455	1.45537651	1.47287130
0.00000420	1.48793507	1.48069978	1.33714867	1.45060408	1.37232149	1.53493738	1.44187307	1.45311797
0.00000460	1.43141651	1.42485130	1.35645759	1.50545883	1.48770142	1.40368915	1.40286291	1.46495688
0.00000500	1.36682403	1.39477909	1.43369365	1.42927170	1.38455880	1.32360542	1.53039598	1.45638835
0.00000540	1.44179749	1.41912329	1.38542116	1.46584153	1.44050062	1.54383564	1.45837736	1.43820477
0.00000580	1.32760715	1.44346750	1.26956713	1.49631643	1.53490233	1.46152735	1.49738741	1.47385252
0.00000620	1.50292969	1.45635557	1.32266688	1.51917255	1.43525600	1.55940747	1.49288630	1.45246387
0.00000700	1.38181877	1.41983926	1.37093937	1.40565360	1.42389286	1.38811731	1.36685359	1.45527649
0.00000780	1.48274457	1.38976705	1.46989810	1.46203220	1.42476690	1.48488510	1.43512130	1.44553053
0.00000860	1.39681339	1.41124725	1.37576663	1.40184426	1.35396564	1.36809635	1.46812987	1.44490921
0.00000940	1.42622614	1.45062757	1.37093937	1.42470038	1.44574511	1.43038368	1.46963024	1.45599592
0.00001020	1.39219964	1.44633150	1.39507568	1.41022491	1.41252971	1.33806503	1.42086756	1.46682107
0.00001100	1.40950119	1.43129539	1.32749414	1.38660681	1.40553701	1.38811731	1.39986217	1.44441867
0.00001180	1.38066530	1.34895468	1.39990294	1.40946305	1.37232149	1.42815912	1.41711664	1.43980730
0.00001260	1.36970758	1.37616289	1.35645759	1.42393851	1.39155149	1.39812779	1.38335788	1.43078089
0.00001420	1.35038757	1.38010097	1.31180561	1.33975172	1.37800312	1.36698413	1.41149020	1.43614447
0.00001580	1.35038757	1.35396671	1.38904154	1.41174865	1.32599473	1.35474908	1.37435555	1.43997085
0.00001740	1.33452773	1.30456233	1.35525084	1.35689378	1.36882520	1.36197889	1.38485825	1.43437839
0.00001900	1.37316799	1.31780851	1.34076905	1.35498917	1.33342457	1.33528435	1.34547317	1.42273569
0.00002060	1.30886376	1.32819057	1.28525567	1.36146510	1.33255041	1.33806503	1.35147464	1.41872942
0.00002220	1.34606218	1.32675850	1.32870090	1.34051359	1.27180111	1.32749844	1.29183424	1.41272819
0.00002380	1.30771029	1.34430063	1.26594663	1.27194512	1.34085429	1.27132857	1.32896888	1.41375828
0.00002540	1.34087169	1.29668629	1.29853058	1.31003869	1.32817996	1.34918773	1.35109961	1.42191803
0.00002860	1.29868913	1.26413286	1.26607358	1.29166353	1.30103505	1.28359807	1.27650452	1.41144705
0.00003180	1.23719811	1.24944818	1.17399549	1.26497626	1.25339091	1.22416186	1.26368868	1.40356290
0.00003500	1.25513899	1.25589514	1.20489013	1.25010765	1.25798047	1.27243638	1.25539601	1.39195895
0.00003820	1.23993611	1.23959875	1.24063098	1.23066401	1.23153579	1.18174732	1.23485279	1.38758183
0.00004140	1.22445500	1.20700598	1.18974578	1.23371398	1.20377982	1.22583616	1.22109449	1.38528943
0.00004460	1.22011447	1.19518661	1.15218759	1.23180783	1.21099198	1.15774965	1.16964233	1.37508023
0.00004780	1.20622492	1.18282998	1.19519770	1.20740807	1.19569337	1.20602405	1.20356679	1.37958312
0.00005100	1.18408835	1.16581738	1.20367861	1.20492995	1.14739358	1.18760729	1.15758026	1.36779368
0.00005740	1.16418362	1.15165496	1.15721905	1.15255415	1.14721930	1.13934493	1.13997471	1.35548556
0.00006380	1.12081409	1.14396060	1.11210501	1.15684366	1.12647390	1.12651193	1.13988042	1.34597886
0.00007020	1.11127269	1.12069845	1.07968807	1.12557769	1.12701988	1.07531953	1.11309516	1.33422983
0.00007660	1.09422374	1.09187841	1.07696319	1.11633134	1.07668507	1.09219766	1.10026848	1.32528412
0.00008300	1.08516908	1.07327950	1.05576909	1.09583676	1.10530388	1.08647859	1.09044874	1.31694078
0.00008940	1.08567500	1.09099448	1.08967960	1.09307241	1.07080066	1.05341983	1.06536138	1.30740118
0.00009580	1.09716785	1.04688585	1.06757724	1.06561935	1.06479537	1.05161941	1.05272353	1.30202639
0.00010220	1.05683458	1.05771172	1.01671135	1.04884243	1.05103779	1.05845439	1.05857086	1.29003286
0.00011500	1.05475843	1.06251657	1.04907203	1.05340397	1.04149747	1.05370533	1.03735411	1.27673697
0.00012780	1.04142165	1.04524791	1.04074371	1.04787850	1.03931355	1.03662193	1.04070091	1.26295805
0.00014060	1.04293966	1.02538443	1.01924133	1.02487171	1.02647197	1.03501940	1.03895676	1.25375664
0.00015340	1.03379548	1.02690554	1.03453529	1.02653897	1.01636052	1.03056026	1.01935792	1.23561728
0.00016620	1.02497661	1.01783383	1.00758159	1.01658356	1.01428580	1.01976061	1.01865089	1.22689855
0.00017900	1.01576018	1.02266550	1.00909591	1.02006078	1.00604188	1.00887895	1.02689993	1.21731806
0.00019180	1.00303793	1.01754081	1.02438986	1.00316131	1.02015996	1.01548541	1.01181591	1.20437253
0.00020460	1.00554073	1.02264094	1.00788450	1.00382817	1.02152479	1.01484585	1.01238155	1.19232607
0.00023020	1.00385690	1.00554645	1.00196171	1.00973260	1.00975823	1.00706351	1.00599790	1.17710292
0.00025580	0.99889582	1.00416052	1.01247525	0.99795508	1.00110626	0.99296039	1.00481987	1.16333425
0.00028140	1.00652683	1.01110029	1.02822638	1.00943649	0.98673368	1.00814295	1.00825977	1.14509785
0.00030700	1.00244975	1.00057125	1.01627553	0.99826473	0.99585521	1.00585711	1.00691366	1.13278568
0.00033260	1.00040233	1.00614750	0.98569977	1.00061274	0.99863905	0.98976892	1.01672566	1.12178993
0.00035820	1.01146078	0.99376297	0.98912144	0.99517167	1.00088799	1.00764549	1.01750028	1.11085498
0.00038380	1.01054072	1.00889719	0.99237388	1.00129330	1.00490546	0.99577069	1.00727415	1.10284710
0.00040940	1.00570607	1.00732994	0.99192005	1.00541425	1.00154841	1.00136495	1.00491786	1.09362102
0.00046060	0.99908334	0.99847555	1.00565875	0.99952948	1.00517786	0.99385101	1.00178623	1.08074713
0.00051180	0.99992228	1.00502157	1.00501597	0.99814725	0.99922061	0.99700189	0.99428552	1.06877768
0.00056300	0.99524945	1.00458801	1.00099015	0.99910223	1.00065327	1.00299037	0.99169326	1.05758715
0.00061420	0.99858737	0.99996948	0.99993151	1.00423634	1.00334120	0.99837714	1.00093842	1.04983532
0.00066540	0.99642253	1.00640082	0.99630201	1.00238764	1.00464308	0.99879497	0.99593735	1.04418993
0.00071660	0.99119949	1.00168431	0.98078096	0.99357986	0.99578750	1.00011802	0.99991888	1.03937817
0.00076780	1.00298071	0.99996483	0.98858929	0.99993807	0.99228078	0.99845701	0.99847227	1.03388798
0.00081900	0.99386084	0.99712455	0.99473214	1.00010324	0.99966538	0.99756920	1.00238299	1.03060329
0.00092140	1.00263715	1.00267184	1.00553358	1.00105047	1.00240326	1.00209951	1.00317204	1.02543855
0.00102380	1.00000978	0.99749565	0.99958885	0.99831307	0.99669284	0.99763888	0.99774915	1.01957905
0.00112620	0.99767095	1.00917804	0.99868304	1.00524580	0.99528271	1.00731933	1.00247228	1.01393425
0.00122860	0.99890524	1.00766635	0.99134082	0.99376100	1.00130701	1.00406742	1.00446844	1.01124561
0.00133100	0.99483168	0.99883997	1.00011504	0.99878126	0.99768257	1.00438917	1.00571334	1.00968266
0.00143340	0.99618345	1.01016021	1.00649107	0.99950224	0.99904364	1.00455070	1.00692415	1.00657153
0.00153580	0.99498475	1.00758934	1.00688732	1.00064015	0.99980265	0.99572700	1.00765109	1.00324047
0.00163820	1.00560188	1.00056815	0.99703586	1.00206077	1.00445783	1.00902975	0.99495542	1.00278485
0.00184300	1.00103903	1.00187027	1.00259125	1.00031090	1.00339079	0.99666858	0.99855554	1.00152743
0.00204780	1.00172365	0.99751729	0.99630702	1.00305390	1.00184691	1.00171256	1.00183165	1.00117087
0.00225260	1.00405049	0.99775803	1.00153530	0.99845582	0.99946487	1.00097930	0.99992424	0.99853510
0.00245740	0.99998111	1.00066698	1.00024414	1.00399375	0.99729180	0.99840915	1.00208557	0.99665588
0.00266220	0.99871564	1.00216889	1.00120997	0.99701500	0.99620724	1.00210321	1.00308979	0.99833798
0.00286700	1.00061452	1.00346899	0.99758691	1.00008512	0.99754089	1.00049305	1.00231230	0.99669385
0.00307180	0.99858630	1.00360048	1.00165474	1.00025916	0.99808824	0.99452114	0.99901301	0.99566680
0.00327660	0.99837571	1.00478196	1.00094795	1.00542307	0.99766761	0.99978727	1.00223243	0.99723864
0.00368620	1.00295353	0.99798638	0.99893105	1.00062394	1.00166857	1.00234389	1.00198293	1.00051749
0.00409580	1.00043786	1.00074279	1.00502050	0.99842924	1.00065565	0.99915498	0.99905968	0.99697155
0.00450540	1.00249946	0.99930626	0.99874085	0.99786454	1.00074065	0.99634057	1.00058508	0.99506325
0.00491500	1.00256705	1.00004768	1.00208819	1.00066507	1.00025654	1.00062275	1.00132251	0.99694622
0.00532460	1.00232005	1.00133932	0.99810612	1.00085998	1.00388336	0.99878037	1.00247073	0.99836528
0.00573420	1.00203156	1.00198174	0.99961448	0.99939781	1.00139010	1.00071907	0.99919653	0.99715912
0.00614380	0.99970996	0.99849081	0.99796367	1.00186479	0.99955219	1.00010836	0.99748462	0.99759376
0.00655340	1.00079715	1.00722635	0.99859834	1.00134003	0.99895018	1.00564718	1.00215590	0.99639750
0.00737260	0.99871272	1.00019217	1.00284636	1.00125217	0.99967009	1.00005984	0.99960333	1.00305450
0.00819180	0.99841970	1.00210178	0.99822569	0.99863803	1.00002849	0.99963468	0.99989778	1.00469434
0.00901100	0.99914145	1.00251234	1.00028872	0.99824911	1.00067866	1.00279999	0.99972820	1.00567019
0.00983020	0.99824077	1.00174809	0.99785793	0.99807191	1.00006044	0.99911606	0.99927676	1.00259101
0.01064940	1.00179696	1.00258112	0.99685192	1.00062907	0.99934024	0.99833524	1.00262320	0.99755377
0.01146860	0.99959409	1.00526798	0.99552572	0.99971360	0.99997890	0.99861294	1.00242639	0.99901128
0.01228780	1.00173962	1.00071681	0.99847507	1.00093114	1.00110185	1.00110042	1.00083756	1.00174153
0.01310700	1.00156915	1.00186038	0.99945027	1.00072348	1.00250125	0.99965709	0.99959987	1.00160635
0.01474540	1.00171685	1.00174224	0.99884248	1.00109136	0.99930000	1.00108397	1.00146151	0.99753881
0.01638380	1.00047350	1.00146127	1.00004017	1.00002146	1.00057614	1.00013864	0.99886101	1.00018299
0.01802220	1.00176883	1.00129211	1.00263679	1.00052333	1.00122404	0.99788165	0.99987918	0.99654925
0.01966060	1.00098491	1.00134695	1.00181007	0.99998587	1.00079310	1.00058830	1.00152302	0.99834347
0.02129900	0.99992323	1.00131643	0.99813873	0.99953222	1.00107682	1.00040269	1.00016236	0.99718457
0.02293740	1.00139523	1.00237989	0.99906194	1.00288248	0.99956548	0.99933267	1.00292945	1.00040877
0.02457580	1.00004411	1.00347841	1.00001323	1.00151896	1.00048220	1.00015295	1.00102079	0.99854827
0.02621420	0.99955779	1.00263822	1.00236416	0.99940240	1.00050771	0.99983782	1.00187898	0.99765033
0.02949100	1.00119174	1.00206268	1.00023532	1.00003421	1.00059640	0.99949276	0.99990976	1.00147152
0.03276780	1.00083554	1.00224185	0.99967873	1.00174987	0.99924415	1.00007582	0.99984002	1.00211811
0.03604460	1.00142515	1.00124538	0.99979919	0.99978000	0.99989676	1.00123215	1.00089395	1.00182509
0.03932140	1.00023127	1.00184047	0.99859035	0.99877274	1.00007629	0.99988484	1.00276577	1.00056410
0.04259820	1.00044274	1.00199747	1.00132406	1.00065362	1.00053525	0.99882340	0.99890089	1.00039852
0.04587500	0.99979532	1.00274122	1.00046825	0.99858654	1.00088644	1.00008643	1.00087523	0.99778908
0.04915180	1.00087929	1.00231206	0.99928057	1.00093532	1.00082433	0.99982303	1.00051415	0.99920559
0.05242860	0.99962723	1.00247061	1.00055158	0.99900430	0.99927050	0.99963963	0.99855077	1.00218928
0.05898220	1.00009108	1.00274658	1.00002646	0.99943674	0.99989653	1.00014269	1.00044405	0.99975234
0.06553581	1.00024688	1.00155830	1.00023055	1.00021482	0.99983537	1.00169528	0.99982369	0.99821651
0.07208940	0.99991083	1.00093782	1.00085235	1.00026715	1.00122905	0.99985307	0.99994671	0.99998522
0.07864300	1.00084233	1.00178874	0.99872607	0.99953550	1.00092459	0.99972075	1.00062621	1.00078189
0.08519660	0.99996483	1.00281894	1.00014615	0.99977767	0.99945772	0.99968791	1.00027013	0.99957764
0.09175020	0.99959111	1.00109720	0.99972421	1.00005841	1.00028586	1.00013483	1.00098419	1.00138497
0.09830380	1.00030673	1.00240159	1.00047708	0.99993736	1.00040030	1.00057054	1.00025666	1.00305712
0.10485740	0.99978054	1.00090826	1.00041556	1.00023484	1.00043583	0.99893254	1.00037229	0.99966294
0.11796460	0.99993700	1.00134170	0.99999917	1.00126004	0.99969679	0.99965197	1.00035262	0.99899697
0.13107181	1.00051832	1.00232399	0.99940038	1.00001013	1.00050592	0.99950600	1.00048161	0.99951661
0.14417900	1.00017989	1.00204778	1.00074279	0.99970824	0.99987924	0.99977463	0.99999589	0.99911147
0.15728620	1.00005960	1.00124264	0.99935013	0.99994773	0.99993360	1.00078750	1.00029898	0.99914217
0.17039341	1.00008726	1.00179410	0.99984252	1.00007617	0.99942815	0.99921477	1.00034487	0.99956435
0.18350060	0.99992460	1.00192893	0.99980837	0.99988753	0.99963504	0.99938571	1.00042093	0.99965042
0.19660780	0.99989051	1.00141215	0.99974990	0.99885607	0.99967635	1.00005531	1.00001645	1.00018430
0.20971501	1.00064349	1.00145245	1.00041783	0.99970132	0.99957800	1.00013971	0.99998337	1.00007069
0.23592941	1.00029945	1.00154412	1.00013363	1.00029624	1.00021195	0.99956286	1.00028968	0.99965054
0.26214382	1.00048745	1.00177276	1.00109673	0.99978471	0.99976957	0.99973738	0.99976462	1.00112605
0.28835821	1.00026131	1.00149655	0.99963027	1.00018084	0.99989730	0.99948323	1.00030327	1.00094879
0.31457260	1.00036144	1.00140023	1.00000238	1.00038445	1.00016415	1.00047588	1.00060213	0.99922967
0.34078699	1.00019503	1.00069261	1.00075495	1.00005472	0.99963844	0.99932593	1.00058043	0.99963969
0.36700141	1.00038350	1.00131130	0.99949282	1.00004661	1.00028384	1.00051010	1.00043094	0.99992442
0.39321581	0.99987686	1.00117803	1.00052249	1.00009084	0.99990606	1.00006402	1.00022960	0.99932748
0.41943020	0.99987805	1.00173843	0.99955237	0.99992359	0.99986809	0.99979424	0.99983460	1.00034738
0.47185901	1.00011313	1.00109088	0.99936110	0.99969351	0.99998182	0.99989212	0.99996048	0.99934429
0.52428782	1.00010693	1.00102520	1.00018799	0.99959153	0.99977070	1.00027728	0.99975276	0.99938345
0.57671660	1.00029564	1.00049949	0.99982530	0.99977696	0.99968541	1.00023282	0.99974686	0.99971110
0.62914538	1.00009227	1.00045455	0.99996078	0.99986529	0.99983579	0.99986130	0.99986613	1.00003743
0.68157423	1.00025570	1.00026953	1.00003779	0.99982601	1.00008368	0.99999285	0.99990869	1.00068235
0.73400301	1.00000393	1.00009644	1.00019479	0.99977940	1.00021791	1.00038087	0.99997211	1.00006998
0.78643179	0.99992275	0.99997777	1.00037968	0.99947459	1.00032103	0.99993229	0.99959213	0.99996972
0.83886063	0.99986148	0.99988896	1.00028098	0.99972969	0.99997008	0.99943829	0.99977875	1.00061643
0.94371825	1.00001979	0.99995190	0.99991935	0.99974769	0.99977517	1.00013852	0.99968266	1.00060594
1.04857588	0.99969584	0.99969012	1.00025249	1.00018775	1.00020289	0.99994487	0.99993014	1.00004876
1.15343344	0.99988967	0.99961495	0.99978995	1.00032520	1.00002921	0.99994868	0.99984372	0.99973154
1.25829101	0.99995166	0.99928343	0.99973011	1.00016761	0.99977577	1.00018275	1.00010908	0.99979442
1.36314869	0.99963421	0.99970895	1.00020432	1.00024974	1.00051916	0.99974614	0.99985236	0.99936652
1.46800625	1.00008941	0.99917454	0.99975520	1.00015473	1.00001132	1.00023723	0.99969780	1.00029600
1.57286382	0.99970925	0.99922186	0.99998593	1.00027406	0.99984682	1.00001156	1.00000215	1.00005388
1.67772150	0.99962646	0.99894875	1.00006747	0.99997181	1.00038064	0.99997801	0.99985242	1.00011683
1.88743675	0.99971706	0.99960458	0.99999011	0.99980909	0.99971044	0.99994779	0.99968576	1.00012755
2.09715199	1.00008047	0.99975258	1.00010455	0.99948329	1.00007057	1.00014317	1.00000226	0.99976933
2.30686712	1.00013781	1.00022566	1.00006235	1.00030136	0.99998915	1.00004125	0.99994886	0.99994028
2.51658225	1.00021279	1.00040305	0.99960631	1.00012600	1.00007391	1.00000751	1.00011301	1.00031829
2.72629738	1.00012112	1.00048923	0.99967057	1.00019038	0.99997306	0.99993712	1.00004876	0.99969441
2.93601274	1.00026560	1.00035858	1.00037134	1.00018227	1.00025856	1.00000107	1.00013709	0.99941176
3.14572787	1.00044978	1.00017118	1.00023437	0.99983937	0.99989831	0.99993199	1.00001717	1.00046134
3.35544300	1.00020766	0.99988741	1.00001895	0.99976981	0.99988484	1.00029385	1.00009203	1.00068641
3.77487350	0.99990964	0.99958771	1.00014389	0.99965245	0.99993682	1.00000727	0.99970788	0.99973750
4.19430399	0.99976707	1.00032485	0.99973142	1.00052249	1.00000465	0.99981010	1.00009632	1.00047016
4.61373425	1.00019515	1.00020063	1.00024045	0.99996436	1.00027597	1.00007069	0.99994999	0.99936914
5.03316450	1.00000000	1.00000000	1.00000000	1.00000000	1.00000000	1.00000000	1.00000000	1.00000000
5.45259476	0.00000000	0.00000000	0.00000000	0.00000000	0.00000000	0.00000000	0.00000000	0.00000000
5.87202549	0.00000000	0.00000000	0.00000000	0.00000000	0.00000000	0.00000000	0.00000000	0.00000000
6.29145575	0.00000000	0.00000000	0.00000000	0.00000000	0.00000000	0.00000000	0.00000000	0.00000000
6.71088600	0.00000000	0.00000000	0.00000000	0.00000000	0.00000000	0.00000000	0.00000000	0.00000000
7.54974699	0.00000000	0.00000000	0.00000000	0.00000000	0.00000000	0.00000000	0.00000000	0.00000000
8.38860798	0.00000000	0.00000000	0.00000000	0.00000000	0.00000000	0.00000000	0.00000000	0.00000000
9.22746849	0.00000000	0.00000000	0.00000000	0.00000000	0.00000000	0.00000000	0.00000000	0.00000000
10.06632900	0.00000000	0.00000000	0.00000000	0.00000000	0.00000000	0.00000000	0.00000000	0.00000000
10.90518951	0.00000000	0.00000000	0.00000000	0.00000000	0.00000000	0.00000000	0.00000000	0.00000000
11.74405098	0.00000000	0.00000000	0.00000000	0.00000000	0.00000000	0.00000000	0.00000000	0.00000000
12.58291149	0.00000000	0.00000000	0.00000000	0.00000000	0.00000000	0.00000000	0.00000000	0.00000000
13.42177200	0.00000000	0.00000000	0.00000000	0.00000000	0.00000000	0.00000000	0.00000000	0.00000000
15.09949398	0.00000000	0.00000000	0.00000000	0.00000000	0.00000000	0.00000000	0.00000000	0.00000000
16.77721596	0.00000000	0.00000000	0.00000000	0.00000000	0.00000000	0.00000000	0.00000000	0.00000000
18.45493698	0.00000000	0.00000000	0.00000000	0.00000000	0.00000000	0.00000000	0.00000000	0.00000000
20.13265800	0.00000000	0.00000000	0.00000000	0.00000000	0.00000000	0.00000000	0.00000000	0.00000000
21.81037903	0.00000000	0.00000000	0.00000000	0.00000000	0.00000000	0.00000000	0.00000000	0.00000000
23.48810196	0.00000000	0.00000000	0.00000000	0.00000000	0.00000000	0.00000000	0.00000000	0.00000000
25.16582298	0.00000000	0.00000000	0.00000000	0.00000000	0.00000000	0.00000000	0.00000000	0.00000000
26.84354401	0.00000000	0.00000000	0.00000000	0.00000000	0.00000000	0.00000000	0.00000000	0.00000000
30.19898796	0.00000000	0.00000000	0.00000000	0.00000000	0.00000000	0.00000000	0.00000000	0.00000000
33.55443192	0.00000000	0.00000000	0.00000000	0.00000000	0.00000000	0.00000000	0.00000000	0.00000000
36.90987396	0.00000000	0.00000000	0.00000000	0.00000000	0.00000000	0.00000000	0.00000000	0.00000000
40.26531601	0.00000000	0.00000000	0.00000000	0.00000000	0.00000000	0.00000000	0.00000000	0.00000000
43.62075806	0.00000000	0.00000000	0.00000000	0.00000000	0.00000000	0.00000000	0.00000000	0.00000000
46.97620392	0.00000000	0.00000000	0.00000000	0.00000000	0.00000000	0.00000000	0.00000000	0.00000000
50.33164597	0.00000000	0.00000000	0.00000000	0.00000000	0.00000000	0.00000000	0.00000000	0.00000000
53.68708801	0.00000000	0.00000000	0.00000000	0.00000000	0.00000000	0.00000000	0.00000000	0.00000000
60.39797592	0.00000000	0.00000000	0.00000000	0.00000000	0.00000000	0.00000000	0.00000000	0.00000000
67.10886383	0.00000000	0.00000000	0.00000000	0.00000000	0.00000000	0.00000000	0.00000000	0.00000000
73.81974792	0.00000000	0.00000000	0.00000000	0.00000000	0.00000000	0.00000000	0.00000000	0.00000000
80.53063202	0.00000000	0.00000000	0.00000000	0.00000000	0.00000000	0.00000000	0.00000000	0.00000000
87.24151611	0.00000000	0.00000000	0.00000000	0.00000000	0.00000000	0.00000000	0.00000000	0.00000000
93.95240784	0.00000000	0.00000000	0.00000000	0.00000000	0.00000000	0.00000000	0.00000000	0.00000000
100.66329193	0.00000000	0.00000000	0.00000000	0.00000000	0.00000000	0.00000000	0.00000000	0.00000000
107.37417603	0.00000000	0.00000000	0.00000000	0.00000000	0.00000000	0.00000000	0.00000000	0.00000000
120.79595184	0.00000000	0.00000000	0.00000000	0.00000000	0.00000000	0.00000000	0.00000000	0.00000000
134.21772766	0.00000000	0.00000000	0.00000000	0.00000000	0.00000000	0.00000000	0.00000000	0.00000000
147.63949585	0.00000000	0.00000000	0.00000000	0.00000000	0.00000000	0.00000000	0.00000000	0.00000000
161.06126404	0.00000000	0.00000000	0.00000000	0.00000000	0.00000000	0.00000000	0.00000000	0.00000000
174.48303223	0.00000000	0.00000000	0.00000000	0.00000000	0.00000000	0.00000000	0.00000000	0.00000000
187.90481567	0.00000000	0.00000000	0.00000000	0.00000000	0.00000000	0.00000000	0.00000000	0.00000000
201.32658386	0.00000000	0.00000000	0.00000000	0.00000000	0.00000000	0.00000000	0.00000000	0.00000000
214.74835205	0.00000000	0.00000000	0.00000000	0.00000000	0.00000000	0.00000000	0.00000000	0.00000000
241.59190369	0.00000000	0.00000000	0.00000000	0.00000000	0.00000000	0.00000000	0.00000000	0.00000000
268.43545532	0.00000000	0.00000000	0.00000000	0.00000000	0.00000000	0.00000000	0.00000000	0.00000000
295.27899170	0.00000000	0.00000000	0.00000000	0.00000000	0.00000000	0.00000000	0.00000000	0.00000000
322.12252808	0.00000000	0.00000000	0.00000000	0.00000000	0.00000000	0.00000000	0.00000000	0.00000000
348.96606445	0.00000000	0.00000000	0.00000000	0.00000000	0.00000000	0.00000000	0.00000000	0.00000000
375.80963135	0.00000000	0.00000000	0.00000000	0.00000000	0.00000000	0.00000000	0.00000000	0.00000000
402.65316772	0.00000000	0.00000000	0.00000000	0.00000000	0.00000000	0.00000000	0.00000000	0.00000000
429.49670410	0.00000000	0.00000000	0.00000000	0.00000000	0.00000000	0.00000000	0.00000000	0.00000000
483.18380737	0.00000000	0.00000000	0.00000000	0.00000000	0.00000000	0.00000000	0.00000000	0.00000000
536.87091064	0.00000000	0.00000000	0.00000000	0.00000000	0.00000000	0.00000000	0.00000000	0.00000000
590.55798340	0.00000000	0.00000000	0.00000000	0.00000000	0.00000000	0.00000000	0.00000000	0.00000000
644.24505615	0.00000000	0.00000000	0.00000000	0.00000000	0.00000000	0.00000000	0.00000000	0.00000000
697.93212891	0.00000000	0.00000000	0.00000000	0.00000000	0.00000000	0.00000000	0.00000000	0.00000000
751.61926270	0.00000000	0.00000000	0.00000000	0.00000000	0.00000000	0.00000000	0.00000000	0.00000000
805.30633545	0.00000000	0.00000000	0.00000000	0.00000000	0.00000000	0.00000000	0.00000000	0.00000000
858.99340820	0.00000000	0.00000000	0.00000000	0.00000000	0.00000000	0.00000000	0.00000000	0.00000000
966.36761475	0.00000000	0.00000000	0.00000000	0.00000000	0.00000000	0.00000000	0.00000000	0.00000000
1073.74182129	0.00000000	0.00000000	0.00000000	0.00000000	0.00000000	0.00000000	0.00000000	0.00000000
1181.11596680	0.00000000	0.00000000	0.00000000	0.00000000	0.00000000	0.00000000	0.00000000	0.00000000
1288.49011230	0.00000000	0.00000000	0.00000000	0.00000000	0.00000000	0.00000000	0.00000000	0.00000000
1395.86425781	0.00000000	0.00000000	0.00000000	0.00000000	0.00000000	0.00000000	0.00000000	0.00000000
1503.23852539	0.00000000	0.00000000	0.00000000	0.00000000	0.00000000	0.00000000	0.00000000	0.00000000
1610.61267090	0.00000000	0.00000000	0.00000000	0.00000000	0.00000000	0.00000000	0.00000000	0.00000000
1717.98681641	0.00000000	0.00000000	0.00000000	0.00000000	0.00000000	0.00000000	0.00000000	0.00000000
1932.73522949	0.00000000	0.00000000	0.00000000	0.00000000	0.00000000	0.00000000	0.00000000	0.00000000
2147.48364258	0.00000000	0.00000000	0.00000000	0.00000000	0.00000000	0.00000000	0.00000000	0.00000000
2362.23193359	0.00000000	0.00000000	0.00000000	0.00000000	0.00000000	0.00000000	0.00000000	0.00000000
2576.98022461	0.00000000	0.00000000	0.00000000	0.00000000	0.00000000	0.00000000	0.00000000	0.00000000
2791.72851562	0.00000000	0.00000000	0.00000000	0.00000000	0.00000000	0.00000000	0.00000000	0.00000000
3006.47705078	0.00000000	0.00000000	0.00000000	0.00000000	0.00000000	0.00000000	0.00000000	0.00000000
3221.22534180	0.00000000	0.00000000	0.00000000	0.00000000	0.00000000	0.00000000	0.00000000	0.00000000
3435.97363281	0.00000000	0.00000000	0.00000000	0.00000000	0.00000000	0.00000000	0.00000000	0.00000000
0	0	0	0	0	0	0	0	0
