%2/18/2015 6:38:26 AM
%Duration	ID1		ID2		ID3		ID4		ID5		ID6		ID7		ID8
3000.000000	1.974106	2.450943	2.422333	2.956390	9.975433	12.226105	14.438629	9.498596
%Tau		Tau1		Tau2		Tau3		Tau4		Tau5		Tau6		Tau7		Tau8
%		0.000002	0.000001	0.000001	0.000002	0.000009	0.000014	0.000021	0.000005
%Delaytime	D1		D2		D3		D4		D5		D6		D7		D8
0.00000000	10.82054710	32.62192154	24.49641037	24.69816589	5.83494854	2.57247829	3.83423162	7.86250830
0.00000020	1.08205473	3.83787298	5.83247852	4.31237841	1.82828391	1.55275726	1.52017999	1.43607450
0.00000040	1.08205473	1.91893649	4.66598272	0.78406876	1.36148798	1.34417784	1.38505280	1.68738759
0.00000060	2.16410947	1.91893649	1.16649568	1.56813753	1.43928730	1.34417784	1.60463440	1.29246712
0.00000080	2.16410947	3.83787298	1.74974358	1.17610312	1.32258832	1.46005535	1.19925308	1.14885962
0.00000100	0.00000000	0.63964552	1.16649568	0.39203438	1.24478900	1.52958179	1.52017999	1.68738759
0.00000120	1.08205473	0.63964552	0.00000000	0.39203438	1.24478900	1.18194950	1.19925308	1.68738759
0.00000140	3.24616432	0.00000000	1.16649568	1.96017194	1.47818696	1.66863465	1.46950722	1.04115403
0.00000160	1.08205473	1.91893649	2.33299136	1.56813753	1.40038764	1.36735332	1.16547132	1.25656521
0.00000180	2.16410947	2.55858207	1.16649568	1.56813753	1.40038764	1.50640631	1.40194368	1.04115403
0.00000200	1.08205473	1.27929103	0.58324784	2.74424076	1.55598629	1.83086300	1.38505280	1.40017271
0.00000220	0.00000000	0.63964552	1.74974358	1.56813753	1.67268527	1.36735332	1.21614397	1.93870068
0.00000240	1.08205473	0.63964552	1.16649568	1.17610312	1.28368866	1.52958179	1.52017999	1.25656521
0.00000260	0.00000000	3.19822741	2.91623926	1.17610312	1.63378561	1.48323083	1.55396175	1.47197640
0.00000280	2.16410947	0.63964552	1.74974358	2.35220623	1.43928730	1.06607211	1.43572545	1.18476152
0.00000300	0.00000000	1.27929103	1.16649568	1.96017194	1.51708663	1.39052880	1.40194368	1.97460246
0.00000340	1.08205473	1.27929103	2.04136753	2.35220623	1.20588934	1.49481857	1.43572545	1.43607450
0.00000380	0.54102737	0.63964552	0.29162392	1.56813753	1.22533917	1.28623915	1.62997067	1.52582920
0.00000420	1.62308216	1.27929103	2.04136753	1.17610312	1.65323544	1.35576558	1.26681662	1.68738759
0.00000460	0.00000000	1.27929103	0.29162392	1.17610312	1.22533917	1.33259010	1.44417095	1.54378009
0.00000500	0.54102737	0.95946825	1.74974358	1.56813753	1.28368866	1.33259010	1.52017999	1.45402551
0.00000540	1.62308216	1.27929103	1.16649568	2.15618920	1.20588934	1.19353724	1.28370750	1.79509318
0.00000580	1.62308216	0.95946825	0.29162392	0.98008597	1.24478900	1.50640631	1.42728007	1.34631991
0.00000620	2.16410947	0.95946825	0.87487179	1.56813753	1.43928730	1.48323083	1.44417095	1.25656521
0.00000700	2.16410947	1.43920231	2.18717933	1.66614616	1.34203815	1.41949821	1.33015740	1.33734441
0.00000780	0.81154108	0.79955685	1.45811963	1.17610312	1.37121296	1.25726986	1.34704828	1.31041801
0.00000860	0.54102737	0.79955685	0.87487179	1.86216331	1.58516097	1.30941463	1.43150282	1.34631991
0.00000940	1.62308216	1.11937964	1.02068377	1.56813753	1.29341364	1.25147593	1.51595724	1.40914810
0.00001020	1.08205473	0.63964552	1.89555550	1.37212038	1.29341364	1.37894106	1.23725760	1.38222170
0.00001100	1.35256839	0.63964552	1.16649568	0.98008597	1.47818696	1.37314725	1.37238467	1.28349161
0.00001180	2.16410947	0.79955685	1.02068377	1.96017194	1.14753985	1.47743690	1.24148023	1.43607450
0.00001260	1.62308216	0.31982276	1.60393155	0.88207740	1.17671466	1.39052880	1.43150282	1.20271242
0.00001420	0.54102737	1.51915801	0.94777775	1.27411175	1.23992658	1.37894106	1.38505280	1.30144250
0.00001580	1.35256839	1.03942394	0.80196577	1.02909029	1.21561432	1.28044534	1.26681662	1.33285666
0.00001740	1.35256839	0.71960115	1.16649568	1.51913321	1.08432794	1.28044534	1.37871873	1.31490576
0.00001900	1.48782527	0.79955685	0.65615386	1.07809460	1.33231330	1.19353724	1.25414848	1.32388127
0.00002060	0.54102737	1.35924673	1.02068377	0.98008597	1.13295245	1.26016676	1.30270970	1.11295772
0.00002220	0.67628419	1.11937964	1.16649568	0.93108165	1.20102692	1.30941463	1.22881210	1.13988411
0.00002380	1.62308216	1.35924673	0.94777775	1.12709892	1.31286347	1.08345377	1.23092353	1.12642097
0.00002540	1.35256839	1.27929103	0.65615386	0.93108165	1.32258832	1.30362082	1.24359167	1.17578602
0.00002860	0.87681133	1.13002920	0.87660062	1.27499557	1.28246474	1.22468233	1.23380411	1.23550868
0.00003180	1.55128157	1.21074557	1.16880083	1.32403386	1.08985126	1.16053236	1.17570543	1.20630574
0.00003500	1.34894049	1.04931283	1.09575081	1.17691898	1.22882557	1.12408352	1.19471955	1.14789987
0.00003820	1.21404648	0.88788009	0.76702559	0.88268924	1.13617599	1.16928005	1.14295900	1.09398675
0.00004140	1.01170540	0.84752190	1.13227582	1.37307215	1.22151113	1.18531764	1.12394488	1.12992883
0.00004460	1.07915235	0.88788009	1.20532584	1.25047648	1.09228933	1.07159710	1.14295900	1.05579841
0.00004780	0.94425833	0.96859646	1.24185097	1.20143819	1.17518628	1.11096191	1.10915613	1.08949399
0.00005100	1.07915235	0.96859646	1.13227582	1.07884240	1.09228933	1.02785838	1.10387444	1.20405936
0.00005740	0.81091821	1.10952103	0.98492473	0.95801771	1.08269000	1.00122011	1.05027831	1.06283498
0.00006380	1.11501253	1.00865543	1.09436083	1.24051011	1.03397512	1.11635315	1.06295776	1.09766364
0.00007020	0.91228300	1.08934796	1.29499364	1.00714684	1.05102527	1.05004227	1.08039188	1.05721748
0.00007660	1.14880085	1.23055971	1.13083947	1.08084047	1.00231040	1.02089477	1.06401432	1.04935288
0.00008300	1.08122432	1.10952103	0.91196734	1.12996960	1.00596392	1.09522116	0.97737163	1.05384696
0.00008940	1.25016558	0.88761681	1.11260021	1.06855822	1.02910364	0.98373151	1.06612754	1.04822946
0.00009580	1.01364779	0.80692440	0.96668535	0.92117089	1.06685770	1.04202676	1.02967429	0.97520167
0.00010220	0.67576522	0.86744368	1.13083947	1.10540509	1.02666783	1.01870871	1.01118338	1.02912986
0.00011500	0.94389641	1.01783633	1.09297347	1.06217134	1.04801214	1.01484227	1.02021730	1.00899887
0.00012780	1.14615989	1.17907763	0.92902744	0.94551665	0.99147779	1.02139199	1.01889789	0.95630670
0.00014060	1.28100228	1.04806900	0.95635176	0.93937689	0.98357517	1.02903330	0.97825807	1.03702652
0.00015340	0.97760695	0.78605175	0.84705442	0.93323720	1.03585422	1.04759085	1.01520336	1.01348329
0.00016620	1.31471288	1.05814660	0.84705442	1.06831098	0.98296726	1.04577148	1.00781429	1.01908886
0.00017900	0.91018581	0.81628454	0.97456795	1.03147268	0.97996348	1.04031336	0.98300815	1.01684666
0.00019180	1.04502809	0.97752595	1.05654097	0.89025915	0.96354967	1.01411450	0.99382782	0.99386382
0.00020460	0.91018581	0.98760349	1.07475722	1.09900963	1.04565668	1.07124257	0.97535521	0.97816831
0.00023020	1.12087691	0.99871701	0.99236470	0.95868313	0.99359763	0.99456346	1.00831997	0.98353320
0.00025580	0.96075165	1.05924535	1.01057315	1.04152560	1.01645148	1.02040577	0.98482770	0.99785870
0.00028140	0.96917933	1.09959745	0.96049976	0.95857221	1.01401758	1.02280045	1.00937581	1.00542462
0.00030700	0.91861343	1.08950949	0.96505189	0.90326995	0.97994322	1.02443838	0.99485815	1.03456736
0.00033260	0.91861343	1.11977363	1.04243815	1.00135326	1.01675570	1.00041521	1.00649643	1.00654554
0.00035820	1.04502809	1.04411328	1.05609453	0.97678018	0.99667615	0.97202438	1.01269960	0.99197412
0.00038380	1.14615989	0.97854090	0.93773907	0.94299221	1.01063418	0.98931366	0.99208659	1.01074874
0.00040940	1.15458751	1.03402519	1.11072004	1.02592635	0.99082351	1.00532901	1.01309550	0.98468846
0.00046060	1.11501253	0.96045947	0.96760058	1.01471424	1.01319969	0.98516965	1.00533366	1.00223660
0.00051180	0.91650653	0.97054303	1.04956198	0.98723799	1.01365519	0.99138045	1.00645435	1.02861869
0.00056300	1.04743600	0.97306395	1.02907169	0.97497416	1.00310552	1.01174819	1.01078141	1.01104212
0.00061420	0.90383595	1.07137871	1.02451825	0.97957307	1.00105274	0.99708080	1.01809919	1.01202440
0.00066540	1.05588305	1.04112804	1.02693963	1.02556241	0.99163896	1.02038622	0.99349040	1.00374520
0.00071660	0.84048295	0.97810572	0.99506128	1.02249646	0.99422020	1.01520336	1.00913990	0.99578249
0.00076780	1.10234201	0.94267350	1.03832483	0.92898482	1.00925195	0.99007958	0.99591166	1.00448167
0.00081900	1.08523953	1.06113780	1.08826602	0.97037524	0.99710506	0.99226177	1.00850475	1.00812984
0.00092140	1.00116932	1.04086936	1.00715911	0.97501779	1.00855434	0.99920839	1.00547743	1.00339413
0.00102380	0.98849630	1.05218315	0.98326039	0.99948883	0.99395633	0.99083579	0.99752414	1.01465011
0.00112620	0.94414067	0.99184287	0.97757024	0.96813530	1.00615799	1.02511644	0.99255019	0.99480253
0.00122860	0.97371107	0.95035899	0.94570535	0.96048808	0.99136740	0.99863422	1.00343132	1.00279796
0.00133100	1.02229106	0.96795821	1.02195358	1.02101886	1.00513005	1.00565875	0.99620408	0.99851972
0.00143340	0.94202852	0.99938542	0.99236470	0.98507291	0.98957855	0.99810559	1.00628722	1.00434089
0.00153580	0.97793543	0.95664442	1.01398730	1.05008161	0.98973066	1.00638080	0.99606639	0.99168187
0.00163820	0.95892590	1.02593613	1.01270664	1.01031160	0.98935044	0.99584115	0.98845303	0.99638081
0.00184300	0.95557427	1.05062103	1.01668918	1.02585447	1.00378156	0.99235165	1.00014114	1.00451660
0.00204780	0.98408312	0.96989793	0.99322283	1.00198841	0.99087024	1.00256813	1.00062013	0.99202991
0.00225260	0.99464190	1.01638269	1.00004911	0.98207122	1.00940001	1.02039659	0.99872816	1.00616515
0.00245740	0.98725075	1.02972674	1.00971973	0.98463857	0.99432337	1.00689042	1.00868034	1.00725234
0.00266220	1.00731254	0.94365442	1.00573766	1.03097904	1.01083791	1.00060797	1.01028919	1.00749779
0.00286700	1.01048017	1.00710917	0.99492943	1.01247907	0.99709159	0.99658102	0.99833757	1.00886536
0.00307180	0.95998198	0.99328738	1.00218344	1.02703059	1.00449574	1.00600433	1.00174189	0.99806368
0.00327660	0.94625282	1.03915071	1.01370168	0.97341973	1.00844467	1.00244832	0.99901962	1.00602436
0.00368620	1.02289331	0.96974528	0.98358136	0.98772722	0.99439430	1.00566459	1.00085282	0.99899012
0.00409580	1.01781321	1.03543317	0.99338531	0.99789613	1.00821400	1.00435352	0.99764872	1.00271010
0.00450540	0.96874291	1.02885008	0.98926353	1.00346029	0.99859995	0.99908459	0.99783128	0.99979800
0.00491500	0.99071360	1.01896930	1.00773048	1.00192535	0.99909389	1.00573289	1.00238240	1.00285053
0.00532460	0.99685282	1.01646113	1.03969693	0.99194825	0.99594378	1.00128162	0.99291956	1.00550008
0.00573420	0.99896258	1.00377142	1.01057196	0.97963399	1.00361383	1.01001954	0.99833012	1.00560534
0.00614380	1.05487072	0.98684335	0.98670024	1.02624667	1.01313078	1.00347841	1.00652182	1.00988698
0.00655340	0.98841387	0.99106520	0.96894413	1.01557899	1.00060892	1.01268840	0.99911636	0.99927032
0.00737260	1.00946021	0.99411160	0.98329020	0.98867518	0.99925071	1.00308895	0.99838650	1.00081575
0.00819180	0.97551632	1.01305366	0.99536413	0.99792969	1.00401568	1.00546432	0.99898696	0.99596494
0.00901100	1.00768077	0.98518527	0.99906266	0.98729712	1.00279129	1.00579309	0.99684811	0.99444717
0.00983020	0.98680311	0.99269235	0.99963099	1.00256300	0.99911469	1.00626373	1.00594556	1.00134194
0.01064940	1.01560903	1.01572275	1.00076652	0.98938584	1.00447202	1.00467062	1.00061059	0.99885094
0.01146860	0.99393851	1.01103175	1.00659275	1.00063169	1.00176764	1.00506186	1.00015593	0.99894756
0.01228780	1.01601195	1.02605844	1.01014614	0.99885088	1.00130713	1.00575912	0.99919254	1.00043881
0.01310700	1.01125681	1.01212788	1.01768148	1.01734459	0.99859375	1.00481749	1.00403440	1.00026309
0.01474540	1.00769019	1.00526237	1.00929308	0.99936658	1.00035083	1.00947976	1.00158024	0.99940449
0.01638380	0.98655635	0.99414057	1.00780082	1.01355970	1.00051391	1.00352812	1.00267005	1.00141275
0.01802220	1.01456523	1.01190710	0.99451548	1.00769377	1.00082409	1.00595033	0.99924135	1.00051367
0.01966060	1.00414491	1.01080418	0.98670357	1.00719404	1.00000262	1.00675213	1.00063062	1.00075865
0.02129900	1.00368822	1.00516820	1.01277411	0.99814957	1.00125921	1.00489831	1.00350595	1.00192082
0.02293740	1.01464093	1.00712514	0.98598987	1.01508069	0.99845803	1.00598693	0.99936885	0.99969298
0.02457580	1.00277555	1.00235021	1.01035917	0.99964565	1.00010228	1.00416434	1.00054383	0.99774647
0.02621420	0.99525672	1.01855969	0.99458236	1.00476444	1.00238490	1.00929189	1.00239289	0.99914050
0.02949100	1.00325942	0.99522460	1.00687623	1.00519550	1.00132823	1.00454867	1.00094664	0.99888253
0.03276780	0.99403352	1.00068915	0.99703121	0.99797320	1.00221181	1.00433099	0.99856383	1.00130773
0.03604460	1.00902843	1.00041544	1.00385284	1.00263202	1.00195277	1.00686288	1.00116014	1.00200486
0.03932140	0.99794167	1.01426959	1.00659132	1.00394237	1.00103700	1.00895476	0.99873304	1.00547874
0.04259820	0.99906987	0.99854273	0.99357408	1.00638998	1.00074410	1.00577712	1.00143445	1.00030839
0.04587500	1.01985359	1.00243032	1.00349438	1.00061989	1.00031602	1.00429249	0.99873114	1.00031137
0.04915180	1.01040184	1.00212538	0.99662870	1.00425899	1.00125897	1.00715053	1.00273788	0.99878377
0.05242860	1.00670898	0.99609232	0.98852098	1.00910139	1.00039816	1.00579691	1.00047052	1.00069058
0.05898220	0.99768412	1.00725567	1.00187790	1.00683403	1.00218546	1.00527978	1.00138819	1.00220263
0.06553581	1.00168157	1.00446045	1.00401175	1.00644255	1.00296783	1.00515032	1.00104988	0.99937695
0.07208940	0.99873984	0.99314499	0.99670160	0.99732399	1.00147057	1.00602448	1.00054836	1.00127006
0.07864300	1.00208306	1.00053883	1.00132179	1.00234210	0.99997336	1.00729060	1.00196576	1.00081980
0.08519660	1.00580454	1.00455737	0.99549019	1.00691450	0.99956959	1.00507593	0.99966007	1.00124562
0.09175020	0.99491298	1.00052583	0.99423403	1.00220454	1.00092757	1.00553989	1.00109816	1.00057781
0.09830380	0.99888229	0.99851143	1.00125432	1.00600386	1.00070643	1.00383615	1.00094056	1.00454092
0.10485740	1.00376880	1.00230861	1.00249612	1.00598323	1.00158370	1.00571811	1.00165594	1.00329196
0.11796460	1.00764978	0.99944162	0.99929476	1.00711250	1.00264776	1.00521529	1.00105882	0.99897546
0.13107181	1.00160706	0.99381858	0.99587631	1.00287068	1.00053632	1.00338495	1.00105572	1.00146568
0.14417900	0.99838674	1.00283027	0.99769682	1.00573540	1.00077868	1.00552249	1.00099623	1.00166047
0.15728620	0.99956173	0.99820769	0.99824411	1.01130617	0.99959451	1.00451481	1.00096238	1.00126791
0.17039341	1.00672388	0.99309558	1.00045097	1.00371492	1.00119340	1.00627768	1.00056863	1.00199139
0.18350060	1.00419247	0.99528605	0.99833876	1.00468433	1.00161254	1.00512087	0.99947506	1.00201583
0.19660780	1.00033832	0.99427420	0.99587500	1.00203538	1.00012243	1.00637758	0.99969786	1.00209880
0.20971501	1.00110412	1.00036335	0.99504364	1.00492573	1.00105929	1.00416946	1.00047207	1.00171673
0.23592941	0.99954516	0.99295449	1.00265217	1.00650382	1.00138426	1.00554562	1.00059056	1.00124514
0.26214382	0.99950957	0.99835730	1.00146484	1.00071228	0.99993485	1.00520778	1.00119531	1.00081873
0.28835821	1.00210118	0.99851447	0.99807215	1.00478899	1.00074375	1.00465703	1.00033224	1.00063860
0.31457260	0.99889672	0.99780560	1.00156462	1.00513351	1.00051510	1.00431514	1.00039613	1.00023496
0.34078699	1.00134981	1.00056052	0.99958277	1.00246310	1.00057566	1.00490165	1.00048399	1.00127304
0.36700141	1.00393474	1.00364518	1.00196481	1.00175548	0.99930608	1.00453770	1.00082970	1.00114512
0.39321581	1.00260115	0.99849296	1.00420332	1.00166488	1.00125301	1.00500941	1.00087941	1.00167608
0.41943020	1.00055528	1.00342774	0.99514115	0.99851817	0.99912602	1.00509870	1.00083244	1.00097084
0.47185901	1.00216937	0.99982649	1.00131285	1.00334024	0.99927741	1.00398374	0.99971998	1.00062954
0.52428782	1.00293279	1.00296140	1.00045383	1.00146461	0.99996513	1.00355780	1.00001037	1.00061202
0.57671660	1.00261867	0.99746501	1.00047839	1.00106013	0.99984425	1.00308502	0.99962932	1.00084770
0.62914538	1.00098169	0.99858797	0.99926966	1.00186229	1.00088334	1.00331211	0.99988365	1.00016522
0.68157423	1.00179601	0.99863815	1.00029361	1.00127923	0.99953973	1.00319207	0.99962991	1.00072813
0.73400301	1.00172734	0.99914044	0.99693078	1.00111330	0.99969363	1.00302422	1.00005245	0.99990988
0.78643179	0.99707919	1.00273430	0.99947989	1.00324547	0.99904990	1.00257075	0.99993593	1.00037587
0.83886063	0.99918216	1.00434506	1.00129580	1.00171554	0.99937201	1.00289905	0.99956208	1.00038958
0.94371825	1.00056016	1.00115299	0.99975979	1.00213742	0.99959868	1.00231981	0.99944282	0.99997473
1.04857588	1.00295639	1.00001478	0.99703419	1.00071514	0.99962354	1.00189185	0.99949688	0.99951106
1.15343344	1.00268006	1.00006330	0.99990875	1.00048935	1.00008583	1.00238800	0.99986577	0.99973190
1.25829101	0.99864036	0.99841672	1.00023389	1.00103033	1.00043118	1.00115502	0.99979669	0.99977356
1.36314869	0.99730688	0.99783266	1.00166571	0.99952847	1.00017512	1.00118148	0.99946016	0.99964517
1.46800625	0.99927938	0.99909383	1.00031972	1.00156534	0.99977028	1.00028718	0.99975026	0.99906784
1.57286382	1.00175893	1.00064909	1.00016177	1.00120366	0.99979675	1.00099850	0.99944127	0.99921829
1.67772150	0.99970263	0.99893314	0.99996591	0.99833882	0.99902362	1.00023782	0.99952763	0.99855846
1.88743675	0.99565929	0.99934942	0.99841279	0.99813139	0.99878424	1.00008941	1.00003648	0.99904013
2.09715199	0.99903899	1.00007260	1.00172698	0.99798733	0.99873412	0.99890876	0.99965715	0.99904722
2.30686712	0.99719429	0.99906689	0.99997342	0.99894673	0.99905634	0.99842161	0.99949884	0.99905348
2.51658225	0.99604172	1.00057292	0.99921489	0.99956411	1.00022948	0.99776816	0.99931157	0.99957335
2.72629738	0.99794388	1.00055134	0.99851722	0.99771774	1.00130141	0.99908006	0.99975622	1.00008094
2.93601274	0.99726033	0.99966526	1.00110924	1.00113034	1.00052679	0.99993974	1.00018203	1.00011170
3.14572787	1.00133824	1.00121582	0.99767596	1.00125074	0.99987888	0.99943757	1.00069988	1.00009716
3.35544300	1.00002587	0.99889255	1.00040460	1.00146091	1.00089180	0.99995333	1.00097859	1.00055063
3.77487350	0.99823189	1.00047636	1.00077343	1.00097442	1.00038493	1.00057280	1.00039566	1.00084460
4.19430399	1.00085318	0.99944502	1.00204051	0.99804807	1.00072527	0.99897170	0.99989218	1.00074351
4.61373425	1.00189400	1.00040817	0.99498051	0.99936265	1.00023413	1.00012624	0.99965018	0.99996966
5.03316450	1.00000000	1.00000000	1.00000000	1.00000000	1.00000000	1.00000000	1.00000000	1.00000000
5.45259476	0.00000000	0.00000000	0.00000000	0.00000000	0.00000000	0.00000000	0.00000000	0.00000000
5.87202549	0.00000000	0.00000000	0.00000000	0.00000000	0.00000000	0.00000000	0.00000000	0.00000000
6.29145575	0.00000000	0.00000000	0.00000000	0.00000000	0.00000000	0.00000000	0.00000000	0.00000000
6.71088600	0.00000000	0.00000000	0.00000000	0.00000000	0.00000000	0.00000000	0.00000000	0.00000000
7.54974699	0.00000000	0.00000000	0.00000000	0.00000000	0.00000000	0.00000000	0.00000000	0.00000000
8.38860798	0.00000000	0.00000000	0.00000000	0.00000000	0.00000000	0.00000000	0.00000000	0.00000000
9.22746849	0.00000000	0.00000000	0.00000000	0.00000000	0.00000000	0.00000000	0.00000000	0.00000000
10.06632900	0.00000000	0.00000000	0.00000000	0.00000000	0.00000000	0.00000000	0.00000000	0.00000000
10.90518951	0.00000000	0.00000000	0.00000000	0.00000000	0.00000000	0.00000000	0.00000000	0.00000000
11.74405098	0.00000000	0.00000000	0.00000000	0.00000000	0.00000000	0.00000000	0.00000000	0.00000000
12.58291149	0.00000000	0.00000000	0.00000000	0.00000000	0.00000000	0.00000000	0.00000000	0.00000000
13.42177200	0.00000000	0.00000000	0.00000000	0.00000000	0.00000000	0.00000000	0.00000000	0.00000000
15.09949398	0.00000000	0.00000000	0.00000000	0.00000000	0.00000000	0.00000000	0.00000000	0.00000000
16.77721596	0.00000000	0.00000000	0.00000000	0.00000000	0.00000000	0.00000000	0.00000000	0.00000000
18.45493698	0.00000000	0.00000000	0.00000000	0.00000000	0.00000000	0.00000000	0.00000000	0.00000000
20.13265800	0.00000000	0.00000000	0.00000000	0.00000000	0.00000000	0.00000000	0.00000000	0.00000000
21.81037903	0.00000000	0.00000000	0.00000000	0.00000000	0.00000000	0.00000000	0.00000000	0.00000000
23.48810196	0.00000000	0.00000000	0.00000000	0.00000000	0.00000000	0.00000000	0.00000000	0.00000000
25.16582298	0.00000000	0.00000000	0.00000000	0.00000000	0.00000000	0.00000000	0.00000000	0.00000000
26.84354401	0.00000000	0.00000000	0.00000000	0.00000000	0.00000000	0.00000000	0.00000000	0.00000000
30.19898796	0.00000000	0.00000000	0.00000000	0.00000000	0.00000000	0.00000000	0.00000000	0.00000000
33.55443192	0.00000000	0.00000000	0.00000000	0.00000000	0.00000000	0.00000000	0.00000000	0.00000000
36.90987396	0.00000000	0.00000000	0.00000000	0.00000000	0.00000000	0.00000000	0.00000000	0.00000000
40.26531601	0.00000000	0.00000000	0.00000000	0.00000000	0.00000000	0.00000000	0.00000000	0.00000000
43.62075806	0.00000000	0.00000000	0.00000000	0.00000000	0.00000000	0.00000000	0.00000000	0.00000000
46.97620392	0.00000000	0.00000000	0.00000000	0.00000000	0.00000000	0.00000000	0.00000000	0.00000000
50.33164597	0.00000000	0.00000000	0.00000000	0.00000000	0.00000000	0.00000000	0.00000000	0.00000000
53.68708801	0.00000000	0.00000000	0.00000000	0.00000000	0.00000000	0.00000000	0.00000000	0.00000000
60.39797592	0.00000000	0.00000000	0.00000000	0.00000000	0.00000000	0.00000000	0.00000000	0.00000000
67.10886383	0.00000000	0.00000000	0.00000000	0.00000000	0.00000000	0.00000000	0.00000000	0.00000000
73.81974792	0.00000000	0.00000000	0.00000000	0.00000000	0.00000000	0.00000000	0.00000000	0.00000000
80.53063202	0.00000000	0.00000000	0.00000000	0.00000000	0.00000000	0.00000000	0.00000000	0.00000000
87.24151611	0.00000000	0.00000000	0.00000000	0.00000000	0.00000000	0.00000000	0.00000000	0.00000000
93.95240784	0.00000000	0.00000000	0.00000000	0.00000000	0.00000000	0.00000000	0.00000000	0.00000000
100.66329193	0.00000000	0.00000000	0.00000000	0.00000000	0.00000000	0.00000000	0.00000000	0.00000000
107.37417603	0.00000000	0.00000000	0.00000000	0.00000000	0.00000000	0.00000000	0.00000000	0.00000000
120.79595184	0.00000000	0.00000000	0.00000000	0.00000000	0.00000000	0.00000000	0.00000000	0.00000000
134.21772766	0.00000000	0.00000000	0.00000000	0.00000000	0.00000000	0.00000000	0.00000000	0.00000000
147.63949585	0.00000000	0.00000000	0.00000000	0.00000000	0.00000000	0.00000000	0.00000000	0.00000000
161.06126404	0.00000000	0.00000000	0.00000000	0.00000000	0.00000000	0.00000000	0.00000000	0.00000000
174.48303223	0.00000000	0.00000000	0.00000000	0.00000000	0.00000000	0.00000000	0.00000000	0.00000000
187.90481567	0.00000000	0.00000000	0.00000000	0.00000000	0.00000000	0.00000000	0.00000000	0.00000000
201.32658386	0.00000000	0.00000000	0.00000000	0.00000000	0.00000000	0.00000000	0.00000000	0.00000000
214.74835205	0.00000000	0.00000000	0.00000000	0.00000000	0.00000000	0.00000000	0.00000000	0.00000000
241.59190369	0.00000000	0.00000000	0.00000000	0.00000000	0.00000000	0.00000000	0.00000000	0.00000000
268.43545532	0.00000000	0.00000000	0.00000000	0.00000000	0.00000000	0.00000000	0.00000000	0.00000000
295.27899170	0.00000000	0.00000000	0.00000000	0.00000000	0.00000000	0.00000000	0.00000000	0.00000000
322.12252808	0.00000000	0.00000000	0.00000000	0.00000000	0.00000000	0.00000000	0.00000000	0.00000000
348.96606445	0.00000000	0.00000000	0.00000000	0.00000000	0.00000000	0.00000000	0.00000000	0.00000000
375.80963135	0.00000000	0.00000000	0.00000000	0.00000000	0.00000000	0.00000000	0.00000000	0.00000000
402.65316772	0.00000000	0.00000000	0.00000000	0.00000000	0.00000000	0.00000000	0.00000000	0.00000000
429.49670410	0.00000000	0.00000000	0.00000000	0.00000000	0.00000000	0.00000000	0.00000000	0.00000000
483.18380737	0.00000000	0.00000000	0.00000000	0.00000000	0.00000000	0.00000000	0.00000000	0.00000000
536.87091064	0.00000000	0.00000000	0.00000000	0.00000000	0.00000000	0.00000000	0.00000000	0.00000000
590.55798340	0.00000000	0.00000000	0.00000000	0.00000000	0.00000000	0.00000000	0.00000000	0.00000000
644.24505615	0.00000000	0.00000000	0.00000000	0.00000000	0.00000000	0.00000000	0.00000000	0.00000000
697.93212891	0.00000000	0.00000000	0.00000000	0.00000000	0.00000000	0.00000000	0.00000000	0.00000000
751.61926270	0.00000000	0.00000000	0.00000000	0.00000000	0.00000000	0.00000000	0.00000000	0.00000000
805.30633545	0.00000000	0.00000000	0.00000000	0.00000000	0.00000000	0.00000000	0.00000000	0.00000000
858.99340820	0.00000000	0.00000000	0.00000000	0.00000000	0.00000000	0.00000000	0.00000000	0.00000000
966.36761475	0.00000000	0.00000000	0.00000000	0.00000000	0.00000000	0.00000000	0.00000000	0.00000000
1073.74182129	0.00000000	0.00000000	0.00000000	0.00000000	0.00000000	0.00000000	0.00000000	0.00000000
1181.11596680	0.00000000	0.00000000	0.00000000	0.00000000	0.00000000	0.00000000	0.00000000	0.00000000
1288.49011230	0.00000000	0.00000000	0.00000000	0.00000000	0.00000000	0.00000000	0.00000000	0.00000000
1395.86425781	0.00000000	0.00000000	0.00000000	0.00000000	0.00000000	0.00000000	0.00000000	0.00000000
1503.23852539	0.00000000	0.00000000	0.00000000	0.00000000	0.00000000	0.00000000	0.00000000	0.00000000
1610.61267090	0.00000000	0.00000000	0.00000000	0.00000000	0.00000000	0.00000000	0.00000000	0.00000000
1717.98681641	0.00000000	0.00000000	0.00000000	0.00000000	0.00000000	0.00000000	0.00000000	0.00000000
1932.73522949	0.00000000	0.00000000	0.00000000	0.00000000	0.00000000	0.00000000	0.00000000	0.00000000
2147.48364258	0.00000000	0.00000000	0.00000000	0.00000000	0.00000000	0.00000000	0.00000000	0.00000000
2362.23193359	0.00000000	0.00000000	0.00000000	0.00000000	0.00000000	0.00000000	0.00000000	0.00000000
2576.98022461	0.00000000	0.00000000	0.00000000	0.00000000	0.00000000	0.00000000	0.00000000	0.00000000
2791.72851562	0.00000000	0.00000000	0.00000000	0.00000000	0.00000000	0.00000000	0.00000000	0.00000000
3006.47705078	0.00000000	0.00000000	0.00000000	0.00000000	0.00000000	0.00000000	0.00000000	0.00000000
3221.22534180	0.00000000	0.00000000	0.00000000	0.00000000	0.00000000	0.00000000	0.00000000	0.00000000
3435.97363281	0.00000000	0.00000000	0.00000000	0.00000000	0.00000000	0.00000000	0.00000000	0.00000000
0	0	0	0	0	0	0	0	0
