%2/18/2015 8:29:52 AM
%Duration	ID1		ID2		ID3		ID4		ID5		ID6		ID7		ID8
3000.000000	2.727509	3.757477	4.873276	7.123947	17.910004	17.890930	28.696060	22.516251
%Tau		Tau1		Tau2		Tau3		Tau4		Tau5		Tau6		Tau7		Tau8
%		0.000002	0.000001	0.000002	0.000001	0.000041	0.000051	0.000038	0.000032
%Delaytime	D1		D2		D3		D4		D5		D6		D7		D8
0.00000000	8.60914421	19.06587219	10.72624874	11.53307438	3.75292587	2.11627126	2.79735422	3.80015302
0.00000020	2.15228605	2.88205051	2.24502873	2.79144478	1.66098392	1.59157598	1.56683493	1.80830181
0.00000040	1.43485749	1.77356958	1.33038747	1.61609972	1.53528786	1.49538183	1.59453142	1.59755981
0.00000060	1.79357183	1.33017719	1.24723828	1.32226336	1.44550490	1.45165718	1.52726829	1.40721226
0.00000080	1.79357183	1.10848093	1.16408908	1.24880433	1.25696075	1.50412679	1.33339226	1.52278042
0.00000100	1.43485749	1.10848093	1.74613357	1.39572239	1.37367857	1.39918768	1.43230867	1.44120288
0.00000120	0.71742874	1.33017719	0.83149219	1.39572239	1.35572195	1.50412679	1.49165845	1.40041411
0.00000140	1.43485749	1.55187333	1.08093977	1.46918154	1.65200555	1.43416739	1.51539838	1.35962534
0.00000160	0.35871437	1.10848093	1.82928276	1.76301777	1.66996217	1.21554434	1.35713220	1.62475228
0.00000180	0.35871437	0.44339240	1.24723828	1.61609972	1.48141801	1.36420798	1.52331173	1.43440473
0.00000200	1.43485749	0.66508859	1.74613357	1.32226336	1.46346152	1.50412679	1.60640144	1.42080855
0.00000220	1.79357183	0.88678479	1.49668586	2.13031316	1.42754829	1.47789204	1.44417858	1.41401041
0.00000240	2.15228605	0.88678479	0.58204454	1.46918154	1.45448315	1.42542243	1.46000516	1.31203854
0.00000260	1.07614303	0.88678479	1.33038747	1.17534518	1.37367857	1.39044273	1.42835200	1.46839547
0.00000280	0.35871437	0.66508859	0.91464138	1.10188615	1.53528786	1.46040213	1.52331173	1.52957857
0.00000300	1.79357183	1.10848093	1.16408908	1.32226336	1.28389561	1.42542243	1.32943571	1.38681793
0.00000340	1.43485749	0.99763286	0.99779058	1.21207476	1.63404906	1.35983551	1.41648209	1.43100572
0.00000380	1.79357183	1.33017719	1.33038747	1.24880433	1.43652666	1.39481521	1.49165845	1.47859263
0.00000420	2.33164334	1.55187333	1.45511127	1.46918154	1.49039638	1.31173849	1.37295890	1.38681793
0.00000460	0.71742874	0.99763286	1.20566368	0.84477937	1.43203747	1.38607025	1.37889385	1.39361596
0.00000500	0.89678591	1.10848093	1.08093977	2.05685401	1.42305923	1.35109055	1.36702383	1.53297758
0.00000540	0.89678591	1.77356958	1.41353667	1.10188615	1.41408086	1.51287162	1.36306715	1.31543756
0.00000580	0.89678591	1.66272151	1.41353667	1.02842700	1.47692895	1.44291234	1.41252542	1.43780386
0.00000620	0.71742874	1.10848093	1.41353667	1.43245196	1.34674370	1.30299354	1.42241704	1.43780386
0.00000700	1.25550032	1.16390502	1.22645092	1.08352137	1.36918938	1.28331745	1.35911059	1.41570997
0.00000780	0.89678591	1.05305696	1.20566368	1.46918154	1.35123289	1.45384347	1.39669871	1.37322164
0.00000860	1.52453601	0.72051263	1.10172713	1.35899293	1.41857004	1.27675879	1.40560126	1.39531553
0.00000940	0.89678591	1.21932912	1.26802552	1.50591099	1.36021113	1.47133327	1.45110273	1.45989776
0.00001020	1.07614303	0.99763286	1.22645092	1.23043954	1.40734720	1.32048333	1.44516778	1.31713712
0.00001100	1.52453601	0.94220883	1.01857793	1.19370997	1.35123289	1.35764933	1.37691545	1.41570997
0.00001180	1.25550032	0.94220883	1.24723828	1.35899293	1.44774950	1.28987610	1.38186133	1.34263003
0.00001260	1.43485749	1.33017719	0.95621598	1.52427578	1.34674370	1.36202180	1.35713220	1.26275206
0.00001420	1.12098241	1.33017719	1.13290811	1.22125709	1.35011053	1.33688009	1.36900222	1.36047518
0.00001580	1.43485749	0.66508859	1.35117471	1.14779806	1.33439851	1.34015942	1.35812140	1.40976155
0.00001740	1.07614303	1.16390502	1.14330173	1.24880433	1.31083059	1.31501782	1.32399523	1.34432960
0.00001900	1.07614303	1.33017719	1.13290811	1.51509345	1.28277338	1.32704210	1.36405635	1.34857845
0.00002060	1.12098241	0.77593666	1.30960011	1.35899293	1.30409682	1.31939030	1.29877162	1.33413243
0.00002220	1.16582167	0.96992087	1.08093977	1.11106849	1.26481676	1.37513912	1.30668485	1.24320745
0.00002380	1.25550032	1.21932912	1.07054615	1.33144569	1.25583851	1.30080736	1.31657648	1.30693996
0.00002540	1.12098241	0.96992087	1.06015253	1.16616285	1.31644201	1.33578694	1.26068878	1.28569579
0.00002860	1.39972222	1.02587974	1.18399417	1.26977181	1.26253939	1.28097463	1.26018214	1.27642715
0.00003180	1.28863323	1.10905910	1.15858650	1.16395748	1.24465489	1.30113459	1.24709642	1.26235831
0.00003500	1.39972222	1.01201642	1.05187464	1.10414934	1.24633157	1.26135957	1.25475037	1.27642715
0.00003820	1.24419761	1.02587974	1.20933807	1.21456432	1.24800825	1.24719310	1.21722138	1.21546221
0.00004140	1.22197974	1.23382831	1.14328182	1.18235993	1.25527382	1.23302662	1.19450653	1.19158781
0.00004460	1.13310850	1.05360615	1.17885053	1.11335063	1.22229910	1.21777046	1.17796421	1.20267224
0.00004780	1.08867288	1.21996510	1.21441936	1.23756742	1.16082084	1.24392390	1.19080305	1.21119893
0.00005100	1.02201939	0.99815321	1.08230674	1.07654560	1.24074256	1.22921264	1.18413675	1.20949352
0.00005740	0.92305470	0.98309332	1.11183274	1.08114624	1.17629313	1.16171587	1.17288911	1.12951183
0.00006380	1.17884088	0.90693820	1.14745212	1.15935683	1.14750755	1.14616442	1.15378129	1.16702020
0.00007020	0.95641810	1.07309484	1.03804982	1.10184908	1.14052081	1.09459937	1.14070857	1.12288821
0.00007660	0.93417585	1.05924845	1.03296137	1.03514004	1.13409293	1.11697149	1.12085867	1.12224889
0.00008300	1.06762946	1.05223382	1.13981938	1.09034753	1.07205045	1.10087442	1.10458803	1.10669172
0.00008940	0.82296443	0.94147241	0.99988621	1.03974068	1.10977900	1.10796809	1.08174813	1.07344615
0.00009580	1.08987176	0.98993051	1.05077100	1.11335063	1.07819879	1.07768381	1.09805751	1.08090508
0.00010220	0.97866040	0.94147241	1.12200975	1.10414934	1.03432190	1.10412943	1.08410645	1.02485657
0.00011500	1.02449799	0.91764182	1.06622362	1.02935362	1.08914626	1.04448342	1.07040572	1.05301976
0.00012780	1.01893008	0.95226979	1.04584181	1.06726515	1.06119132	1.06850350	1.05533481	1.05802250
0.00014060	1.15812814	1.06654215	1.12354755	1.04199076	1.04986191	1.05513871	1.03260493	1.04546249
0.00015340	1.07460928	1.14272380	1.07004523	1.02131176	1.05631435	1.01886272	1.02828133	1.02215195
0.00016620	1.09131312	1.05269098	1.03819871	1.04888380	1.01770961	1.01218033	1.02277231	1.00331187
0.00017900	1.08017731	1.06307936	1.03437710	0.99488866	1.01211476	1.00358868	1.03988123	1.02662241
0.00019180	1.19710362	0.97650939	1.06367588	1.04658616	1.03409266	1.02883589	1.01393986	1.00887752
0.00020460	1.05790555	0.97304660	1.01648939	0.97191203	1.02232540	1.02228975	1.00331616	1.00837600
0.00023020	1.08742177	0.95506871	1.03592253	0.96085644	1.02917719	1.01777411	1.01557338	1.01496530
0.00025580	1.02050352	1.00697458	0.99826419	0.99073952	1.00179911	1.01695538	1.00064051	1.00873923
0.00028140	0.99540913	0.99313301	1.02953970	1.01027846	0.99830270	1.01204252	0.99959069	1.01618934
0.00030700	1.02050352	1.00005376	1.03081632	1.00280774	1.00396693	1.00023806	0.99975669	1.00363064
0.00033260	1.01213872	1.05542004	1.02060390	1.02177191	1.00767314	1.02004349	0.98918504	1.00868607
0.00035820	1.00656211	1.03638792	1.01102972	1.01602519	0.99713129	1.02086222	0.98873335	1.00799417
0.00038380	1.01213872	1.00697458	1.05698562	0.94878823	1.00293553	1.01490831	0.99125743	0.99397582
0.00040940	0.96752650	1.03474760	1.05001998	0.99366260	1.00811028	1.00946701	0.99725944	0.99474376
0.00046060	1.03256702	0.94287544	0.99754065	1.02386570	1.00312722	1.00290978	1.00053430	0.99837720
0.00051180	1.02838099	0.93768531	1.00586152	0.99456310	1.01095700	1.01510131	0.99190515	0.99483770
0.00056300	0.97535729	1.00688720	1.03434443	1.00289416	1.00760138	1.00067675	0.99998957	0.99738979
0.00061420	0.99349695	0.98344612	1.05034602	0.99255216	1.01885676	1.00219405	1.00479460	1.00726795
0.00066540	1.00337517	0.98344612	1.05962694	1.01524723	1.01228535	0.99660134	1.00486434	0.98034924
0.00071660	0.97267383	0.95412076	1.04426539	0.98192281	1.01586795	1.00519514	1.00208318	0.98776627
0.00076780	0.98942000	1.03716302	1.03850484	1.00375605	1.01520383	1.00458121	0.99564415	0.99139684
0.00081900	1.07315087	1.02245760	1.02122307	1.00863981	1.01107919	0.99950004	1.00322652	0.99526680
0.00092140	1.01928794	0.98594642	1.00520933	1.02031612	0.99718374	1.00918090	1.00014818	0.99558765
0.00102380	1.01300466	0.98334956	1.01852226	0.99676156	1.00354743	1.00848126	0.99956489	1.00199080
0.00112620	0.97739941	0.99373704	1.01467276	1.00494826	0.99823248	1.01008439	1.00234246	0.99479598
0.00122860	0.96343654	1.02057147	1.00232208	1.02089071	1.01269186	1.00020587	1.00194454	1.00302374
0.00133100	1.05559134	0.99815190	1.02659643	0.99819160	1.00428200	0.99977952	0.99370438	1.00912595
0.00143340	1.00102580	1.00248039	1.01199949	0.97100180	1.00971961	1.00757670	0.99861068	0.99575675
0.00153580	0.94657665	0.97910649	1.00601125	0.98593587	0.99919403	1.00965750	0.99987018	0.99617630
0.00163820	0.97997570	0.96179253	1.01622295	1.00283015	0.99886185	0.99534309	0.99879616	0.99685997
0.00184300	1.01285136	0.97379029	1.01972938	1.00600398	0.99809092	1.00909817	1.00410640	0.99542713
0.00204780	0.99387509	0.99347812	1.01895452	1.00889790	0.99542320	0.99676561	1.00579929	1.00033009
0.00225260	1.00330734	1.00092101	1.03034937	0.99300516	0.99921912	1.00336659	0.99988604	0.99783593
0.00245740	0.96767455	1.02299058	1.01323056	1.00183856	0.99791580	0.99912775	0.99758667	1.00463223
0.00266220	0.99736851	0.95981091	1.02406216	0.99824774	1.00672388	1.00304198	0.99831706	1.00542724
0.00286700	1.02321970	1.02225268	1.01491511	1.01311374	1.00523686	1.00770020	1.00051582	1.00408423
0.00307180	0.98968303	0.98906523	1.01855338	1.00559449	1.00383747	1.00151598	1.00215828	0.99906272
0.00327660	0.98514158	1.01787674	1.03141820	0.99415421	1.00394249	1.00041604	0.99780691	1.00161302
0.00368620	0.97931826	0.99096566	1.02716660	1.01012146	1.00407135	1.00875604	1.00208271	1.00204337
0.00409580	1.00002575	0.97161603	1.02645445	1.01049542	1.00193501	1.00248587	0.99891609	0.99817044
0.00450540	1.01087093	1.02343500	1.02980745	0.99126124	0.99899769	1.00237739	0.99944192	1.00146723
0.00491500	1.02766335	0.99449366	1.02477908	1.00396407	1.00275362	1.00244176	1.00268006	1.00199223
0.00532460	0.99482292	0.99696177	1.02243197	1.00464666	1.00640905	1.00719917	1.00301456	1.00423872
0.00573420	1.00136077	0.99286991	1.01370323	1.00522137	1.00223279	1.00883520	0.99974352	1.00677466
0.00614380	1.01681828	1.01453996	1.01519156	1.00349712	1.00418520	1.00685728	1.00098467	0.99846494
0.00655340	0.96644086	0.99990618	1.00572562	1.01739323	1.00699568	1.00887287	1.00081825	1.00324285
0.00737260	1.01632988	0.99301881	1.02673209	0.99997550	1.00302780	1.00580263	0.99926800	1.00100970
0.00819180	1.00423014	1.00245488	1.02904451	1.00289333	1.00210345	1.00376487	1.00658047	1.00087941
0.00901100	0.98813027	1.00547624	1.02652454	1.00418317	1.00416231	1.00289404	0.99927378	1.00184894
0.00983020	0.99285525	1.00750101	1.02694666	1.00095224	1.00157571	1.00632930	1.00345051	1.00237763
0.01064940	1.00278926	1.00572240	1.02239609	0.99925059	1.00322926	1.00717747	1.00390184	1.00113392
0.01146860	1.00552595	1.00985789	1.02631557	1.00605500	1.00237072	1.00732303	1.00095284	0.99952400
0.01228780	0.97837150	0.99462289	1.03209805	0.99782360	1.00562274	1.00272083	0.99834865	1.00144279
0.01310700	1.00657618	1.01099479	1.03369701	0.99691337	1.00093198	1.00558329	1.00192010	0.99832082
0.01474540	0.99097627	1.01131153	1.01777232	0.99809754	1.00570583	1.00574327	0.99983346	1.00142920
0.01638380	0.99974555	0.99477816	1.02307248	1.00624883	1.00457048	1.00583434	0.99962121	1.00044978
0.01802220	0.99634790	1.00547993	1.02775836	0.99939948	1.00139463	1.00766218	1.00029981	1.00060260
0.01966060	1.00978649	1.00002289	1.02559626	0.99454927	1.00287020	1.00327563	1.00001895	1.00172138
0.02129900	0.98617572	0.99918312	1.02224851	0.99864668	1.00357008	1.00405467	1.00125396	1.00278890
0.02293740	1.00353956	0.99783397	1.02856863	1.00278318	1.00455689	1.00401556	1.00095642	0.99769717
0.02457580	1.00033844	0.99845678	1.02160549	1.00455332	1.00296879	1.00468576	0.99798864	0.99827212
0.02621420	1.00047183	0.99811572	1.02394211	1.00372386	1.00158775	1.00347519	0.99785811	1.00095308
0.02949100	0.99729985	1.00343323	1.02031040	1.00143611	1.00288403	1.00248861	1.00110435	1.00109661
0.03276780	1.00261569	0.99910325	1.02669764	0.99779165	1.00349593	1.00581789	1.00101495	1.00027716
0.03604460	0.99981683	1.00584638	1.02495933	0.99557847	1.00392199	1.00579596	0.99905258	1.00094235
0.03932140	1.00163472	0.99697262	1.02780843	0.99784160	1.00253248	1.00311077	1.00084198	1.00012350
0.04259820	1.00173533	1.00190699	1.02883053	0.99730283	1.00220561	1.00528145	0.99963945	1.00171924
0.04587500	0.99847811	0.99944609	1.02379084	0.99887294	1.00374377	1.00466788	0.99993759	0.99875820
0.04915180	1.00875235	0.99665594	1.02615702	1.00485134	1.00226057	1.00737095	1.00049055	0.99978632
0.05242860	1.00186026	1.00648439	1.02861452	1.00049508	1.00321364	1.00611556	1.00066400	1.00019383
0.05898220	1.00466311	0.99945050	1.02325881	0.99936414	1.00114501	1.00645816	0.99945378	0.99932355
0.06553581	0.99702764	1.00183475	1.02730918	1.00056767	1.00312006	1.00566912	0.99951226	1.00069273
0.07208940	0.99595612	1.00231731	1.02354968	1.00109375	1.00234020	1.00290263	0.99990290	0.99983996
0.07864300	1.00570095	0.99920815	1.02526569	0.99785680	1.00146294	1.00512385	1.00137413	1.00001407
0.08519660	0.99787754	1.00067568	1.02357376	0.99835956	1.00102723	1.00404131	1.00099611	0.99959004
0.09175020	1.00478303	1.00087655	1.02655542	1.00208187	1.00288224	1.00498867	0.99979281	0.99898702
0.09830380	1.00621665	1.00042641	1.02483237	0.99816793	1.00167084	1.00444806	1.00054944	0.99977762
0.10485740	1.00171530	0.99905705	1.02775288	1.00287104	1.00271153	1.00580251	0.99990720	0.99958771
0.11796460	1.00405133	1.00046158	1.02195871	0.99947387	1.00197065	1.00563502	1.00016892	1.00023913
0.13107181	1.00052488	1.00240445	1.02390420	1.00057983	1.00217867	1.00517190	1.00036490	1.00009513
0.14417900	1.00235140	1.00099540	1.02760065	1.00074255	1.00226009	1.00530255	0.99987054	0.99989772
0.15728620	0.99856031	0.99920845	1.02455592	0.99944961	1.00199497	1.00544274	1.00110471	1.00005150
0.17039341	1.00095904	1.00213850	1.02220833	0.99894518	1.00180817	1.00484514	1.00100625	1.00018597
0.18350060	0.99665296	1.00316167	1.02354383	0.99955022	1.00187325	1.00437808	1.00090277	1.00004518
0.19660780	1.00333798	1.00112641	1.02477920	1.00144672	1.00312197	1.00474501	1.00020742	0.99994862
0.20971501	0.99801320	1.00043583	1.02351463	1.00354457	1.00177193	1.00520194	1.00005078	1.00015807
0.23592941	1.00006568	1.00243497	1.02310586	0.99997109	1.00147796	1.00436676	1.00032413	1.00021219
0.26214382	0.99772698	0.99862450	1.02257133	1.00185096	1.00219166	1.00388956	0.99999976	1.00001192
0.28835821	1.00140691	1.00307679	1.02379882	1.00191295	1.00177920	1.00458980	0.99933261	0.99960583
0.31457260	0.99976879	1.00192082	1.02307868	0.99974340	1.00159407	1.00486946	1.00008678	0.99940920
0.34078699	1.00153053	1.00018406	1.02342510	1.00055993	1.00178075	1.00462353	1.00055730	1.00026250
0.36700141	1.00100303	1.00137424	1.02377307	1.00106394	1.00193918	1.00399423	1.00039196	1.00017488
0.39321581	0.99994534	1.00047529	1.02348995	1.00166500	1.00179219	1.00404370	0.99903536	1.00024736
0.41943020	1.00023079	0.99951458	1.02368891	0.99939740	1.00116420	1.00331593	0.99994433	0.99997777
0.47185901	0.99814916	1.00056088	1.02234244	1.00087798	1.00135279	1.00336123	0.99948871	1.00022840
0.52428782	0.99815500	1.00025976	1.02195334	0.99948323	1.00165987	1.00323009	1.00035644	1.00013244
0.57671660	1.00112569	1.00110471	1.02032685	1.00071728	1.00117338	1.00291467	0.99997568	1.00033438
0.62914538	0.99801898	1.00025260	1.01996017	1.00045669	1.00114143	1.00290930	0.99964970	1.00022030
0.68157423	1.00025463	0.99918580	1.01870871	0.99878240	1.00162184	1.00229883	1.00043738	0.99988371
0.73400301	0.99964005	1.00027704	1.01813853	1.00003242	1.00198305	1.00254858	0.99965560	0.99968094
0.78643179	1.00251353	0.99952501	1.01851344	1.00014699	1.00158679	1.00226676	0.99984044	0.99999523
0.83886063	1.00057626	0.99938637	1.01878345	1.00020254	1.00111532	1.00228941	1.00023043	1.00018334
0.94371825	0.99966890	1.00018477	1.01682043	1.00006151	1.00124824	1.00229013	0.99995589	1.00021756
1.04857588	0.99840343	0.99962062	1.01548791	0.99937296	1.00138080	1.00208306	1.00028217	1.00025487
1.15343344	0.99992412	1.00024688	1.01457977	0.99997336	1.00123608	1.00162077	1.00000441	0.99991214
1.25829101	1.00032783	0.99987561	1.01394093	0.99981600	1.00126934	1.00178671	1.00027931	0.99993938
1.36314869	0.99909252	1.00010455	1.01348805	0.99935532	1.00083125	1.00136876	0.99983877	1.00023842
1.46800625	1.00158250	1.00081265	1.01266384	0.99921280	1.00154722	1.00089872	0.99970347	0.99939984
1.57286382	1.00075221	1.00039458	1.01169610	0.99980015	1.00067174	1.00056660	0.99966460	0.99999797
1.67772150	1.00040698	0.99961531	1.01055539	0.99930495	1.00069916	1.00070298	0.99961174	0.99978846
1.88743675	1.00002754	1.00108218	1.00743806	0.99959344	1.00054049	1.00076866	1.00016940	0.99989825
2.09715199	0.99979120	0.99966097	1.00564504	1.00013983	1.00078690	1.00073695	1.00042737	1.00014806
2.30686712	0.99989933	1.00064540	1.00425720	1.00011659	1.00091660	1.00071895	1.00024784	0.99973959
2.51658225	0.99981624	1.00141287	1.00352418	1.00049806	1.00016284	0.99992776	0.99985099	0.99979055
2.72629738	0.99880290	0.99987179	1.00182962	1.00071335	1.00052238	0.99914986	0.99980372	0.99952292
2.93601274	0.99982411	1.00039244	1.00172806	1.00016975	1.00102377	0.99907351	1.00027001	1.00008750
3.14572787	1.00022316	0.99792981	1.00052369	0.99980462	1.00045097	0.99943185	1.00011945	1.00003862
3.35544300	1.00080442	0.99886674	1.00001049	1.00013518	0.99993032	0.99943328	0.99977154	0.99988455
3.77487350	1.00043035	0.99993742	1.00073767	0.99995261	1.00005352	0.99990207	0.99978065	0.99995756
4.19430399	0.99825799	1.00026309	1.00021911	0.99962592	0.99969250	1.00027001	1.00046766	1.00002515
4.61373425	1.00097883	1.00008559	0.99906528	1.00047433	0.99942666	1.00009143	0.99999017	0.99997050
5.03316450	1.00000000	1.00000000	1.00000000	1.00000000	1.00000000	1.00000000	1.00000000	1.00000000
5.45259476	0.00000000	0.00000000	0.00000000	0.00000000	0.00000000	0.00000000	0.00000000	0.00000000
5.87202549	0.00000000	0.00000000	0.00000000	0.00000000	0.00000000	0.00000000	0.00000000	0.00000000
6.29145575	0.00000000	0.00000000	0.00000000	0.00000000	0.00000000	0.00000000	0.00000000	0.00000000
6.71088600	0.00000000	0.00000000	0.00000000	0.00000000	0.00000000	0.00000000	0.00000000	0.00000000
7.54974699	0.00000000	0.00000000	0.00000000	0.00000000	0.00000000	0.00000000	0.00000000	0.00000000
8.38860798	0.00000000	0.00000000	0.00000000	0.00000000	0.00000000	0.00000000	0.00000000	0.00000000
9.22746849	0.00000000	0.00000000	0.00000000	0.00000000	0.00000000	0.00000000	0.00000000	0.00000000
10.06632900	0.00000000	0.00000000	0.00000000	0.00000000	0.00000000	0.00000000	0.00000000	0.00000000
10.90518951	0.00000000	0.00000000	0.00000000	0.00000000	0.00000000	0.00000000	0.00000000	0.00000000
11.74405098	0.00000000	0.00000000	0.00000000	0.00000000	0.00000000	0.00000000	0.00000000	0.00000000
12.58291149	0.00000000	0.00000000	0.00000000	0.00000000	0.00000000	0.00000000	0.00000000	0.00000000
13.42177200	0.00000000	0.00000000	0.00000000	0.00000000	0.00000000	0.00000000	0.00000000	0.00000000
15.09949398	0.00000000	0.00000000	0.00000000	0.00000000	0.00000000	0.00000000	0.00000000	0.00000000
16.77721596	0.00000000	0.00000000	0.00000000	0.00000000	0.00000000	0.00000000	0.00000000	0.00000000
18.45493698	0.00000000	0.00000000	0.00000000	0.00000000	0.00000000	0.00000000	0.00000000	0.00000000
20.13265800	0.00000000	0.00000000	0.00000000	0.00000000	0.00000000	0.00000000	0.00000000	0.00000000
21.81037903	0.00000000	0.00000000	0.00000000	0.00000000	0.00000000	0.00000000	0.00000000	0.00000000
23.48810196	0.00000000	0.00000000	0.00000000	0.00000000	0.00000000	0.00000000	0.00000000	0.00000000
25.16582298	0.00000000	0.00000000	0.00000000	0.00000000	0.00000000	0.00000000	0.00000000	0.00000000
26.84354401	0.00000000	0.00000000	0.00000000	0.00000000	0.00000000	0.00000000	0.00000000	0.00000000
30.19898796	0.00000000	0.00000000	0.00000000	0.00000000	0.00000000	0.00000000	0.00000000	0.00000000
33.55443192	0.00000000	0.00000000	0.00000000	0.00000000	0.00000000	0.00000000	0.00000000	0.00000000
36.90987396	0.00000000	0.00000000	0.00000000	0.00000000	0.00000000	0.00000000	0.00000000	0.00000000
40.26531601	0.00000000	0.00000000	0.00000000	0.00000000	0.00000000	0.00000000	0.00000000	0.00000000
43.62075806	0.00000000	0.00000000	0.00000000	0.00000000	0.00000000	0.00000000	0.00000000	0.00000000
46.97620392	0.00000000	0.00000000	0.00000000	0.00000000	0.00000000	0.00000000	0.00000000	0.00000000
50.33164597	0.00000000	0.00000000	0.00000000	0.00000000	0.00000000	0.00000000	0.00000000	0.00000000
53.68708801	0.00000000	0.00000000	0.00000000	0.00000000	0.00000000	0.00000000	0.00000000	0.00000000
60.39797592	0.00000000	0.00000000	0.00000000	0.00000000	0.00000000	0.00000000	0.00000000	0.00000000
67.10886383	0.00000000	0.00000000	0.00000000	0.00000000	0.00000000	0.00000000	0.00000000	0.00000000
73.81974792	0.00000000	0.00000000	0.00000000	0.00000000	0.00000000	0.00000000	0.00000000	0.00000000
80.53063202	0.00000000	0.00000000	0.00000000	0.00000000	0.00000000	0.00000000	0.00000000	0.00000000
87.24151611	0.00000000	0.00000000	0.00000000	0.00000000	0.00000000	0.00000000	0.00000000	0.00000000
93.95240784	0.00000000	0.00000000	0.00000000	0.00000000	0.00000000	0.00000000	0.00000000	0.00000000
100.66329193	0.00000000	0.00000000	0.00000000	0.00000000	0.00000000	0.00000000	0.00000000	0.00000000
107.37417603	0.00000000	0.00000000	0.00000000	0.00000000	0.00000000	0.00000000	0.00000000	0.00000000
120.79595184	0.00000000	0.00000000	0.00000000	0.00000000	0.00000000	0.00000000	0.00000000	0.00000000
134.21772766	0.00000000	0.00000000	0.00000000	0.00000000	0.00000000	0.00000000	0.00000000	0.00000000
147.63949585	0.00000000	0.00000000	0.00000000	0.00000000	0.00000000	0.00000000	0.00000000	0.00000000
161.06126404	0.00000000	0.00000000	0.00000000	0.00000000	0.00000000	0.00000000	0.00000000	0.00000000
174.48303223	0.00000000	0.00000000	0.00000000	0.00000000	0.00000000	0.00000000	0.00000000	0.00000000
187.90481567	0.00000000	0.00000000	0.00000000	0.00000000	0.00000000	0.00000000	0.00000000	0.00000000
201.32658386	0.00000000	0.00000000	0.00000000	0.00000000	0.00000000	0.00000000	0.00000000	0.00000000
214.74835205	0.00000000	0.00000000	0.00000000	0.00000000	0.00000000	0.00000000	0.00000000	0.00000000
241.59190369	0.00000000	0.00000000	0.00000000	0.00000000	0.00000000	0.00000000	0.00000000	0.00000000
268.43545532	0.00000000	0.00000000	0.00000000	0.00000000	0.00000000	0.00000000	0.00000000	0.00000000
295.27899170	0.00000000	0.00000000	0.00000000	0.00000000	0.00000000	0.00000000	0.00000000	0.00000000
322.12252808	0.00000000	0.00000000	0.00000000	0.00000000	0.00000000	0.00000000	0.00000000	0.00000000
348.96606445	0.00000000	0.00000000	0.00000000	0.00000000	0.00000000	0.00000000	0.00000000	0.00000000
375.80963135	0.00000000	0.00000000	0.00000000	0.00000000	0.00000000	0.00000000	0.00000000	0.00000000
402.65316772	0.00000000	0.00000000	0.00000000	0.00000000	0.00000000	0.00000000	0.00000000	0.00000000
429.49670410	0.00000000	0.00000000	0.00000000	0.00000000	0.00000000	0.00000000	0.00000000	0.00000000
483.18380737	0.00000000	0.00000000	0.00000000	0.00000000	0.00000000	0.00000000	0.00000000	0.00000000
536.87091064	0.00000000	0.00000000	0.00000000	0.00000000	0.00000000	0.00000000	0.00000000	0.00000000
590.55798340	0.00000000	0.00000000	0.00000000	0.00000000	0.00000000	0.00000000	0.00000000	0.00000000
644.24505615	0.00000000	0.00000000	0.00000000	0.00000000	0.00000000	0.00000000	0.00000000	0.00000000
697.93212891	0.00000000	0.00000000	0.00000000	0.00000000	0.00000000	0.00000000	0.00000000	0.00000000
751.61926270	0.00000000	0.00000000	0.00000000	0.00000000	0.00000000	0.00000000	0.00000000	0.00000000
805.30633545	0.00000000	0.00000000	0.00000000	0.00000000	0.00000000	0.00000000	0.00000000	0.00000000
858.99340820	0.00000000	0.00000000	0.00000000	0.00000000	0.00000000	0.00000000	0.00000000	0.00000000
966.36761475	0.00000000	0.00000000	0.00000000	0.00000000	0.00000000	0.00000000	0.00000000	0.00000000
1073.74182129	0.00000000	0.00000000	0.00000000	0.00000000	0.00000000	0.00000000	0.00000000	0.00000000
1181.11596680	0.00000000	0.00000000	0.00000000	0.00000000	0.00000000	0.00000000	0.00000000	0.00000000
1288.49011230	0.00000000	0.00000000	0.00000000	0.00000000	0.00000000	0.00000000	0.00000000	0.00000000
1395.86425781	0.00000000	0.00000000	0.00000000	0.00000000	0.00000000	0.00000000	0.00000000	0.00000000
1503.23852539	0.00000000	0.00000000	0.00000000	0.00000000	0.00000000	0.00000000	0.00000000	0.00000000
1610.61267090	0.00000000	0.00000000	0.00000000	0.00000000	0.00000000	0.00000000	0.00000000	0.00000000
1717.98681641	0.00000000	0.00000000	0.00000000	0.00000000	0.00000000	0.00000000	0.00000000	0.00000000
1932.73522949	0.00000000	0.00000000	0.00000000	0.00000000	0.00000000	0.00000000	0.00000000	0.00000000
2147.48364258	0.00000000	0.00000000	0.00000000	0.00000000	0.00000000	0.00000000	0.00000000	0.00000000
2362.23193359	0.00000000	0.00000000	0.00000000	0.00000000	0.00000000	0.00000000	0.00000000	0.00000000
2576.98022461	0.00000000	0.00000000	0.00000000	0.00000000	0.00000000	0.00000000	0.00000000	0.00000000
2791.72851562	0.00000000	0.00000000	0.00000000	0.00000000	0.00000000	0.00000000	0.00000000	0.00000000
3006.47705078	0.00000000	0.00000000	0.00000000	0.00000000	0.00000000	0.00000000	0.00000000	0.00000000
3221.22534180	0.00000000	0.00000000	0.00000000	0.00000000	0.00000000	0.00000000	0.00000000	0.00000000
3435.97363281	0.00000000	0.00000000	0.00000000	0.00000000	0.00000000	0.00000000	0.00000000	0.00000000
1	1	1	1	1	1	1	1	1
