%2/18/2015 8:19:47 PM
%Duration	ID1		ID2		ID3		ID4		ID5		ID6		ID7		ID8
3000.000000	1.420975	1.230240	1.716614	2.527237	7.934570	9.889603	15.439987	10.128021
%Tau		Tau1		Tau2		Tau3		Tau4		Tau5		Tau6		Tau7		Tau8
%		0.000002	0.000001	0.000002	0.000001	0.000006	0.000010	0.000017	0.000009
%Delaytime	D1		D2		D3		D4		D5		D6		D7		D8
0.00000000	16.44949150	53.15529633	47.85352325	33.42589569	7.52893448	3.11357880	3.96725869	7.37531281
0.00000020	5.48316383	4.25242376	1.36724353	6.93745041	1.90801764	1.52219403	1.49707878	1.94582713
0.00000040	1.37079096	2.12621188	2.73448706	2.52270913	1.59860933	1.52219403	1.22760463	1.66336834
0.00000060	2.74158192	4.25242376	1.36724353	0.63067728	1.65017748	1.28002679	1.48210800	1.19260371
0.00000080	1.37079096	4.25242376	2.73448706	0.63067728	1.13449693	1.66057527	1.58690345	1.28675663
0.00000100	2.74158192	2.12621188	0.00000000	1.26135457	1.34076917	1.34921741	1.69169903	1.34952533
0.00000120	0.00000000	4.25242376	1.36724353	1.89203191	1.59860933	1.03785956	1.43719566	1.72613704
0.00000140	4.11237288	2.12621188	0.00000000	0.63067728	1.13449693	1.17624080	1.37731242	1.44367826
0.00000160	4.11237288	0.00000000	0.00000000	0.00000000	1.65017748	1.83355188	1.46713722	1.22398806
0.00000180	2.74158192	2.12621188	0.00000000	1.89203191	0.97979283	1.69517064	1.27251697	1.34952533
0.00000200	1.37079096	0.00000000	0.00000000	1.89203191	1.23763311	1.48759878	1.40725398	1.47506249
0.00000220	1.37079096	4.25242376	1.36724353	3.78406382	1.18606508	1.34921741	1.39228320	1.44367826
0.00000240	1.37079096	2.12621188	1.36724353	1.89203191	1.54704130	1.48759878	1.49707878	1.56921542
0.00000260	2.74158192	2.12621188	2.73448706	1.26135457	1.49547327	1.21083617	1.34737086	1.41229391
0.00000280	1.37079096	0.00000000	2.73448706	0.63067728	1.23763311	1.55678940	1.34737086	1.09845078
0.00000300	2.74158192	2.12621188	0.00000000	1.26135457	1.34076917	1.03785956	1.45216644	1.56921542
0.00000340	2.05618644	2.12621188	2.05086541	0.94601595	1.57282531	1.33191979	1.75906754	1.39660180
0.00000380	2.74158192	1.06310594	3.41810894	1.26135457	1.49547327	1.53949165	1.36234164	1.63198411
0.00000420	1.37079096	1.06310594	1.36724353	0.31533864	1.44390523	1.43570578	1.45965183	1.27106452
0.00000460	2.05618644	1.06310594	0.68362176	0.94601595	1.41812122	1.29732442	1.51204956	1.49075472
0.00000500	4.11237288	2.12621188	1.36724353	2.83804798	1.26341712	1.36651516	1.29497313	1.71044481
0.00000540	0.68539548	2.12621188	1.36724353	2.20737052	1.52125728	1.28002679	1.45965183	1.34952533
0.00000580	0.00000000	0.00000000	1.36724353	0.94601595	0.85087276	1.40111041	1.54199111	1.42798603
0.00000620	0.00000000	1.06310594	0.68362176	1.57669330	1.41812122	1.02056193	1.63930118	1.44367826
0.00000700	1.02809322	2.12621188	0.34181088	1.41902399	1.25052512	1.23678267	1.36982703	1.44367826
0.00000780	1.37079096	1.06310594	0.68362176	1.26135457	1.18606508	1.29732442	1.46339452	1.41229391
0.00000860	1.02809322	0.00000000	0.34181088	0.63067728	1.34076917	1.31462216	1.37731242	1.31814098
0.00000940	1.37079096	0.53155297	0.68362176	0.78834665	1.21184909	1.28002679	1.45965183	1.40444779
0.00001020	1.71348870	1.59465885	3.07629800	1.10368526	1.45679724	1.34056866	1.31368661	1.46721649
0.00001100	0.68539548	2.12621188	1.36724353	1.10368526	1.37944520	1.56543815	1.30620122	1.41229391
0.00001180	1.02809322	0.53155297	0.68362176	1.10368526	1.04425287	1.34921741	1.30620122	1.33383310
0.00001260	0.34269774	0.00000000	0.68362176	0.63067728	1.28920114	1.50489640	1.42971015	1.55352330
0.00001420	1.19944215	1.06310594	1.02543271	0.94601595	1.33432317	1.26705360	1.33614278	1.34167922
0.00001580	1.02809322	1.06310594	1.02543271	1.02485061	1.40522921	1.28002679	1.29684448	1.20044982
0.00001740	1.02809322	1.59465885	0.85452724	1.57669330	1.20540309	1.37083948	1.21263385	1.26714146
0.00001900	1.37079096	1.06310594	1.02543271	1.65552795	1.28275514	1.08975255	1.30432987	1.25537241
0.00002060	0.68539548	1.32888246	1.19633806	1.26135457	1.24407911	1.18056524	1.31368661	1.19260371
0.00002220	0.51404661	1.06310594	0.85452724	1.57669330	1.16028094	1.24975586	1.21637654	1.17298853
0.00002380	1.19944215	0.79732943	0.51271635	1.34018922	1.16028094	1.34056866	1.22386193	1.25929546
0.00002540	1.37079096	0.79732943	0.85452724	0.94601595	1.32787716	1.26705360	1.14900792	1.17691159
0.00002860	1.37079096	1.44693637	1.81678569	1.23457074	1.25423622	1.13206387	1.17598319	1.16819894
0.00003180	1.02809322	1.57847607	1.12467682	1.35404539	1.21242833	1.12558258	1.10301042	1.18580997
0.00003500	0.77106994	0.52615869	0.69210881	0.83632213	1.16097248	1.16879117	1.13481903	1.14667439
0.00003820	0.85674435	1.44693637	0.77862239	0.99562162	1.11916471	1.11481869	1.10113931	1.08601415
0.00004140	1.02809322	1.44693637	0.86513603	0.83632213	1.11273265	1.02407765	1.09459054	1.02731061
0.00004460	1.02809322	1.31539667	1.29770398	0.91597188	1.03554893	1.06944823	1.07962179	1.14471757
0.00004780	1.45646548	1.31539667	0.77862239	1.31422055	1.05484486	1.06728768	1.00945568	1.07427347
0.00005100	0.68539548	1.71001577	0.60559523	0.91597188	1.10956311	1.08457172	1.03190887	1.04492176
0.00005740	1.11184490	0.91979235	1.07977819	1.13434005	1.09522808	1.01613283	1.02555442	1.04559278
0.00006380	0.81250203	0.59129512	1.12296939	1.09453869	1.01485741	1.03450978	1.01807547	1.03972411
0.00007020	1.06908166	0.59129512	0.99339592	0.65672320	1.11296558	1.01288986	0.96899468	1.07493591
0.00007660	0.98355514	0.72269404	0.90701371	0.87563092	1.01164067	1.02045679	1.03957748	1.02306294
0.00008300	1.02631843	1.64248633	1.03658712	0.87563092	0.98429906	1.02045679	1.02976131	0.97611552
0.00008940	1.11184490	0.72269404	0.86382258	0.87563092	0.96821576	1.03126681	1.00218260	1.02501917
0.00009580	0.98355514	1.44538808	0.47510242	1.11443937	1.01324904	0.99343204	0.96245056	0.96437871
0.00010220	0.98355514	0.85409290	0.99339592	0.93533301	1.01807404	0.99775600	1.00078034	1.01915073
0.00011500	1.15063024	1.01725245	1.20777881	1.00335932	1.08673179	0.99663383	0.99665457	1.02153993
0.00012780	0.80970275	0.91880864	1.07837391	0.91395110	1.00795984	0.96422297	1.01442277	1.00831139
0.00014060	0.89493459	1.05006707	1.12150884	1.08283341	0.94606751	1.03876793	1.00717521	0.97842461
0.00015340	0.59662306	0.91880864	0.81956416	1.01329362	0.97178900	0.98637038	0.99382669	0.99508286
0.00016620	1.06539834	0.52503353	1.12150884	1.10270190	1.05136478	1.03822780	0.98190355	1.00190938
0.00017900	0.95885849	0.98443782	0.86269915	0.93381959	1.02885842	1.00041509	0.99896997	1.00876844
0.00019180	0.85231864	0.68910646	0.99210399	1.12257040	0.95008647	1.04470992	1.00411332	1.01317775
0.00020460	1.10801423	0.95162326	0.99210399	1.05303061	1.05377614	0.99497914	1.00387943	0.96467459
0.00023020	0.98207045	1.11928558	0.90740740	0.95513815	1.04477584	0.98275614	1.01089025	0.98419231
0.00025580	0.87532365	1.08636546	1.01543212	1.05411625	1.04392910	0.99790043	1.01392984	1.02048039
0.00028140	1.13151598	0.87238437	0.90740740	0.89575130	0.99695230	1.00226176	0.98937947	1.01067281
0.00030700	0.93937171	1.15220571	1.04783952	1.04437184	1.04027200	1.00415492	1.00621402	1.00062001
0.00033260	1.02476919	0.87238437	1.08024693	0.98497623	1.01136434	1.01064551	0.99674457	1.00184596
0.00035820	1.07814252	1.02052510	1.08024693	0.98497623	0.99329716	1.00631845	1.00130391	1.00849915
0.00038380	1.08881724	1.05344522	0.83179015	1.00972438	1.01702785	0.99387807	0.99990106	1.00534439
0.00040940	1.00341976	1.02052510	1.03703701	1.07901919	0.99498636	1.00280261	0.97663671	1.01221013
0.00046060	0.96772784	1.01310909	0.93656003	0.99356151	0.99777913	1.00386834	0.99108040	0.99745059
0.00051180	1.03188658	1.09547567	1.09265339	1.01333392	1.01224267	1.01282036	0.99912548	1.00611567
0.00056300	0.94099498	1.03781903	1.03882813	1.03063464	1.01284528	1.02136767	1.00187480	1.00688362
0.00061420	1.06396592	1.02958238	0.92041248	1.00591922	1.02257323	1.00160587	1.00228429	1.01055884
0.00066540	0.85010344	1.00487244	0.95270765	0.94165903	1.02920282	0.99039131	0.99575520	0.99512297
0.00071660	1.09069872	1.05429232	1.03366947	0.94646317	1.00907075	1.00863183	1.00314856	1.00774109
0.00076780	0.99980718	1.06252909	0.89907712	1.01812744	1.00670218	0.99728215	0.99841017	0.99282777
0.00081900	1.09580874	0.90603250	1.06058800	1.04036820	1.00228238	0.99552566	1.00043499	0.99861842
0.00092140	1.01628566	0.86211658	1.01531744	0.98723769	1.02293825	1.01271415	0.99921757	0.99692404
0.00102380	0.94942480	1.02711499	0.99382925	1.02677667	1.00525188	1.00680304	1.00207329	0.98954546
0.00112620	1.09116983	1.01501226	0.99651527	1.00082922	0.98915982	0.99261951	1.00574696	0.99401665
0.00122860	1.05372775	1.06039894	1.08223391	1.03789699	1.00157249	1.00018489	0.99526107	0.99346542
0.00133100	0.98397994	1.02739048	1.02830255	1.01442075	1.00398648	0.99781978	0.99829876	1.01202893
0.00143340	1.02141392	1.01501226	1.05515110	0.99959362	0.97743338	1.00869429	0.99573511	0.99328536
0.00153580	0.96258909	0.96549946	1.01241231	1.04531050	1.01394379	1.00869429	0.99598897	0.99910039
0.00163820	0.96793675	1.00676012	1.00167048	0.99450529	0.99155611	0.99984390	1.00118113	0.99622166
0.00184300	1.06239998	1.04952073	0.97877419	1.04809403	1.00599909	1.00252855	1.00219727	0.99563587
0.00204780	1.03945756	0.94848627	0.99350268	1.00735533	0.99571157	0.98816419	1.00716376	0.99618870
0.00225260	0.94994134	0.99178672	1.10463572	1.01105893	0.98812795	1.00472605	1.00498068	0.99680281
0.00245740	1.02609694	0.99178672	0.96538466	0.99192405	0.98325640	0.99032706	0.99956387	0.99361581
0.00266220	1.02230942	0.99797255	0.94931728	0.98143077	0.99047965	1.00137997	0.99718380	1.01423967
0.00286700	1.00092769	0.95054823	1.01112759	1.01893365	1.00619996	1.00756609	0.99979097	1.00475669
0.00307180	1.09156406	1.01859176	0.98166424	1.01955080	0.99936938	0.99103707	1.00271797	0.98930711
0.00327660	0.98200685	1.06601608	0.98836040	0.96832639	0.99987167	0.99742448	0.99482834	1.00519407
0.00368620	1.01339245	1.00420427	1.00829279	1.00610745	1.01082194	1.00885475	1.00021029	0.99490130
0.00409580	1.04570448	1.04548717	1.03789759	0.98264498	1.00192404	0.99061131	1.00116169	0.99909031
0.00450540	1.00224495	1.03413439	1.02921498	0.98326242	0.99129933	0.99572951	1.00243270	1.00259459
0.00491500	0.96881443	0.98329914	1.00204802	0.98634958	0.99654555	1.00376964	1.00440919	0.99760997
0.00532460	0.97550052	1.02353907	0.99135947	0.97537893	1.00000536	1.00182903	0.99780083	1.00479591
0.00573420	1.06041384	1.05374372	0.98088282	1.02817726	1.00724292	1.00368595	1.00136101	0.99905258
0.00614380	0.99689603	1.00833261	1.02297795	1.00532889	0.99171251	1.00083125	0.99568206	1.01211214
0.00655340	0.99176133	0.98872328	0.95682847	0.98141015	0.99508923	0.99836504	0.99984014	0.99920559
0.00737260	0.96856415	1.05008590	1.00774133	1.00335741	1.00159001	0.99713373	0.99649930	0.99675530
0.00819180	0.98796219	1.00431728	0.99481863	1.02231944	1.00166130	1.00640857	1.00223923	0.99968529
0.00901100	1.00401568	1.01983988	1.01163137	1.02015424	0.99919879	1.00017357	0.99743086	1.00327969
0.00983020	1.01048648	1.00949144	1.01997817	0.97261184	0.99988687	1.00293624	1.00201344	0.99529916
0.01064940	1.04091477	1.00404763	0.99326843	1.02155221	0.99803728	1.00217175	1.00376046	1.00204206
0.01146860	0.99075824	1.00456488	1.01820314	0.98667747	1.00118744	0.99669576	0.99762446	0.99883759
0.01228780	1.00401568	0.99033237	1.01686823	0.98637837	1.00535607	1.00185013	0.99839604	0.99623299
0.01310700	0.97759426	1.02160406	1.01620078	0.99453908	1.00350654	1.00452626	0.99714023	1.00420368
0.01474540	0.98443580	0.98105770	1.00472152	1.00230646	1.00117254	0.99890608	1.00395834	1.00043440
0.01638380	1.02704120	0.99555671	0.99234200	1.00408638	1.00053263	0.99983829	1.00248408	1.00089478
0.01802220	1.00202847	0.99295914	0.99117571	0.99497485	1.00191939	0.99667633	1.00064528	1.00170219
0.01966060	0.99204862	1.01393175	1.00088859	0.98850757	0.99697161	0.99759275	1.00095761	0.99916959
0.02129900	0.99054426	0.99452072	0.98977011	1.00598037	1.00383615	1.00066078	1.00089908	0.99814206
0.02293740	1.00236273	1.00927114	0.99560404	0.97846484	1.00107610	0.99975330	0.99993068	0.99812633
0.02457580	0.99004281	1.01806009	0.99750698	1.00361001	0.99631679	0.99631989	1.00064242	1.00083733
0.02621420	0.99517673	1.01597536	1.00960553	1.00583267	1.00665867	1.00807953	0.99892020	0.99810308
0.02949100	1.00552082	1.01135576	1.00034869	1.00033331	0.99857599	1.00077629	1.00157094	1.00126040
0.03276780	1.00699246	1.00281930	0.99669063	1.00409055	1.00234735	0.99589437	1.00110662	1.00054884
0.03604460	0.99770951	0.99490178	1.01144516	0.99324012	0.99689680	1.00026941	0.99925578	0.99891937
0.03932140	1.02517450	0.99501497	1.00628948	1.00004101	1.00182796	1.00042367	1.00073445	1.00002289
0.04259820	1.00460112	1.00730717	1.00598943	0.99260622	1.00178814	1.00154579	1.00095248	0.99880278
0.04587500	0.99853265	1.02322221	1.00754368	0.99025100	0.99785042	0.99942392	1.00104034	1.00001466
0.04915180	1.00108933	1.00820124	0.99191839	1.00207520	1.00223458	1.00144625	1.00144315	0.99833542
0.05242860	1.00888062	1.00522602	1.00333190	1.00901937	1.00245035	1.00152862	1.00046837	0.99914515
0.05898220	0.98449236	0.99782306	0.99603635	0.99250948	1.00077033	1.00074530	0.99972534	0.99974185
0.06553581	1.00182724	0.98885339	1.01016760	1.01064062	1.00067544	1.00149739	0.99797964	0.99866879
0.07208940	1.00108933	0.99550498	0.99867421	1.00185084	1.00137603	0.99934638	0.99993563	0.99972898
0.07864300	1.00460899	1.00124824	1.00255275	0.99969012	1.00123453	0.99968934	0.99942482	0.99878001
0.08519660	0.99598902	0.99619013	1.00775135	0.99316943	0.99908733	0.99788392	1.00071859	1.00114286
0.09175020	1.00482011	1.00257432	1.00298715	1.00114155	0.99790645	0.99959922	1.00039768	0.99777514
0.09830380	0.99190807	1.00275767	0.99725634	1.00043190	1.00275218	0.99862140	1.00036824	1.00002766
0.10485740	1.01072872	1.00346875	0.98706204	1.00949395	1.00304723	1.00260842	0.99987811	0.99853522
0.11796460	0.99474996	0.99099654	1.00320208	0.99742681	0.99927616	0.99967730	1.00082314	1.00084293
0.13107181	1.00753236	0.99195325	0.99552000	1.00058055	0.99942642	0.99936086	0.99892539	1.00075436
0.14417900	0.99671888	0.99798667	0.99824357	0.99774253	0.99989086	0.99959159	1.00014031	1.00064838
0.15728620	0.99613726	1.00161827	0.99781501	1.00597215	1.00083363	0.99974823	1.00112438	0.99946791
0.17039341	0.99583197	1.00614762	0.98908949	0.99860841	0.99962330	1.00095999	1.00023949	1.00122559
0.18350060	1.00188696	1.00122297	1.00559092	0.99856043	0.99984872	1.00006151	1.00043511	1.00039983
0.19660780	0.99923337	1.01296782	0.99363393	0.99982005	1.00149131	0.99834651	1.00061762	1.00024319
0.20971501	1.00031483	0.99790436	0.99072242	1.00301480	1.00193572	1.00051165	1.00115430	1.00004280
0.23592941	0.99432039	0.99741167	0.99629307	1.00183678	1.00044358	1.00053430	1.00007474	1.00036299
0.26214382	0.99775207	1.00274742	1.00234640	0.99996674	1.00007617	1.00042295	0.99985117	1.00107610
0.28835821	1.00402677	1.00063157	1.00445688	1.00025678	1.00014448	0.99995798	1.00046778	1.00027835
0.31457260	0.99868119	0.99601322	1.00283587	1.00388920	1.00107992	0.99922711	1.00111091	0.99986112
0.34078699	1.00236976	0.99358994	1.00217438	0.99950552	0.99856353	0.99978125	0.99963224	0.99858165
0.36700141	0.99806505	0.99814862	1.00225687	0.99712849	1.00000334	0.99998069	1.00086892	1.00056064
0.39321581	0.99590611	0.99611497	1.00428629	1.00030744	1.00010347	0.99946618	0.99993724	1.00011671
0.41943020	0.99518162	0.99749452	1.00219500	0.99722123	0.99923706	1.00001192	0.99987137	1.00035870
0.47185901	0.99853182	0.99578238	1.00334322	0.99990731	1.00025427	0.99969357	0.99995381	0.99944645
0.52428782	0.99984884	0.99868739	0.99563932	1.00080204	1.00114584	1.00096321	0.99985689	1.00091469
0.57671660	1.00201178	1.00175774	0.99575263	0.99836707	1.00020969	0.99954379	0.99993622	1.00010979
0.62914538	1.00328410	1.00025070	0.99626166	1.00014031	1.00031316	1.00011671	1.00031650	0.99976087
0.68157423	1.00448668	0.99754333	1.00038481	1.00081718	0.99952179	1.00023842	0.99985939	1.00006855
0.73400301	0.99780142	0.99693936	1.00272465	0.99722773	1.00021970	1.00069606	0.99992800	0.99996722
0.78643179	0.99886626	0.99667847	1.00133777	1.00156534	1.00035298	0.99953860	1.00029516	1.00054240
0.83886063	1.00257874	1.00062895	0.99867314	0.99939150	0.99970776	0.99945211	0.99974191	0.99988657
0.94371825	0.99895871	1.00266385	0.99770904	0.99977320	0.99993324	0.99995548	0.99958062	0.99984133
1.04857588	0.99851972	0.99899685	0.99737996	1.00051308	1.00082719	0.99994832	1.00037301	0.99986535
1.15343344	0.99705917	1.00135410	1.00282443	0.99728590	1.00006497	0.99982601	1.00023746	1.00010324
1.25829101	1.00139177	0.99799347	1.00006461	0.99998003	0.99993783	1.00021839	1.00004125	0.99952847
1.36314869	1.00212252	0.99739361	0.99733317	1.00027633	0.99936700	0.99997038	1.00028610	1.00008857
1.46800625	0.99786037	1.00046098	1.00065982	1.00080562	0.99868655	1.00016832	1.00010955	0.99975485
1.57286382	1.00140071	0.99912983	1.00191569	0.99893737	1.00036490	1.00013244	1.00067890	1.00037479
1.67772150	0.99729174	0.99897236	0.99802405	1.00088882	0.99955875	1.00017524	1.00014460	1.00028944
1.88743675	0.99766874	1.00168371	1.00056231	1.00009894	0.99918985	0.99936157	0.99999994	1.00024438
2.09715199	0.99982387	1.00437558	0.99772465	1.00105953	1.00003374	1.00015283	0.99965709	0.99991697
2.30686712	0.99910581	0.99908286	1.00346112	1.00101674	0.99964988	0.99962300	1.00007212	1.00016499
2.51658225	0.99926603	1.00054073	0.99929696	1.00039089	0.99971491	0.99996895	1.00003731	1.00027251
2.72629738	1.00067091	1.00003636	1.00268757	1.00066233	1.00008559	0.99978852	1.00024366	0.99997813
2.93601274	1.00223136	0.99600744	1.00217772	0.99983823	0.99933088	1.00014699	0.99992174	0.99997193
3.14572787	1.00051606	0.99515456	0.99766719	0.99963450	0.99956387	1.00042927	0.99982762	1.00010717
3.35544300	1.00124884	1.00288391	0.99941486	0.99827349	1.00094426	1.00009418	0.99975216	0.99990797
3.77487350	0.99840349	1.00138748	0.99803412	0.99987054	1.00013280	0.99992245	0.99985784	0.99979967
4.19430399	1.00062847	1.00086200	1.00130224	1.00069106	0.99980193	1.00008273	1.00029278	1.00004685
4.61373425	0.99993920	1.00424671	0.99989200	0.99995136	1.00016510	1.00068462	0.99997360	1.00001121
5.03316450	1.00000000	1.00000000	1.00000000	1.00000000	1.00000000	1.00000000	1.00000000	1.00000000
5.45259476	0.00000000	0.00000000	0.00000000	0.00000000	0.00000000	0.00000000	0.00000000	0.00000000
5.87202549	0.00000000	0.00000000	0.00000000	0.00000000	0.00000000	0.00000000	0.00000000	0.00000000
6.29145575	0.00000000	0.00000000	0.00000000	0.00000000	0.00000000	0.00000000	0.00000000	0.00000000
6.71088600	0.00000000	0.00000000	0.00000000	0.00000000	0.00000000	0.00000000	0.00000000	0.00000000
7.54974699	0.00000000	0.00000000	0.00000000	0.00000000	0.00000000	0.00000000	0.00000000	0.00000000
8.38860798	0.00000000	0.00000000	0.00000000	0.00000000	0.00000000	0.00000000	0.00000000	0.00000000
9.22746849	0.00000000	0.00000000	0.00000000	0.00000000	0.00000000	0.00000000	0.00000000	0.00000000
10.06632900	0.00000000	0.00000000	0.00000000	0.00000000	0.00000000	0.00000000	0.00000000	0.00000000
10.90518951	0.00000000	0.00000000	0.00000000	0.00000000	0.00000000	0.00000000	0.00000000	0.00000000
11.74405098	0.00000000	0.00000000	0.00000000	0.00000000	0.00000000	0.00000000	0.00000000	0.00000000
12.58291149	0.00000000	0.00000000	0.00000000	0.00000000	0.00000000	0.00000000	0.00000000	0.00000000
13.42177200	0.00000000	0.00000000	0.00000000	0.00000000	0.00000000	0.00000000	0.00000000	0.00000000
15.09949398	0.00000000	0.00000000	0.00000000	0.00000000	0.00000000	0.00000000	0.00000000	0.00000000
16.77721596	0.00000000	0.00000000	0.00000000	0.00000000	0.00000000	0.00000000	0.00000000	0.00000000
18.45493698	0.00000000	0.00000000	0.00000000	0.00000000	0.00000000	0.00000000	0.00000000	0.00000000
20.13265800	0.00000000	0.00000000	0.00000000	0.00000000	0.00000000	0.00000000	0.00000000	0.00000000
21.81037903	0.00000000	0.00000000	0.00000000	0.00000000	0.00000000	0.00000000	0.00000000	0.00000000
23.48810196	0.00000000	0.00000000	0.00000000	0.00000000	0.00000000	0.00000000	0.00000000	0.00000000
25.16582298	0.00000000	0.00000000	0.00000000	0.00000000	0.00000000	0.00000000	0.00000000	0.00000000
26.84354401	0.00000000	0.00000000	0.00000000	0.00000000	0.00000000	0.00000000	0.00000000	0.00000000
30.19898796	0.00000000	0.00000000	0.00000000	0.00000000	0.00000000	0.00000000	0.00000000	0.00000000
33.55443192	0.00000000	0.00000000	0.00000000	0.00000000	0.00000000	0.00000000	0.00000000	0.00000000
36.90987396	0.00000000	0.00000000	0.00000000	0.00000000	0.00000000	0.00000000	0.00000000	0.00000000
40.26531601	0.00000000	0.00000000	0.00000000	0.00000000	0.00000000	0.00000000	0.00000000	0.00000000
43.62075806	0.00000000	0.00000000	0.00000000	0.00000000	0.00000000	0.00000000	0.00000000	0.00000000
46.97620392	0.00000000	0.00000000	0.00000000	0.00000000	0.00000000	0.00000000	0.00000000	0.00000000
50.33164597	0.00000000	0.00000000	0.00000000	0.00000000	0.00000000	0.00000000	0.00000000	0.00000000
53.68708801	0.00000000	0.00000000	0.00000000	0.00000000	0.00000000	0.00000000	0.00000000	0.00000000
60.39797592	0.00000000	0.00000000	0.00000000	0.00000000	0.00000000	0.00000000	0.00000000	0.00000000
67.10886383	0.00000000	0.00000000	0.00000000	0.00000000	0.00000000	0.00000000	0.00000000	0.00000000
73.81974792	0.00000000	0.00000000	0.00000000	0.00000000	0.00000000	0.00000000	0.00000000	0.00000000
80.53063202	0.00000000	0.00000000	0.00000000	0.00000000	0.00000000	0.00000000	0.00000000	0.00000000
87.24151611	0.00000000	0.00000000	0.00000000	0.00000000	0.00000000	0.00000000	0.00000000	0.00000000
93.95240784	0.00000000	0.00000000	0.00000000	0.00000000	0.00000000	0.00000000	0.00000000	0.00000000
100.66329193	0.00000000	0.00000000	0.00000000	0.00000000	0.00000000	0.00000000	0.00000000	0.00000000
107.37417603	0.00000000	0.00000000	0.00000000	0.00000000	0.00000000	0.00000000	0.00000000	0.00000000
120.79595184	0.00000000	0.00000000	0.00000000	0.00000000	0.00000000	0.00000000	0.00000000	0.00000000
134.21772766	0.00000000	0.00000000	0.00000000	0.00000000	0.00000000	0.00000000	0.00000000	0.00000000
147.63949585	0.00000000	0.00000000	0.00000000	0.00000000	0.00000000	0.00000000	0.00000000	0.00000000
161.06126404	0.00000000	0.00000000	0.00000000	0.00000000	0.00000000	0.00000000	0.00000000	0.00000000
174.48303223	0.00000000	0.00000000	0.00000000	0.00000000	0.00000000	0.00000000	0.00000000	0.00000000
187.90481567	0.00000000	0.00000000	0.00000000	0.00000000	0.00000000	0.00000000	0.00000000	0.00000000
201.32658386	0.00000000	0.00000000	0.00000000	0.00000000	0.00000000	0.00000000	0.00000000	0.00000000
214.74835205	0.00000000	0.00000000	0.00000000	0.00000000	0.00000000	0.00000000	0.00000000	0.00000000
241.59190369	0.00000000	0.00000000	0.00000000	0.00000000	0.00000000	0.00000000	0.00000000	0.00000000
268.43545532	0.00000000	0.00000000	0.00000000	0.00000000	0.00000000	0.00000000	0.00000000	0.00000000
295.27899170	0.00000000	0.00000000	0.00000000	0.00000000	0.00000000	0.00000000	0.00000000	0.00000000
322.12252808	0.00000000	0.00000000	0.00000000	0.00000000	0.00000000	0.00000000	0.00000000	0.00000000
348.96606445	0.00000000	0.00000000	0.00000000	0.00000000	0.00000000	0.00000000	0.00000000	0.00000000
375.80963135	0.00000000	0.00000000	0.00000000	0.00000000	0.00000000	0.00000000	0.00000000	0.00000000
402.65316772	0.00000000	0.00000000	0.00000000	0.00000000	0.00000000	0.00000000	0.00000000	0.00000000
429.49670410	0.00000000	0.00000000	0.00000000	0.00000000	0.00000000	0.00000000	0.00000000	0.00000000
483.18380737	0.00000000	0.00000000	0.00000000	0.00000000	0.00000000	0.00000000	0.00000000	0.00000000
536.87091064	0.00000000	0.00000000	0.00000000	0.00000000	0.00000000	0.00000000	0.00000000	0.00000000
590.55798340	0.00000000	0.00000000	0.00000000	0.00000000	0.00000000	0.00000000	0.00000000	0.00000000
644.24505615	0.00000000	0.00000000	0.00000000	0.00000000	0.00000000	0.00000000	0.00000000	0.00000000
697.93212891	0.00000000	0.00000000	0.00000000	0.00000000	0.00000000	0.00000000	0.00000000	0.00000000
751.61926270	0.00000000	0.00000000	0.00000000	0.00000000	0.00000000	0.00000000	0.00000000	0.00000000
805.30633545	0.00000000	0.00000000	0.00000000	0.00000000	0.00000000	0.00000000	0.00000000	0.00000000
858.99340820	0.00000000	0.00000000	0.00000000	0.00000000	0.00000000	0.00000000	0.00000000	0.00000000
966.36761475	0.00000000	0.00000000	0.00000000	0.00000000	0.00000000	0.00000000	0.00000000	0.00000000
1073.74182129	0.00000000	0.00000000	0.00000000	0.00000000	0.00000000	0.00000000	0.00000000	0.00000000
1181.11596680	0.00000000	0.00000000	0.00000000	0.00000000	0.00000000	0.00000000	0.00000000	0.00000000
1288.49011230	0.00000000	0.00000000	0.00000000	0.00000000	0.00000000	0.00000000	0.00000000	0.00000000
1395.86425781	0.00000000	0.00000000	0.00000000	0.00000000	0.00000000	0.00000000	0.00000000	0.00000000
1503.23852539	0.00000000	0.00000000	0.00000000	0.00000000	0.00000000	0.00000000	0.00000000	0.00000000
1610.61267090	0.00000000	0.00000000	0.00000000	0.00000000	0.00000000	0.00000000	0.00000000	0.00000000
1717.98681641	0.00000000	0.00000000	0.00000000	0.00000000	0.00000000	0.00000000	0.00000000	0.00000000
1932.73522949	0.00000000	0.00000000	0.00000000	0.00000000	0.00000000	0.00000000	0.00000000	0.00000000
2147.48364258	0.00000000	0.00000000	0.00000000	0.00000000	0.00000000	0.00000000	0.00000000	0.00000000
2362.23193359	0.00000000	0.00000000	0.00000000	0.00000000	0.00000000	0.00000000	0.00000000	0.00000000
2576.98022461	0.00000000	0.00000000	0.00000000	0.00000000	0.00000000	0.00000000	0.00000000	0.00000000
2791.72851562	0.00000000	0.00000000	0.00000000	0.00000000	0.00000000	0.00000000	0.00000000	0.00000000
3006.47705078	0.00000000	0.00000000	0.00000000	0.00000000	0.00000000	0.00000000	0.00000000	0.00000000
3221.22534180	0.00000000	0.00000000	0.00000000	0.00000000	0.00000000	0.00000000	0.00000000	0.00000000
3435.97363281	0.00000000	0.00000000	0.00000000	0.00000000	0.00000000	0.00000000	0.00000000	0.00000000
0	0	0	0	0	0	0	0	0
