%2/18/2015 6:32:06 PM
%Duration	ID1		ID2		ID3		ID4		ID5		ID6		ID7		ID8
3000.000000	1.688004	1.211166	2.593994	6.246567	16.241074	25.815964	17.366409	13.618469
%Tau		Tau1		Tau2		Tau3		Tau4		Tau5		Tau6		Tau7		Tau8
%		0.000002	0.000001	0.000001	0.000001	0.000008	0.000017	0.000024	0.000005
%Delaytime	D1		D2		D3		D4		D5		D6		D7		D8
0.00000000	11.72059822	69.46007538	35.78235626	12.89100170	4.73003674	1.91613734	3.57924342	6.18014717
0.00000020	1.17205977	9.26134300	4.12873363	3.48405457	2.01130581	1.57358766	1.51643956	2.15336156
0.00000040	1.17205977	2.31533575	3.44061112	1.74202728	1.49807608	1.16145754	1.39378643	1.55042028
0.00000060	3.51617956	0.00000000	2.06436682	1.50975704	1.67840004	1.27385664	1.24883258	1.22741604
0.00000080	4.68823910	0.00000000	2.06436682	1.74202728	1.27613890	1.29526603	1.34918523	1.61502111
0.00000100	0.00000000	4.63067150	3.44061112	1.62589216	1.44259179	1.40766513	1.48298872	1.11974800
0.00000120	2.34411955	2.31533575	1.37624443	1.16135156	1.52581823	1.32202780	1.40493667	1.48581946
0.00000140	2.34411955	2.31533575	1.37624443	1.39362180	1.27613890	1.34878945	1.51643956	1.59348750
0.00000160	1.17205977	0.00000000	0.68812221	1.27748668	1.30388105	1.16145754	1.29343379	1.63655472
0.00000180	0.00000000	0.00000000	0.68812221	1.04521632	1.40097857	1.29526603	1.48298872	1.59348750
0.00000200	0.00000000	0.00000000	1.37624443	0.46454060	1.52581823	1.41301751	1.50528932	1.24894965
0.00000220	1.17205977	2.31533575	2.06436682	1.27748668	1.41484964	1.35949409	1.38263607	1.42121851
0.00000240	0.00000000	2.31533575	1.37624443	1.39362180	1.22065461	1.38090348	1.60564196	1.48581946
0.00000260	1.17205977	0.00000000	2.06436682	1.97429764	1.38710749	1.35414183	1.52758992	1.50735307
0.00000280	1.17205977	0.00000000	1.37624443	1.27748668	1.16517031	1.27385664	1.36033547	1.07668078
0.00000300	1.17205977	2.31533575	0.00000000	1.04521632	1.33162320	1.30061841	1.08157825	1.76575637
0.00000340	0.00000000	1.15766788	1.03218341	1.50975704	1.42872071	1.26582813	1.34918523	1.33508408
0.00000380	1.17205977	2.31533575	1.37624443	1.50975704	1.44259179	1.41034138	1.40493667	1.50735307
0.00000420	0.58602989	1.15766788	0.68812221	1.45168936	1.49807608	1.25512350	1.38821125	1.48581946
0.00000460	2.34411955	1.15766788	1.72030556	1.04521632	1.37323642	1.22033334	1.51086450	1.36738455
0.00000500	0.58602989	0.00000000	1.37624443	1.39362180	1.29694545	1.22568560	1.31573439	1.35661769
0.00000540	0.58602989	1.15766788	1.72030556	1.27748668	1.31775212	1.18286693	1.31573439	1.31355047
0.00000580	2.93014956	0.00000000	0.00000000	1.04521632	1.41484964	1.33273244	1.43838751	1.22741604
0.00000620	1.75808978	1.15766788	1.37624443	0.69681090	1.31081653	1.33540857	1.32130945	1.31355047
0.00000700	1.75808978	0.00000000	1.89233613	1.07425022	1.34896207	1.22836185	1.36312306	1.23818278
0.00000780	2.63713455	0.57883394	1.37624443	1.27748668	1.24839675	1.25913775	1.48020113	1.36738455
0.00000860	2.05110478	0.57883394	0.68812221	1.68395972	1.31081653	1.28054714	1.44953787	1.23818278
0.00000940	1.46507478	1.15766788	1.72030556	1.01618254	1.35242975	1.23505223	1.37706089	1.39968491
0.00001020	0.29301494	1.73650193	1.72030556	1.10328400	1.42178512	1.30329454	1.44117510	1.16281521
0.00001100	0.87904489	1.15766788	0.68812221	1.13231778	1.25880003	1.24174261	1.22931957	1.27048326
0.00001180	2.34411955	1.15766788	0.86015278	1.33555424	1.25880003	1.22167134	1.41329944	1.18434882
0.00001260	0.29301494	1.73650193	1.37624443	1.50975704	1.36976862	1.22434759	1.27670836	1.27048326
0.00001420	0.87904489	1.73650193	0.86015278	1.20490217	1.34202647	1.23505223	1.32967222	1.29470861
0.00001580	1.17205977	0.57883394	1.20421386	1.11780083	1.24492896	1.16747892	1.26416421	1.36200118
0.00001740	1.17205977	2.31533575	1.63429034	1.21941912	1.32468760	1.21230483	1.25580156	1.30278373
0.00001900	1.31856728	1.15766788	0.60210693	1.32103741	1.25533223	1.24174261	1.22653198	1.31624222
0.00002060	1.02555239	1.44708490	1.11819863	1.00166571	1.26053393	1.19758582	1.24743879	1.31624222
0.00002220	1.31856728	0.28941697	0.86015278	1.11780083	1.28654218	1.20360720	1.23210716	1.10628951
0.00002380	1.75808978	1.15766788	1.11819863	1.13231778	1.18597686	1.13335776	1.22792578	1.18973219
0.00002540	0.58602989	0.86825097	1.46225977	1.37910497	1.19811404	1.14272439	1.17356813	1.14128160
0.00002860	0.88009959	1.44627249	1.08213782	1.12293804	1.17070270	1.16337788	1.20706606	1.14229286
0.00003180	1.02678287	1.73552704	1.03885233	1.02739501	1.17590582	1.10853958	1.16806126	1.16124082
0.00003500	0.66007471	0.43388176	1.25527990	1.02005649	1.13688242	1.10080171	1.11648822	1.13823259
0.00003820	0.95344126	0.86776352	0.90899581	1.02733004	1.10913241	1.11526823	1.18896925	1.19236970
0.00004140	0.73341638	0.57850903	1.03885233	1.26948643	1.11520278	1.09541881	1.09836793	1.06244063
0.00004460	1.32014942	1.15701807	0.95228130	0.96128744	1.15335894	1.10618460	1.11997283	1.13011205
0.00004780	1.02678287	1.59089971	1.38513637	1.13006306	1.10566366	1.09474599	1.12554836	1.12199140
0.00005100	1.10012448	1.01239073	0.86571026	1.26948643	1.10046053	1.03620696	1.13321459	1.12469828
0.00005740	1.09924531	0.94511175	1.18816078	1.16690099	1.07568824	1.05785275	1.07157111	1.06046808
0.00006380	1.68550944	1.38131714	1.29617536	1.01278198	1.06656373	1.06558657	1.04997253	1.05979133
0.00007020	1.02596223	0.72700900	1.08014619	1.08617198	1.05789602	1.05650771	1.05624306	1.08280087
0.00007660	0.98932076	0.58160722	1.01533735	1.02745998	1.04489434	1.03650069	1.02874231	1.03136778
0.00008300	1.20916986	1.09051359	1.27457249	1.02745998	1.05572903	1.01867926	1.02142644	1.02527702
0.00008940	1.28245282	0.87241083	0.95052862	0.98709548	1.01889122	1.03767753	1.04581249	1.05911458
0.00009580	0.84275472	1.59941983	0.88571984	1.04947698	0.99505496	1.01817489	1.02212322	1.02730727
0.00010220	0.91603774	0.94511175	0.92892569	0.96140897	1.01542413	1.00926411	1.00644648	1.03204453
0.00011500	1.37131476	0.94644332	0.90760130	0.91894341	1.02216387	1.02977729	1.02476490	1.02023494
0.00012780	1.17018867	0.80083668	1.02645385	1.02186513	0.98857564	1.01397848	1.00839651	1.04357588
0.00014060	1.22504127	0.94644332	1.19933033	0.96856636	1.01132894	1.02994537	0.97444081	1.06387234
0.00015340	0.87764150	1.60167336	1.14530635	1.08986688	1.00569475	0.99095261	1.00212777	0.99689406
0.00016620	0.96906245	1.01924670	1.05886817	0.99987376	0.98814225	1.00481856	0.98382473	1.01346946
0.00017900	1.06048346	0.40041834	0.99403954	1.03479576	1.02084148	0.99944025	1.00265014	0.97290301
0.00019180	1.06048346	1.31045997	0.97257924	1.02192974	1.00133908	0.99574268	0.99585897	0.94919741
0.00020460	1.17018867	1.38326335	1.16709507	1.06787992	1.01000679	1.00818002	0.96486354	0.98471618
0.00023020	1.02596223	0.77912033	0.90109223	1.02300251	1.00294113	1.00966120	1.00106668	0.98862463
0.00025580	0.87023586	1.03278744	1.03059053	0.95143819	0.99860835	1.01348114	0.98384142	0.99349523
0.00028140	1.09924531	0.94219202	1.03598630	1.01015759	1.00814056	1.00298703	0.99915278	0.99332631
0.00030700	0.91603774	0.77912033	1.08454812	1.02392006	1.01279831	1.00153136	0.98945767	1.02659488
0.00033260	1.00764155	0.97843021	1.14390159	1.01566255	1.00536788	0.99305195	1.01346767	1.02031875
0.00035820	1.00764155	0.97843021	1.07915235	1.02575505	0.97969478	0.99741757	1.01955724	1.01322615
0.00038380	0.97100002	0.96031111	1.05217361	0.99456030	0.99726516	0.99266076	1.01355469	1.01187515
0.00040940	1.12672639	1.25021636	0.99821597	0.96244812	0.99845678	1.01566386	0.99911386	1.01221299
0.00046060	1.05386460	0.81604654	1.00229692	1.01458073	1.00178564	1.00736511	1.00245476	1.00682485
0.00051180	1.04011858	1.08806205	0.95125836	0.98847187	1.00413799	0.99713725	0.98785990	1.00842524
0.00056300	1.01720846	1.02459180	0.96206814	0.97335625	0.98041910	1.00311911	1.00176287	0.99379587
0.00061420	0.90723997	1.06992769	1.07557058	0.98892993	0.99886972	0.99643111	1.00630891	1.00707757
0.00066540	1.00804436	1.01552463	0.92963886	0.99671680	0.99922740	0.99289161	1.00804985	1.01426482
0.00071660	0.97119409	1.01552463	0.99974877	1.00679386	0.98188257	0.99189001	0.99488634	1.01266432
0.00076780	1.03054249	0.80697936	0.97813255	1.00908411	0.98930830	1.00953531	0.99815053	0.99798054
0.00081900	1.09466517	1.04272616	1.03217304	1.01091635	0.99949843	1.00659692	0.99880338	0.98200744
0.00092140	0.94006556	1.08200657	1.05286407	0.98847127	0.99210531	0.99978679	0.99651712	1.01053548
0.00102380	1.02260792	1.02315271	0.91347462	0.98161006	0.99892390	0.99652618	0.99743080	0.99031270
0.00112620	0.91484427	0.90997207	1.00685203	1.02666533	1.00262630	0.99854362	0.99825746	0.99133974
0.00122860	0.98133677	0.88280874	1.06369042	0.98768115	0.99815965	1.00559008	1.00337183	0.99689239
0.00133100	1.02031505	0.98693490	0.96489990	1.00003290	0.99746042	1.00689316	1.00802481	1.01327550
0.00143340	1.14871430	1.03673434	0.95257390	1.00209153	1.00053394	0.99457771	0.99371570	0.99495333
0.00153580	0.99509382	0.85111815	0.99857885	1.01009727	1.00706601	0.99589866	0.99800336	1.00377834
0.00163820	1.04553640	0.93713540	0.94174916	1.03114092	1.00378644	1.00161242	1.00201023	1.00622320
0.00184300	1.03885615	1.00248754	1.02602661	0.99318278	1.00529981	1.00381851	1.00612819	0.99915677
0.00204780	1.03196108	0.91856885	1.02535200	1.00196195	1.00430810	1.00409043	0.99636841	0.99727261
0.00225260	0.95611542	0.95712608	0.98383027	0.99626118	0.99918848	0.99869621	1.00550807	1.00797558
0.00245740	0.94922036	0.88681585	1.02649891	0.99935162	1.00210047	0.99943954	1.00017834	1.00907111
0.00266220	1.01472342	0.98434293	0.98735565	0.99530935	0.99686164	0.99909633	1.00551462	0.99470222
0.00286700	1.01222253	1.03650856	0.98533100	1.02005517	0.99665302	1.00046730	1.00201285	1.00232911
0.00307180	0.98464775	1.11815917	0.99597633	0.99952865	1.00077593	1.00039375	1.00552547	1.00473714
0.00327660	0.94673246	1.12042725	0.97573286	0.98561621	0.99676412	1.00516498	0.99895048	1.00781095
0.00368620	0.99793440	0.97705686	1.00965440	0.99515831	1.00030065	1.00051093	1.00103807	0.99632251
0.00409580	1.02428627	1.04180789	0.98251659	0.99460095	0.99905872	1.00486135	1.00024354	1.00008357
0.00450540	1.04641879	1.01805341	1.00275385	1.00906599	1.00214851	0.99937582	1.00362861	0.99862903
0.00491500	0.96795177	0.97167540	1.02870321	0.99869752	1.00166130	1.00206006	1.00235975	1.00130868
0.00532460	1.03553653	0.96629089	1.01624525	1.00187743	0.99778861	1.00167787	1.00144792	1.00797427
0.00573420	1.00288963	0.97194833	1.01520765	1.00103021	0.99977148	0.99936420	1.00037551	1.00504577
0.00614380	1.01835394	0.93660909	1.00474846	0.99959564	1.00056756	1.00160849	0.99430269	0.99815416
0.00655340	0.98189414	1.00957096	0.97640771	1.00212371	1.00074744	1.00276041	1.00239754	0.99309587
0.00737260	1.02371311	1.01042581	1.00243139	0.99373525	1.00028813	1.00208414	1.00122941	1.00431895
0.00819180	0.99483067	0.98377591	1.00425708	0.99832541	1.00132585	1.00173032	1.00061989	0.99881124
0.00901100	0.99443281	1.00362158	1.00223303	1.00135231	0.99685264	1.00272024	1.00024533	0.99538088
0.00983020	0.97827512	1.00333941	1.01034284	0.99258757	1.00428975	1.00077069	1.00164390	1.00173414
0.01064940	0.97283071	1.03197241	0.99787873	1.00279129	1.00323832	0.99967957	1.00004590	0.99472719
0.01146860	1.01180124	1.01099277	0.98506379	0.99715620	1.00041425	1.00268281	0.99970275	1.00344467
0.01228780	1.00119901	0.94438618	1.00548089	1.00525761	0.99949443	1.00273824	1.00417864	0.99854851
0.01310700	0.99518144	0.95658821	1.00479209	1.00213134	1.00296402	1.00019848	1.00446439	1.00110948
0.01474540	1.01458299	0.99625993	0.99637586	0.99865204	0.99880004	0.99927211	1.00066710	1.00345135
0.01638380	1.02211690	0.96113449	1.00437856	0.99927896	0.99961221	0.99979562	0.99949002	0.99777716
0.01802220	1.01658916	1.04665983	1.00554156	1.00540352	0.99965560	1.00100625	1.00136864	1.00149870
0.01966060	1.02545428	0.97757250	0.99883831	1.00201011	1.00010848	0.99924046	0.99895412	1.00115526
0.02129900	0.99575448	1.01891828	1.00326908	0.99825048	1.00183642	1.00111532	0.99848825	0.99797493
0.02293740	1.00896204	0.97530699	1.00674760	1.00002968	1.00116324	0.99904430	1.00015569	1.00140667
0.02457580	0.99764788	1.02344477	1.00331211	1.00718379	1.00220609	1.00031984	1.00097179	1.00378799
0.02621420	1.00277495	0.99683535	0.99983311	1.00104070	0.99849343	1.00280392	1.00035191	1.00136793
0.02949100	1.00430775	0.99442595	1.00740564	1.00521696	1.00124717	1.00122178	1.00067651	1.00316012
0.03276780	0.98864257	0.98281151	1.00534296	1.00351739	1.00106668	1.00204372	1.00093436	1.00217998
0.03604460	0.98323774	1.00475943	1.00189149	1.00353098	1.00031221	1.00073123	0.99980748	1.00052547
0.03932140	0.99798024	0.99853599	1.01347125	1.00299764	1.00162363	1.00056255	1.00016642	1.00191617
0.04259820	0.98422170	1.00193286	1.00167882	1.00514758	1.00013864	0.99928027	1.00041568	0.99928689
0.04587500	1.00979578	1.00192833	0.99836701	1.00197399	0.99829650	1.00198269	1.00111723	0.99932110
0.04915180	0.99486357	0.98848063	0.99177212	1.00041234	1.00101328	1.00041330	1.00029051	0.99803042
0.05242860	0.99436194	1.01212573	1.00889432	1.00668645	1.00118041	1.00079691	0.99900484	1.00219548
0.05898220	0.99830955	0.99479741	1.00157285	1.00261438	1.00003922	1.00067878	1.00082660	1.00080609
0.06553581	1.00658274	0.99160081	1.00758898	1.00177896	1.00165057	1.00107133	1.00085783	1.00237012
0.07208940	1.00605953	1.00730753	1.00926173	1.00263619	1.00031006	0.99979717	0.99978727	1.00093532
0.07864300	1.00752604	1.00539887	1.01097524	0.99948126	1.00052583	1.00094271	1.00065887	1.00213265
0.08519660	1.00992465	0.99882013	1.00830543	0.99984694	1.00033283	1.00045681	1.00147772	1.00088561
0.09175020	1.00578713	1.00327885	0.99700999	1.00236392	0.99998569	1.00155652	0.99987286	1.00203228
0.09830380	0.99957269	0.99854338	1.00341737	1.00575066	1.00133383	1.00103188	0.99998188	1.00249553
0.10485740	0.99674928	0.98786080	1.00333989	1.00287747	1.00058985	1.00109029	0.99952364	1.00232649
0.11796460	0.98876536	1.00536084	0.99712497	1.00351787	1.00040793	1.00093806	0.99982935	1.00014281
0.13107181	1.00462675	1.00006342	1.00024378	1.00219846	1.00094533	1.00082421	1.00046825	1.00158310
0.14417900	1.00006032	1.00116467	1.00415039	1.00075305	1.00013590	1.00095987	1.00041473	1.00108731
0.15728620	1.01049101	1.00286686	1.00290525	1.00201142	1.00106311	1.00038457	1.00014901	1.00034201
0.17039341	0.99710423	0.99973077	1.00529265	1.00292623	1.00086045	1.00053287	1.00065136	1.00061929
0.18350060	1.00554943	1.00380886	1.00322354	0.99997163	0.99988413	1.00079155	0.99999261	1.00120115
0.19660780	0.99339271	0.98482335	0.99980915	1.00218856	1.00027621	0.99977881	1.00011766	1.00176311
0.20971501	1.00142837	1.00458646	0.99580449	1.00052047	1.00105488	1.00078857	1.00074136	1.00022900
0.23592941	0.99796569	1.00132620	1.00301790	1.00102377	1.00092518	1.00038445	1.00037634	1.00115359
0.26214382	0.99740618	0.99361223	0.99814731	0.99974340	0.99991572	1.00050497	1.00070643	1.00134432
0.28835821	0.99408758	0.99710488	1.00192535	1.00125217	0.99973571	1.00062180	1.00058556	1.00023282
0.31457260	1.00157547	1.00284994	0.99940890	0.99920672	1.00000477	1.00053251	1.00046980	1.00037861
0.34078699	1.00377059	0.99647743	0.99531430	1.00041306	1.00019968	1.00025249	0.99990207	1.00143337
0.36700141	1.00019622	1.00012302	1.00257957	1.00232530	0.99993503	1.00024390	1.00074100	1.00158322
0.39321581	1.00336194	1.00007164	1.00026572	1.00149512	1.00073731	1.00039124	1.00049233	1.00063956
0.41943020	0.99639004	1.00669813	1.00343847	1.00131118	1.00022507	1.00040829	1.00049567	1.00100303
0.47185901	1.00129735	1.00046670	1.00356746	1.00206661	0.99972111	1.00042617	1.00078714	1.00125504
0.52428782	1.00256491	0.99809611	1.00421715	1.00140929	1.00008726	1.00049257	1.00090039	1.00106537
0.57671660	1.00139785	1.00028491	0.99913841	1.00156367	1.00042319	1.00081635	1.00060427	1.00062740
0.62914538	0.99737257	0.99954474	1.00338089	1.00164175	1.00051391	1.00022388	1.00016737	1.00090861
0.68157423	0.99856335	0.99777842	1.00257158	1.00111341	1.00047457	1.00032377	1.00022233	1.00119615
0.73400301	1.00137138	0.99729359	0.99974942	1.00171518	1.00053024	1.00086224	1.00059986	1.00101399
0.78643179	1.00222731	0.99778116	1.00181532	1.00188756	1.00069118	1.00017810	1.00073338	1.00121164
0.83886063	0.99899805	1.00150359	1.00210965	1.00110126	1.00061417	1.00048006	1.00032079	1.00052440
0.94371825	1.00183761	1.00048423	1.00132263	1.00095546	0.99989522	1.00036633	1.00040734	1.00086284
1.04857588	1.00152540	0.99930400	1.00009632	1.00028002	0.99989396	1.00026536	1.00066519	1.00095379
1.15343344	0.99852240	1.00062013	1.00063050	0.99966192	0.99977422	1.00031269	1.00044048	1.00058341
1.25829101	0.99764878	1.00134289	0.99966222	1.00031281	1.00031614	1.00046408	1.00047767	1.00048828
1.36314869	1.00250530	0.99820119	0.99821216	1.00094855	1.00042272	1.00018620	1.00006402	1.00096798
1.46800625	1.00052822	1.00242507	0.99978566	1.00128758	1.00044763	1.00003707	1.00072706	1.00090516
1.57286382	0.99867380	0.99932265	1.00084484	1.00074828	0.99991786	0.99980509	1.00016284	1.00048459
1.67772150	1.00331640	0.99701178	1.00266695	1.00023842	1.00008643	0.99979597	1.00053418	1.00036955
1.88743675	1.00079429	1.00174534	1.00130796	0.99962687	0.99969465	1.00023866	1.00006139	1.00104654
2.09715199	1.00184703	0.99992782	1.00041592	1.00066209	0.99968851	1.00016487	1.00017667	1.00027657
2.30686712	1.00136662	1.00268924	1.00202632	1.00030160	0.99943078	1.00014746	0.99998987	1.00043726
2.51658225	0.99768758	0.99578190	1.00028527	1.00024140	0.99989051	1.00010598	1.00013113	1.00000918
2.72629738	1.00167263	1.00300872	1.00002837	1.00121009	1.00033677	1.00006390	0.99998623	1.00025380
2.93601274	0.99923378	0.99641293	1.00021076	1.00104809	0.99984616	1.00008976	0.99984699	1.00056958
3.14572787	1.00084805	1.00268614	1.00077391	0.99992597	0.99936998	1.00003684	1.00009453	0.99987108
3.35544300	0.99744034	1.00073910	1.00177610	0.99954766	0.99986094	1.00009632	1.00004983	0.99988782
3.77487350	1.00128889	1.00108492	1.00011826	0.99982065	0.99977410	1.00010991	0.99999219	1.00063300
4.19430399	0.99951059	0.99929875	1.00267756	1.00041437	1.00026143	0.99983925	1.00000548	0.99984777
4.61373425	1.00040805	1.00051236	0.99793929	0.99963295	0.99993682	1.00002432	0.99998277	1.00027180
5.03316450	1.00000000	1.00000000	1.00000000	1.00000000	1.00000000	1.00000000	1.00000000	1.00000000
5.45259476	0.00000000	0.00000000	0.00000000	0.00000000	0.00000000	0.00000000	0.00000000	0.00000000
5.87202549	0.00000000	0.00000000	0.00000000	0.00000000	0.00000000	0.00000000	0.00000000	0.00000000
6.29145575	0.00000000	0.00000000	0.00000000	0.00000000	0.00000000	0.00000000	0.00000000	0.00000000
6.71088600	0.00000000	0.00000000	0.00000000	0.00000000	0.00000000	0.00000000	0.00000000	0.00000000
7.54974699	0.00000000	0.00000000	0.00000000	0.00000000	0.00000000	0.00000000	0.00000000	0.00000000
8.38860798	0.00000000	0.00000000	0.00000000	0.00000000	0.00000000	0.00000000	0.00000000	0.00000000
9.22746849	0.00000000	0.00000000	0.00000000	0.00000000	0.00000000	0.00000000	0.00000000	0.00000000
10.06632900	0.00000000	0.00000000	0.00000000	0.00000000	0.00000000	0.00000000	0.00000000	0.00000000
10.90518951	0.00000000	0.00000000	0.00000000	0.00000000	0.00000000	0.00000000	0.00000000	0.00000000
11.74405098	0.00000000	0.00000000	0.00000000	0.00000000	0.00000000	0.00000000	0.00000000	0.00000000
12.58291149	0.00000000	0.00000000	0.00000000	0.00000000	0.00000000	0.00000000	0.00000000	0.00000000
13.42177200	0.00000000	0.00000000	0.00000000	0.00000000	0.00000000	0.00000000	0.00000000	0.00000000
15.09949398	0.00000000	0.00000000	0.00000000	0.00000000	0.00000000	0.00000000	0.00000000	0.00000000
16.77721596	0.00000000	0.00000000	0.00000000	0.00000000	0.00000000	0.00000000	0.00000000	0.00000000
18.45493698	0.00000000	0.00000000	0.00000000	0.00000000	0.00000000	0.00000000	0.00000000	0.00000000
20.13265800	0.00000000	0.00000000	0.00000000	0.00000000	0.00000000	0.00000000	0.00000000	0.00000000
21.81037903	0.00000000	0.00000000	0.00000000	0.00000000	0.00000000	0.00000000	0.00000000	0.00000000
23.48810196	0.00000000	0.00000000	0.00000000	0.00000000	0.00000000	0.00000000	0.00000000	0.00000000
25.16582298	0.00000000	0.00000000	0.00000000	0.00000000	0.00000000	0.00000000	0.00000000	0.00000000
26.84354401	0.00000000	0.00000000	0.00000000	0.00000000	0.00000000	0.00000000	0.00000000	0.00000000
30.19898796	0.00000000	0.00000000	0.00000000	0.00000000	0.00000000	0.00000000	0.00000000	0.00000000
33.55443192	0.00000000	0.00000000	0.00000000	0.00000000	0.00000000	0.00000000	0.00000000	0.00000000
36.90987396	0.00000000	0.00000000	0.00000000	0.00000000	0.00000000	0.00000000	0.00000000	0.00000000
40.26531601	0.00000000	0.00000000	0.00000000	0.00000000	0.00000000	0.00000000	0.00000000	0.00000000
43.62075806	0.00000000	0.00000000	0.00000000	0.00000000	0.00000000	0.00000000	0.00000000	0.00000000
46.97620392	0.00000000	0.00000000	0.00000000	0.00000000	0.00000000	0.00000000	0.00000000	0.00000000
50.33164597	0.00000000	0.00000000	0.00000000	0.00000000	0.00000000	0.00000000	0.00000000	0.00000000
53.68708801	0.00000000	0.00000000	0.00000000	0.00000000	0.00000000	0.00000000	0.00000000	0.00000000
60.39797592	0.00000000	0.00000000	0.00000000	0.00000000	0.00000000	0.00000000	0.00000000	0.00000000
67.10886383	0.00000000	0.00000000	0.00000000	0.00000000	0.00000000	0.00000000	0.00000000	0.00000000
73.81974792	0.00000000	0.00000000	0.00000000	0.00000000	0.00000000	0.00000000	0.00000000	0.00000000
80.53063202	0.00000000	0.00000000	0.00000000	0.00000000	0.00000000	0.00000000	0.00000000	0.00000000
87.24151611	0.00000000	0.00000000	0.00000000	0.00000000	0.00000000	0.00000000	0.00000000	0.00000000
93.95240784	0.00000000	0.00000000	0.00000000	0.00000000	0.00000000	0.00000000	0.00000000	0.00000000
100.66329193	0.00000000	0.00000000	0.00000000	0.00000000	0.00000000	0.00000000	0.00000000	0.00000000
107.37417603	0.00000000	0.00000000	0.00000000	0.00000000	0.00000000	0.00000000	0.00000000	0.00000000
120.79595184	0.00000000	0.00000000	0.00000000	0.00000000	0.00000000	0.00000000	0.00000000	0.00000000
134.21772766	0.00000000	0.00000000	0.00000000	0.00000000	0.00000000	0.00000000	0.00000000	0.00000000
147.63949585	0.00000000	0.00000000	0.00000000	0.00000000	0.00000000	0.00000000	0.00000000	0.00000000
161.06126404	0.00000000	0.00000000	0.00000000	0.00000000	0.00000000	0.00000000	0.00000000	0.00000000
174.48303223	0.00000000	0.00000000	0.00000000	0.00000000	0.00000000	0.00000000	0.00000000	0.00000000
187.90481567	0.00000000	0.00000000	0.00000000	0.00000000	0.00000000	0.00000000	0.00000000	0.00000000
201.32658386	0.00000000	0.00000000	0.00000000	0.00000000	0.00000000	0.00000000	0.00000000	0.00000000
214.74835205	0.00000000	0.00000000	0.00000000	0.00000000	0.00000000	0.00000000	0.00000000	0.00000000
241.59190369	0.00000000	0.00000000	0.00000000	0.00000000	0.00000000	0.00000000	0.00000000	0.00000000
268.43545532	0.00000000	0.00000000	0.00000000	0.00000000	0.00000000	0.00000000	0.00000000	0.00000000
295.27899170	0.00000000	0.00000000	0.00000000	0.00000000	0.00000000	0.00000000	0.00000000	0.00000000
322.12252808	0.00000000	0.00000000	0.00000000	0.00000000	0.00000000	0.00000000	0.00000000	0.00000000
348.96606445	0.00000000	0.00000000	0.00000000	0.00000000	0.00000000	0.00000000	0.00000000	0.00000000
375.80963135	0.00000000	0.00000000	0.00000000	0.00000000	0.00000000	0.00000000	0.00000000	0.00000000
402.65316772	0.00000000	0.00000000	0.00000000	0.00000000	0.00000000	0.00000000	0.00000000	0.00000000
429.49670410	0.00000000	0.00000000	0.00000000	0.00000000	0.00000000	0.00000000	0.00000000	0.00000000
483.18380737	0.00000000	0.00000000	0.00000000	0.00000000	0.00000000	0.00000000	0.00000000	0.00000000
536.87091064	0.00000000	0.00000000	0.00000000	0.00000000	0.00000000	0.00000000	0.00000000	0.00000000
590.55798340	0.00000000	0.00000000	0.00000000	0.00000000	0.00000000	0.00000000	0.00000000	0.00000000
644.24505615	0.00000000	0.00000000	0.00000000	0.00000000	0.00000000	0.00000000	0.00000000	0.00000000
697.93212891	0.00000000	0.00000000	0.00000000	0.00000000	0.00000000	0.00000000	0.00000000	0.00000000
751.61926270	0.00000000	0.00000000	0.00000000	0.00000000	0.00000000	0.00000000	0.00000000	0.00000000
805.30633545	0.00000000	0.00000000	0.00000000	0.00000000	0.00000000	0.00000000	0.00000000	0.00000000
858.99340820	0.00000000	0.00000000	0.00000000	0.00000000	0.00000000	0.00000000	0.00000000	0.00000000
966.36761475	0.00000000	0.00000000	0.00000000	0.00000000	0.00000000	0.00000000	0.00000000	0.00000000
1073.74182129	0.00000000	0.00000000	0.00000000	0.00000000	0.00000000	0.00000000	0.00000000	0.00000000
1181.11596680	0.00000000	0.00000000	0.00000000	0.00000000	0.00000000	0.00000000	0.00000000	0.00000000
1288.49011230	0.00000000	0.00000000	0.00000000	0.00000000	0.00000000	0.00000000	0.00000000	0.00000000
1395.86425781	0.00000000	0.00000000	0.00000000	0.00000000	0.00000000	0.00000000	0.00000000	0.00000000
1503.23852539	0.00000000	0.00000000	0.00000000	0.00000000	0.00000000	0.00000000	0.00000000	0.00000000
1610.61267090	0.00000000	0.00000000	0.00000000	0.00000000	0.00000000	0.00000000	0.00000000	0.00000000
1717.98681641	0.00000000	0.00000000	0.00000000	0.00000000	0.00000000	0.00000000	0.00000000	0.00000000
1932.73522949	0.00000000	0.00000000	0.00000000	0.00000000	0.00000000	0.00000000	0.00000000	0.00000000
2147.48364258	0.00000000	0.00000000	0.00000000	0.00000000	0.00000000	0.00000000	0.00000000	0.00000000
2362.23193359	0.00000000	0.00000000	0.00000000	0.00000000	0.00000000	0.00000000	0.00000000	0.00000000
2576.98022461	0.00000000	0.00000000	0.00000000	0.00000000	0.00000000	0.00000000	0.00000000	0.00000000
2791.72851562	0.00000000	0.00000000	0.00000000	0.00000000	0.00000000	0.00000000	0.00000000	0.00000000
3006.47705078	0.00000000	0.00000000	0.00000000	0.00000000	0.00000000	0.00000000	0.00000000	0.00000000
3221.22534180	0.00000000	0.00000000	0.00000000	0.00000000	0.00000000	0.00000000	0.00000000	0.00000000
3435.97363281	0.00000000	0.00000000	0.00000000	0.00000000	0.00000000	0.00000000	0.00000000	0.00000000
2	2	2	2	2	2	2	2	2
