%2/20/2015 4:25:42 PM
%Duration	ID1		ID2		ID3		ID4		ID5		ID6		ID7		ID8
3000.000000	1.506805	1.630783	2.536774	3.433228	7.772446	5.693436	22.048950	17.843246
%Tau		Tau1		Tau2		Tau3		Tau4		Tau5		Tau6		Tau7		Tau8
%		0.000002	0.000001	0.000001	0.000001	0.000002	0.000003	0.000005	0.000006
%Delaytime	D1		D2		D3		D4		D5		D6		D7		D8
0.00000000	23.80235291	43.78919220	29.32660294	21.89006615	8.58849430	4.15013933	3.42590451	4.50369024
0.00000020	2.64470577	13.38003063	5.38651896	3.42032290	2.24535799	1.66005576	1.70170760	1.61904824
0.00000040	2.64470577	2.43273282	4.78801680	3.07829046	1.90855432	0.62252092	1.85163772	1.36820972
0.00000060	3.96705890	3.64909911	1.79550624	0.68406457	1.62788463	1.76380920	1.57426691	1.48222721
0.00000080	1.32235289	2.43273282	1.79550624	1.36812913	0.89814323	1.45254874	1.30439258	1.42521846
0.00000100	1.32235289	1.21636641	2.39400840	0.34203228	1.79628646	1.66005576	1.54428089	1.56203949
0.00000120	1.32235289	1.21636641	1.19700420	1.71016145	1.12267900	1.45254874	1.41684020	1.32260275
0.00000140	0.00000000	1.21636641	0.59850210	1.71016145	0.78587532	0.83002788	1.43183327	1.50503075
0.00000160	1.32235289	1.21636641	1.79550624	1.02609682	1.51561666	1.45254874	1.49180532	1.52783418
0.00000180	2.64470577	0.00000000	1.19700420	1.36812913	1.29108083	1.24504185	1.69421101	1.31120098
0.00000200	2.64470577	3.64909911	1.19700420	0.68406457	1.29108083	2.17882323	1.19944143	1.68745863
0.00000220	1.32235289	0.00000000	1.19700420	1.36812913	1.40334880	1.76380920	1.62674248	1.43662024
0.00000240	1.32235289	4.86546564	0.59850210	1.02609682	1.29108083	1.45254874	1.49180532	1.24279046
0.00000260	2.64470577	1.21636641	0.59850210	1.71016145	0.78587532	1.03753483	1.45432270	1.43662024
0.00000280	3.96705890	1.21636641	1.79550624	1.71016145	1.06654513	1.14128828	1.30439258	1.41381669
0.00000300	0.00000000	1.21636641	2.39400840	2.39422607	1.17881298	1.03753483	1.41684020	1.44802201
0.00000340	2.64470577	0.00000000	0.89775312	1.53914523	1.48754966	1.60817897	1.34187508	1.33400452
0.00000380	1.98352945	1.82454956	0.89775312	1.19711304	1.54368365	1.55630231	1.32313383	1.45372283
0.00000420	1.98352945	1.21636641	2.09475732	0.85508072	1.03847814	1.66005576	1.28565133	1.40811586
0.00000460	0.66117644	3.04091597	1.49625528	0.85508072	1.43141580	1.24504185	1.39435065	1.05466163
0.00000500	0.66117644	1.82454956	1.49625528	1.71016145	1.43141580	1.24504185	1.36061645	1.32260275
0.00000540	2.64470577	1.21636641	1.19700420	1.19711304	1.31914783	1.34879529	1.31188905	1.23708963
0.00000580	0.00000000	1.82454956	2.39400840	1.53914523	1.15074599	1.40067208	1.25191700	1.20858526
0.00000620	1.32235289	0.60818321	1.19700420	1.19711304	1.06654513	0.93378133	1.27440655	1.24849141
0.00000700	0.66117644	0.30409160	0.74812764	1.19711304	1.38931525	0.93378133	1.19944143	1.25989318
0.00000780	1.32235289	0.91227478	2.24438286	1.36812913	1.47351623	1.21910346	1.23317575	1.28269660
0.00000860	0.33058822	1.21636641	1.04737866	1.19711304	1.30511439	1.08941162	1.21443450	1.17438006
0.00000940	0.66117644	0.30409160	1.34662974	1.96668565	0.99637765	0.83002788	1.25379109	1.12022173
0.00001020	0.33058822	2.43273282	1.49625528	0.94058877	1.13671255	1.16722667	1.18632257	1.20573485
0.00001100	0.99176472	0.30409160	1.94513178	1.11160493	1.05251157	1.08941162	1.10948336	1.14302516
0.00001180	0.66117644	1.82454956	0.59850210	1.19711304	1.36124837	1.27098012	1.16758132	1.19433308
0.00001260	0.66117644	1.52045798	1.49625528	1.45363724	0.92621022	1.03753483	1.24067223	1.16297829
0.00001420	0.99176472	1.06432056	0.82294035	1.15435898	1.08057857	0.94675052	1.13946939	1.15442693
0.00001580	0.82647055	1.21636641	1.12219143	1.36812913	1.10162878	1.06347322	1.16477013	1.14872611
0.00001740	0.82647055	1.06432056	1.34662974	1.53914523	1.02444458	0.90784299	1.12635052	1.06463826
0.00001900	1.32235289	1.36841226	1.12219143	1.02609682	1.05952835	1.32285690	1.12541342	1.09029210
0.00002060	1.15705884	1.52045798	1.19700420	1.02609682	1.10864556	1.16722667	1.07574904	1.03043294
0.00002220	0.99176472	1.36841226	1.12219143	0.76957262	1.08057857	0.90784299	1.11697984	1.07461476
0.00002380	1.15705884	1.67250383	1.42144251	0.85508072	1.05952835	1.10238075	1.14790297	1.07746518
0.00002540	1.15705884	1.82454956	1.12219143	0.98334283	1.07356179	1.12831914	1.06450427	1.05608690
0.00002860	0.49294877	1.05957067	1.00609016	0.92499328	0.99356425	0.98896545	1.09658360	1.02457201
0.00003180	0.57510686	1.51367235	0.74525195	1.24766529	0.97956377	1.02128458	1.01919425	1.06812525
0.00003500	0.98589754	1.28662145	1.15514052	1.22615385	1.02871752	1.04713988	1.05718529	1.02956986
0.00003820	0.98589754	1.13525426	0.78251451	0.92499328	1.03925049	1.07299519	1.01966321	0.99387050
0.00004140	1.06805563	1.51367235	1.34145355	1.11859655	0.93743199	0.96957397	1.01403487	1.05241752
0.00004460	0.90373939	0.98388702	0.78251451	1.22615385	1.15862381	1.12470579	1.02763665	1.03528178
0.00004780	1.31453001	1.43798876	1.00609016	0.86045885	1.09191513	0.89200807	1.03138888	1.04456365
0.00005100	1.64316249	1.05957067	0.89430231	1.16161942	0.95849788	1.00835693	0.98073405	1.07026720
0.00005740	1.15216327	1.10188341	0.87779623	1.21250820	0.95381838	1.10339177	1.01050889	1.00751424
0.00006380	1.11101460	1.48154175	0.74706060	0.99790502	0.95557171	1.00631917	1.01778042	1.01286578
0.00007020	1.39905536	0.91171801	0.82176667	1.15885746	1.09583914	0.93513262	0.98939794	1.03783953
0.00007660	1.23446071	0.75976503	1.10191441	1.07301617	1.03973210	1.00308347	0.98963255	0.98499894
0.00008300	1.19331193	1.17763579	0.93382579	1.01936531	1.03271878	1.02896953	0.97813880	1.00925827
0.00008940	1.27560937	1.06367099	1.00853181	0.86914307	0.97656912	1.01602650	1.01097798	1.00925827
0.00009580	0.86412245	0.94970626	1.21397352	1.16958761	1.02390730	1.02573371	1.01543474	1.00711775
0.00010220	1.31675804	1.02568281	1.17662048	0.99790502	1.05371284	0.87688911	0.99033624	1.02103114
0.00011500	0.98798692	0.98568779	0.89570582	1.09052610	1.01947737	1.03180003	0.99800825	0.99750090
0.00012780	1.19381762	1.00464332	1.17561388	0.99382919	1.01952195	0.98820287	1.01499283	0.97965330
0.00014060	1.13206840	0.62553263	0.90503609	1.04754972	1.09954989	0.95913810	0.99789101	1.01267135
0.00015340	1.13206840	1.06150997	0.95168740	0.97234100	0.99847215	1.00596464	0.99109066	1.02623546
0.00016620	0.90565473	1.04255438	0.87704527	0.94548076	0.97034615	0.96403939	0.99296659	0.98197353
0.00017900	0.88507164	0.79613245	0.83039391	0.99382919	1.02132452	1.06415737	0.97455883	0.98018873
0.00019180	1.09090221	1.02359891	0.77441233	0.94548076	0.99671429	1.03347611	1.01149166	1.00374758
0.00020460	0.90565473	0.89091015	0.83039391	0.96159691	1.02659810	1.07061660	1.00609827	0.98536456
0.00023020	0.89498401	1.03391719	0.89972925	1.05223846	0.97885728	1.05266643	1.00442767	0.98619974
0.00025580	1.06986594	0.98648977	1.14214337	0.96902573	1.01397324	1.00429034	1.00847542	1.00494707
0.00028140	0.99785572	1.18568480	0.96951818	1.00123715	1.03679860	0.98814428	0.98399723	0.99225074
0.00030700	1.09044027	0.97700429	0.96951818	0.98513138	1.00958371	0.99950588	1.00413430	1.00314188
0.00033260	1.00814283	0.98648977	0.99748504	1.01465845	1.02801967	0.94783509	1.00571823	0.99537522
0.00035820	1.06986594	1.11928642	0.96951818	1.10860837	0.96612775	1.03664422	0.99220991	0.99921387
0.00038380	1.26532221	0.84420758	0.99282390	1.01723278	1.01177847	0.97442001	0.99332446	0.99492890
0.00040940	1.06986594	0.99597526	0.91358447	1.07628059	1.00036585	0.99379539	1.00820851	1.00421309
0.00046060	1.04636276	1.03802657	1.00648439	0.96963346	1.02083111	0.98654157	0.99047762	1.00308406
0.00051180	0.90699911	0.99536788	0.89906383	0.96829236	1.00567186	0.98532957	1.00605512	0.99042284
0.00056300	1.04098761	1.11386406	1.01115489	0.98170358	1.02538657	0.97476798	1.01057291	0.98435152
0.00061420	1.08736825	1.03328669	0.99247307	0.96148276	0.99055719	1.03455484	0.99667007	1.00741041
0.00066540	1.03583419	1.04297841	0.99013782	0.97355157	1.01596737	0.96870852	1.00474060	0.99378198
0.00071660	1.06160128	1.00031114	1.02049577	1.01378095	0.98402864	0.98082751	0.99872631	0.99913430
0.00076780	1.04614103	0.95290297	1.00662804	0.93600410	0.99463052	1.01758826	1.00424182	0.98682404
0.00081900	1.02037406	1.04297841	0.94823897	1.01914489	1.02201569	1.00142968	1.00494599	0.99931270
0.00092140	0.96966189	1.04449916	0.98794359	0.99213731	0.99111217	0.99312323	1.01068091	0.99981749
0.00102380	0.92582083	1.05160463	0.99378246	0.97292024	1.01313353	0.99217206	0.99990135	1.00443399
0.00112620	0.99545079	0.91186434	1.01480258	0.99704224	1.00715804	0.96429181	0.99860960	0.99573404
0.00122860	0.97739857	0.98765570	0.98429978	1.01848400	0.97986215	1.02362800	0.99410409	0.99677753
0.00133100	1.12181628	0.98055023	1.04384816	1.00631428	0.99043506	0.98726469	0.99985468	1.01081347
0.00143340	0.98255634	0.99476111	1.01699305	1.01234412	1.00170743	1.01898158	0.99974000	1.00095546
0.00153580	0.97481966	0.98548752	0.96445030	0.98096091	0.98938388	0.98336798	0.99924016	1.00033069
0.00163820	0.94387305	1.05849493	0.96445030	0.97158015	0.99748284	0.98484051	1.00902236	1.00019419
0.00184300	0.98551702	1.05234432	0.99479222	0.98305160	0.99717677	1.01240814	0.99602795	1.00158072
0.00204780	1.00747478	1.03098893	0.96410793	0.98884469	1.00237501	1.00057948	1.00060189	1.00784183
0.00225260	1.05397367	0.98827827	1.02502227	0.99687320	0.99120116	1.02777517	1.00128984	1.00813568
0.00245740	0.98680866	1.01437926	1.01041257	1.00490165	1.00441039	1.00731182	1.00265110	0.99887073
0.00266220	0.99326688	0.98234624	0.94320750	0.98571247	0.99383903	0.99997288	0.99956733	1.00371575
0.00286700	1.01909959	0.98847932	1.02502227	0.98738545	0.98585021	1.01085055	0.99994326	1.00222754
0.00307180	1.03050554	0.99322593	0.99916643	0.98905838	0.99653137	0.99418515	1.00066185	0.99619955
0.00327660	0.99305606	1.01933217	1.00851536	0.98916531	1.00968432	1.00793707	1.00131774	0.99691856
0.00368620	0.99566209	1.00271916	0.99521041	1.00195980	1.00662827	0.98795378	1.00556707	1.00636363
0.00409580	0.96406400	1.00409055	0.98323834	1.00363171	1.00100660	0.99273604	0.99572229	0.99588996
0.00450540	1.03735781	0.99758232	1.01786280	1.00096679	1.00430751	1.00110304	0.99880248	0.99975735
0.00491500	1.01737142	0.94891977	1.00105596	0.99221575	1.00555015	1.00505149	1.00144529	1.00334775
0.00532460	0.98062229	1.00411022	0.99345672	0.98413157	1.00293338	0.99388933	0.99737710	0.99813139
0.00573420	0.99480617	1.02683663	1.02589965	1.00284517	1.00726378	0.99426836	1.00029397	1.00206792
0.00614380	0.99459517	1.00390589	0.97328943	0.99459141	1.00353003	1.00329280	1.00387716	0.99860084
0.00655340	0.99588436	0.99263269	0.99711388	1.00646567	0.99779397	1.00680077	0.99761075	0.99924850
0.00737260	1.00652003	0.97226131	0.99197257	1.00190532	1.00420570	1.00621593	1.00169647	1.00346768
0.00819180	1.01382494	0.97186631	0.99372751	0.97938442	0.99756998	0.99799371	1.00584865	1.00386608
0.00901100	0.97988415	1.00229275	1.02546227	0.99838710	0.99616820	0.99451387	1.00290275	1.00138927
0.00983020	0.97795081	0.98233986	1.01464570	0.99276626	1.00513101	1.00196970	0.99898678	1.00087440
0.01064940	0.98966330	1.00596166	0.98761123	1.00147808	1.00230396	1.00038624	1.00260854	1.00046170
0.01146860	1.00040448	1.01150405	1.00602484	0.99955666	1.00076890	1.00760853	1.00044155	1.00031400
0.01228780	1.00126088	0.99478954	0.99038309	0.98635733	1.00059903	1.00180173	0.99846762	0.99947000
0.01310700	0.99567318	0.97058129	0.98497516	0.98848295	0.99526995	1.00191033	0.99751395	1.00247955
0.01474540	0.99283546	1.01070571	0.99823910	0.99754506	0.99959332	1.00067544	1.00276649	1.00101304
0.01638380	0.97314280	1.01144695	0.98770577	1.00070167	1.00351036	0.99563372	1.00044179	1.00142729
0.01802220	1.00550580	0.97512800	1.00373995	1.00531256	0.99988604	1.00445163	1.00070083	1.00165617
0.01966060	1.01033449	0.97893149	0.99685258	1.00709176	1.00036204	1.00006270	0.99892813	1.00169742
0.02129900	0.99191839	1.00913203	0.98434556	1.00516200	0.99730885	1.00112522	0.99942046	1.00049210
0.02293740	0.99766678	1.00865245	0.98531920	1.00002313	1.00212181	0.99845451	1.00042701	1.00231111
0.02457580	0.98462218	1.00029075	1.00483990	1.01406085	1.00474989	1.00437939	1.00013518	1.00077069
0.02621420	1.00533998	1.00475955	1.00366986	1.00977397	1.00111639	0.99949807	1.00098765	0.99866152
0.02949100	0.99153352	1.00663316	1.00137842	0.99281627	1.00354147	0.99683470	1.00079918	1.00110400
0.03276780	1.01162219	1.01099288	1.00411367	0.99583650	0.99770075	1.00269783	1.00135744	1.00208533
0.03604460	0.99375850	1.00874949	1.00222206	0.99840707	1.00075662	0.99936110	1.00089848	1.00029790
0.03932140	1.00876987	1.01833463	0.99733943	0.99886680	0.99804091	1.00252569	1.00025475	0.99982041
0.04259820	0.99676001	0.99367648	1.00374234	1.00458813	1.00163436	0.99931443	0.99902362	0.99989665
0.04587500	0.99647659	0.99488521	0.98869216	1.00344586	1.00139320	0.99924093	1.00021291	1.00179648
0.04915180	0.99989557	1.00099325	1.00207901	1.00022876	1.00212133	0.99810058	1.00131536	1.00063479
0.05242860	0.99336082	1.00320184	1.00630951	0.99790424	1.00225210	1.00074410	1.00047994	1.00032580
0.05898220	0.98930305	0.99822867	0.99960315	0.99693978	0.99993652	0.99934506	1.00018227	1.00061095
0.06553581	0.99815083	1.00103116	1.00533009	0.99882948	1.00092137	0.99787217	1.00027001	1.00011313
0.07208940	0.99060094	1.01115477	1.00137305	1.00337791	1.00137436	1.00069129	0.99961597	1.00035977
0.07864300	1.00326860	0.99834418	0.99712169	0.99731743	0.99855018	0.99873066	0.99890161	1.00128758
0.08519660	1.00810015	0.98986799	0.99707055	0.99713260	0.99994808	1.00045872	1.00096452	0.99997973
0.09175020	1.00531769	1.00709283	0.99832159	0.99738395	1.00029862	0.99715352	1.00105214	1.00068104
0.09830380	0.99711424	1.00572455	0.99902815	1.00342011	1.00027549	0.99872023	1.00053716	1.00019741
0.10485740	0.98860919	1.00451875	1.00050759	0.99167126	1.00218105	0.99822521	1.00047803	1.00058389
0.11796460	0.99838275	0.99405324	0.99752498	1.00215757	1.00169170	1.00051022	1.00000584	1.00068593
0.13107181	0.99784940	1.00203836	1.00125384	0.99998409	0.99965233	0.99941653	1.00046217	1.00037718
0.14417900	0.99610382	1.00167000	0.99753201	1.00063074	0.99845135	0.99878037	1.00035918	1.00068343
0.15728620	1.00480795	0.99686629	0.99968427	1.00024176	1.00082338	1.00049579	1.00015438	0.99985075
0.17039341	0.99532777	0.99519932	1.00208783	1.00175953	1.00242925	1.00121641	1.00032163	1.00051582
0.18350060	1.00162184	0.99720585	0.99543476	0.99807709	1.00063908	1.00039577	1.00034750	1.00056982
0.19660780	0.99442899	1.01244199	0.99907780	0.99333280	0.99928212	1.00057137	1.00028408	0.99954861
0.20971501	1.00592256	0.99713528	1.00376785	0.99983042	1.00144720	1.00193071	0.99974042	0.99992210
0.23592941	1.00393808	1.00470054	0.99910426	0.99998915	1.00023711	1.00117266	1.00022471	1.00017941
0.26214382	0.99947894	1.00269818	0.99973452	1.00004983	1.00036478	1.00063717	1.00066292	1.00020397
0.28835821	0.99913388	1.00330544	0.99932486	0.99853987	0.99970901	0.99904406	1.00012255	1.00019026
0.31457260	1.00407672	1.00013125	1.00122762	0.99971497	1.00075066	1.00149858	1.00008166	1.00032699
0.34078699	0.99983931	1.00494993	0.99912471	1.00020063	0.99966842	0.99927813	1.00009763	1.00058365
0.36700141	0.99315614	0.99918264	0.99920750	1.00333893	0.99975425	1.00044358	1.00081170	1.00083315
0.39321581	0.99846792	0.99692971	0.99853671	0.99943501	1.00059676	0.99889374	1.00088644	1.00074780
0.41943020	1.00453877	1.00006449	0.99709427	0.99798900	1.00045657	1.00043452	0.99991417	1.00027943
0.47185901	0.99912590	0.99884939	0.99770755	1.00028217	1.00066924	0.99944156	0.99996740	1.00042021
0.52428782	1.00317729	0.99878514	1.00114334	1.00073195	1.00057518	1.00075185	1.00033402	0.99991900
0.57671660	1.00121248	1.00103128	1.00186455	1.00139964	1.00026453	0.99982375	1.00051689	1.00002635
0.62914538	0.99936044	0.99631137	1.00001633	0.99950218	1.00034595	1.00030005	1.00048327	1.00052774
0.68157423	0.99537593	0.99972475	1.00016546	0.99916357	1.00103152	0.99941391	1.00022101	0.99927968
0.73400301	0.99845076	0.99454898	1.00039208	1.00208092	1.00003326	0.99946779	1.00007606	1.00042701
0.78643179	0.99916840	1.00110495	1.00080156	0.99728709	0.99893689	1.00010467	1.00010860	1.00018525
0.83886063	1.00213182	0.99666983	1.00020027	1.00023174	0.99988365	1.00011075	1.00004041	0.99965566
0.94371825	0.99838680	0.99946302	0.99902123	0.99834168	0.99986142	0.99929661	1.00025964	1.00000799
1.04857588	1.00025713	0.99808764	0.99933821	1.00016212	1.00042009	1.00050604	0.99997795	1.00004721
1.15343344	1.00056291	1.00206423	0.99887490	0.99952453	1.00020957	0.99936259	0.99990690	1.00035942
1.25829101	1.00092411	0.99944383	1.00021088	0.99771035	0.99951363	0.99986535	0.99996680	1.00047815
1.36314869	1.00152636	0.99941099	1.00053012	1.00124693	1.00014865	1.00004745	0.99990672	1.00016880
1.46800625	0.99798405	1.00069189	1.00050914	1.00086379	0.99959284	0.99977851	0.99974924	1.00019050
1.57286382	1.00262010	0.99853963	1.00068367	0.99854612	1.00039124	0.99984246	0.99990976	1.00010204
1.67772150	0.99791908	0.99957627	0.99936444	1.00024736	1.00012732	1.00028777	0.99984699	0.99967152
1.88743675	0.99872380	0.99993575	1.00049794	0.99840450	1.00021815	0.99986166	0.99951607	0.99972558
2.09715199	1.00164711	1.00111532	0.99978930	1.00012445	0.99985671	0.99954492	0.99976248	0.99992651
2.30686712	0.99845904	1.00171924	1.00070167	1.00085723	0.99990922	0.99953562	0.99952650	1.00010407
2.51658225	1.00194263	0.99988157	1.00044417	0.99934012	1.00027800	1.00024796	0.99935746	1.00027752
2.72629738	0.99882621	0.99864811	0.99997848	0.99927753	0.99957919	1.00045657	0.99981207	1.00028205
2.93601274	1.00143874	0.99736220	0.99921137	1.00101674	1.00003970	0.99988830	0.99955136	1.00019026
3.14572787	1.00122154	0.99630076	1.00097585	1.00104487	0.99923700	1.00025427	0.99970806	0.99968815
3.35544300	0.99916148	0.99913615	0.99894601	0.99943250	0.99917233	1.00024891	0.99972445	1.00014615
3.77487350	0.99976790	1.00162792	0.99977648	1.00162077	1.00040293	0.99980372	1.00000286	1.00006902
4.19430399	1.00050747	0.99692953	1.00051892	0.99979043	1.00114012	1.00009751	1.00014567	0.99988544
4.61373425	0.99907732	1.00338423	1.00019789	1.00055873	1.00000620	1.00004685	0.99988705	0.99995947
5.03316450	1.00000000	1.00000000	1.00000000	1.00000000	1.00000000	1.00000000	1.00000000	1.00000000
5.45259476	0.00000000	0.00000000	0.00000000	0.00000000	0.00000000	0.00000000	0.00000000	0.00000000
5.87202549	0.00000000	0.00000000	0.00000000	0.00000000	0.00000000	0.00000000	0.00000000	0.00000000
6.29145575	0.00000000	0.00000000	0.00000000	0.00000000	0.00000000	0.00000000	0.00000000	0.00000000
6.71088600	0.00000000	0.00000000	0.00000000	0.00000000	0.00000000	0.00000000	0.00000000	0.00000000
7.54974699	0.00000000	0.00000000	0.00000000	0.00000000	0.00000000	0.00000000	0.00000000	0.00000000
8.38860798	0.00000000	0.00000000	0.00000000	0.00000000	0.00000000	0.00000000	0.00000000	0.00000000
9.22746849	0.00000000	0.00000000	0.00000000	0.00000000	0.00000000	0.00000000	0.00000000	0.00000000
10.06632900	0.00000000	0.00000000	0.00000000	0.00000000	0.00000000	0.00000000	0.00000000	0.00000000
10.90518951	0.00000000	0.00000000	0.00000000	0.00000000	0.00000000	0.00000000	0.00000000	0.00000000
11.74405098	0.00000000	0.00000000	0.00000000	0.00000000	0.00000000	0.00000000	0.00000000	0.00000000
12.58291149	0.00000000	0.00000000	0.00000000	0.00000000	0.00000000	0.00000000	0.00000000	0.00000000
13.42177200	0.00000000	0.00000000	0.00000000	0.00000000	0.00000000	0.00000000	0.00000000	0.00000000
15.09949398	0.00000000	0.00000000	0.00000000	0.00000000	0.00000000	0.00000000	0.00000000	0.00000000
16.77721596	0.00000000	0.00000000	0.00000000	0.00000000	0.00000000	0.00000000	0.00000000	0.00000000
18.45493698	0.00000000	0.00000000	0.00000000	0.00000000	0.00000000	0.00000000	0.00000000	0.00000000
20.13265800	0.00000000	0.00000000	0.00000000	0.00000000	0.00000000	0.00000000	0.00000000	0.00000000
21.81037903	0.00000000	0.00000000	0.00000000	0.00000000	0.00000000	0.00000000	0.00000000	0.00000000
23.48810196	0.00000000	0.00000000	0.00000000	0.00000000	0.00000000	0.00000000	0.00000000	0.00000000
25.16582298	0.00000000	0.00000000	0.00000000	0.00000000	0.00000000	0.00000000	0.00000000	0.00000000
26.84354401	0.00000000	0.00000000	0.00000000	0.00000000	0.00000000	0.00000000	0.00000000	0.00000000
30.19898796	0.00000000	0.00000000	0.00000000	0.00000000	0.00000000	0.00000000	0.00000000	0.00000000
33.55443192	0.00000000	0.00000000	0.00000000	0.00000000	0.00000000	0.00000000	0.00000000	0.00000000
36.90987396	0.00000000	0.00000000	0.00000000	0.00000000	0.00000000	0.00000000	0.00000000	0.00000000
40.26531601	0.00000000	0.00000000	0.00000000	0.00000000	0.00000000	0.00000000	0.00000000	0.00000000
43.62075806	0.00000000	0.00000000	0.00000000	0.00000000	0.00000000	0.00000000	0.00000000	0.00000000
46.97620392	0.00000000	0.00000000	0.00000000	0.00000000	0.00000000	0.00000000	0.00000000	0.00000000
50.33164597	0.00000000	0.00000000	0.00000000	0.00000000	0.00000000	0.00000000	0.00000000	0.00000000
53.68708801	0.00000000	0.00000000	0.00000000	0.00000000	0.00000000	0.00000000	0.00000000	0.00000000
60.39797592	0.00000000	0.00000000	0.00000000	0.00000000	0.00000000	0.00000000	0.00000000	0.00000000
67.10886383	0.00000000	0.00000000	0.00000000	0.00000000	0.00000000	0.00000000	0.00000000	0.00000000
73.81974792	0.00000000	0.00000000	0.00000000	0.00000000	0.00000000	0.00000000	0.00000000	0.00000000
80.53063202	0.00000000	0.00000000	0.00000000	0.00000000	0.00000000	0.00000000	0.00000000	0.00000000
87.24151611	0.00000000	0.00000000	0.00000000	0.00000000	0.00000000	0.00000000	0.00000000	0.00000000
93.95240784	0.00000000	0.00000000	0.00000000	0.00000000	0.00000000	0.00000000	0.00000000	0.00000000
100.66329193	0.00000000	0.00000000	0.00000000	0.00000000	0.00000000	0.00000000	0.00000000	0.00000000
107.37417603	0.00000000	0.00000000	0.00000000	0.00000000	0.00000000	0.00000000	0.00000000	0.00000000
120.79595184	0.00000000	0.00000000	0.00000000	0.00000000	0.00000000	0.00000000	0.00000000	0.00000000
134.21772766	0.00000000	0.00000000	0.00000000	0.00000000	0.00000000	0.00000000	0.00000000	0.00000000
147.63949585	0.00000000	0.00000000	0.00000000	0.00000000	0.00000000	0.00000000	0.00000000	0.00000000
161.06126404	0.00000000	0.00000000	0.00000000	0.00000000	0.00000000	0.00000000	0.00000000	0.00000000
174.48303223	0.00000000	0.00000000	0.00000000	0.00000000	0.00000000	0.00000000	0.00000000	0.00000000
187.90481567	0.00000000	0.00000000	0.00000000	0.00000000	0.00000000	0.00000000	0.00000000	0.00000000
201.32658386	0.00000000	0.00000000	0.00000000	0.00000000	0.00000000	0.00000000	0.00000000	0.00000000
214.74835205	0.00000000	0.00000000	0.00000000	0.00000000	0.00000000	0.00000000	0.00000000	0.00000000
241.59190369	0.00000000	0.00000000	0.00000000	0.00000000	0.00000000	0.00000000	0.00000000	0.00000000
268.43545532	0.00000000	0.00000000	0.00000000	0.00000000	0.00000000	0.00000000	0.00000000	0.00000000
295.27899170	0.00000000	0.00000000	0.00000000	0.00000000	0.00000000	0.00000000	0.00000000	0.00000000
322.12252808	0.00000000	0.00000000	0.00000000	0.00000000	0.00000000	0.00000000	0.00000000	0.00000000
348.96606445	0.00000000	0.00000000	0.00000000	0.00000000	0.00000000	0.00000000	0.00000000	0.00000000
375.80963135	0.00000000	0.00000000	0.00000000	0.00000000	0.00000000	0.00000000	0.00000000	0.00000000
402.65316772	0.00000000	0.00000000	0.00000000	0.00000000	0.00000000	0.00000000	0.00000000	0.00000000
429.49670410	0.00000000	0.00000000	0.00000000	0.00000000	0.00000000	0.00000000	0.00000000	0.00000000
483.18380737	0.00000000	0.00000000	0.00000000	0.00000000	0.00000000	0.00000000	0.00000000	0.00000000
536.87091064	0.00000000	0.00000000	0.00000000	0.00000000	0.00000000	0.00000000	0.00000000	0.00000000
590.55798340	0.00000000	0.00000000	0.00000000	0.00000000	0.00000000	0.00000000	0.00000000	0.00000000
644.24505615	0.00000000	0.00000000	0.00000000	0.00000000	0.00000000	0.00000000	0.00000000	0.00000000
697.93212891	0.00000000	0.00000000	0.00000000	0.00000000	0.00000000	0.00000000	0.00000000	0.00000000
751.61926270	0.00000000	0.00000000	0.00000000	0.00000000	0.00000000	0.00000000	0.00000000	0.00000000
805.30633545	0.00000000	0.00000000	0.00000000	0.00000000	0.00000000	0.00000000	0.00000000	0.00000000
858.99340820	0.00000000	0.00000000	0.00000000	0.00000000	0.00000000	0.00000000	0.00000000	0.00000000
966.36761475	0.00000000	0.00000000	0.00000000	0.00000000	0.00000000	0.00000000	0.00000000	0.00000000
1073.74182129	0.00000000	0.00000000	0.00000000	0.00000000	0.00000000	0.00000000	0.00000000	0.00000000
1181.11596680	0.00000000	0.00000000	0.00000000	0.00000000	0.00000000	0.00000000	0.00000000	0.00000000
1288.49011230	0.00000000	0.00000000	0.00000000	0.00000000	0.00000000	0.00000000	0.00000000	0.00000000
1395.86425781	0.00000000	0.00000000	0.00000000	0.00000000	0.00000000	0.00000000	0.00000000	0.00000000
1503.23852539	0.00000000	0.00000000	0.00000000	0.00000000	0.00000000	0.00000000	0.00000000	0.00000000
1610.61267090	0.00000000	0.00000000	0.00000000	0.00000000	0.00000000	0.00000000	0.00000000	0.00000000
1717.98681641	0.00000000	0.00000000	0.00000000	0.00000000	0.00000000	0.00000000	0.00000000	0.00000000
1932.73522949	0.00000000	0.00000000	0.00000000	0.00000000	0.00000000	0.00000000	0.00000000	0.00000000
2147.48364258	0.00000000	0.00000000	0.00000000	0.00000000	0.00000000	0.00000000	0.00000000	0.00000000
2362.23193359	0.00000000	0.00000000	0.00000000	0.00000000	0.00000000	0.00000000	0.00000000	0.00000000
2576.98022461	0.00000000	0.00000000	0.00000000	0.00000000	0.00000000	0.00000000	0.00000000	0.00000000
2791.72851562	0.00000000	0.00000000	0.00000000	0.00000000	0.00000000	0.00000000	0.00000000	0.00000000
3006.47705078	0.00000000	0.00000000	0.00000000	0.00000000	0.00000000	0.00000000	0.00000000	0.00000000
3221.22534180	0.00000000	0.00000000	0.00000000	0.00000000	0.00000000	0.00000000	0.00000000	0.00000000
3435.97363281	0.00000000	0.00000000	0.00000000	0.00000000	0.00000000	0.00000000	0.00000000	0.00000000
0	0	0	0	0	0	0	0	0
