%2/19/2015 11:29:32 AM
%Duration	ID1		ID2		ID3		ID4		ID5		ID6		ID7		ID8
3000.000000	2.202988	2.756119	5.111694	7.438660	16.317368	21.934509	25.138855	15.783310
%Tau		Tau1		Tau2		Tau3		Tau4		Tau5		Tau6		Tau7		Tau8
%		0.000001	0.000001	0.000000	0.000001	0.000009	0.000022	0.000013	0.000012
%Delaytime	D1		D2		D3		D4		D5		D6		D7		D8
0.00000000	9.60893154	24.85954094	14.31586456	9.96329498	4.15908766	2.32756376	2.88584661	5.23573112
0.00000020	3.60334921	5.06398058	5.02989817	2.81720734	1.62416923	1.79239404	1.87220001	1.64853001
0.00000040	1.80167460	2.76217103	1.67663276	1.78652179	1.41166103	1.46959317	1.49000525	1.52983582
0.00000060	2.40223289	0.92072374	0.51588702	1.16811037	1.59381092	1.40163517	1.47892714	1.49027109
0.00000080	1.20111644	0.92072374	0.90280223	1.30553520	1.44201934	1.31668758	1.33491182	1.52983582
0.00000100	1.80167460	1.38108552	1.41868925	1.23682272	1.50273597	1.41862464	1.33491182	1.56940055
0.00000120	0.00000000	1.38108552	0.77383047	0.89326090	1.63934839	1.38464558	1.39584136	1.54302406
0.00000140	0.60055822	1.84144747	1.67663276	0.89326090	1.59381092	1.34217179	1.47892714	1.64853001
0.00000160	0.60055822	0.46036187	1.54766095	1.30553520	1.73042321	1.40163517	1.50108337	1.47708285
0.00000180	0.60055822	2.30180931	1.16074574	1.16811037	1.53309429	1.28270853	1.62848163	1.42432988
0.00000200	0.60055822	1.84144747	1.41868925	1.16811037	1.44201934	1.33367705	1.39584136	1.43751812
0.00000220	0.60055822	1.38108552	1.41868925	1.30553520	1.50273597	1.29969800	1.54539585	1.31882405
0.00000240	1.80167460	0.46036187	0.64485878	1.44295990	1.33576536	1.49507749	1.58970821	1.46389461
0.00000260	2.40223289	0.92072374	1.41868925	1.30553520	1.03218234	1.46109843	1.44569290	1.56940055
0.00000280	0.00000000	1.38108552	0.90280223	1.51167226	1.44201934	1.35916138	1.40138042	1.26607108
0.00000300	1.20111644	0.00000000	1.41868925	0.96197325	1.16879463	1.35066652	1.30167747	1.43751812
0.00000340	1.20111644	1.84144747	1.54766095	1.40860367	1.47237766	1.41862464	1.36814618	1.25288284
0.00000380	1.50139546	0.92072374	1.35420334	1.27117896	1.28263831	1.52480912	1.41799760	1.47048879
0.00000420	1.20111644	0.92072374	1.22523165	1.27117896	1.32058620	1.41862464	1.36537659	1.41773582
0.00000460	1.20111644	0.69054276	1.03177404	1.09939802	1.60140049	1.33792448	1.40968907	1.14078271
0.00000500	2.70251203	1.38108552	1.35420334	1.30553520	1.31299663	1.35916138	1.40968907	1.45730054
0.00000540	1.50139546	0.46036187	1.35420334	1.27117896	1.38130283	1.41862464	1.53154814	1.41114163
0.00000580	0.60055822	1.84144747	1.48317516	1.33989131	1.34335494	1.35066652	1.42907572	1.34520054
0.00000620	1.50139546	0.46036187	1.03177404	1.30553520	1.19915295	1.24872947	1.40415001	1.43751812
0.00000700	0.75069773	0.92072374	1.38644636	1.33989131	1.32058620	1.40800619	1.36399186	1.40125048
0.00000780	0.60055822	0.80563325	1.25747454	1.47731614	1.19535816	1.42711937	1.28644514	1.36827993
0.00000860	1.20111644	0.92072374	0.90280223	1.15093231	1.45340371	1.36553240	1.33075750	1.41773582
0.00000940	0.90083730	1.26599514	1.41868925	1.42578185	1.17258942	1.25297689	1.35291374	1.31552696
0.00001020	1.20111644	0.80563325	0.99953109	1.09939802	1.31679142	1.28907955	1.28367555	1.31222987
0.00001100	1.20111644	1.03581417	1.32196045	1.13375425	1.30920184	1.30819273	1.29059935	1.41773582
0.00001180	1.50139546	1.26599514	1.09625983	1.27117896	1.22951126	1.30819273	1.25321078	1.32541811
0.00001260	1.35125601	0.57545233	1.28971756	1.21964467	1.29402268	1.30606914	1.28782988	1.27596223
0.00001420	0.67562801	0.63299757	0.93504518	1.14234328	1.26366436	1.22324514	1.27882886	1.17869890
0.00001580	1.20111644	1.20844984	1.19298863	1.22823370	1.20674253	1.25403869	1.21374500	1.14737689
0.00001740	0.67562801	0.74808800	1.17686725	1.35706949	1.19535816	1.24979126	1.21720695	1.16551065
0.00001900	0.75069773	0.86317849	1.12850285	1.15952134	1.17069209	1.27315187	1.17220211	1.19023871
0.00002060	0.82576752	1.03581417	0.83831638	1.21105564	1.19915295	1.26996636	1.21374500	1.18859017
0.00002220	1.35125601	1.09335935	1.43481076	1.23682272	1.15171814	1.21475041	1.17081738	1.18034744
0.00002380	1.20111644	0.74808800	1.08013844	1.29694617	1.12894940	1.29332697	1.13481355	1.16880774
0.00002540	1.12604666	1.09335935	0.93504518	1.13375425	1.18587124	1.26890457	1.14658403	1.14078271
0.00002860	0.86305553	1.09281194	0.94661611	1.14158046	1.12812150	1.14331102	1.11776876	1.08527696
0.00003180	0.75048310	1.26536119	1.08415854	1.21912181	1.09471691	1.13152432	1.09461153	1.08610034
0.00003500	1.16324878	1.06405377	0.90616238	1.15881193	1.08517265	1.13902485	1.06557858	1.14621055
0.00003820	1.31334543	1.15032840	1.00325119	1.09419417	1.05749452	1.16045523	1.07076299	1.06469119
0.00004140	1.01315212	0.97777915	1.05988634	1.14588833	1.07276523	1.14545405	1.06419599	1.05069304
0.00004460	1.38839364	1.06405377	1.02752340	1.03388417	1.03077090	1.07901978	1.04760575	1.06219852
0.00004780	1.01315212	0.77647167	1.14079380	0.97357428	1.02504432	1.11705875	1.03585434	1.08690071
0.00005100	1.05067635	1.17908657	1.01134193	1.12004125	1.07276523	1.14545405	1.02686799	1.07454956
0.00005740	0.97646564	1.19301760	1.14423120	1.00784171	1.02546501	1.13317657	1.04713178	1.02278280
0.00006380	1.12669110	0.91991723	1.08358288	1.04445136	1.04213536	1.05449128	1.03332925	1.03885388
0.00007020	1.08913469	0.87679607	1.04315066	1.01645577	1.00974727	1.07483172	1.04006505	1.04711771
0.00007660	1.20180380	0.96303833	0.93398380	1.06814003	0.99545836	1.06947887	1.01087689	1.03640342
0.00008300	0.73234922	1.14989650	0.98250240	1.08536804	1.05166125	1.05127954	0.98756087	1.03640342
0.00008940	0.93890923	1.02053320	1.10379899	1.03583741	1.03356206	1.03709483	1.01053143	1.01456273
0.00009580	1.03280020	0.99178571	1.00271857	1.09613562	0.97402501	1.07135236	1.01761258	1.01209021
0.00010220	1.03280020	0.81930125	0.99463207	0.98199970	1.01069987	1.04298282	1.00327754	0.96964502
0.00011500	1.03132427	0.99029779	0.94421721	0.99971199	1.02692556	1.03634286	0.99164206	1.00797391
0.00012780	0.99382150	0.91853708	0.96847969	1.05465305	0.99645579	1.02001190	0.99786037	1.00920892
0.00014060	0.90944046	0.98312169	1.03317988	0.96631646	1.01478529	1.03634286	1.00476956	0.98862541
0.00015340	0.90944046	0.95441741	1.02711415	1.07722366	1.00240695	1.03513813	0.99518305	1.00303388
0.00016620	1.10632968	1.14817131	1.03115797	1.00284660	1.01169074	1.04062629	0.98257375	1.02835155
0.00017900	0.87193775	1.01182604	1.01296103	0.99207491	1.00621569	1.02108276	0.99396032	1.02258813
0.00019180	1.02194858	0.91136098	1.00487351	1.01797640	1.00407326	1.03031909	0.98946941	1.03761411
0.00020460	0.90944046	1.01900208	0.97454536	0.97704184	1.03382885	1.01919138	1.00138760	0.98718452
0.00023020	1.02722371	0.94818985	1.03903854	0.99737769	1.01347601	1.03126657	0.99644041	0.99044383
0.00025580	0.99439007	0.93382335	1.00871634	0.99791569	1.00490642	1.02564692	1.00336075	1.00003994
0.00028140	0.89119869	0.98769772	1.01882374	1.01943409	1.02740169	1.01957643	0.99231350	1.00879145
0.00030700	1.03660476	1.09544659	1.06928968	1.01674426	1.00657272	1.02800608	0.99156624	1.01074767
0.00033260	0.98031855	1.03798056	1.00258541	1.02588964	1.03597128	1.01522791	0.99734873	1.00539386
0.00035820	1.06474793	0.95178145	1.00157475	1.02427566	1.01123762	1.00532651	1.00248396	1.00827670
0.00038380	0.94748491	0.94100660	1.04099083	1.04955983	1.00183463	1.02519619	0.99799603	1.01960218
0.00040940	0.97562802	1.05966294	1.01774549	1.01082671	0.99252808	1.00039291	1.00343335	1.00858557
0.00046060	1.08943546	0.99772340	0.97836560	1.00877345	1.00473702	1.02043617	1.00096178	1.00920069
0.00051180	0.92707896	0.92953366	0.97382212	0.98861951	0.99356741	1.00650752	0.99252588	1.00126684
0.00056300	1.02340508	1.01207912	0.97028828	1.00904214	0.99797297	1.00518763	0.99630946	0.99418771
0.00061420	1.03752100	1.04976296	0.96776408	0.99641240	0.99344838	1.00562179	0.99623686	1.00410032
0.00066540	0.99046791	0.96183407	1.00411201	0.99963701	1.00216317	1.01646006	1.00534165	1.01857710
0.00071660	0.98811525	1.02630651	1.01370382	1.01361048	0.99216121	1.01367044	0.99327308	1.00160623
0.00076780	1.07516348	1.02989495	0.98088974	1.00098062	1.00085342	1.00021076	1.00007725	0.99459982
0.00081900	0.99517322	0.97965616	1.00310242	0.98700720	1.00561631	1.01226878	0.99878275	0.99851519
0.00092140	0.90969849	1.03362036	1.00648057	0.98421216	0.99761575	1.00653028	1.00730824	0.99556297
0.00102380	1.05994546	1.00398576	0.98411804	1.00045240	1.00208080	1.00303054	1.00800216	1.00167942
0.00112620	0.98951721	1.02374220	1.00730336	0.97508538	1.01065373	1.00941348	0.99363589	1.00467420
0.00122860	0.94139123	0.96638983	0.99653280	0.97476977	1.00663519	1.00878119	0.99999404	0.99928665
0.00133100	1.02605188	1.00231516	0.98015076	0.99499762	0.99490696	1.01056504	0.99653465	1.00694251
0.00143340	0.89926291	1.01129639	0.99602872	0.98774958	1.01182139	1.01101387	0.99787325	0.99043548
0.00153580	1.05422723	1.02656472	0.98569548	0.98291755	0.99654412	1.01016390	1.00330329	0.99188381
0.00163820	0.92509031	0.99782449	0.98525673	0.96090490	1.00231206	0.99451530	1.00258887	1.00316226
0.00184300	1.00930870	0.97732979	1.00402439	1.01801622	1.01021659	1.00635958	1.00249171	0.99608958
0.00204780	0.92882246	0.99587768	0.98996127	0.98329711	0.99862272	1.00546861	0.99419945	0.98813289
0.00225260	0.97775185	0.99947292	0.99753070	0.98155355	1.00271356	1.00659323	0.99815524	1.00540423
0.00245740	1.04132259	0.98214966	0.99595076	1.00317681	0.99559510	1.00004029	1.00226879	0.99828422
0.00266220	0.98479867	0.99338192	1.01430130	1.00998116	0.99604851	1.00206375	0.99335492	1.00105774
0.00286700	0.95719850	0.96283013	1.00704443	0.99984533	0.99882400	0.99487752	1.00539625	0.99812412
0.00307180	1.03999913	0.98574400	0.99361414	0.98716617	0.99365294	1.00431216	1.00321710	1.00370657
0.00327660	1.02649260	0.99305695	1.01322496	1.00957274	1.00327885	1.00993347	0.99885309	1.00179899
0.00368620	1.00076818	1.02159059	1.01387572	0.99842316	1.00200093	0.99910593	0.99907333	1.00621319
0.00409580	0.99958450	0.98025060	1.00219631	1.00291574	0.99347365	0.99786776	0.99970669	1.00461137
0.00450540	0.99944127	1.00474000	0.98988378	0.99927610	0.99914771	1.00435507	0.99741322	1.00089180
0.00491500	0.99944901	1.00149536	1.00612283	0.99756616	1.00289690	1.00071943	1.00270784	0.99814796
0.00532460	1.01561964	1.00531530	0.99481302	0.99461567	1.00010836	1.00155127	1.00025868	1.00027299
0.00573420	1.01723456	1.02438307	0.98874694	1.00700271	1.00088215	1.00341928	1.00132275	1.00434685
0.00614380	0.99195808	0.98878819	0.98912835	1.00699079	1.00306797	1.00741088	0.99910760	0.99923855
0.00655340	0.99607283	0.99003553	1.02019072	0.99435186	1.00436127	1.00121045	1.00497937	1.00014687
0.00737260	1.01003146	1.00813985	0.98891646	1.00374687	1.00108600	1.00430000	1.00140738	0.99956745
0.00819180	0.99591291	1.01552618	0.99428493	1.00045371	1.00199723	1.00544894	1.00094283	0.99870366
0.00901100	0.98914999	1.03224993	0.99665534	1.00232041	1.00028968	1.00349903	0.99797875	1.00118148
0.00983020	1.00679517	0.99434662	1.00218964	0.99799675	1.00459349	1.00522649	0.99902982	0.99991298
0.01064940	0.99974298	1.00334454	0.99782330	1.00062013	1.00067365	1.00215459	0.99870503	0.99981236
0.01146860	0.99783635	1.00502717	1.00753832	1.00031817	1.00027680	1.00153327	1.00048137	0.99977374
0.01228780	0.98093629	1.00042820	0.99743223	1.00421393	0.99698484	1.00376987	0.99969620	0.99869835
0.01310700	0.99415785	0.98115653	1.00451183	1.00621021	0.99973053	1.00272059	0.99952644	1.00372946
0.01474540	0.99233550	1.00445271	1.00753260	0.99560601	1.00059903	1.00178015	1.00065541	1.00025928
0.01638380	1.01217091	1.00169170	0.99865347	0.99365771	0.99848193	0.99898726	0.99888098	1.00007415
0.01802220	0.99719995	0.99794775	0.99470508	0.99891937	0.99739414	1.00329232	1.00036633	1.00172365
0.01966060	1.00739682	0.99705052	1.00163770	0.99763799	1.00171328	1.00078034	1.00010467	1.00122917
0.02129900	1.00864065	1.00680792	1.00200725	1.00139570	0.99921471	0.99915373	0.99993539	0.99882603
0.02293740	1.00056624	1.01592231	1.00101352	1.00052643	1.00358474	1.00370240	1.00135875	0.99973184
0.02457580	1.02208674	0.99746835	0.99909198	1.00278568	1.00317597	1.00046146	0.99925667	0.99865443
0.02621420	1.01767826	1.00948596	1.00302374	0.99646801	1.00365424	1.00496399	0.99942034	1.00069118
0.02949100	1.01302469	1.01192987	0.99772853	0.99705076	0.99997544	1.00054550	1.00125694	0.99988323
0.03276780	1.00556111	0.99825293	1.00090516	1.00005364	1.00202024	1.00117981	0.99971259	0.99983406
0.03604460	0.99341929	1.00676155	1.00472140	1.00189018	0.99841040	1.00322914	0.99947888	1.00053072
0.03932140	1.00604403	1.00656319	1.00250781	1.00161970	1.00127554	1.00309980	1.00024748	0.99984610
0.04259820	1.00355375	0.99620461	0.99725240	0.99969912	0.99842149	1.00051165	0.99991530	1.00040185
0.04587500	1.00178862	1.00445664	0.99865013	1.00253475	1.00113106	1.00207233	1.00001383	1.00112414
0.04915180	0.99522662	0.99520862	1.00097382	0.99909997	0.99912792	1.00230002	1.00075054	0.99984241
0.05242860	1.00236225	1.00428808	0.99715662	0.99981618	1.00125742	1.00155878	1.00175786	0.99933523
0.05898220	1.00145388	1.00132048	1.00228214	1.00070941	1.00090635	1.00167108	1.00072825	1.00176358
0.06553581	0.99770248	1.00347507	1.00264215	0.99852002	1.00069904	1.00053608	0.99998242	1.00151205
0.07208940	1.00070083	1.00192893	1.00146210	1.00409830	0.99994719	1.00036430	0.99971420	1.00165033
0.07864300	0.99774849	1.00409222	1.00220680	1.00245678	0.99954510	1.00168049	1.00094140	0.99952430
0.08519660	1.00437701	1.00474191	0.99991417	0.99814594	0.99981022	1.00127470	1.00040698	1.00015128
0.09175020	1.00001907	1.00332057	1.00004888	1.00250733	1.00166869	1.00251794	0.99963868	1.00056362
0.09830380	1.00522137	1.00402200	0.99888104	0.99676371	1.00005436	1.00190389	1.00051928	1.00074387
0.10485740	0.99876535	1.00502002	1.00133371	1.00091720	1.00025225	0.99902099	1.00091255	0.99977326
0.11796460	1.00497806	0.99963570	1.00199676	0.99945545	1.00069010	1.00061262	0.99977827	1.00120437
0.13107181	1.00248516	0.99829477	0.99961025	1.00031972	0.99823737	1.00104153	1.00044727	1.00017452
0.14417900	1.00150394	0.99811190	1.00170469	1.00096023	1.00086749	1.00128686	0.99922544	1.00132883
0.15728620	1.00035620	0.99956745	1.00273991	1.00108910	0.99896377	1.00106394	1.00046551	1.00074720
0.17039341	1.00260746	0.99853891	0.99924612	0.99928683	1.00087094	1.00163364	0.99954033	1.00000799
0.18350060	0.99929285	0.99760801	1.00053060	1.00174391	1.00060189	1.00314021	1.00074148	1.00022089
0.19660780	1.00526357	0.99865848	0.99680841	1.00033593	0.99956352	1.00239635	0.99956220	1.00003052
0.20971501	1.00371897	1.00301921	0.99930882	0.99821711	1.00062108	1.00041902	1.00064778	1.00053620
0.23592941	1.00433874	1.00155747	1.00136626	1.00130379	1.00021040	1.00224769	1.00051534	0.99947035
0.26214382	1.00203335	1.00379741	1.00001752	0.99898422	1.00049448	1.00094402	1.00037956	0.99927938
0.28835821	1.00082445	1.00126505	0.99847203	0.99893552	1.00006688	1.00094283	1.00055265	0.99996090
0.31457260	1.00165582	1.00116122	1.00022328	1.00163221	1.00036550	1.00107622	1.00034344	1.00021648
0.34078699	1.00167644	0.99971908	0.99946320	0.99948734	1.00055051	1.00181782	1.00027812	0.99965078
0.36700141	0.99825114	0.99730361	1.00080228	0.99990314	0.99973840	1.00068176	1.00009406	1.00063276
0.39321581	0.99743056	1.00035489	0.99980795	1.00066960	1.00078011	1.00149632	0.99995303	0.99993885
0.41943020	0.99974930	0.99859029	0.99923307	0.99852031	0.99934793	1.00072205	0.99974900	0.99952638
0.47185901	0.99918586	0.99905539	0.99782091	0.99944800	0.99972469	1.00036371	0.99993378	1.00018108
0.52428782	1.00148249	1.00386679	0.99906141	1.00131536	1.00010681	1.00095963	1.00008941	0.99996352
0.57671660	0.99943841	0.99982756	0.99961346	1.00035715	0.99975604	1.00037956	1.00022519	0.99990553
0.62914538	0.99884754	1.00387359	0.99810082	1.00040996	1.00045300	0.99994493	0.99996305	0.99961042
0.68157423	1.00103664	1.00032496	1.00007737	1.00092506	0.99967825	0.99981511	0.99985969	0.99984807
0.73400301	0.99964553	0.99959892	1.00010419	1.00005925	0.99978620	1.00030398	0.99974293	0.99935043
0.78643179	0.99995375	1.00126088	0.99771023	0.99853784	0.99959493	1.00042200	0.99989808	1.00019312
0.83886063	1.00179303	0.99869543	0.99917477	0.99964988	1.00024891	0.99976933	1.00024867	0.99985427
0.94371825	0.99985445	1.00053215	1.00086808	1.00009251	1.00005424	0.99949408	1.00006545	1.00007176
1.04857588	0.99892819	1.00147974	1.00075233	1.00001895	0.99988657	1.00041437	1.00012851	0.99982548
1.15343344	0.99935251	0.99781203	0.99890649	0.99986160	0.99996889	0.99983126	1.00019598	0.99978656
1.25829101	0.99811667	0.99953163	1.00126922	0.99983412	0.99973905	1.00009727	1.00029564	1.00036478
1.36314869	0.99804139	0.99731201	1.00031936	1.00010395	0.99997932	1.00012243	1.00014997	1.00066388
1.46800625	0.99812019	0.99794370	1.00008023	1.00040662	0.99970883	0.99962682	1.00023520	1.00048602
1.57286382	0.99834442	1.00047743	1.00085580	1.00011408	0.99948955	1.00037181	0.99990702	1.00001657
1.67772150	0.99908102	0.99783748	0.99994814	1.00014961	0.99976432	0.99908745	1.00000834	0.99996918
1.88743675	0.99867725	0.99692219	0.99997920	0.99970275	1.00003290	0.99929726	0.99995410	1.00023854
2.09715199	0.99904597	0.99979573	0.99950677	1.00067985	1.00010371	0.99927205	0.99980015	1.00016606
2.30686712	0.99747992	0.99940705	1.00038552	1.00006473	0.99972785	0.99936068	0.99993002	0.99986893
2.51658225	0.99796993	0.99837905	0.99941516	0.99993753	0.99979097	0.99989545	1.00007808	0.99968034
2.72629738	1.00364101	1.00042582	0.99949139	1.00090706	1.00004959	1.00025499	1.00029004	1.00011742
2.93601274	1.00166011	0.99771869	1.00028110	0.99909335	1.00019610	1.00037789	1.00030017	0.99971801
3.14572787	1.00149989	1.00230134	0.99980497	0.99964428	0.99997985	1.00068796	0.99995923	1.00022161
3.35544300	1.00211680	1.00227690	1.00185299	1.00086236	0.99997258	1.00020099	0.99990350	1.00055981
3.77487350	1.00294781	0.99925447	0.99779719	0.99999124	1.00035250	0.99987274	0.99981868	0.99947149
4.19430399	0.99881870	1.00031269	1.00126493	1.00019419	1.00043833	1.00181699	1.00009358	1.00027943
4.61373425	0.99989671	0.99976277	0.99978924	0.99976403	0.99981290	0.99931252	1.00002539	0.99977690
5.03316450	1.00000000	1.00000000	1.00000000	1.00000000	1.00000000	1.00000000	1.00000000	1.00000000
5.45259476	0.00000000	0.00000000	0.00000000	0.00000000	0.00000000	0.00000000	0.00000000	0.00000000
5.87202549	0.00000000	0.00000000	0.00000000	0.00000000	0.00000000	0.00000000	0.00000000	0.00000000
6.29145575	0.00000000	0.00000000	0.00000000	0.00000000	0.00000000	0.00000000	0.00000000	0.00000000
6.71088600	0.00000000	0.00000000	0.00000000	0.00000000	0.00000000	0.00000000	0.00000000	0.00000000
7.54974699	0.00000000	0.00000000	0.00000000	0.00000000	0.00000000	0.00000000	0.00000000	0.00000000
8.38860798	0.00000000	0.00000000	0.00000000	0.00000000	0.00000000	0.00000000	0.00000000	0.00000000
9.22746849	0.00000000	0.00000000	0.00000000	0.00000000	0.00000000	0.00000000	0.00000000	0.00000000
10.06632900	0.00000000	0.00000000	0.00000000	0.00000000	0.00000000	0.00000000	0.00000000	0.00000000
10.90518951	0.00000000	0.00000000	0.00000000	0.00000000	0.00000000	0.00000000	0.00000000	0.00000000
11.74405098	0.00000000	0.00000000	0.00000000	0.00000000	0.00000000	0.00000000	0.00000000	0.00000000
12.58291149	0.00000000	0.00000000	0.00000000	0.00000000	0.00000000	0.00000000	0.00000000	0.00000000
13.42177200	0.00000000	0.00000000	0.00000000	0.00000000	0.00000000	0.00000000	0.00000000	0.00000000
15.09949398	0.00000000	0.00000000	0.00000000	0.00000000	0.00000000	0.00000000	0.00000000	0.00000000
16.77721596	0.00000000	0.00000000	0.00000000	0.00000000	0.00000000	0.00000000	0.00000000	0.00000000
18.45493698	0.00000000	0.00000000	0.00000000	0.00000000	0.00000000	0.00000000	0.00000000	0.00000000
20.13265800	0.00000000	0.00000000	0.00000000	0.00000000	0.00000000	0.00000000	0.00000000	0.00000000
21.81037903	0.00000000	0.00000000	0.00000000	0.00000000	0.00000000	0.00000000	0.00000000	0.00000000
23.48810196	0.00000000	0.00000000	0.00000000	0.00000000	0.00000000	0.00000000	0.00000000	0.00000000
25.16582298	0.00000000	0.00000000	0.00000000	0.00000000	0.00000000	0.00000000	0.00000000	0.00000000
26.84354401	0.00000000	0.00000000	0.00000000	0.00000000	0.00000000	0.00000000	0.00000000	0.00000000
30.19898796	0.00000000	0.00000000	0.00000000	0.00000000	0.00000000	0.00000000	0.00000000	0.00000000
33.55443192	0.00000000	0.00000000	0.00000000	0.00000000	0.00000000	0.00000000	0.00000000	0.00000000
36.90987396	0.00000000	0.00000000	0.00000000	0.00000000	0.00000000	0.00000000	0.00000000	0.00000000
40.26531601	0.00000000	0.00000000	0.00000000	0.00000000	0.00000000	0.00000000	0.00000000	0.00000000
43.62075806	0.00000000	0.00000000	0.00000000	0.00000000	0.00000000	0.00000000	0.00000000	0.00000000
46.97620392	0.00000000	0.00000000	0.00000000	0.00000000	0.00000000	0.00000000	0.00000000	0.00000000
50.33164597	0.00000000	0.00000000	0.00000000	0.00000000	0.00000000	0.00000000	0.00000000	0.00000000
53.68708801	0.00000000	0.00000000	0.00000000	0.00000000	0.00000000	0.00000000	0.00000000	0.00000000
60.39797592	0.00000000	0.00000000	0.00000000	0.00000000	0.00000000	0.00000000	0.00000000	0.00000000
67.10886383	0.00000000	0.00000000	0.00000000	0.00000000	0.00000000	0.00000000	0.00000000	0.00000000
73.81974792	0.00000000	0.00000000	0.00000000	0.00000000	0.00000000	0.00000000	0.00000000	0.00000000
80.53063202	0.00000000	0.00000000	0.00000000	0.00000000	0.00000000	0.00000000	0.00000000	0.00000000
87.24151611	0.00000000	0.00000000	0.00000000	0.00000000	0.00000000	0.00000000	0.00000000	0.00000000
93.95240784	0.00000000	0.00000000	0.00000000	0.00000000	0.00000000	0.00000000	0.00000000	0.00000000
100.66329193	0.00000000	0.00000000	0.00000000	0.00000000	0.00000000	0.00000000	0.00000000	0.00000000
107.37417603	0.00000000	0.00000000	0.00000000	0.00000000	0.00000000	0.00000000	0.00000000	0.00000000
120.79595184	0.00000000	0.00000000	0.00000000	0.00000000	0.00000000	0.00000000	0.00000000	0.00000000
134.21772766	0.00000000	0.00000000	0.00000000	0.00000000	0.00000000	0.00000000	0.00000000	0.00000000
147.63949585	0.00000000	0.00000000	0.00000000	0.00000000	0.00000000	0.00000000	0.00000000	0.00000000
161.06126404	0.00000000	0.00000000	0.00000000	0.00000000	0.00000000	0.00000000	0.00000000	0.00000000
174.48303223	0.00000000	0.00000000	0.00000000	0.00000000	0.00000000	0.00000000	0.00000000	0.00000000
187.90481567	0.00000000	0.00000000	0.00000000	0.00000000	0.00000000	0.00000000	0.00000000	0.00000000
201.32658386	0.00000000	0.00000000	0.00000000	0.00000000	0.00000000	0.00000000	0.00000000	0.00000000
214.74835205	0.00000000	0.00000000	0.00000000	0.00000000	0.00000000	0.00000000	0.00000000	0.00000000
241.59190369	0.00000000	0.00000000	0.00000000	0.00000000	0.00000000	0.00000000	0.00000000	0.00000000
268.43545532	0.00000000	0.00000000	0.00000000	0.00000000	0.00000000	0.00000000	0.00000000	0.00000000
295.27899170	0.00000000	0.00000000	0.00000000	0.00000000	0.00000000	0.00000000	0.00000000	0.00000000
322.12252808	0.00000000	0.00000000	0.00000000	0.00000000	0.00000000	0.00000000	0.00000000	0.00000000
348.96606445	0.00000000	0.00000000	0.00000000	0.00000000	0.00000000	0.00000000	0.00000000	0.00000000
375.80963135	0.00000000	0.00000000	0.00000000	0.00000000	0.00000000	0.00000000	0.00000000	0.00000000
402.65316772	0.00000000	0.00000000	0.00000000	0.00000000	0.00000000	0.00000000	0.00000000	0.00000000
429.49670410	0.00000000	0.00000000	0.00000000	0.00000000	0.00000000	0.00000000	0.00000000	0.00000000
483.18380737	0.00000000	0.00000000	0.00000000	0.00000000	0.00000000	0.00000000	0.00000000	0.00000000
536.87091064	0.00000000	0.00000000	0.00000000	0.00000000	0.00000000	0.00000000	0.00000000	0.00000000
590.55798340	0.00000000	0.00000000	0.00000000	0.00000000	0.00000000	0.00000000	0.00000000	0.00000000
644.24505615	0.00000000	0.00000000	0.00000000	0.00000000	0.00000000	0.00000000	0.00000000	0.00000000
697.93212891	0.00000000	0.00000000	0.00000000	0.00000000	0.00000000	0.00000000	0.00000000	0.00000000
751.61926270	0.00000000	0.00000000	0.00000000	0.00000000	0.00000000	0.00000000	0.00000000	0.00000000
805.30633545	0.00000000	0.00000000	0.00000000	0.00000000	0.00000000	0.00000000	0.00000000	0.00000000
858.99340820	0.00000000	0.00000000	0.00000000	0.00000000	0.00000000	0.00000000	0.00000000	0.00000000
966.36761475	0.00000000	0.00000000	0.00000000	0.00000000	0.00000000	0.00000000	0.00000000	0.00000000
1073.74182129	0.00000000	0.00000000	0.00000000	0.00000000	0.00000000	0.00000000	0.00000000	0.00000000
1181.11596680	0.00000000	0.00000000	0.00000000	0.00000000	0.00000000	0.00000000	0.00000000	0.00000000
1288.49011230	0.00000000	0.00000000	0.00000000	0.00000000	0.00000000	0.00000000	0.00000000	0.00000000
1395.86425781	0.00000000	0.00000000	0.00000000	0.00000000	0.00000000	0.00000000	0.00000000	0.00000000
1503.23852539	0.00000000	0.00000000	0.00000000	0.00000000	0.00000000	0.00000000	0.00000000	0.00000000
1610.61267090	0.00000000	0.00000000	0.00000000	0.00000000	0.00000000	0.00000000	0.00000000	0.00000000
1717.98681641	0.00000000	0.00000000	0.00000000	0.00000000	0.00000000	0.00000000	0.00000000	0.00000000
1932.73522949	0.00000000	0.00000000	0.00000000	0.00000000	0.00000000	0.00000000	0.00000000	0.00000000
2147.48364258	0.00000000	0.00000000	0.00000000	0.00000000	0.00000000	0.00000000	0.00000000	0.00000000
2362.23193359	0.00000000	0.00000000	0.00000000	0.00000000	0.00000000	0.00000000	0.00000000	0.00000000
2576.98022461	0.00000000	0.00000000	0.00000000	0.00000000	0.00000000	0.00000000	0.00000000	0.00000000
2791.72851562	0.00000000	0.00000000	0.00000000	0.00000000	0.00000000	0.00000000	0.00000000	0.00000000
3006.47705078	0.00000000	0.00000000	0.00000000	0.00000000	0.00000000	0.00000000	0.00000000	0.00000000
3221.22534180	0.00000000	0.00000000	0.00000000	0.00000000	0.00000000	0.00000000	0.00000000	0.00000000
3435.97363281	0.00000000	0.00000000	0.00000000	0.00000000	0.00000000	0.00000000	0.00000000	0.00000000
0	0	0	0	0	0	0	0	0
