%2/18/2015 8:31:01 AM
%Duration	ID1		ID2		ID3		ID4		ID5		ID6		ID7		ID8
3000.000000	3.204346	3.328323	3.976822	6.380081	16.746521	18.653870	32.234192	16.155243
%Tau		Tau1		Tau2		Tau3		Tau4		Tau5		Tau6		Tau7		Tau8
%		0.000002	0.000002	0.000002	0.000002	0.000041	0.000045	0.000045	0.000032
%Delaytime	D1		D2		D3		D4		D5		D6		D7		D8
0.00000000	8.66134071	19.22730827	17.46870995	12.52876377	4.21579599	2.02132297	2.58013892	4.63645267
0.00000020	0.33312848	2.82754540	2.52325821	3.00347066	1.69524062	1.47901690	1.77344537	1.56214702
0.00000040	0.99938548	2.82754540	0.58229035	2.14533615	1.50564134	1.41985619	1.45332885	1.34969509
0.00000060	2.33189940	1.41377270	1.16458070	2.14533615	1.40526533	1.29167473	1.38290322	1.49966121
0.00000080	0.66625696	0.84826362	1.16458070	1.63045549	1.21566606	1.47901690	1.40211022	1.66212451
0.00000100	2.66502786	0.56550908	1.55277431	1.63045549	1.37180662	1.68607926	1.42451835	1.33719790
0.00000120	2.33189940	0.84826362	1.74687111	1.02976131	1.66178191	1.57761800	1.47253585	1.41218090
0.00000140	2.66502786	1.69652724	0.58229035	1.45882857	1.42757106	1.44943655	1.37650084	1.49966121
0.00000160	0.66625696	0.56550908	0.77638716	1.37301517	1.38295949	1.42971635	1.49494398	1.73710752
0.00000180	1.99877095	1.13101816	1.16458070	1.11557484	1.48333561	1.53817761	1.50134635	1.59963858
0.00000200	1.33251393	1.97928178	2.13506460	1.71626890	1.29373634	1.42971635	1.49814510	1.62463295
0.00000220	1.33251393	2.54479074	0.77638716	1.37301517	1.56140590	1.40013599	1.74143362	1.58714139
0.00000240	0.99938548	0.84826362	1.35867751	1.54464209	1.47218263	1.64663875	1.48213935	1.29970634
0.00000260	1.33251393	1.13101816	0.97048390	1.88789582	1.69524062	1.63677871	1.55576611	1.47466683
0.00000280	0.33312848	0.84826362	0.38819358	1.71626890	1.69524062	1.47901690	1.51094985	1.23722053
0.00000300	2.33189940	1.41377270	0.97048390	1.97370934	1.67293489	1.55789781	1.52055335	1.17473459
0.00000340	1.33251393	1.55514991	0.87343556	1.45882857	1.55582941	1.41492617	1.42451835	1.32470071
0.00000380	1.99877095	1.83790445	1.45572591	1.80208242	1.37180662	1.59733820	1.49334335	1.46216965
0.00000420	1.33251393	0.70688635	0.77638716	1.41592193	1.41084170	1.39027584	1.54936373	1.45592105
0.00000460	1.16594970	0.98964089	2.13506460	1.33010840	1.43314755	1.50859725	1.49814510	1.24971771
0.00000500	2.33189940	0.70688635	1.55277431	1.54464209	1.62274683	1.54310763	1.54456198	1.48716402
0.00000540	1.16594970	1.69652724	0.58229035	0.98685467	1.61717033	1.54310763	1.45652997	1.39968371
0.00000580	0.66625696	1.13101816	0.97048390	1.41592193	1.63389969	1.44450653	1.52215385	1.46216965
0.00000620	1.49907827	0.84826362	1.35867751	1.37301517	1.36623013	1.38041580	1.38610435	1.43717527
0.00000700	0.91610336	1.48446131	1.01900816	1.24429500	1.39132416	1.38041580	1.39410734	1.49341261
0.00000780	0.74953914	1.13101816	1.01900816	1.37301517	1.43314755	1.46669173	1.44532597	1.44654822
0.00000860	0.91610336	1.48446131	1.64982271	1.39446855	1.54188836	1.39767098	1.40531135	1.44342387
0.00000940	1.16594970	1.41377270	1.35867751	1.33010840	1.43035936	1.39767098	1.52215385	1.31532788
0.00001020	1.83220673	1.13101816	1.50425005	1.48028195	1.45824158	1.42971635	1.44612622	1.39343524
0.00001100	1.08266759	1.34308398	1.45572591	1.45882857	1.39411235	1.44450653	1.44052422	1.46529400
0.00001180	1.66564250	1.48446131	1.11605656	1.05121469	1.38853598	1.38288081	1.40931284	1.36531651
0.00001260	0.99938548	1.62583852	1.16458070	1.30865502	1.43035936	1.39767098	1.45572972	1.33407354
0.00001420	1.29087293	1.20170677	1.06753230	1.31938171	1.36204779	1.42355371	1.43412185	1.36219227
0.00001580	1.41579616	0.98964089	1.28589118	1.43737531	1.40108299	1.36439312	1.38890541	1.30126846
0.00001740	1.33251393	0.91895223	1.06753230	1.38374186	1.43732989	1.42848384	1.37129903	1.43405104
0.00001900	1.04102659	1.02498519	1.09179437	1.09412146	1.35647130	1.35823047	1.42291772	1.31532788
0.00002060	1.45743716	1.13101816	1.04327023	1.25502169	1.32580090	1.41492617	1.37730122	1.25752842
0.00002220	1.33251393	1.16636240	0.84917343	1.45882857	1.41781235	1.41862369	1.40211022	1.36687863
0.00002380	1.12430871	1.23705113	1.31015325	1.42664862	1.43732989	1.34097528	1.38210297	1.28720915
0.00002540	1.12430871	0.88360792	0.89769763	1.34083509	1.33695376	1.40629852	1.36569691	1.31532788
0.00002860	1.13638103	1.30851007	1.02546167	1.16636586	1.34287989	1.32633102	1.34319103	1.33524036
0.00003180	1.40995431	0.91949356	1.17023265	1.17711568	1.28986228	1.27209437	1.31794226	1.34070945
0.00003500	1.28368974	1.11400187	1.12197566	1.22011542	1.31916153	1.27147806	1.30030823	1.25476646
0.00003820	1.09429288	1.37924039	0.98926890	1.12336612	1.29335034	1.27579236	1.30191135	1.26023555
0.00004140	0.94698423	0.90181100	0.98926890	1.23624027	1.29544306	1.29674733	1.30331409	1.22117066
0.00004460	1.17846918	1.04327154	1.21848977	1.27386498	1.25149429	1.28257191	1.28287458	1.27583528
0.00004780	1.32577789	1.27314496	1.30293953	1.08036649	1.18243194	1.21107829	1.24079347	1.25395930
0.00005100	1.30473375	0.97254127	1.03752589	1.12874115	1.20126712	1.21726382	1.21915174	1.18755031
0.00005740	1.16582382	1.09610403	1.03921044	1.09971440	1.21939683	1.20721221	1.22056532	1.20546997
0.00006380	1.30236173	1.06958544	1.03921044	1.14542389	1.21346903	1.20937228	1.20805466	1.17382932
0.00007020	1.34437346	0.85743624	0.90628821	1.15886772	1.18348098	1.15598583	1.17287683	1.11953247
0.00007660	1.34437346	1.17566001	1.16004896	1.17231166	1.16639471	1.15259135	1.15252697	1.15625119
0.00008300	1.02928591	1.35245097	1.04525244	0.99485171	1.12978148	1.12790406	1.13820064	1.14804804
0.00008940	1.16582382	1.04306674	1.03316855	1.09971440	1.15349293	1.14086485	1.12036765	1.13007927
0.00009580	1.20770621	1.19333911	0.96066552	1.09164810	1.10816216	1.10414243	1.11676097	1.06445420
0.00010220	1.12369192	1.05190635	1.00900090	1.09164810	1.07154894	1.12605250	1.10273516	1.07265735
0.00011500	1.03486955	1.01774657	1.02158201	1.08328843	1.08094060	1.08237612	1.09341085	1.04424942
0.00012780	1.06638837	1.02659643	0.95811099	1.07253623	1.05093384	1.06604648	1.08157837	1.07628405
0.00014060	0.95607233	1.10182118	1.01855958	1.02280712	1.04761910	1.04987097	1.06469834	1.05714142
0.00015340	1.04548764	0.96907169	1.00042498	1.02006388	1.09890974	1.04417098	1.04912055	1.04815614
0.00016620	1.00871170	1.01774657	0.94299883	1.01065612	1.02755642	1.02645493	1.05498099	1.04600739
0.00017900	0.99295062	0.97792166	0.94602126	1.03619134	1.00068998	1.02537656	1.02783263	1.03604543
0.00019180	1.04023397	1.03102148	1.07296336	0.97974509	1.04884028	1.00935507	1.03244078	1.03231287
0.00020460	0.91939873	1.10182118	1.02158201	0.98780882	1.01272762	1.01582527	1.03279138	1.03993070
0.00023020	1.00158131	0.95015824	1.03661013	0.95250326	1.01970899	1.02331483	1.02330709	1.02105272
0.00025580	0.95952016	1.06948042	0.93990010	0.99888486	1.00017476	1.00838161	1.01346564	1.02015281
0.00028140	1.04627132	1.03181469	1.03812122	1.01905084	1.01726723	1.01018906	1.00073397	1.00960648
0.00030700	0.95962286	1.00972021	0.94443339	0.99754047	1.01438940	0.99109834	0.99790430	1.00433338
0.00033260	1.05427063	0.96774060	0.93687791	0.96998042	0.99651206	1.00356889	1.00406456	1.02982020
0.00035820	1.06478703	1.03844309	1.00789928	0.98544091	1.01325572	1.00058508	1.00096345	1.01077831
0.00038380	1.05164146	0.96995008	1.01243258	1.00230014	0.99553335	0.99841130	0.99228895	1.01038778
0.00040940	1.02535045	0.97436893	1.02452135	1.02717280	0.99274278	1.00570583	0.99216372	1.01370788
0.00046060	0.99614453	0.99373442	0.97023249	0.96225011	1.00084245	0.99759638	0.99478579	1.00143898
0.00051180	0.92133528	0.98921579	0.97401357	1.00498903	1.00263000	0.99219102	1.00171280	1.01275349
0.00056300	1.02239335	0.94942611	1.02997398	1.00364459	0.99757260	1.00731337	0.99853015	0.98734450
0.00061420	1.03814268	0.97484726	0.98308825	0.99120826	1.00066352	0.99563390	0.99913579	1.00670612
0.00066540	0.94495922	0.98589998	0.95064789	0.98246920	1.00781393	1.00413799	1.00007343	0.97110415
0.00071660	1.03551781	1.05553198	0.99224347	0.98185015	1.00537229	1.00819683	0.99808532	0.99461114
0.00076780	0.99089473	0.99474216	0.99526858	0.99664009	1.00345397	0.99622935	0.99572957	0.98944157
0.00081900	0.96858323	1.00468957	1.03383899	0.96739632	0.99896312	0.99128568	0.99524510	0.98966503
0.00092140	1.01179874	1.00007212	1.01748359	1.00131345	1.00060833	1.00073338	1.00051844	1.00211906
0.00102380	1.02293897	0.97318941	1.00499678	1.00013781	0.99330735	1.00338936	0.99984801	1.00667548
0.00112620	0.94626772	1.02292645	1.00915909	0.97209024	1.00106609	1.00067759	0.99969971	1.00032616
0.00122860	1.04063237	0.99971586	0.98540068	1.00248909	0.99975610	0.98430395	1.00172150	0.98831415
0.00133100	0.99017346	0.96388924	1.03657138	1.00215316	0.99391031	0.99661613	1.00141859	1.00149393
0.00143340	1.04183161	0.96554732	1.00780916	0.99806833	1.00182199	1.00465918	1.00116169	1.00209296
0.00153580	0.98558629	0.97825915	1.03354371	1.00730503	0.99462718	1.01376009	1.00087142	1.00978160
0.00163820	0.98951817	1.00534093	0.98994172	1.00590706	0.99550617	0.99942791	0.99699491	1.00497317
0.00184300	0.96960133	1.00749350	0.98764843	1.00897622	0.99832547	1.00103271	1.00581336	0.99641532
0.00204780	0.98238945	0.97449672	1.00248218	0.99578857	1.00226545	1.00026977	0.99745661	0.99911267
0.00225260	1.03518140	0.97809064	0.99726701	0.99575847	0.99934161	1.00589252	0.99995565	0.99579370
0.00245740	0.99112684	0.98804295	1.00267124	1.00040841	1.00073290	0.99901825	0.99984717	1.00446451
0.00266220	0.99014294	1.01938224	1.00164425	1.00111020	1.00368261	1.00156569	1.00161576	0.99902642
0.00286700	1.00982118	1.03164864	0.98670274	1.01076937	1.00024247	1.00034666	1.00377858	1.00031137
0.00307180	0.94619489	1.00925148	1.00156283	0.98414367	0.99871635	0.99547797	1.00218117	0.99836296
0.00327660	1.02261198	0.98861051	0.98348749	1.00592268	0.99867970	0.99453497	0.99587375	0.99506098
0.00368620	1.01108074	0.98817801	0.99792856	1.00567842	1.00285089	0.99918675	1.00101793	0.99921679
0.00409580	0.99370199	1.01186919	0.99548042	1.00832117	0.99969071	1.00338387	0.99911112	0.99260902
0.00450540	0.98141873	0.98094285	1.01110291	1.01390028	1.00210226	1.00141847	1.00354278	0.99936384
0.00491500	1.01037276	0.99764860	0.98329610	0.98108530	0.99745286	1.00279856	1.00174654	0.99703479
0.00532460	0.98671055	0.99502534	0.99237001	0.99726462	0.99640661	0.99960566	0.99710119	1.00079894
0.00573420	1.01862240	0.99081731	0.98510939	0.99653959	1.00476122	1.00150180	1.00100458	1.00273108
0.00614380	0.99321014	0.98866320	1.00318909	1.00193787	0.99591857	1.00914621	0.99790102	0.99701184
0.00655340	0.99960423	1.00865710	1.01360154	0.99235719	1.00086856	1.00309241	0.99622428	1.00172973
0.00737260	1.00181162	1.00503480	1.00314701	0.99557495	0.99960208	0.99949116	1.00070238	0.99588197
0.00819180	0.99701273	1.00804651	0.99632013	1.00232756	0.99651152	1.00101817	0.99752319	0.99991477
0.00901100	0.99210054	1.00257552	1.00817144	0.99301910	0.99630541	1.00172305	0.99844903	0.99534488
0.00983020	0.99212474	1.00222981	0.98817140	0.99662942	0.99920207	1.00023699	1.00057030	1.00003803
0.01064940	1.01029825	1.00885534	1.00775456	0.99926347	0.99839830	1.00218391	0.99925619	0.99980921
0.01146860	0.97633016	1.00155997	1.00628710	1.00241661	1.00117707	1.00068307	1.00337088	0.99928325
0.01228780	1.00663829	0.99686068	0.99648839	1.00073040	0.99906534	1.00111222	1.00132251	1.00255513
0.01310700	1.02225637	0.98925900	1.00289202	0.99034858	0.99565119	1.00143731	1.00121522	0.99699813
0.01474540	0.98756331	0.99389917	0.99937153	0.99243516	0.99847758	1.00268865	1.00145745	1.00076008
0.01638380	0.98938519	1.00947702	1.00455213	0.99908358	0.99611181	0.99516952	0.99979919	1.00086665
0.01802220	0.99825507	1.00101233	1.00375891	0.99838865	1.00022340	0.99724120	0.99916828	1.00101638
0.01966060	1.00468957	1.00001037	1.00743461	0.99553359	1.00451112	0.99881542	0.99989933	1.00096428
0.02129900	1.00181794	0.98977709	1.00394332	0.99655330	1.00003672	1.00191700	0.99802572	1.00082862
0.02293740	1.00257361	1.01346684	0.99853414	0.99555129	1.00307202	1.00289655	1.00092244	0.99791461
0.02457580	1.00713849	1.00931787	1.00250852	1.00108528	0.99829978	0.99837935	0.99829620	1.00119805
0.02621420	1.01248133	0.99794871	0.99985588	1.00749302	1.00004578	1.00111997	0.99759096	1.00083756
0.02949100	1.00256670	1.00783408	1.00696063	1.00033951	0.99993330	0.99960274	1.00033963	1.00101650
0.03276780	1.00747204	0.99664193	0.99698806	1.00182259	0.99986106	1.00043464	1.00039124	1.00036967
0.03604460	0.99871588	0.99716532	0.99427068	0.99993414	1.00020134	1.00180233	1.00064254	1.00069940
0.03932140	1.00325096	0.99981123	1.00301135	0.99683630	0.99983025	1.00039530	1.00029862	0.99962604
0.04259820	0.99643236	1.00159168	1.00474751	0.99656075	1.00068319	1.00095069	1.00049555	1.00024879
0.04587500	0.99766272	1.00384855	0.99295217	0.99950743	0.99998909	1.00234210	1.00007963	0.99915475
0.04915180	0.99945134	0.99393588	1.00417387	1.00264788	0.99986279	1.00306273	0.99988276	0.99908847
0.05242860	0.99768317	1.00144684	1.00485885	1.00093138	0.99920195	0.99959075	1.00077951	0.99629778
0.05898220	1.00565147	0.99759501	1.00264573	0.99862063	1.00053883	0.99953425	1.00145876	1.00104046
0.06553581	1.00248134	0.99839211	1.00109625	1.00428629	0.99958599	0.99992692	1.00063717	1.00038958
0.07208940	1.00009358	1.00053287	1.00113618	1.00305998	0.99986154	0.99860519	0.99910837	0.99968749
0.07864300	1.00499749	1.00589728	0.99548239	1.00151789	0.99987745	1.00029218	1.00086010	1.00055373
0.08519660	1.00341570	0.99648923	0.99907553	0.99943405	1.00063634	1.00069606	1.00056183	1.00011408
0.09175020	1.00056577	1.00483632	0.99704272	0.99960774	0.99979603	0.99993670	1.00130224	0.99988264
0.09830380	0.99802005	1.00111675	1.00435281	1.00385797	0.99892634	0.99955070	0.99940079	1.00064576
0.10485740	1.00145459	1.00319719	1.00074172	1.00326443	0.99977618	0.99961030	0.99904346	0.99991107
0.11796460	1.00057328	1.00220287	1.00299478	1.00072515	1.00003016	1.00082695	1.00111651	1.00132537
0.13107181	0.99892521	0.99810946	1.00002062	1.00200355	0.99937516	1.00071311	1.00044906	0.99968016
0.14417900	1.00256431	0.99900144	1.00093424	0.99883628	1.00150633	0.99958003	0.99917489	1.00067711
0.15728620	0.99837327	1.00098455	1.00097382	1.00143933	1.00087047	0.99930668	1.00020361	0.99949861
0.17039341	1.00338984	1.00061524	1.00231910	0.99853748	0.99934477	1.00049007	1.00028026	0.99967802
0.18350060	0.99933988	0.99852484	1.00120580	1.00184548	1.00063229	1.00044084	1.00001204	1.00061858
0.19660780	0.99937701	1.00212526	1.00104201	1.00097752	0.99965590	1.00022566	1.00036407	0.99879038
0.20971501	0.99861258	0.99854332	1.00047350	0.99816692	0.99950302	0.99966627	1.00071549	1.00088596
0.23592941	1.00121677	1.00190222	1.00158834	0.99977893	1.00027573	0.99966276	0.99967015	1.00014687
0.26214382	1.00091159	0.99982494	1.00134158	0.99955112	1.00050306	0.99975675	0.99995744	0.99977565
0.28835821	1.00180161	0.99934143	1.00138187	1.00082195	1.00059116	1.00040007	0.99983054	0.99969739
0.31457260	1.00093949	0.99841279	0.99875236	1.00097251	0.99906880	1.00002873	1.00000477	0.99942589
0.34078699	0.99867529	1.00176573	0.99979538	0.99964547	0.99897659	1.00177300	1.00045133	1.00008070
0.36700141	1.00132132	1.00059426	0.99891025	1.00026095	0.99962193	1.00084865	0.99991578	1.00036895
0.39321581	0.99925029	0.99726623	1.00013781	1.00015497	1.00003970	1.00057054	1.00096047	0.99976343
0.41943020	0.99787927	0.99763584	0.99894392	0.99922937	1.00054908	1.00008118	1.00005150	0.99986875
0.47185901	0.99851936	1.00034809	1.00045121	1.00015414	0.99968898	0.99994934	1.00008023	0.99995500
0.52428782	0.99971944	0.99881750	0.99974114	0.99979991	0.99996608	1.00034058	1.00000548	0.99978602
0.57671660	0.99936050	1.00193095	0.99980980	1.00009036	0.99953383	1.00025439	1.00008750	0.99975026
0.62914538	0.99934798	1.00095224	1.00070322	0.99959069	0.99983865	0.99990225	0.99976277	0.99970967
0.68157423	0.99975175	1.00093913	0.99907267	1.00065708	1.00071299	1.00014365	1.00005472	0.99952060
0.73400301	1.00077438	0.99997467	1.00006199	0.99875987	0.99963808	1.00059521	1.00015545	1.00004339
0.78643179	1.00048041	0.99958462	0.99931258	0.99993855	0.99991608	1.00037301	0.99991405	0.99968225
0.83886063	0.99938041	1.00060546	1.00032246	0.99955064	0.99985409	1.00007629	1.00010133	1.00019836
0.94371825	1.00104380	1.00009489	0.99929106	0.99979216	1.00015807	1.00034893	0.99987715	0.99996585
1.04857588	0.99906433	0.99916238	0.99985319	1.00018871	0.99921918	0.99995691	1.00003850	1.00012207
1.15343344	0.99913281	0.99975449	0.99881107	1.00009072	0.99997568	0.99994856	1.00026560	0.99999857
1.25829101	0.99959862	1.00007319	0.99894285	0.99990535	1.00000882	0.99990523	1.00028372	0.99999589
1.36314869	0.99951744	0.99989003	0.99987984	1.00066316	1.00030339	0.99955857	0.99989080	0.99980909
1.46800625	0.99795669	1.00051951	0.99996120	1.00065494	0.99999094	1.00015044	0.99982804	0.99971819
1.57286382	0.99917716	0.99984622	0.99997199	1.00033271	1.00037074	0.99940306	0.99988687	1.00013733
1.67772150	0.99913144	0.99884504	0.99991673	1.00050879	1.00003386	1.00033569	0.99981397	1.00030756
1.88743675	1.00003517	0.99913907	1.00043547	1.00029850	0.99983126	0.99953204	0.99972969	1.00002849
2.09715199	1.00035655	0.99986160	0.99992996	1.00028753	1.00008929	0.99970686	0.99986106	1.00006711
2.30686712	0.99871069	0.99884194	1.00027525	1.00028002	1.00007486	0.99978799	0.99999255	0.99965727
2.51658225	0.99810177	1.00011790	0.99923271	0.99962568	0.99995118	1.00016022	0.99986851	0.99979144
2.72629738	0.99939233	0.99979633	0.99878854	1.00054812	0.99977559	0.99946386	0.99995464	1.00039423
2.93601274	1.00044918	1.00094092	1.00078940	0.99987495	1.00001812	0.99967575	0.99981672	1.00027180
3.14572787	1.00004244	0.99989641	1.00018680	1.00022078	0.99998081	0.99958366	0.99997628	1.00002348
3.35544300	0.99929178	1.00001550	0.99969870	0.99948090	0.99978101	0.99996430	0.99990970	0.99976844
3.77487350	1.00001013	1.00011492	1.00128531	1.00076437	1.00009799	0.99996972	1.00002086	0.99986315
4.19430399	1.00022578	0.99965006	0.99848264	1.00018144	1.00004125	0.99993575	1.00007677	0.99994111
4.61373425	1.00169456	0.99992335	0.99701464	0.99938190	1.00000024	0.99994832	1.00016069	0.99991101
5.03316450	1.00000000	1.00000000	1.00000000	1.00000000	1.00000000	1.00000000	1.00000000	1.00000000
5.45259476	0.00000000	0.00000000	0.00000000	0.00000000	0.00000000	0.00000000	0.00000000	0.00000000
5.87202549	0.00000000	0.00000000	0.00000000	0.00000000	0.00000000	0.00000000	0.00000000	0.00000000
6.29145575	0.00000000	0.00000000	0.00000000	0.00000000	0.00000000	0.00000000	0.00000000	0.00000000
6.71088600	0.00000000	0.00000000	0.00000000	0.00000000	0.00000000	0.00000000	0.00000000	0.00000000
7.54974699	0.00000000	0.00000000	0.00000000	0.00000000	0.00000000	0.00000000	0.00000000	0.00000000
8.38860798	0.00000000	0.00000000	0.00000000	0.00000000	0.00000000	0.00000000	0.00000000	0.00000000
9.22746849	0.00000000	0.00000000	0.00000000	0.00000000	0.00000000	0.00000000	0.00000000	0.00000000
10.06632900	0.00000000	0.00000000	0.00000000	0.00000000	0.00000000	0.00000000	0.00000000	0.00000000
10.90518951	0.00000000	0.00000000	0.00000000	0.00000000	0.00000000	0.00000000	0.00000000	0.00000000
11.74405098	0.00000000	0.00000000	0.00000000	0.00000000	0.00000000	0.00000000	0.00000000	0.00000000
12.58291149	0.00000000	0.00000000	0.00000000	0.00000000	0.00000000	0.00000000	0.00000000	0.00000000
13.42177200	0.00000000	0.00000000	0.00000000	0.00000000	0.00000000	0.00000000	0.00000000	0.00000000
15.09949398	0.00000000	0.00000000	0.00000000	0.00000000	0.00000000	0.00000000	0.00000000	0.00000000
16.77721596	0.00000000	0.00000000	0.00000000	0.00000000	0.00000000	0.00000000	0.00000000	0.00000000
18.45493698	0.00000000	0.00000000	0.00000000	0.00000000	0.00000000	0.00000000	0.00000000	0.00000000
20.13265800	0.00000000	0.00000000	0.00000000	0.00000000	0.00000000	0.00000000	0.00000000	0.00000000
21.81037903	0.00000000	0.00000000	0.00000000	0.00000000	0.00000000	0.00000000	0.00000000	0.00000000
23.48810196	0.00000000	0.00000000	0.00000000	0.00000000	0.00000000	0.00000000	0.00000000	0.00000000
25.16582298	0.00000000	0.00000000	0.00000000	0.00000000	0.00000000	0.00000000	0.00000000	0.00000000
26.84354401	0.00000000	0.00000000	0.00000000	0.00000000	0.00000000	0.00000000	0.00000000	0.00000000
30.19898796	0.00000000	0.00000000	0.00000000	0.00000000	0.00000000	0.00000000	0.00000000	0.00000000
33.55443192	0.00000000	0.00000000	0.00000000	0.00000000	0.00000000	0.00000000	0.00000000	0.00000000
36.90987396	0.00000000	0.00000000	0.00000000	0.00000000	0.00000000	0.00000000	0.00000000	0.00000000
40.26531601	0.00000000	0.00000000	0.00000000	0.00000000	0.00000000	0.00000000	0.00000000	0.00000000
43.62075806	0.00000000	0.00000000	0.00000000	0.00000000	0.00000000	0.00000000	0.00000000	0.00000000
46.97620392	0.00000000	0.00000000	0.00000000	0.00000000	0.00000000	0.00000000	0.00000000	0.00000000
50.33164597	0.00000000	0.00000000	0.00000000	0.00000000	0.00000000	0.00000000	0.00000000	0.00000000
53.68708801	0.00000000	0.00000000	0.00000000	0.00000000	0.00000000	0.00000000	0.00000000	0.00000000
60.39797592	0.00000000	0.00000000	0.00000000	0.00000000	0.00000000	0.00000000	0.00000000	0.00000000
67.10886383	0.00000000	0.00000000	0.00000000	0.00000000	0.00000000	0.00000000	0.00000000	0.00000000
73.81974792	0.00000000	0.00000000	0.00000000	0.00000000	0.00000000	0.00000000	0.00000000	0.00000000
80.53063202	0.00000000	0.00000000	0.00000000	0.00000000	0.00000000	0.00000000	0.00000000	0.00000000
87.24151611	0.00000000	0.00000000	0.00000000	0.00000000	0.00000000	0.00000000	0.00000000	0.00000000
93.95240784	0.00000000	0.00000000	0.00000000	0.00000000	0.00000000	0.00000000	0.00000000	0.00000000
100.66329193	0.00000000	0.00000000	0.00000000	0.00000000	0.00000000	0.00000000	0.00000000	0.00000000
107.37417603	0.00000000	0.00000000	0.00000000	0.00000000	0.00000000	0.00000000	0.00000000	0.00000000
120.79595184	0.00000000	0.00000000	0.00000000	0.00000000	0.00000000	0.00000000	0.00000000	0.00000000
134.21772766	0.00000000	0.00000000	0.00000000	0.00000000	0.00000000	0.00000000	0.00000000	0.00000000
147.63949585	0.00000000	0.00000000	0.00000000	0.00000000	0.00000000	0.00000000	0.00000000	0.00000000
161.06126404	0.00000000	0.00000000	0.00000000	0.00000000	0.00000000	0.00000000	0.00000000	0.00000000
174.48303223	0.00000000	0.00000000	0.00000000	0.00000000	0.00000000	0.00000000	0.00000000	0.00000000
187.90481567	0.00000000	0.00000000	0.00000000	0.00000000	0.00000000	0.00000000	0.00000000	0.00000000
201.32658386	0.00000000	0.00000000	0.00000000	0.00000000	0.00000000	0.00000000	0.00000000	0.00000000
214.74835205	0.00000000	0.00000000	0.00000000	0.00000000	0.00000000	0.00000000	0.00000000	0.00000000
241.59190369	0.00000000	0.00000000	0.00000000	0.00000000	0.00000000	0.00000000	0.00000000	0.00000000
268.43545532	0.00000000	0.00000000	0.00000000	0.00000000	0.00000000	0.00000000	0.00000000	0.00000000
295.27899170	0.00000000	0.00000000	0.00000000	0.00000000	0.00000000	0.00000000	0.00000000	0.00000000
322.12252808	0.00000000	0.00000000	0.00000000	0.00000000	0.00000000	0.00000000	0.00000000	0.00000000
348.96606445	0.00000000	0.00000000	0.00000000	0.00000000	0.00000000	0.00000000	0.00000000	0.00000000
375.80963135	0.00000000	0.00000000	0.00000000	0.00000000	0.00000000	0.00000000	0.00000000	0.00000000
402.65316772	0.00000000	0.00000000	0.00000000	0.00000000	0.00000000	0.00000000	0.00000000	0.00000000
429.49670410	0.00000000	0.00000000	0.00000000	0.00000000	0.00000000	0.00000000	0.00000000	0.00000000
483.18380737	0.00000000	0.00000000	0.00000000	0.00000000	0.00000000	0.00000000	0.00000000	0.00000000
536.87091064	0.00000000	0.00000000	0.00000000	0.00000000	0.00000000	0.00000000	0.00000000	0.00000000
590.55798340	0.00000000	0.00000000	0.00000000	0.00000000	0.00000000	0.00000000	0.00000000	0.00000000
644.24505615	0.00000000	0.00000000	0.00000000	0.00000000	0.00000000	0.00000000	0.00000000	0.00000000
697.93212891	0.00000000	0.00000000	0.00000000	0.00000000	0.00000000	0.00000000	0.00000000	0.00000000
751.61926270	0.00000000	0.00000000	0.00000000	0.00000000	0.00000000	0.00000000	0.00000000	0.00000000
805.30633545	0.00000000	0.00000000	0.00000000	0.00000000	0.00000000	0.00000000	0.00000000	0.00000000
858.99340820	0.00000000	0.00000000	0.00000000	0.00000000	0.00000000	0.00000000	0.00000000	0.00000000
966.36761475	0.00000000	0.00000000	0.00000000	0.00000000	0.00000000	0.00000000	0.00000000	0.00000000
1073.74182129	0.00000000	0.00000000	0.00000000	0.00000000	0.00000000	0.00000000	0.00000000	0.00000000
1181.11596680	0.00000000	0.00000000	0.00000000	0.00000000	0.00000000	0.00000000	0.00000000	0.00000000
1288.49011230	0.00000000	0.00000000	0.00000000	0.00000000	0.00000000	0.00000000	0.00000000	0.00000000
1395.86425781	0.00000000	0.00000000	0.00000000	0.00000000	0.00000000	0.00000000	0.00000000	0.00000000
1503.23852539	0.00000000	0.00000000	0.00000000	0.00000000	0.00000000	0.00000000	0.00000000	0.00000000
1610.61267090	0.00000000	0.00000000	0.00000000	0.00000000	0.00000000	0.00000000	0.00000000	0.00000000
1717.98681641	0.00000000	0.00000000	0.00000000	0.00000000	0.00000000	0.00000000	0.00000000	0.00000000
1932.73522949	0.00000000	0.00000000	0.00000000	0.00000000	0.00000000	0.00000000	0.00000000	0.00000000
2147.48364258	0.00000000	0.00000000	0.00000000	0.00000000	0.00000000	0.00000000	0.00000000	0.00000000
2362.23193359	0.00000000	0.00000000	0.00000000	0.00000000	0.00000000	0.00000000	0.00000000	0.00000000
2576.98022461	0.00000000	0.00000000	0.00000000	0.00000000	0.00000000	0.00000000	0.00000000	0.00000000
2791.72851562	0.00000000	0.00000000	0.00000000	0.00000000	0.00000000	0.00000000	0.00000000	0.00000000
3006.47705078	0.00000000	0.00000000	0.00000000	0.00000000	0.00000000	0.00000000	0.00000000	0.00000000
3221.22534180	0.00000000	0.00000000	0.00000000	0.00000000	0.00000000	0.00000000	0.00000000	0.00000000
3435.97363281	0.00000000	0.00000000	0.00000000	0.00000000	0.00000000	0.00000000	0.00000000	0.00000000
0	0	0	0	0	0	0	0	0
