%4/24/2015 8:15:02 PM
%Duration	ID1		ID2		ID3		ID4		ID5		ID6		ID7		ID8
3000.000000	4.587173	2.117157	11.758804	6.732941	12.931824	83.780289	91.476440	67.310333
%Tau		Tau1		Tau2		Tau3		Tau4		Tau5		Tau6		Tau7		Tau8
%		0.000003	0.000001	0.000005	0.000005	0.000013	0.000032	0.000032	0.000032
%Delaytime	D1		D2		D3		D4		D5		D6		D7		D8
0.00000000	4.88618803	34.49262619	5.80076122	10.29924583	5.50234270	1.60294378	1.80577719	2.22171736
0.00000020	2.37329149	7.95983648	2.44823003	1.81751394	1.79467094	1.54119933	1.50876164	1.52038050
0.00000040	1.11684299	1.98995912	1.72037792	1.66605449	1.41995943	1.47463107	1.48119545	1.46643150
0.00000060	0.69802690	1.98995912	1.56598496	1.51459491	1.40023780	1.45002985	1.47886586	1.46503019
0.00000080	1.95447528	1.32663941	1.23514307	2.34762216	1.43968105	1.43797040	1.49594915	1.46362901
0.00000100	1.39605379	0.00000000	1.36747980	1.13594627	1.24246454	1.45340645	1.50643206	1.46292830
0.00000120	1.11684299	1.32663941	1.36747980	1.59032476	1.26218617	1.46450114	1.47653639	1.48815119
0.00000140	2.23368597	2.65327883	1.30131149	1.51459491	1.02552629	1.44086468	1.47537160	1.46853340
0.00000160	2.23368597	1.32663941	1.45570433	1.89324367	1.38051617	1.43652320	1.45557058	1.43490291
0.00000180	1.11684299	1.32663941	1.56598496	1.89324367	1.71578431	1.45051217	1.48003066	1.48464811
0.00000200	0.97723764	1.32663941	1.61009729	1.43886518	1.59745443	1.41385138	1.46799481	1.48534870
0.00000220	1.95447528	1.98995912	1.67626560	1.66605449	1.45940280	1.49440861	1.47692466	1.52598560
0.00000240	1.67526448	3.97991824	1.45570433	1.59032476	1.55801105	1.47511351	1.44353461	1.44891560
0.00000260	1.53565919	0.66331971	1.41159213	0.98448670	1.36079443	1.48476112	1.47304213	1.46152711
0.00000280	0.83763224	0.66331971	1.65420949	1.43886518	1.32135117	1.42253423	1.46838295	1.50776911
0.00000300	1.39605379	0.00000000	1.45570433	1.36313546	1.30162954	1.41915762	1.46139443	1.41528511
0.00000340	1.95447528	1.32663941	1.54392886	1.17381108	1.21288204	1.47680187	1.44314635	1.47413850
0.00000380	1.46585643	1.65829921	1.53290081	1.32527053	1.54815018	1.45461237	1.43712842	1.46432960
0.00000420	1.74506724	0.33165985	1.42262018	1.59032476	1.18329954	1.42759919	1.45518231	1.49831045
0.00000460	1.39605379	1.98995912	1.46673238	1.70391929	1.46926355	1.48910248	1.46275330	1.47063529
0.00000500	1.67526448	0.99497956	1.38953602	1.13594627	1.46926355	1.42735803	1.40897989	1.39426601
0.00000540	1.25644839	0.99497956	1.24617112	1.09808135	1.39037693	1.45413005	1.42994571	1.41563535
0.00000580	1.32625103	1.65829921	1.44467628	0.98448670	1.32135117	1.42928755	1.43596363	1.45592201
0.00000620	1.67526448	0.66331971	1.54392886	1.59032476	1.31149030	1.38008499	1.44508767	1.45417035
0.00000700	1.29134977	1.16080952	1.41159213	1.47673011	1.41502905	1.42120767	1.44897020	1.42544425
0.00000780	1.53565919	0.66331971	1.29028344	1.41993272	1.39037693	1.42976987	1.43974912	1.42544425
0.00000860	1.11684299	0.99497956	1.33990967	1.49566257	1.45940280	1.41445446	1.42218053	1.39303982
0.00000940	1.71016586	1.16080952	1.35093772	1.34420300	1.35586405	1.40227437	1.38995540	1.39811945
0.00001020	1.53565919	0.49748978	1.20205891	1.24954081	1.36079443	1.38623524	1.40441787	1.41003025
0.00001100	1.71016586	1.82412922	1.39505005	1.17381108	1.33614242	1.40818346	1.40461206	1.37972784
0.00001180	1.39605379	1.32663941	1.34542370	1.41993272	1.39530742	1.38044667	1.34802377	1.38305581
0.00001260	1.18664575	0.82914960	1.35093772	1.09808135	1.39037693	1.34860969	1.36869836	1.37587428
0.00001420	1.18664575	1.16080952	1.32888162	1.41993272	1.36572492	1.36000597	1.36340833	1.35012591
0.00001580	1.46585643	0.91206461	1.31509650	1.30633819	1.28930342	1.32412899	1.32050610	1.34565938
0.00001740	1.27389908	0.66331971	1.28201234	1.41046655	1.33367717	1.31466234	1.31177032	1.29433775
0.00001900	1.15174437	2.40453386	1.27925539	1.29687190	1.23999929	1.31176805	1.29963744	1.29538870
0.00002060	1.16919506	0.82914960	1.26271319	1.32527053	1.29423392	1.28764915	1.28211737	1.27016580
0.00002220	1.20409632	1.57538426	1.24892819	1.24954081	1.19069517	1.27866483	1.27415812	1.25799227
0.00002380	1.01213896	0.82914960	1.26271319	1.23060846	1.16111267	1.25219429	1.26576209	1.23285699
0.00002540	1.15174437	1.49246931	1.20205891	1.22114217	1.15371704	1.23724055	1.25294960	1.23837447
0.00002860	1.23524702	1.28440952	1.24451196	1.11182892	1.21358526	1.21816921	1.21144474	1.20534992
0.00003180	1.15695679	1.24297702	1.20738292	1.18279672	1.16681421	1.20612395	1.18158662	1.17834258
0.00003500	1.19175243	1.32584214	1.13725019	1.09290409	1.18281484	1.16980755	1.16453779	1.17081380
0.00003820	1.01777399	1.07724679	1.12487388	1.16860318	1.11142743	1.15389466	1.14210498	1.14433169
0.00004140	1.09606433	1.03581417	1.09874594	1.12129128	1.16186082	1.13436520	1.13781250	1.12472188
0.00004460	1.02647293	1.32584214	1.14962649	1.19699025	1.06339800	1.11661398	1.11193597	1.10821974
0.00004780	1.06126857	0.87008393	1.01211143	1.18752789	1.11755264	1.11474538	1.10233235	1.10274827
0.00005100	1.08736539	1.03581417	1.12487388	1.17806554	1.13478363	1.09844077	1.09483862	1.09166861
0.00005740	1.01004839	0.93279332	1.09046519	1.09910774	1.07461107	1.07855821	1.07245576	1.08356333
0.00006380	0.98828012	1.11935198	1.04096115	1.05419803	1.04505157	1.06351733	1.06055212	1.05954194
0.00007020	1.07970691	1.28518188	1.03546059	0.98801517	1.07153189	1.05866444	1.04716027	1.04914510
0.00007660	1.06229234	1.20226693	1.03202283	1.09668851	1.03214598	1.04771638	1.04176223	1.03827214
0.00008300	1.11453617	0.97425079	1.04027355	1.07541645	1.01613414	1.03213274	1.03469026	1.03477168
0.00008940	1.09276795	1.24372447	1.02858508	1.09668851	1.04015183	1.03414142	1.03063869	1.02663338
0.00009580	1.09712160	0.87060714	1.02033436	1.03523612	1.03153014	1.03011739	1.02552354	1.02480066
0.00010220	1.03624177	1.05716574	1.04439890	0.94542110	1.01428664	1.02606320	1.01608241	1.01795304
0.00011500	0.97197080	0.97337276	1.00202787	1.04410732	1.01668727	1.01777673	1.01406252	1.01117373
0.00012780	0.95457536	0.92159766	1.04608810	1.00867379	0.99635351	1.01286960	1.00497496	1.00869155
0.00014060	1.11113441	1.08727813	1.03163087	1.01221716	0.97201461	1.01158428	1.01108468	1.00760913
0.00015340	0.99371511	0.88017750	0.98208988	1.03820169	0.98467171	1.00948083	1.00770152	1.00407112
0.00016620	0.99588954	1.01479292	0.99172837	1.02875280	1.01732981	1.01051676	1.00527704	1.01275826
0.00017900	0.97197080	0.90088755	0.98587644	1.08308411	0.97974217	1.00181901	1.00221550	1.00148571
0.00019180	1.00458729	0.83875740	0.99517065	0.91418445	0.99052548	0.99679208	0.99984562	1.00261807
0.00020460	1.02198267	1.17011833	1.01272643	0.97442138	0.99360645	0.99970412	1.00258315	0.99635255
0.00023020	0.91530955	1.11700022	1.00434780	1.03916132	1.01474094	0.99958342	0.99903631	1.00522089
0.00025580	1.05662811	0.99288911	0.99267048	1.03620744	1.01889658	0.99849898	1.00049794	1.00030529
0.00028140	1.00669241	0.97737521	1.02365375	0.99308139	1.01335573	1.00180447	1.00117421	1.00498521
0.00030700	0.95885819	0.96703261	0.99989992	0.97181374	0.99029464	1.00007153	1.00228107	1.00536251
0.00033260	1.04148090	1.01874554	1.01536381	1.03797984	1.00091481	1.00224376	1.00173223	1.00141966
0.00035820	1.02517378	0.92049092	0.97715211	0.99485373	0.99244946	0.99919921	1.00004375	1.00176358
0.00038380	0.98596883	0.99806041	1.02465856	0.98008454	1.00722539	1.00054491	1.00266206	1.00387943
0.00040940	1.04793155	0.98771781	0.99367607	1.01907516	1.01061153	0.99832839	1.00344253	1.00097072
0.00046060	1.01144528	1.09245563	0.99542195	1.00414264	0.99593967	0.99621475	1.00143325	1.00029016
0.00051180	0.96850908	0.92159766	0.99645537	0.97220647	1.00987267	0.99688655	1.00074780	1.00295568
0.00056300	0.97122657	0.96287310	1.00894225	0.99090677	1.00456226	0.99723202	1.00290394	1.00321424
0.00061420	0.98753142	1.05346596	0.99352735	0.98623258	0.98824167	0.99931836	1.00019312	1.00234830
0.00066540	0.99840134	0.96546143	1.00759196	1.02910030	1.01287651	1.00533402	1.00180781	0.99730581
0.00071660	1.00111878	0.98890531	1.02137101	0.98864496	1.01043928	0.99699318	1.00277412	0.99919456
0.00076780	0.98318350	0.97596157	1.00558031	0.96403772	1.00730884	0.99838567	0.99963814	0.99568367
0.00081900	1.00818431	1.04585803	1.01241171	1.00384748	1.00191975	0.99449271	1.00201011	1.00443554
0.00092140	0.98338449	0.95106441	0.99389535	0.98687321	0.98703271	0.99826318	0.99962628	1.00699401
0.00102380	0.99507850	1.02242672	0.99630386	1.00394928	0.98723823	0.99982619	1.00069976	1.00581050
0.00112620	0.99779803	0.99373233	0.98324794	0.98136044	0.99413341	1.00115693	1.00208497	1.00187051
0.00122860	1.01112378	0.99632692	0.99996644	1.00527811	1.00291574	1.00368834	0.99958235	1.00337350
0.00133100	1.00976396	0.97412628	0.99733800	0.99568152	1.00075865	1.00207198	0.99753869	0.99811381
0.00143340	0.99371874	1.02990186	1.01029241	1.02146661	1.00730681	0.99610770	0.99959183	1.00452995
0.00153580	1.02057183	1.02860475	0.99299741	0.98623258	1.01479173	1.00138998	1.00281715	1.00085104
0.00163820	1.00255513	1.01303947	1.00196040	0.99720848	0.99241287	1.00304163	1.00058544	1.00012267
0.00184300	0.99339211	0.96791857	1.00144672	1.00810635	1.00070393	1.00206876	1.00164139	1.00117433
0.00204780	1.00402391	1.03464925	1.00169921	1.00345290	0.99936795	1.00351644	1.00039923	0.99827915
0.00225260	0.99250585	0.97634089	1.00290537	1.00737345	0.99834090	0.99873233	1.00212693	0.99876380
0.00245740	0.99611825	1.02881837	1.00284672	1.00567424	0.99994659	0.99892765	1.00066984	0.99676377
0.00266220	0.99359554	1.03011417	1.00048733	0.99151361	0.99937463	1.00012863	0.99794155	0.99932569
0.00286700	0.98814446	0.98994619	1.00086904	0.98609716	1.00534010	1.00071228	1.00195301	1.00076795
0.00307180	0.99468577	1.01117384	0.98785603	1.00183272	1.00431335	0.99885255	0.99964261	1.00051105
0.00327660	1.01178694	0.96921432	0.99623889	1.01101589	1.00083876	1.00151825	0.99811858	1.00051677
0.00368620	1.00449324	0.98915923	0.99802828	0.99250084	0.99500972	1.00125873	0.99982822	0.99860668
0.00409580	1.01450861	1.00741267	0.99665016	1.00636744	1.00012231	1.00173569	1.00032020	1.00221205
0.00450540	0.99713814	0.97634548	0.99715072	0.99853575	0.99997777	1.00183773	1.00044262	0.99965996
0.00491500	1.01172042	0.98719281	1.00077736	1.00583613	1.00522447	1.00136900	1.00047386	0.99935299
0.00532460	0.99850297	1.00788736	0.99792635	0.99080157	1.00226736	1.00070071	1.00080371	1.00086498
0.00573420	1.00306785	0.98104912	1.00098205	1.00063682	1.00101221	1.00096655	1.00010788	1.00041139
0.00614380	1.01540172	1.00739193	0.99772996	1.00281608	1.00713301	0.99998176	0.99950200	1.00017166
0.00655340	1.00504518	1.00836217	0.99585938	0.99853146	0.99878103	1.00018620	1.00092638	0.99868834
0.00737260	1.00336814	1.00109899	1.00466275	1.00115895	0.99593747	1.00184548	1.00044084	1.00092125
0.00819180	1.00388014	0.99934036	1.00176585	1.00543976	1.00157642	1.00050151	1.00023425	1.00027478
0.00901100	1.00166810	1.01394618	1.00250936	0.99784452	0.99698442	1.00021434	0.99916333	1.00078702
0.00983020	1.00057721	0.99419504	0.99985224	1.00040555	0.99841744	1.00010717	1.00011790	1.00085604
0.01064940	1.00619996	1.00327229	1.00355530	0.99168396	0.99843186	0.99943084	1.00038588	0.99905056
0.01146860	1.00364387	1.02836227	0.99685866	0.99004084	0.99882704	1.00008023	1.00129771	0.99934494
0.01228780	1.00071514	0.99258888	1.00017798	1.00407469	0.99731374	1.00041807	1.00007880	1.00044394
0.01310700	1.00524604	0.99922556	0.99623609	0.99486518	0.99757481	0.99996006	0.99954909	1.00021100
0.01474540	1.00452948	0.99168569	0.99877882	0.99422759	0.99915940	1.00138819	1.00011766	1.00029111
0.01638380	0.99069977	1.01128471	1.00072420	1.00022948	0.99919009	0.99963647	0.99995941	1.00110734
0.01802220	1.00401747	1.00333107	1.00441456	1.00141799	0.99981076	0.99897081	0.99962908	0.99957222
0.01966060	1.00449204	0.99412650	1.00265002	0.99999803	1.00354373	0.99954468	1.00104570	1.00078428
0.02129900	0.99802315	1.00817978	1.00368118	0.99605376	0.99794763	1.00082588	1.00020683	1.00095487
0.02293740	1.00458169	1.00544083	1.00144374	1.00400257	0.99857026	1.00036561	1.00094020	1.00099540
0.02457580	0.99386770	0.99557561	1.00134408	0.99845970	1.00111496	1.00049591	1.00035691	0.99996668
0.02621420	0.99904656	0.98855388	1.00438154	0.99694842	0.99940366	0.99872345	1.00079083	1.00072205
0.02949100	0.99817717	0.99561518	1.00053704	1.00033140	0.99828577	1.00049162	1.00036621	1.00153708
0.03276780	1.00227463	1.00184917	0.99705327	1.00596750	1.00105453	0.99907368	1.00024271	1.00110292
0.03604460	1.00055504	1.00339723	1.00088143	0.99870038	1.00025606	1.00028491	0.99996918	1.00106013
0.03932140	1.00384188	1.00794768	1.00341856	0.99753612	1.00065970	0.99991816	1.00060654	1.00068212
0.04259820	0.99989378	0.97403550	0.99922186	1.00445390	1.00247037	0.99968868	0.99988967	1.00028026
0.04587500	0.99809867	1.00154328	1.00161695	0.99693233	0.99769300	1.00024652	1.00102866	1.00052023
0.04915180	1.00038469	1.00119674	1.00050318	1.00034130	0.99828136	0.99974769	1.00019073	1.00046110
0.05242860	1.00101328	0.98877138	0.99907231	1.00127923	0.99994814	0.99918133	1.00058496	1.00032842
0.05898220	1.00187850	1.00469458	0.99929708	1.00145221	0.99976546	1.00018370	1.00034761	1.00045526
0.06553581	1.00265312	1.00464308	1.00036597	1.00060225	0.99957693	1.00042021	1.00065231	1.00029159
0.07208940	0.99809778	1.00076914	1.00070918	1.00047541	0.99961001	0.99999052	1.00054288	1.00039911
0.07864300	1.00016010	0.99717420	0.99911141	1.00090492	0.99961919	0.99973422	1.00017679	1.00037479
0.08519660	1.00053990	1.00828969	0.99963856	1.00110114	1.00139678	0.99980056	1.00068676	1.00047135
0.09175020	0.99875849	1.00588918	0.99876314	0.99824262	0.99925566	1.00023615	1.00035763	1.00043857
0.09830380	1.00483835	0.99415177	0.99896222	1.00071776	0.99862939	0.99994540	1.00042844	1.00059962
0.10485740	0.99954075	1.00387740	0.99936706	0.99862599	1.00074863	1.00017273	1.00012636	1.00098646
0.11796460	0.99937636	1.00282371	0.99976403	0.99967831	1.00021636	0.99999565	1.00046098	1.00070679
0.13107181	0.99935347	1.00324476	1.00033700	0.99768662	1.00091314	1.00009859	1.00014997	1.00040042
0.14417900	1.00107479	1.00461459	1.00035596	0.99850720	1.00039375	0.99962252	1.00026071	1.00012481
0.15728620	1.00017953	1.00216305	1.00112164	0.99986249	0.99928457	0.99993891	1.00009549	1.00001395
0.17039341	0.99856663	0.99831218	0.99990886	1.00128651	1.00017226	1.00034225	1.00041163	1.00011635
0.18350060	1.00035751	0.99981356	1.00046086	0.99996918	1.00067389	1.00008094	1.00033188	1.00034940
0.19660780	0.99820948	0.99838656	1.00019836	1.00013876	0.99968964	0.99997455	1.00055313	1.00041747
0.20971501	1.00020134	1.00327408	1.00050974	1.00249636	0.99985737	1.00039959	1.00052059	1.00026608
0.23592941	0.99811763	1.00148833	1.00050473	0.99975085	0.99976480	0.99983555	0.99998105	1.00030339
0.26214382	0.99869263	1.00436425	1.00013483	0.99976122	1.00064540	1.00003183	1.00008953	1.00004900
0.28835821	0.99845761	1.00291193	0.99997628	0.99953300	1.00020218	0.99977481	1.00018859	1.00037885
0.31457260	0.99911880	1.00208414	1.00005436	0.99869663	0.99951291	1.00019240	0.99998701	1.00035810
0.34078699	1.00038970	1.00138009	1.00017357	0.99877751	0.99938977	1.00011289	1.00011396	1.00015748
0.36700141	1.00075650	0.99923205	1.00037003	0.99959397	0.99970067	1.00011671	1.00000095	1.00011384
0.39321581	0.99904764	1.00187612	0.99958605	0.99969429	1.00015986	0.99993503	0.99999720	1.00009573
0.41943020	1.00038624	1.00397301	0.99986237	1.00072646	1.00051355	0.99996006	0.99973619	1.00025856
0.47185901	1.00058806	0.99802858	1.00010026	1.00086117	0.99976534	1.00008583	1.00004804	1.00004458
0.52428782	0.99931222	1.00080693	0.99994338	1.00000179	0.99971431	1.00022793	1.00006044	1.00002992
0.57671660	0.99984580	1.00191665	0.99940300	1.00013793	1.00023115	1.00003409	1.00014842	1.00000668
0.62914538	1.00132680	0.99991131	0.99985868	1.00108457	0.99964058	0.99986452	1.00031769	1.00005043
0.68157423	1.00030398	1.00034881	0.99952912	0.99982095	0.99995226	1.00003123	1.00016177	1.00004733
0.73400301	1.00049257	1.00094986	1.00035775	0.99959844	1.00024271	1.00008440	1.00033152	0.99989349
0.78643179	0.99991876	0.99877822	0.99994767	0.99898958	0.99942416	0.99986917	1.00009143	1.00008214
0.83886063	0.99919957	1.00112665	0.99993157	0.99982041	1.00050628	1.00009203	1.00009573	1.00002933
0.94371825	0.99996805	0.99910474	1.00018489	1.00015891	1.00007844	0.99985617	1.00015008	0.99984741
1.04857588	1.00011599	0.99831927	1.00021517	1.00012064	1.00000465	0.99985707	0.99980420	0.99970549
1.15343344	0.99917448	1.00038743	0.99995780	1.00005269	1.00018620	0.99995410	0.99983984	0.99982935
1.25829101	1.00018287	1.00031722	1.00011659	0.99972624	1.00037646	0.99992806	0.99978918	0.99972451
1.36314869	1.00068116	0.99905276	1.00002527	0.99970144	0.99987996	0.99997592	0.99993765	0.99971598
1.46800625	1.00023234	0.99885201	1.00012696	0.99979413	0.99975282	0.99983698	1.00007486	0.99980503
1.57286382	0.99911088	0.99726731	0.99969918	1.00079143	0.99989343	1.00008714	1.00009274	0.99977154
1.67772150	0.99927521	0.99969620	0.99992681	1.00046182	1.00022256	0.99990207	0.99998337	0.99989355
1.88743675	1.00076342	0.99989974	0.99978322	0.99949735	0.99972773	0.99996042	0.99980551	0.99978298
2.09715199	0.99999696	0.99946636	0.99960810	1.00002599	1.00020504	1.00013053	0.99996102	0.99996692
2.30686712	0.99945623	1.00017345	0.99948835	0.99959171	1.00020206	0.99999058	0.99992782	1.00018430
2.51658225	1.00002754	1.00009370	1.00005054	0.99968541	1.00001979	1.00001085	0.99976909	1.00028563
2.72629738	1.00001407	0.99951881	1.00037241	1.00026071	0.99985439	0.99998420	0.99981910	1.00035417
2.93601274	0.99933404	0.99957472	1.00008142	0.99959391	1.00002408	0.99981284	1.00007629	1.00051057
3.14572787	0.99957323	1.00090873	0.99946302	0.99981517	1.00014067	0.99994081	1.00003016	1.00030196
3.35544300	1.00064242	1.00103676	0.99934918	1.00017345	1.00029778	0.99991345	0.99983096	0.99989611
3.77487350	0.99992043	0.99942100	1.00007057	0.99969882	0.99976784	1.00011015	1.00037467	0.99995959
4.19430399	1.00052881	0.99805641	1.00041330	1.00002837	0.99984843	1.00009775	0.99990427	0.99984699
4.61373425	0.99984562	1.00220037	0.99965250	1.00005269	1.00034904	0.99998689	1.00022864	1.00015903
5.03316450	1.00000000	1.00000000	1.00000000	1.00000000	1.00000000	1.00000000	1.00000000	1.00000000
5.45259476	0.00000000	0.00000000	0.00000000	0.00000000	0.00000000	0.00000000	0.00000000	0.00000000
5.87202549	0.00000000	0.00000000	0.00000000	0.00000000	0.00000000	0.00000000	0.00000000	0.00000000
6.29145575	0.00000000	0.00000000	0.00000000	0.00000000	0.00000000	0.00000000	0.00000000	0.00000000
6.71088600	0.00000000	0.00000000	0.00000000	0.00000000	0.00000000	0.00000000	0.00000000	0.00000000
7.54974699	0.00000000	0.00000000	0.00000000	0.00000000	0.00000000	0.00000000	0.00000000	0.00000000
8.38860798	0.00000000	0.00000000	0.00000000	0.00000000	0.00000000	0.00000000	0.00000000	0.00000000
9.22746849	0.00000000	0.00000000	0.00000000	0.00000000	0.00000000	0.00000000	0.00000000	0.00000000
10.06632900	0.00000000	0.00000000	0.00000000	0.00000000	0.00000000	0.00000000	0.00000000	0.00000000
10.90518951	0.00000000	0.00000000	0.00000000	0.00000000	0.00000000	0.00000000	0.00000000	0.00000000
11.74405098	0.00000000	0.00000000	0.00000000	0.00000000	0.00000000	0.00000000	0.00000000	0.00000000
12.58291149	0.00000000	0.00000000	0.00000000	0.00000000	0.00000000	0.00000000	0.00000000	0.00000000
13.42177200	0.00000000	0.00000000	0.00000000	0.00000000	0.00000000	0.00000000	0.00000000	0.00000000
15.09949398	0.00000000	0.00000000	0.00000000	0.00000000	0.00000000	0.00000000	0.00000000	0.00000000
16.77721596	0.00000000	0.00000000	0.00000000	0.00000000	0.00000000	0.00000000	0.00000000	0.00000000
18.45493698	0.00000000	0.00000000	0.00000000	0.00000000	0.00000000	0.00000000	0.00000000	0.00000000
20.13265800	0.00000000	0.00000000	0.00000000	0.00000000	0.00000000	0.00000000	0.00000000	0.00000000
21.81037903	0.00000000	0.00000000	0.00000000	0.00000000	0.00000000	0.00000000	0.00000000	0.00000000
23.48810196	0.00000000	0.00000000	0.00000000	0.00000000	0.00000000	0.00000000	0.00000000	0.00000000
25.16582298	0.00000000	0.00000000	0.00000000	0.00000000	0.00000000	0.00000000	0.00000000	0.00000000
26.84354401	0.00000000	0.00000000	0.00000000	0.00000000	0.00000000	0.00000000	0.00000000	0.00000000
30.19898796	0.00000000	0.00000000	0.00000000	0.00000000	0.00000000	0.00000000	0.00000000	0.00000000
33.55443192	0.00000000	0.00000000	0.00000000	0.00000000	0.00000000	0.00000000	0.00000000	0.00000000
36.90987396	0.00000000	0.00000000	0.00000000	0.00000000	0.00000000	0.00000000	0.00000000	0.00000000
40.26531601	0.00000000	0.00000000	0.00000000	0.00000000	0.00000000	0.00000000	0.00000000	0.00000000
43.62075806	0.00000000	0.00000000	0.00000000	0.00000000	0.00000000	0.00000000	0.00000000	0.00000000
46.97620392	0.00000000	0.00000000	0.00000000	0.00000000	0.00000000	0.00000000	0.00000000	0.00000000
50.33164597	0.00000000	0.00000000	0.00000000	0.00000000	0.00000000	0.00000000	0.00000000	0.00000000
53.68708801	0.00000000	0.00000000	0.00000000	0.00000000	0.00000000	0.00000000	0.00000000	0.00000000
60.39797592	0.00000000	0.00000000	0.00000000	0.00000000	0.00000000	0.00000000	0.00000000	0.00000000
67.10886383	0.00000000	0.00000000	0.00000000	0.00000000	0.00000000	0.00000000	0.00000000	0.00000000
73.81974792	0.00000000	0.00000000	0.00000000	0.00000000	0.00000000	0.00000000	0.00000000	0.00000000
80.53063202	0.00000000	0.00000000	0.00000000	0.00000000	0.00000000	0.00000000	0.00000000	0.00000000
87.24151611	0.00000000	0.00000000	0.00000000	0.00000000	0.00000000	0.00000000	0.00000000	0.00000000
93.95240784	0.00000000	0.00000000	0.00000000	0.00000000	0.00000000	0.00000000	0.00000000	0.00000000
100.66329193	0.00000000	0.00000000	0.00000000	0.00000000	0.00000000	0.00000000	0.00000000	0.00000000
107.37417603	0.00000000	0.00000000	0.00000000	0.00000000	0.00000000	0.00000000	0.00000000	0.00000000
120.79595184	0.00000000	0.00000000	0.00000000	0.00000000	0.00000000	0.00000000	0.00000000	0.00000000
134.21772766	0.00000000	0.00000000	0.00000000	0.00000000	0.00000000	0.00000000	0.00000000	0.00000000
147.63949585	0.00000000	0.00000000	0.00000000	0.00000000	0.00000000	0.00000000	0.00000000	0.00000000
161.06126404	0.00000000	0.00000000	0.00000000	0.00000000	0.00000000	0.00000000	0.00000000	0.00000000
174.48303223	0.00000000	0.00000000	0.00000000	0.00000000	0.00000000	0.00000000	0.00000000	0.00000000
187.90481567	0.00000000	0.00000000	0.00000000	0.00000000	0.00000000	0.00000000	0.00000000	0.00000000
201.32658386	0.00000000	0.00000000	0.00000000	0.00000000	0.00000000	0.00000000	0.00000000	0.00000000
214.74835205	0.00000000	0.00000000	0.00000000	0.00000000	0.00000000	0.00000000	0.00000000	0.00000000
241.59190369	0.00000000	0.00000000	0.00000000	0.00000000	0.00000000	0.00000000	0.00000000	0.00000000
268.43545532	0.00000000	0.00000000	0.00000000	0.00000000	0.00000000	0.00000000	0.00000000	0.00000000
295.27899170	0.00000000	0.00000000	0.00000000	0.00000000	0.00000000	0.00000000	0.00000000	0.00000000
322.12252808	0.00000000	0.00000000	0.00000000	0.00000000	0.00000000	0.00000000	0.00000000	0.00000000
348.96606445	0.00000000	0.00000000	0.00000000	0.00000000	0.00000000	0.00000000	0.00000000	0.00000000
375.80963135	0.00000000	0.00000000	0.00000000	0.00000000	0.00000000	0.00000000	0.00000000	0.00000000
402.65316772	0.00000000	0.00000000	0.00000000	0.00000000	0.00000000	0.00000000	0.00000000	0.00000000
429.49670410	0.00000000	0.00000000	0.00000000	0.00000000	0.00000000	0.00000000	0.00000000	0.00000000
483.18380737	0.00000000	0.00000000	0.00000000	0.00000000	0.00000000	0.00000000	0.00000000	0.00000000
536.87091064	0.00000000	0.00000000	0.00000000	0.00000000	0.00000000	0.00000000	0.00000000	0.00000000
590.55798340	0.00000000	0.00000000	0.00000000	0.00000000	0.00000000	0.00000000	0.00000000	0.00000000
644.24505615	0.00000000	0.00000000	0.00000000	0.00000000	0.00000000	0.00000000	0.00000000	0.00000000
697.93212891	0.00000000	0.00000000	0.00000000	0.00000000	0.00000000	0.00000000	0.00000000	0.00000000
751.61926270	0.00000000	0.00000000	0.00000000	0.00000000	0.00000000	0.00000000	0.00000000	0.00000000
805.30633545	0.00000000	0.00000000	0.00000000	0.00000000	0.00000000	0.00000000	0.00000000	0.00000000
858.99340820	0.00000000	0.00000000	0.00000000	0.00000000	0.00000000	0.00000000	0.00000000	0.00000000
966.36761475	0.00000000	0.00000000	0.00000000	0.00000000	0.00000000	0.00000000	0.00000000	0.00000000
1073.74182129	0.00000000	0.00000000	0.00000000	0.00000000	0.00000000	0.00000000	0.00000000	0.00000000
1181.11596680	0.00000000	0.00000000	0.00000000	0.00000000	0.00000000	0.00000000	0.00000000	0.00000000
1288.49011230	0.00000000	0.00000000	0.00000000	0.00000000	0.00000000	0.00000000	0.00000000	0.00000000
1395.86425781	0.00000000	0.00000000	0.00000000	0.00000000	0.00000000	0.00000000	0.00000000	0.00000000
1503.23852539	0.00000000	0.00000000	0.00000000	0.00000000	0.00000000	0.00000000	0.00000000	0.00000000
1610.61267090	0.00000000	0.00000000	0.00000000	0.00000000	0.00000000	0.00000000	0.00000000	0.00000000
1717.98681641	0.00000000	0.00000000	0.00000000	0.00000000	0.00000000	0.00000000	0.00000000	0.00000000
1932.73522949	0.00000000	0.00000000	0.00000000	0.00000000	0.00000000	0.00000000	0.00000000	0.00000000
2147.48364258	0.00000000	0.00000000	0.00000000	0.00000000	0.00000000	0.00000000	0.00000000	0.00000000
2362.23193359	0.00000000	0.00000000	0.00000000	0.00000000	0.00000000	0.00000000	0.00000000	0.00000000
2576.98022461	0.00000000	0.00000000	0.00000000	0.00000000	0.00000000	0.00000000	0.00000000	0.00000000
2791.72851562	0.00000000	0.00000000	0.00000000	0.00000000	0.00000000	0.00000000	0.00000000	0.00000000
3006.47705078	0.00000000	0.00000000	0.00000000	0.00000000	0.00000000	0.00000000	0.00000000	0.00000000
3221.22534180	0.00000000	0.00000000	0.00000000	0.00000000	0.00000000	0.00000000	0.00000000	0.00000000
3435.97363281	0.00000000	0.00000000	0.00000000	0.00000000	0.00000000	0.00000000	0.00000000	0.00000000
0	0	0	0	0	0	0	0	0
