%4/24/2015 8:15:17 PM
%Duration	ID1		ID2		ID3		ID4		ID5		ID6		ID7		ID8
3000.000000	5.025864	2.222061	11.854172	6.513596	13.399124	87.289810	93.069077	70.009232
%Tau		Tau1		Tau2		Tau3		Tau4		Tau5		Tau6		Tau7		Tau8
%		0.000003	0.000001	0.000003	0.000002	0.000013	0.000038	0.000035	0.000035
%Delaytime	D1		D2		D3		D4		D5		D6		D7		D8
0.00000000	4.34410048	38.87539291	6.35804033	10.21901226	5.16898394	1.61180258	1.85986960	2.25966716
0.00000020	2.99593139	4.94777727	2.37307143	2.55475307	1.89060116	1.49757671	1.53689313	1.50345206
0.00000040	1.94735539	1.41365063	1.83577228	2.12896085	1.62913501	1.49008644	1.44957936	1.47168422
0.00000060	1.64776230	0.00000000	1.49996030	0.85158437	1.42800725	1.50132179	1.46653342	1.44820356
0.00000080	1.19837260	2.82730126	1.25369811	1.61801028	1.79003727	1.43671858	1.45381784	1.48204327
0.00000100	1.94735539	1.41365063	1.43279791	1.36253500	1.60902226	1.46246624	1.43516827	1.52071726
0.00000120	1.79755890	1.41365063	1.29847312	1.10705972	1.76992452	1.46527505	1.48391140	1.47859025
0.00000140	1.79755890	1.41365063	1.27608562	1.19221818	1.32744336	1.46761584	1.43643987	1.43577266
0.00000160	1.79755890	0.70682532	1.47757280	1.61801028	1.42800725	1.46433878	1.47331512	1.53383887
0.00000180	2.09715199	0.70682532	1.20892322	1.36253500	1.89060116	1.45216715	1.51061428	1.40745771
0.00000200	1.04857600	0.70682532	1.27608562	2.12896085	1.36766899	1.44795394	1.46822882	1.46754050
0.00000220	1.04857600	0.00000000	1.70144749	1.53285193	1.56879675	1.45029461	1.51697206	1.43715382
0.00000240	0.29959315	2.12047601	1.45518529	1.44769347	1.34755611	1.47042465	1.47543442	1.44544113
0.00000260	1.34816909	0.00000000	1.61189759	1.02190125	0.84473670	1.44327259	1.50679958	1.43439138
0.00000280	1.19837260	2.82730126	1.38802290	1.61801028	1.34755611	1.49102271	1.44067836	1.46961236
0.00000300	1.94735539	1.41365063	1.65667248	1.02190125	1.30733061	1.44093192	1.46314263	1.48135269
0.00000340	1.42306745	1.41365063	1.37682915	0.93674284	1.43806362	1.41237545	1.42626739	1.46512341
0.00000380	1.12347424	1.41365063	1.42160416	1.44769347	1.43806362	1.44350660	1.42923439	1.46477807
0.00000420	0.97367769	0.70682532	1.38802290	1.31995583	1.34755611	1.43671858	1.44322145	1.43922567
0.00000460	2.32184696	1.76706326	1.45518529	1.02190125	1.50845838	1.44725180	1.39405453	1.48238862
0.00000500	1.72266054	2.47388864	1.34324801	1.70316875	1.28721786	1.41775894	1.41969764	1.39226437
0.00000540	1.79755890	0.70682532	1.42160416	1.44769347	1.43806362	1.44116592	1.47755361	1.42817593
0.00000580	1.79755890	0.70682532	1.16414821	1.66058958	1.60902226	1.43601644	1.42923439	1.41678095
0.00000620	1.87245715	1.06023800	1.35444176	1.57543111	1.44812000	1.41307759	1.37519300	1.44993007
0.00000700	1.16092348	1.41365063	1.21452010	1.08577013	1.52857113	1.42899430	1.41164446	1.43870771
0.00000780	1.57286406	1.41365063	1.37123227	1.25608695	1.44812000	1.41377985	1.41238618	1.41764414
0.00000860	1.34816909	0.35341266	1.41041040	1.25608695	1.37269711	1.38241446	1.39617372	1.40918422
0.00000940	1.31071997	1.41365063	1.38242602	1.57543111	1.32744336	1.40429997	1.40846550	1.40521324
0.00001020	1.53541481	1.06023800	1.36003864	1.23479736	1.41292262	1.39119208	1.37042463	1.41367316
0.00001100	1.46051657	0.53011900	1.27048874	1.46898305	1.41795087	1.37445617	1.37498105	1.37482655
0.00001180	1.38561833	1.06023800	1.31526363	1.42640388	1.57885313	1.37270057	1.37264991	1.36705720
0.00001260	1.08602512	0.88353163	1.33765113	1.34124541	1.32744336	1.33864355	1.35368240	1.35790658
0.00001420	1.29199541	1.06023800	1.29847312	1.42640388	1.28973186	1.35526240	1.34319210	1.34832442
0.00001580	1.44179201	1.59035695	1.36283708	1.12834930	1.35761249	1.34080863	1.34123170	1.33416700
0.00001740	0.99240232	1.50200379	1.30966675	1.13899410	1.31235874	1.32091272	1.31791973	1.33848333
0.00001900	1.42306745	0.97188485	1.27608562	1.31995583	1.26961911	1.31962538	1.28342867	1.30602479
0.00002060	1.44179201	1.50200379	1.29287624	1.34124541	1.35258436	1.29381919	1.28999841	1.29074502
0.00002220	1.19837260	0.88353163	1.29847312	1.18157339	1.26207685	1.29112744	1.26583874	1.26407039
0.00002380	1.36689377	1.06023800	1.22571385	1.13899410	1.33247161	1.25601697	1.25677896	1.24982655
0.00002540	0.99240232	1.32529747	1.16414821	1.29866624	1.21933722	1.25660217	1.22928143	1.24430168
0.00002860	1.25035870	1.14290941	1.23209739	1.21185291	1.22526968	1.22827411	1.22540927	1.22980416
0.00003180	1.33496940	0.92311919	1.14678764	1.22257721	1.27176702	1.20726717	1.21061516	1.21247506
0.00003500	1.18455029	1.27478361	1.17475796	1.20649064	1.23280978	1.19317472	1.18427312	1.18460166
0.00003820	1.25975990	0.79124498	1.15238166	1.13678229	1.14358497	1.17656255	1.17522633	1.16709971
0.00004140	0.94011933	1.45061588	1.10623050	1.06171179	1.14609838	1.14916861	1.14976239	1.15681458
0.00004460	1.09053838	0.92311919	1.15098310	1.23330164	1.02671313	1.13970518	1.14172673	1.13646042
0.00004780	1.06233478	0.96707726	1.09364378	1.12605798	1.11216784	1.13496339	1.12193036	1.12492216
0.00005100	1.16574800	0.74728698	1.07126749	1.06707394	1.05813026	1.11697412	1.10905206	1.11277878
0.00005740	1.12440813	0.83701575	1.08483136	1.14433074	1.11055517	1.09472978	1.08778203	1.09722579
0.00006380	1.00679219	1.25552368	1.09043407	1.07465243	1.10992634	1.08637035	1.07977796	1.08177543
0.00007020	1.01149690	1.29957712	1.09953856	1.02641368	1.08414340	1.06554723	1.06158936	1.07312453
0.00007660	1.13381743	0.90309596	1.06101966	1.01033413	1.02188683	1.05687582	1.05072272	1.05701005
0.00008300	1.03502011	0.88106924	1.05961895	1.00765419	1.06842208	1.04905391	1.05052328	1.04528058
0.00008940	1.09147573	1.10133660	1.04000938	1.05321300	1.00050581	1.04025066	1.03918195	1.04592359
0.00009580	1.07265711	0.88106924	1.06382108	1.01033413	1.02817535	1.03868330	1.03353131	1.03905439
0.00010220	0.92210877	1.05728304	1.02039981	1.06125283	1.03823709	1.02537918	1.03056240	1.02644444
0.00011500	1.11089575	1.03686225	1.00394177	1.04060054	0.99181372	1.01891875	1.01889956	1.02191854
0.00012780	1.02399695	1.02583182	1.00289118	0.98696136	1.01103246	1.00952935	1.01764238	1.01664317
0.00014060	0.93474954	0.92655778	0.96367198	1.02182686	1.03434706	1.00625551	1.01873958	1.00933290
0.00015340	0.97702461	0.83831418	0.99063522	0.96014178	1.01796377	1.00548315	1.00703847	1.00449526
0.00016620	1.03104281	1.02583182	1.02915406	1.00305307	0.99559444	1.00475812	1.01377726	1.00976479
0.00017900	1.01225388	1.04789269	1.01374650	0.96416467	0.95240605	1.00167465	1.00681543	1.00433922
0.00019180	0.93474954	1.13613629	1.03160524	1.01378095	1.01604676	1.00193834	1.00640357	1.00035477
0.00020460	1.01225388	1.29056263	1.03615749	1.05803335	1.02297795	1.00669563	1.00640249	1.00617981
0.00023020	0.92993736	1.09991622	0.98860621	1.03434169	0.99588054	1.00508249	1.00722861	1.00283778
0.00025580	0.96851796	1.17177010	0.98790634	0.97940904	1.01148307	1.00259602	1.00416708	1.00227082
0.00028140	1.02831864	1.03911686	1.00295413	0.99749660	1.01431990	0.99938101	1.00129271	1.00224435
0.00030700	0.99435371	1.05017126	0.99857974	1.01022494	0.98626685	0.99732667	1.00208330	1.00251007
0.00033260	1.00255215	1.05569851	0.96218503	0.96266127	1.00911903	1.00014734	1.00323641	0.99969190
0.00035820	0.98388314	1.07228017	0.97688293	1.01223469	1.01681483	0.98888367	0.99924862	0.99839509
0.00038380	0.95460093	0.95068139	0.99228066	1.03635144	0.99821842	0.99596047	1.00010788	1.00365996
0.00040940	0.98271185	0.93962693	0.99088091	1.03501165	1.00026715	0.99379236	1.00281513	1.00039542
0.00046060	0.99089164	0.99965030	1.00287104	0.98996884	1.00436497	0.99796730	0.99936283	0.99904108
0.00051180	1.02663636	0.87262291	1.01240635	1.01271141	0.99017906	1.00137615	0.99761844	1.00190210
0.00056300	0.98854774	1.01621914	0.99234599	0.99933344	0.99411964	1.00168216	0.99656069	1.00183296
0.00061420	1.00905704	0.94442099	1.00097871	0.96354741	0.99545938	1.00211060	0.99915117	0.99610072
0.00066540	1.00671315	0.94718248	1.00727689	0.99264443	1.01579261	1.00033045	0.99676073	1.00073290
0.00071660	1.02773488	0.95270538	1.00771427	1.00736022	1.01035464	0.99760729	0.99862933	1.00091040
0.00076780	0.97968799	0.98047215	0.99077141	1.00635684	0.99333149	0.99970913	0.99848521	1.00011528
0.00081900	1.00136769	0.99151975	1.00499833	1.00841796	0.99049431	1.00128508	0.99718606	1.00355601
0.00092140	1.01197958	1.01685011	1.01997471	1.00216067	1.00882542	1.00236583	0.99954993	1.00023007
0.00102380	0.97768009	1.04310036	1.00192559	0.96458584	0.99054271	1.00173175	1.00248384	1.00090587
0.00112620	1.01696324	1.07349527	1.01070976	1.00833964	0.99363995	0.99990159	1.00205708	0.99693167
0.00122860	0.99526954	0.96864486	1.00548136	1.00004363	1.00462568	0.99604976	1.00397801	1.00053716
0.00133100	0.99006349	1.04204226	1.00486958	0.98473203	1.00265694	1.00045788	1.00244784	0.99961233
0.00143340	0.97701019	0.96603119	1.01420593	1.02320111	0.99609447	1.00171733	1.00134897	0.99972105
0.00153580	0.97642374	1.00196373	0.99382943	0.99018341	0.99768269	0.99984336	1.00189435	1.00523984
0.00163820	0.99306631	1.06830060	1.00682425	0.99770004	0.99629134	0.99868548	0.99934393	1.00118172
0.00184300	0.98520321	0.96750331	1.00248206	0.99924147	0.99667984	1.00090659	0.99948281	0.99830502
0.00204780	1.00530028	1.01100993	1.01094174	1.01353061	1.00135112	1.00238872	1.00112724	1.00186646
0.00225260	0.99231446	0.97026563	0.99861926	0.99598253	0.98750073	1.00081861	1.00130057	1.00029588
0.00245740	1.01820362	0.99443597	0.99668610	1.00826621	0.99734229	1.00076199	1.00139189	0.99731982
0.00266220	1.00089371	1.01584399	1.01088226	0.99528420	0.99143106	1.00138652	1.00077581	1.00102222
0.00286700	0.99854660	1.02136862	1.00265098	1.00402939	0.99790013	1.00270009	1.00053120	0.99982172
0.00307180	1.00353110	1.00287855	0.99726468	0.99843007	0.99777532	0.99980092	1.00044179	1.00061727
0.00327660	1.00330627	1.01116681	1.00710237	1.00893092	1.00515008	1.00070047	1.00123632	0.99909782
0.00368620	1.00265241	1.00696445	1.00867760	0.99518263	0.99999666	1.00022173	1.00035799	1.00063264
0.00409580	0.99524599	1.01627862	0.99433780	0.99878043	0.99807811	1.00125325	1.00018585	1.00190401
0.00450540	1.00595319	0.97637171	1.00993252	0.99419200	1.00826168	1.00122011	1.00176537	1.00019574
0.00491500	1.00617468	1.00213492	1.00429463	0.99537367	0.99662459	0.99904948	1.00174713	0.99944967
0.00532460	1.00617325	0.97350246	1.00232756	1.01087284	0.99456859	1.00107956	1.00052965	0.99965352
0.00573420	1.00155377	1.00765443	0.99545425	0.99554664	1.00245631	1.00066757	1.00091302	1.00051165
0.00614380	1.01805687	1.02421284	1.00230134	0.98451936	0.99971467	0.99929696	1.00186515	1.00150573
0.00655340	0.99605697	0.98714805	1.00077510	1.00349534	0.98911864	1.00142002	1.00118709	0.99629557
0.00737260	0.99206138	1.00087547	1.00054777	0.99548960	0.99458897	1.00139403	1.00102365	1.00117075
0.00819180	0.99546558	0.98952264	1.00010931	0.99589819	0.99862993	0.99937719	1.00046039	1.00030494
0.00901100	0.99711972	0.99849814	0.99586427	0.99909204	0.99898893	1.00071502	1.00216341	0.99933559
0.00983020	0.99837041	0.99989325	1.00346518	0.99055421	1.00357270	0.99883127	1.00081468	1.00055993
0.01064940	0.99733949	0.99593228	0.99852943	0.99388808	1.00113630	0.99994493	1.00131464	1.00050175
0.01146860	1.00499046	0.99384755	0.99599981	0.99699014	0.99897557	0.99923551	0.99964356	1.00188911
0.01228780	1.01440275	1.01398504	1.00235522	1.01419985	0.99627542	0.99988830	1.00106442	1.00319386
0.01310700	0.99531490	1.00349319	1.00147605	0.99959493	0.99830180	0.99929136	1.00040793	0.99911654
0.01474540	1.00462568	1.00523198	0.99429572	0.99763912	0.99816531	0.99854362	1.00010598	1.00127804
0.01638380	1.00015581	0.99460465	0.99466991	1.00504613	1.00037384	1.00010598	1.00023210	1.00076807
0.01802220	0.99428701	0.99978995	1.00046360	1.00502741	1.00083911	0.99931288	1.00082731	0.99918538
0.01966060	0.99202478	1.01414239	0.99979413	1.00122309	1.00139129	1.00033009	0.99927020	0.99980301
0.02129900	1.00695252	0.99651730	0.99918473	1.00569904	0.99614662	1.00070035	1.00012529	1.00123560
0.02293740	1.00189877	0.98413539	0.99936599	0.99824750	1.00236166	1.00039518	1.00132358	1.00223196
0.02457580	0.99519086	0.98762769	1.00049245	0.99931675	1.00046456	1.00010920	0.99980432	1.00047255
0.02621420	0.99729121	0.98648864	0.99881709	0.99234796	1.00176489	1.00067830	1.00116313	0.99987173
0.02949100	0.99574268	0.99696308	1.00096357	1.00286841	0.99875253	1.00059450	0.99987209	0.99994761
0.03276780	1.00012982	1.00127184	0.99986631	1.00226796	1.00052571	1.00067139	1.00070310	1.00079203
0.03604460	0.99969441	1.00427139	0.99999774	0.99888080	1.00029373	0.99983895	1.00036967	1.00126207
0.03932140	1.00694788	0.99359047	0.99921429	0.99869317	0.99832940	1.00091493	1.00035441	1.00073469
0.04259820	1.00297642	0.98680323	1.00107229	0.99979615	1.00093091	1.00109184	1.00076711	1.00072789
0.04587500	0.99917436	0.99129993	0.99992394	0.99995357	1.00048971	1.00023305	0.99993956	1.00083447
0.04915180	0.99902070	1.00348854	1.00070345	1.00443590	1.00190449	0.99986219	1.00027490	1.00095367
0.05242860	0.99951339	0.99877965	0.99941027	0.99987990	0.99856955	0.99950755	1.00064790	1.00072610
0.05898220	0.99962968	1.00774038	0.99905843	1.00002038	1.00149512	0.99976659	1.00031173	1.00069034
0.06553581	1.00116587	1.00053847	1.00017846	1.00190461	1.00050390	1.00021493	1.00048089	1.00040615
0.07208940	1.00446951	0.99738944	1.00223935	0.99776065	1.00069368	1.00006151	1.00003600	1.00061476
0.07864300	1.00085199	0.99356669	1.00143254	0.99996299	1.00026667	0.99955237	1.00029540	1.00058866
0.08519660	1.00023103	0.99712306	1.00097024	1.00114489	1.00009561	1.00069714	1.00100362	1.00057232
0.09175020	0.99858129	1.00276268	1.00105548	1.00138783	1.00081551	0.99974936	1.00023246	1.00054622
0.09830380	0.99542463	1.00103939	1.00034523	1.00089359	1.00120783	1.00011897	0.99988037	1.00089073
0.10485740	1.00082493	0.99593216	0.99878949	1.00028300	1.00022244	0.99966013	1.00050735	1.00001574
0.11796460	1.00105059	1.00053549	1.00077474	0.99974018	1.00053871	1.00009596	1.00025487	1.00062907
0.13107181	0.99943966	1.00132692	0.99881494	1.00019717	1.00003386	0.99999845	0.99981600	1.00045156
0.14417900	0.99897188	1.00241768	0.99934089	0.99790740	1.00139332	0.99993604	1.00039971	1.00042593
0.15728620	1.00061691	1.00212836	1.00047958	0.99847198	0.99989027	0.99978530	0.99988705	1.00086617
0.17039341	1.00079656	0.99962306	0.99962050	0.99942291	0.99950141	1.00023937	1.00058925	1.00030529
0.18350060	1.00223899	0.99769902	1.00109315	1.00005889	0.99988610	1.00045884	0.99975085	1.00039494
0.19660780	1.00146890	1.00498784	0.99875021	0.99929297	1.00059819	0.99955004	1.00057733	1.00094867
0.20971501	0.99929035	0.99691558	1.00064540	1.00153625	1.00016487	1.00020134	1.00027728	1.00071871
0.23592941	0.99878109	0.99747103	1.00049210	0.99983746	1.00057888	1.00017130	1.00008762	1.00075781
0.26214382	1.00104511	1.00245774	1.00025392	1.00192988	1.00005007	1.00004435	0.99987441	1.00080860
0.28835821	0.99690467	1.00041759	0.99990535	1.00074446	1.00009882	1.00025344	1.00011647	1.00066018
0.31457260	1.00060308	1.00077140	1.00030887	0.99937260	1.00012887	1.00039148	1.00013971	1.00053358
0.34078699	0.99934042	1.00472951	1.00026929	0.99951988	1.00000918	1.00018299	0.99990255	1.00074601
0.36700141	0.99913424	1.00062335	1.00009596	0.99991119	1.00036323	0.99994123	1.00061178	1.00027204
0.39321581	1.00114191	0.99682814	1.00008464	0.99983335	1.00014937	1.00022721	1.00037467	1.00048602
0.41943020	0.99955434	1.00035429	1.00009656	0.99910671	0.99881780	1.00018501	1.00002754	1.00069308
0.47185901	1.00050533	1.00130796	0.99999654	1.00146580	0.99990565	1.00009537	1.00031984	1.00059247
0.52428782	0.99953210	0.99646485	1.00045431	0.99946886	1.00004244	1.00004351	1.00011754	1.00046182
0.57671660	0.99965930	1.00133181	1.00029993	1.00135386	0.99988723	1.00010204	0.99993265	1.00054264
0.62914538	1.00152266	0.99832600	1.00029135	0.99895996	1.00019729	1.00027561	1.00017428	1.00036275
0.68157423	1.00067842	0.99940413	1.00038052	0.99980819	0.99951231	1.00015450	1.00007224	1.00038695
0.73400301	0.99945009	0.99983072	0.99953806	1.00038004	0.99983656	1.00001764	1.00034034	1.00030458
0.78643179	1.00060701	0.99814439	0.99993294	0.99833912	0.99984294	1.00017321	1.00016296	1.00040007
0.83886063	1.00036395	1.00040960	1.00014174	1.00197589	1.00019932	0.99996936	1.00022972	1.00043905
0.94371825	0.99991763	0.99856234	0.99995488	1.00008190	1.00009489	0.99985105	0.99989629	1.00033259
1.04857588	1.00002718	0.99889129	0.99966824	0.99980372	0.99998665	1.00002778	0.99984062	1.00015855
1.15343344	1.00019073	1.00097692	0.99964124	1.00019562	1.00036621	1.00011373	0.99991065	1.00010598
1.25829101	1.00089574	1.00104928	1.00000525	0.99987757	1.00024021	0.99988937	0.99997562	0.99983954
1.36314869	1.00000787	0.99967480	1.00004244	1.00000274	1.00001395	0.99990714	0.99982822	1.00010002
1.46800625	1.00050497	1.00100636	1.00001049	1.00010836	0.99970114	1.00001037	0.99971086	0.99975812
1.57286382	0.99930632	1.00063050	0.99981028	0.99982119	0.99950981	0.99990708	0.99969268	0.99983764
1.67772150	1.00073504	1.00165427	0.99973547	0.99990422	0.99978709	0.99974906	0.99957746	0.99972230
1.88743675	1.00010550	1.00030208	0.99975407	0.99982202	0.99958837	1.00000858	0.99995303	0.99968672
2.09715199	0.99985719	0.99864727	1.00012934	0.99963075	0.99968511	0.99990994	0.99976653	0.99965364
2.30686712	1.00012445	0.99946970	0.99971074	1.00029743	0.99991441	0.99991959	0.99982220	0.99972266
2.51658225	1.00035441	0.99833190	0.99971616	0.99980968	1.00023687	0.99997747	0.99977595	0.99983650
2.72629738	0.99931657	1.00099838	1.00002885	1.00045037	0.99984008	0.99998379	1.00041854	0.99990159
2.93601274	1.00027919	0.99919343	0.99991560	1.00008380	0.99981761	0.99999273	0.99984974	0.99989653
3.14572787	1.00065124	1.00149727	0.99990332	0.99990201	1.00021613	1.00001717	1.00027335	0.99989456
3.35544300	0.99995005	0.99941117	1.00006914	1.00013137	1.00018811	1.00001729	0.99996352	1.00001740
3.77487350	0.99986380	1.00073624	1.00034237	1.00003946	1.00012565	1.00004685	0.99997014	0.99997252
4.19430399	1.00037932	1.00057244	1.00057590	1.00020576	1.00023305	0.99996889	0.99999911	1.00000203
4.61373425	1.00002587	0.99992263	1.00017846	0.99943715	0.99994135	1.00002742	1.00012970	0.99999058
5.03316450	1.00000000	1.00000000	1.00000000	1.00000000	1.00000000	1.00000000	1.00000000	1.00000000
5.45259476	0.00000000	0.00000000	0.00000000	0.00000000	0.00000000	0.00000000	0.00000000	0.00000000
5.87202549	0.00000000	0.00000000	0.00000000	0.00000000	0.00000000	0.00000000	0.00000000	0.00000000
6.29145575	0.00000000	0.00000000	0.00000000	0.00000000	0.00000000	0.00000000	0.00000000	0.00000000
6.71088600	0.00000000	0.00000000	0.00000000	0.00000000	0.00000000	0.00000000	0.00000000	0.00000000
7.54974699	0.00000000	0.00000000	0.00000000	0.00000000	0.00000000	0.00000000	0.00000000	0.00000000
8.38860798	0.00000000	0.00000000	0.00000000	0.00000000	0.00000000	0.00000000	0.00000000	0.00000000
9.22746849	0.00000000	0.00000000	0.00000000	0.00000000	0.00000000	0.00000000	0.00000000	0.00000000
10.06632900	0.00000000	0.00000000	0.00000000	0.00000000	0.00000000	0.00000000	0.00000000	0.00000000
10.90518951	0.00000000	0.00000000	0.00000000	0.00000000	0.00000000	0.00000000	0.00000000	0.00000000
11.74405098	0.00000000	0.00000000	0.00000000	0.00000000	0.00000000	0.00000000	0.00000000	0.00000000
12.58291149	0.00000000	0.00000000	0.00000000	0.00000000	0.00000000	0.00000000	0.00000000	0.00000000
13.42177200	0.00000000	0.00000000	0.00000000	0.00000000	0.00000000	0.00000000	0.00000000	0.00000000
15.09949398	0.00000000	0.00000000	0.00000000	0.00000000	0.00000000	0.00000000	0.00000000	0.00000000
16.77721596	0.00000000	0.00000000	0.00000000	0.00000000	0.00000000	0.00000000	0.00000000	0.00000000
18.45493698	0.00000000	0.00000000	0.00000000	0.00000000	0.00000000	0.00000000	0.00000000	0.00000000
20.13265800	0.00000000	0.00000000	0.00000000	0.00000000	0.00000000	0.00000000	0.00000000	0.00000000
21.81037903	0.00000000	0.00000000	0.00000000	0.00000000	0.00000000	0.00000000	0.00000000	0.00000000
23.48810196	0.00000000	0.00000000	0.00000000	0.00000000	0.00000000	0.00000000	0.00000000	0.00000000
25.16582298	0.00000000	0.00000000	0.00000000	0.00000000	0.00000000	0.00000000	0.00000000	0.00000000
26.84354401	0.00000000	0.00000000	0.00000000	0.00000000	0.00000000	0.00000000	0.00000000	0.00000000
30.19898796	0.00000000	0.00000000	0.00000000	0.00000000	0.00000000	0.00000000	0.00000000	0.00000000
33.55443192	0.00000000	0.00000000	0.00000000	0.00000000	0.00000000	0.00000000	0.00000000	0.00000000
36.90987396	0.00000000	0.00000000	0.00000000	0.00000000	0.00000000	0.00000000	0.00000000	0.00000000
40.26531601	0.00000000	0.00000000	0.00000000	0.00000000	0.00000000	0.00000000	0.00000000	0.00000000
43.62075806	0.00000000	0.00000000	0.00000000	0.00000000	0.00000000	0.00000000	0.00000000	0.00000000
46.97620392	0.00000000	0.00000000	0.00000000	0.00000000	0.00000000	0.00000000	0.00000000	0.00000000
50.33164597	0.00000000	0.00000000	0.00000000	0.00000000	0.00000000	0.00000000	0.00000000	0.00000000
53.68708801	0.00000000	0.00000000	0.00000000	0.00000000	0.00000000	0.00000000	0.00000000	0.00000000
60.39797592	0.00000000	0.00000000	0.00000000	0.00000000	0.00000000	0.00000000	0.00000000	0.00000000
67.10886383	0.00000000	0.00000000	0.00000000	0.00000000	0.00000000	0.00000000	0.00000000	0.00000000
73.81974792	0.00000000	0.00000000	0.00000000	0.00000000	0.00000000	0.00000000	0.00000000	0.00000000
80.53063202	0.00000000	0.00000000	0.00000000	0.00000000	0.00000000	0.00000000	0.00000000	0.00000000
87.24151611	0.00000000	0.00000000	0.00000000	0.00000000	0.00000000	0.00000000	0.00000000	0.00000000
93.95240784	0.00000000	0.00000000	0.00000000	0.00000000	0.00000000	0.00000000	0.00000000	0.00000000
100.66329193	0.00000000	0.00000000	0.00000000	0.00000000	0.00000000	0.00000000	0.00000000	0.00000000
107.37417603	0.00000000	0.00000000	0.00000000	0.00000000	0.00000000	0.00000000	0.00000000	0.00000000
120.79595184	0.00000000	0.00000000	0.00000000	0.00000000	0.00000000	0.00000000	0.00000000	0.00000000
134.21772766	0.00000000	0.00000000	0.00000000	0.00000000	0.00000000	0.00000000	0.00000000	0.00000000
147.63949585	0.00000000	0.00000000	0.00000000	0.00000000	0.00000000	0.00000000	0.00000000	0.00000000
161.06126404	0.00000000	0.00000000	0.00000000	0.00000000	0.00000000	0.00000000	0.00000000	0.00000000
174.48303223	0.00000000	0.00000000	0.00000000	0.00000000	0.00000000	0.00000000	0.00000000	0.00000000
187.90481567	0.00000000	0.00000000	0.00000000	0.00000000	0.00000000	0.00000000	0.00000000	0.00000000
201.32658386	0.00000000	0.00000000	0.00000000	0.00000000	0.00000000	0.00000000	0.00000000	0.00000000
214.74835205	0.00000000	0.00000000	0.00000000	0.00000000	0.00000000	0.00000000	0.00000000	0.00000000
241.59190369	0.00000000	0.00000000	0.00000000	0.00000000	0.00000000	0.00000000	0.00000000	0.00000000
268.43545532	0.00000000	0.00000000	0.00000000	0.00000000	0.00000000	0.00000000	0.00000000	0.00000000
295.27899170	0.00000000	0.00000000	0.00000000	0.00000000	0.00000000	0.00000000	0.00000000	0.00000000
322.12252808	0.00000000	0.00000000	0.00000000	0.00000000	0.00000000	0.00000000	0.00000000	0.00000000
348.96606445	0.00000000	0.00000000	0.00000000	0.00000000	0.00000000	0.00000000	0.00000000	0.00000000
375.80963135	0.00000000	0.00000000	0.00000000	0.00000000	0.00000000	0.00000000	0.00000000	0.00000000
402.65316772	0.00000000	0.00000000	0.00000000	0.00000000	0.00000000	0.00000000	0.00000000	0.00000000
429.49670410	0.00000000	0.00000000	0.00000000	0.00000000	0.00000000	0.00000000	0.00000000	0.00000000
483.18380737	0.00000000	0.00000000	0.00000000	0.00000000	0.00000000	0.00000000	0.00000000	0.00000000
536.87091064	0.00000000	0.00000000	0.00000000	0.00000000	0.00000000	0.00000000	0.00000000	0.00000000
590.55798340	0.00000000	0.00000000	0.00000000	0.00000000	0.00000000	0.00000000	0.00000000	0.00000000
644.24505615	0.00000000	0.00000000	0.00000000	0.00000000	0.00000000	0.00000000	0.00000000	0.00000000
697.93212891	0.00000000	0.00000000	0.00000000	0.00000000	0.00000000	0.00000000	0.00000000	0.00000000
751.61926270	0.00000000	0.00000000	0.00000000	0.00000000	0.00000000	0.00000000	0.00000000	0.00000000
805.30633545	0.00000000	0.00000000	0.00000000	0.00000000	0.00000000	0.00000000	0.00000000	0.00000000
858.99340820	0.00000000	0.00000000	0.00000000	0.00000000	0.00000000	0.00000000	0.00000000	0.00000000
966.36761475	0.00000000	0.00000000	0.00000000	0.00000000	0.00000000	0.00000000	0.00000000	0.00000000
1073.74182129	0.00000000	0.00000000	0.00000000	0.00000000	0.00000000	0.00000000	0.00000000	0.00000000
1181.11596680	0.00000000	0.00000000	0.00000000	0.00000000	0.00000000	0.00000000	0.00000000	0.00000000
1288.49011230	0.00000000	0.00000000	0.00000000	0.00000000	0.00000000	0.00000000	0.00000000	0.00000000
1395.86425781	0.00000000	0.00000000	0.00000000	0.00000000	0.00000000	0.00000000	0.00000000	0.00000000
1503.23852539	0.00000000	0.00000000	0.00000000	0.00000000	0.00000000	0.00000000	0.00000000	0.00000000
1610.61267090	0.00000000	0.00000000	0.00000000	0.00000000	0.00000000	0.00000000	0.00000000	0.00000000
1717.98681641	0.00000000	0.00000000	0.00000000	0.00000000	0.00000000	0.00000000	0.00000000	0.00000000
1932.73522949	0.00000000	0.00000000	0.00000000	0.00000000	0.00000000	0.00000000	0.00000000	0.00000000
2147.48364258	0.00000000	0.00000000	0.00000000	0.00000000	0.00000000	0.00000000	0.00000000	0.00000000
2362.23193359	0.00000000	0.00000000	0.00000000	0.00000000	0.00000000	0.00000000	0.00000000	0.00000000
2576.98022461	0.00000000	0.00000000	0.00000000	0.00000000	0.00000000	0.00000000	0.00000000	0.00000000
2791.72851562	0.00000000	0.00000000	0.00000000	0.00000000	0.00000000	0.00000000	0.00000000	0.00000000
3006.47705078	0.00000000	0.00000000	0.00000000	0.00000000	0.00000000	0.00000000	0.00000000	0.00000000
3221.22534180	0.00000000	0.00000000	0.00000000	0.00000000	0.00000000	0.00000000	0.00000000	0.00000000
3435.97363281	0.00000000	0.00000000	0.00000000	0.00000000	0.00000000	0.00000000	0.00000000	0.00000000
0	0	0	0	0	0	0	0	0
