%4/24/2015 8:08:40 AM
%Duration	ID1		ID2		ID3		ID4		ID5		ID6		ID7		ID8
3000.000000	3.318787	2.260208	17.385483	4.014969	8.697510	47.769547	39.443970	34.303665
%Tau		Tau1		Tau2		Tau3		Tau4		Tau5		Tau6		Tau7		Tau8
%		0.000002	0.000001	0.000010	0.000003	0.000004	0.000032	0.000025	0.000024
%Delaytime	D1		D2		D3		D4		D5		D6		D7		D8
0.00000000	9.87353611	22.86968422	5.10718727	15.79371548	6.98122454	1.75800884	2.43654394	3.09565520
0.00000020	1.74238873	3.26709771	2.12707162	3.15874314	1.62456167	1.41412044	1.55956089	1.67793489
0.00000040	2.61358309	5.44516325	1.59530365	1.38195014	1.27330518	1.51696563	1.51419973	1.54633212
0.00000060	0.87119436	1.08903265	1.57314670	1.97421443	1.53674757	1.45108044	1.44723797	1.46258497
0.00000080	2.32318497	1.63354886	1.58422518	0.98710722	1.09767687	1.42054832	1.36731589	1.46856689
0.00000100	0.29039812	1.63354886	1.50667572	2.17163587	1.36111927	1.45268738	1.44507790	1.43566620
0.00000120	0.87119436	2.17806530	1.38481224	1.97421443	1.27330518	1.44625962	1.45155811	1.49548566
0.00000140	0.87119436	1.08903265	1.45128322	2.36905742	1.44893348	1.41733444	1.49259913	1.48053086
0.00000160	1.74238873	1.08903265	1.37373376	1.18452871	1.14158392	1.46714997	1.50987959	1.51343143
0.00000180	2.90398121	1.08903265	1.50667572	1.77679300	1.27330518	1.41572750	1.53580022	1.41472948
0.00000200	1.16159248	1.63354886	1.29618418	1.77679300	1.58065462	1.44304574	1.40619683	1.51343143
0.00000220	0.58079624	1.08903265	1.36265516	1.18452871	1.80018997	1.49286127	1.42347729	1.45959401
0.00000240	1.16159248	2.72258162	1.50667572	1.57937157	1.75628293	1.36430490	1.45803821	1.54932320
0.00000260	0.58079624	1.08903265	1.48451865	0.39484289	1.49284053	1.46554303	1.40403676	1.38781071
0.00000280	1.16159248	1.08903265	1.51775420	1.97421443	1.53674757	1.44143867	1.50987959	1.44164813
0.00000300	0.87119436	1.08903265	1.34049821	1.38195014	1.18549097	1.44465268	1.54660058	1.51044047
0.00000340	0.58079624	1.90580702	1.41804767	1.87550378	1.18549097	1.41251349	1.46019828	1.44164813
0.00000380	1.45199060	0.81677443	1.51775420	0.88839650	1.60260820	1.40849614	1.47531867	1.39080167
0.00000420	1.59718966	2.45032334	1.55652893	1.97421443	1.49284053	1.43260050	1.45695817	1.42370236
0.00000460	0.87119436	1.63354886	1.31834126	1.67808235	1.11963034	1.44304574	1.41807723	1.41921592
0.00000500	1.30679154	1.08903265	1.47897947	1.67808235	1.22939801	1.45429432	1.35651553	1.47604430
0.00000540	1.59718966	1.90580702	1.41250849	1.18452871	1.11963034	1.40608573	1.40835690	1.46557593
0.00000580	1.74238873	1.63354886	1.32941973	1.08581793	1.25135159	1.41331697	1.35759556	1.37883782
0.00000620	1.74238873	0.54451632	1.49005795	1.18452871	1.55870116	1.43019009	1.41375709	1.49997211
0.00000700	1.01639342	2.31419420	1.30172348	1.18452871	1.41600311	1.41934311	1.45533812	1.45809853
0.00000780	1.52459013	1.63354886	1.34880710	1.53001618	1.24037480	1.41412044	1.41807723	1.36612618
0.00000860	1.37939107	1.49741983	1.40419960	1.53001618	1.31721222	1.39845264	1.44129777	1.34967577
0.00000940	0.87119436	2.04193616	1.39589071	1.67808235	1.28428185	1.38961446	1.41375709	1.39753139
0.00001020	1.52459013	0.68064541	1.30726266	1.77679300	1.64651525	1.34301269	1.34733534	1.37584686
0.00001100	1.08899295	1.49741983	1.35157669	1.53001618	1.33916569	1.39363182	1.36515582	1.36463070
0.00001180	1.08899295	1.63354886	1.27125764	1.33259475	1.21842134	1.39122140	1.33329499	1.40201783
0.00001260	1.08899295	1.08903265	1.29618418	1.48066092	1.27330518	1.36189449	1.33653510	1.31378412
0.00001420	1.41569078	0.74870992	1.28787529	1.43130553	1.23488641	1.32995617	1.32654476	1.31939220
0.00001580	1.27049172	0.95290351	1.35434628	1.57937157	1.18000257	1.28435886	1.28496373	1.32313097
0.00001740	1.05269313	1.29322624	1.33772862	1.25856173	1.31172383	1.28576493	1.27524340	1.25658178
0.00001900	1.34309125	1.36129081	1.20340180	1.45598316	1.21842134	1.21827281	1.29279387	1.26218987
0.00002060	1.56088984	1.29322624	1.28510571	1.30791712	1.23488641	1.28054237	1.22124207	1.23564506
0.00002220	1.45199060	1.49741983	1.27264237	1.18452871	1.10865366	1.25242066	1.23852253	1.28013575
0.00002380	1.77868843	1.15709710	1.29202974	1.30791712	1.14707232	1.23394060	1.21800196	1.23601890
0.00002540	1.16159248	0.81677443	1.15631819	1.15985096	1.15256071	1.22610676	1.19316125	1.17919040
0.00002860	1.18091655	0.81223297	1.16241825	1.28008842	1.19551051	1.19783080	1.19143951	1.19319904
0.00003180	0.96290118	0.98144817	1.14245963	1.15700305	1.08608162	1.17177999	1.16423285	1.17265463
0.00003500	1.09007680	1.15066338	1.12181282	1.21854568	1.18456769	1.13214231	1.13231206	1.13116789
0.00003820	1.10824478	1.31987858	1.09701526	1.18152332	1.15721047	1.13596439	1.10658681	1.18536222
0.00004140	1.16274858	1.59062290	1.12592030	1.21844590	1.09155309	1.10941100	1.11129141	1.11248016
0.00004460	1.10824478	1.31987858	1.09701526	0.94768018	1.05325294	1.10880744	1.10819364	1.10182810
0.00004780	0.87206143	1.18450642	1.10733855	1.24306095	1.00127423	1.07320178	1.09512913	1.08407485
0.00005100	0.96290118	1.04913425	1.00617087	1.05844796	1.03136718	1.09925222	1.05903339	1.09510052
0.00005740	1.03516090	0.99931949	1.05811489	0.93483663	1.03723907	1.07234681	1.04721129	1.07788932
0.00006380	1.10780382	1.23644614	1.06396651	1.02094007	1.03313398	1.05309367	1.04013324	1.05930984
0.00007020	1.03516090	1.10094523	1.04606736	1.02709019	0.99755579	1.05042934	1.04579568	1.05520177
0.00007660	0.99883944	0.89769375	1.01612067	1.03324044	0.98250353	1.03544915	1.03447092	1.03691292
0.00008300	0.98067874	1.25338376	1.04537892	0.97173810	1.01397645	1.03545678	1.02535295	1.01842666
0.00008940	1.14412522	1.23644614	1.03608513	1.08244240	1.04818618	1.02791631	1.03182423	1.02936077
0.00009580	1.08056271	0.89769375	1.02711570	1.06399167	0.98934549	1.03605998	1.02435064	1.03085458
0.00010220	1.08056271	0.81300569	1.00370955	1.00248933	1.04271269	1.01625371	1.01849473	1.00443196
0.00011500	0.97536218	0.86241186	1.01107502	0.99197477	0.95772427	1.01659465	1.00913811	1.00599885
0.00012780	1.00711811	1.03996718	1.00109160	1.00729549	0.99060756	1.01148915	1.00424457	0.99774235
0.00014060	1.12053239	0.87932187	0.99971461	1.10586882	0.95772427	1.00556242	1.00225687	1.00530839
0.00015340	1.04794729	0.87086684	1.00091946	1.05350173	1.02824652	1.01312900	1.00023556	1.00709331
0.00016620	0.91185021	0.93863446	0.99317378	1.00729549	1.02413630	1.00353563	1.01138675	0.99013954
0.00017900	0.91185021	1.13297248	1.01124716	1.07198429	0.98988420	1.00150144	1.00165904	0.99322206
0.00019180	0.95267934	0.94696200	1.01382899	0.99805433	1.02550638	1.00631583	0.99990720	0.99350226
0.00020460	1.10692263	0.99769211	1.01124716	1.03501928	0.98303384	1.00279987	1.00874257	0.99172753
0.00023020	1.00385129	1.10064602	0.99910551	1.01986790	1.01501346	1.01100552	0.99849308	1.00229585
0.00025580	0.99931931	1.04984701	1.00915802	1.06916666	0.98489839	1.00073290	1.00324321	0.99210119
0.00028140	1.01291549	1.00328124	1.01010489	1.00600266	0.98828238	1.00217736	1.00271237	0.99714673
0.00030700	1.01291549	0.90156066	0.99547070	1.03689933	1.00261617	0.99787110	0.99906552	0.99107337
0.00033260	0.98572314	0.97351617	0.99658978	1.03073645	0.99132395	1.00387216	1.00176942	0.99797112
0.00035820	1.04010785	1.01161027	1.00791371	0.97527087	0.99645680	1.01100552	1.01045299	0.99850518
0.00038380	0.98572314	0.91425866	0.99747872	1.01695347	1.01181626	1.00599849	1.00800216	0.99773431
0.00040940	1.03784180	1.06678009	0.98344791	1.06317854	1.00565708	0.99861407	1.00474203	0.99502456
0.00046060	0.97957116	0.94182849	0.99876589	1.05513632	0.98000348	1.00251484	1.00193119	1.00037062
0.00051180	1.03053153	0.97152579	0.99837798	1.02584839	1.00948763	1.00502110	0.99971497	0.99801338
0.00056300	0.94673002	0.95031339	0.99279904	1.04203391	0.99440271	1.00287294	0.99701858	1.00930703
0.00061420	0.98296851	0.93334353	0.99118519	1.00658000	0.99440271	1.00865054	0.99710286	0.99944443
0.00066540	1.02260435	1.00546551	1.00663340	0.96110666	0.99114573	1.00452375	1.00672734	1.00016677
0.00071660	1.00005472	1.04789019	0.99163538	0.97575063	1.00297368	0.99768829	1.00330567	1.00262916
0.00076780	0.97174054	0.94394970	1.01667511	1.06207299	1.00845909	0.99997348	1.00448620	0.99788815
0.00081900	0.93323332	1.01182926	1.00531685	0.96187741	0.98291761	0.99796766	1.00004482	0.99138719
0.00092140	0.97593194	1.02550578	0.99968278	1.01958036	1.00641727	1.00310838	1.00141823	1.00573683
0.00102380	0.97480178	0.97774887	1.00930381	0.98503608	1.00144482	1.00112855	1.00027609	1.00629425
0.00112620	1.00136161	0.97364849	1.01165712	0.96459484	0.99647224	1.00495899	0.99478567	0.99802083
0.00122860	0.96858561	1.01386440	0.99331135	0.95148158	1.00281644	1.00233948	1.00070238	0.99928355
0.00133100	1.00418711	1.05513859	1.00364101	0.97346556	1.00405562	1.00479579	0.99991500	1.00241315
0.00143340	1.01887977	1.00963116	0.99701905	1.02476144	0.99942583	1.00189400	0.99838960	0.99579370
0.00153580	1.04713488	0.96848851	1.00083470	0.97925079	1.01082873	1.00023460	1.00540268	0.99973369
0.00163820	1.04317915	0.98965764	1.00320745	0.99845308	1.01768756	0.99935991	1.00005043	0.99758089
0.00184300	0.95787370	1.00908267	0.99479508	1.00479138	1.00129378	0.99815232	0.99955332	1.00532556
0.00204780	0.97827810	1.01793528	0.99285567	1.00528693	1.00455487	0.99864680	1.00122249	0.99999166
0.00225260	1.00085020	0.98673618	1.00376022	1.00448847	1.00833476	1.00032532	0.99867725	1.00373864
0.00245740	1.00963449	1.03658390	1.00281453	0.99524117	0.99550974	1.00212300	1.00110221	1.00040007
0.00266220	1.03542089	1.02389109	0.99662769	1.00652516	1.00014365	1.00446904	1.00340593	1.00046718
0.00286700	1.00141692	0.99374551	1.00144112	1.00267243	1.01752067	1.00023031	1.00223458	1.00303471
0.00307180	0.99291593	1.03341067	0.99940461	1.00611210	1.00940752	0.99941003	1.00096393	0.99693125
0.00327660	1.00556743	0.99480325	0.99851692	1.00110281	0.99727756	0.99968427	0.99725336	1.00290763
0.00368620	1.01096904	0.97907305	1.00085580	1.00383174	0.98937333	0.99862945	1.00183308	1.00168252
0.00409580	0.99771893	0.97589767	0.99527138	0.99720794	0.99643785	0.99888259	1.00080574	1.00110650
0.00450540	0.99965960	1.00461245	1.00336647	0.99799198	0.99856001	0.99861908	1.00187242	0.99801600
0.00491500	1.00957549	0.99706680	0.99825329	0.98173553	1.00616574	1.00108683	0.99955803	1.00498748
0.00532460	1.00593412	1.01214981	0.99927056	1.00315833	1.00093520	1.00092411	1.00107872	0.99948776
0.00573420	0.98930711	1.00262368	1.00119913	1.00095975	1.00178850	0.99723053	0.99927515	0.99907482
0.00614380	1.00324297	0.99362147	0.99953073	1.00509632	1.00205398	1.00109875	0.99918604	1.00312698
0.00655340	0.98124444	1.00473225	0.99330676	1.00134456	0.99069768	1.00114560	0.99788946	0.99964017
0.00737260	0.99964589	1.00545335	1.00246596	1.00489748	1.00326443	1.00076401	0.99986893	1.00054681
0.00819180	0.98720509	1.01022422	0.99672484	0.99431419	1.00457001	1.00224900	1.00052381	1.00245178
0.00901100	1.01038420	1.01791060	0.99977064	0.99507928	1.00160074	1.00072873	0.99966657	1.00102460
0.00983020	0.99451727	1.01976585	1.00425351	1.00164998	1.00252688	1.00137377	0.99907255	1.00101411
0.01064940	1.00822973	0.99405897	1.00200927	0.99772286	0.99934173	1.00239778	1.00134110	1.00213325
0.01146860	1.00237989	1.00505984	1.00068021	0.98968101	1.00639415	1.00061202	0.99955904	1.00132477
0.01228780	1.00039649	1.00571847	1.00305414	0.98184669	0.99538201	1.00152719	1.00108981	0.99958569
0.01310700	0.99444640	0.99696600	1.00132108	1.00744617	0.99786967	1.00072777	0.99908048	1.00167763
0.01474540	1.01257622	0.99194497	0.99988878	0.98784792	1.00335503	0.99972028	0.99923539	0.99939156
0.01638380	1.00436008	1.00015557	1.00149095	0.99928546	1.00167990	0.99934465	1.00008142	0.99945384
0.01802220	1.00251734	0.99384952	0.99947333	1.00329661	1.00043702	1.00013876	0.99979722	0.99860787
0.01966060	1.00606740	0.99928075	0.99803936	0.99534672	1.00181329	0.99923939	1.00048292	0.99882692
0.02129900	1.00228250	0.97669476	1.00057745	1.00649118	1.00289619	0.99904722	0.99964750	0.99984378
0.02293740	1.00678849	1.02246928	1.00040901	0.99382418	1.00028610	1.00025594	0.99981260	0.99967563
0.02457580	1.00965226	0.99212742	1.00147510	0.99369293	0.99832559	0.99992204	0.99980354	0.99985021
0.02621420	0.99771899	1.01019979	1.00010347	1.00387371	0.99855918	0.99885893	0.99996656	1.00028777
0.02949100	0.99508560	0.99343747	1.00118005	1.00027609	1.00260139	0.99976778	1.00043356	0.99944031
0.03276780	1.00110662	0.99821091	1.00185287	0.99908459	0.99576098	1.00006056	1.00111258	1.00022078
0.03604460	1.00130153	1.00179100	0.99982625	1.00539279	1.00069880	0.99977827	1.00127149	1.00011849
0.03932140	0.99577361	1.00102162	1.00021803	0.99955159	1.00195909	1.00089419	1.00017786	1.00131726
0.04259820	1.00064874	0.98994911	0.99922973	1.00211525	0.99920577	0.99951798	1.00065410	1.00019181
0.04587500	1.00568902	0.99968636	1.00229394	1.00064003	0.99576598	1.00062048	1.00120151	1.00058734
0.04915180	0.99962908	0.99608105	1.00012982	0.99781036	0.99760002	1.00068462	1.00112796	0.99924082
0.05242860	0.99836743	1.00124669	0.99796629	0.99553144	0.99929190	1.00018167	0.99919546	1.00105906
0.05898220	0.99894571	0.99847698	1.00042856	0.99910039	1.00096369	1.00110662	0.99968767	0.99924779
0.06553581	1.00017440	0.99716991	1.00040948	0.99739772	0.99994445	1.00048161	1.00007331	1.00108862
0.07208940	1.00104618	0.99872559	1.00251615	0.99659526	0.99855071	1.00111747	0.99995738	0.99979407
0.07864300	1.00521386	1.00297761	1.00059795	0.99773276	1.00021684	1.00054002	1.00029266	1.00062120
0.08519660	1.00230408	1.00409675	1.00101042	1.00158215	1.00022030	1.00097978	1.00066090	1.00041389
0.09175020	0.99647462	1.00775981	0.99970859	1.00249434	1.00028229	0.99974728	1.00035226	1.00033653
0.09830380	0.99898213	1.00181186	1.00205624	1.00094354	1.00072098	1.00088906	0.99963975	1.00029302
0.10485740	0.99870759	0.99215996	1.00040889	0.99977165	1.00071454	0.99956203	1.00004756	0.99997628
0.11796460	0.99967617	1.00244534	0.99948078	0.99930799	1.00048161	1.00023198	1.00083351	1.00017488
0.13107181	0.99927545	1.00327528	1.00075293	1.00244331	1.00140929	1.00080252	1.00020361	1.00073469
0.14417900	1.00179040	1.00183463	1.00004816	1.00031686	0.99951625	1.00060630	1.00001049	1.00028849
0.15728620	1.00640821	0.99627703	1.00022602	0.99730176	1.00013709	0.99955904	0.99970371	1.00028527
0.17039341	1.00125587	0.99655575	1.00059938	1.00088966	1.00065219	0.99982727	1.00063789	1.00040352
0.18350060	1.00002432	1.00240636	0.99961847	0.99818861	1.00178790	1.00006342	0.99986231	1.00113690
0.19660780	1.00200868	0.99752599	1.00073147	1.00252306	0.99987376	1.00071073	0.99982464	1.00036752
0.20971501	0.99674404	1.00158465	1.00034618	0.99690962	0.99975759	0.99977636	1.00074017	1.00033140
0.23592941	1.00062108	0.99653268	1.00063097	1.00265086	1.00087941	1.00019872	0.99973971	1.00023711
0.26214382	0.99858958	0.99780971	1.00023639	0.99922383	1.00194037	1.00011778	1.00047314	0.99969059
0.28835821	1.00015557	1.00089407	1.00087392	1.00007904	1.00013959	0.99999559	1.00030768	1.00034487
0.31457260	1.00232029	0.99728048	1.00031686	1.00044107	1.00015891	1.00004089	1.00007927	1.00038648
0.34078699	0.99954337	1.00004470	1.00001991	1.00042892	1.00042927	1.00018990	1.00013518	0.99986976
0.36700141	0.99977815	0.99569625	1.00055647	1.00203705	1.00043809	0.99995679	0.99988353	1.00055897
0.39321581	1.00152349	1.00111163	1.00020242	0.99765867	1.00004172	1.00000548	1.00015712	1.00003099
0.41943020	0.99880868	1.00185204	0.99927288	1.00215399	1.00094962	0.99991387	1.00006056	1.00023854
0.47185901	0.99988753	1.00074410	1.00006282	0.99983406	1.00055182	1.00011635	1.00031352	1.00002110
0.52428782	0.99941355	1.00480020	1.00039017	0.99859709	0.99963951	0.99992621	1.00019610	1.00013566
0.57671660	1.00009012	0.99770784	0.99978197	1.00242889	1.00101817	0.99973500	1.00006831	0.99989676
0.62914538	0.99980444	1.00104475	1.00016880	0.99988943	1.00018251	0.99988049	1.00006557	0.99980754
0.68157423	0.99948686	1.00067031	0.99988157	0.99845624	1.00004959	0.99998713	0.99995840	1.00026596
0.73400301	1.00149393	1.00136209	0.99974728	0.99879670	1.00039721	1.00004125	1.00001669	0.99979788
0.78643179	1.00102913	0.99778605	1.00005579	1.00030589	1.00116503	1.00015843	1.00013351	1.00008309
0.83886063	1.00156331	0.99959242	1.00027323	1.00033736	1.00025880	1.00015581	1.00006306	0.99975103
0.94371825	1.00018299	1.00081491	0.99985993	1.00005710	0.99980646	1.00006676	0.99998093	0.99991435
1.04857588	1.00051510	1.00196922	0.99972385	0.99982738	1.00025260	1.00010538	0.99993718	0.99977535
1.15343344	1.00032830	0.99964052	0.99967611	0.99943149	1.00087118	1.00009298	0.99994200	1.00004768
1.25829101	1.00061738	0.99806583	0.99990481	0.99985576	0.99959409	1.00004017	0.99992186	0.99971730
1.36314869	1.00052583	0.99774796	0.99956864	1.00002313	1.00034761	1.00009966	0.99980175	0.99982715
1.46800625	1.00202298	1.00023139	0.99968022	1.00006664	1.00024712	1.00015450	0.99992388	0.99963874
1.57286382	1.00083935	1.00147760	0.99977869	0.99926901	1.00039911	1.00013602	0.99991477	0.99973679
1.67772150	0.99972647	0.99946642	0.99999070	0.99962586	0.99973023	1.00041175	0.99977845	0.99971348
1.88743675	0.99973553	0.99958748	1.00021088	0.99999803	1.00065851	0.99998200	0.99994540	0.99984252
2.09715199	0.99920088	0.99914747	1.00030982	1.00028467	0.99991095	1.00001061	0.99978614	1.00005722
2.30686712	0.99999112	0.99957556	1.00023282	1.00017774	1.00003386	0.99999094	1.00007451	1.00009537
2.51658225	1.00020373	1.00035131	1.00020993	0.99953449	0.99966621	1.00017798	1.00010443	1.00015056
2.72629738	0.99998963	0.99823684	1.00008261	0.99921715	0.99962485	1.00020230	1.00008905	1.00022614
2.93601274	0.99999189	1.00167418	1.00004601	0.99901038	0.99979478	1.00017560	1.00041854	1.00019443
3.14572787	1.00041592	0.99778885	1.00008988	0.99970120	1.00013494	0.99987233	1.00017512	1.00020039
3.35544300	0.99919105	1.00289214	0.99980623	0.99943048	1.00042081	0.99996352	1.00028849	1.00005341
3.77487350	0.99934077	0.99939853	0.99968058	1.00019729	1.00017118	1.00001347	1.00016236	1.00005460
4.19430399	1.00208592	1.00034535	0.99995977	1.00004101	1.00013328	1.00037789	1.00007248	0.99996144
4.61373425	0.99944776	0.99921179	1.00002635	0.99979240	0.99943733	1.00021088	1.00005519	1.00002754
5.03316450	1.00000000	1.00000000	1.00000000	1.00000000	1.00000000	1.00000000	1.00000000	1.00000000
5.45259476	0.00000000	0.00000000	0.00000000	0.00000000	0.00000000	0.00000000	0.00000000	0.00000000
5.87202549	0.00000000	0.00000000	0.00000000	0.00000000	0.00000000	0.00000000	0.00000000	0.00000000
6.29145575	0.00000000	0.00000000	0.00000000	0.00000000	0.00000000	0.00000000	0.00000000	0.00000000
6.71088600	0.00000000	0.00000000	0.00000000	0.00000000	0.00000000	0.00000000	0.00000000	0.00000000
7.54974699	0.00000000	0.00000000	0.00000000	0.00000000	0.00000000	0.00000000	0.00000000	0.00000000
8.38860798	0.00000000	0.00000000	0.00000000	0.00000000	0.00000000	0.00000000	0.00000000	0.00000000
9.22746849	0.00000000	0.00000000	0.00000000	0.00000000	0.00000000	0.00000000	0.00000000	0.00000000
10.06632900	0.00000000	0.00000000	0.00000000	0.00000000	0.00000000	0.00000000	0.00000000	0.00000000
10.90518951	0.00000000	0.00000000	0.00000000	0.00000000	0.00000000	0.00000000	0.00000000	0.00000000
11.74405098	0.00000000	0.00000000	0.00000000	0.00000000	0.00000000	0.00000000	0.00000000	0.00000000
12.58291149	0.00000000	0.00000000	0.00000000	0.00000000	0.00000000	0.00000000	0.00000000	0.00000000
13.42177200	0.00000000	0.00000000	0.00000000	0.00000000	0.00000000	0.00000000	0.00000000	0.00000000
15.09949398	0.00000000	0.00000000	0.00000000	0.00000000	0.00000000	0.00000000	0.00000000	0.00000000
16.77721596	0.00000000	0.00000000	0.00000000	0.00000000	0.00000000	0.00000000	0.00000000	0.00000000
18.45493698	0.00000000	0.00000000	0.00000000	0.00000000	0.00000000	0.00000000	0.00000000	0.00000000
20.13265800	0.00000000	0.00000000	0.00000000	0.00000000	0.00000000	0.00000000	0.00000000	0.00000000
21.81037903	0.00000000	0.00000000	0.00000000	0.00000000	0.00000000	0.00000000	0.00000000	0.00000000
23.48810196	0.00000000	0.00000000	0.00000000	0.00000000	0.00000000	0.00000000	0.00000000	0.00000000
25.16582298	0.00000000	0.00000000	0.00000000	0.00000000	0.00000000	0.00000000	0.00000000	0.00000000
26.84354401	0.00000000	0.00000000	0.00000000	0.00000000	0.00000000	0.00000000	0.00000000	0.00000000
30.19898796	0.00000000	0.00000000	0.00000000	0.00000000	0.00000000	0.00000000	0.00000000	0.00000000
33.55443192	0.00000000	0.00000000	0.00000000	0.00000000	0.00000000	0.00000000	0.00000000	0.00000000
36.90987396	0.00000000	0.00000000	0.00000000	0.00000000	0.00000000	0.00000000	0.00000000	0.00000000
40.26531601	0.00000000	0.00000000	0.00000000	0.00000000	0.00000000	0.00000000	0.00000000	0.00000000
43.62075806	0.00000000	0.00000000	0.00000000	0.00000000	0.00000000	0.00000000	0.00000000	0.00000000
46.97620392	0.00000000	0.00000000	0.00000000	0.00000000	0.00000000	0.00000000	0.00000000	0.00000000
50.33164597	0.00000000	0.00000000	0.00000000	0.00000000	0.00000000	0.00000000	0.00000000	0.00000000
53.68708801	0.00000000	0.00000000	0.00000000	0.00000000	0.00000000	0.00000000	0.00000000	0.00000000
60.39797592	0.00000000	0.00000000	0.00000000	0.00000000	0.00000000	0.00000000	0.00000000	0.00000000
67.10886383	0.00000000	0.00000000	0.00000000	0.00000000	0.00000000	0.00000000	0.00000000	0.00000000
73.81974792	0.00000000	0.00000000	0.00000000	0.00000000	0.00000000	0.00000000	0.00000000	0.00000000
80.53063202	0.00000000	0.00000000	0.00000000	0.00000000	0.00000000	0.00000000	0.00000000	0.00000000
87.24151611	0.00000000	0.00000000	0.00000000	0.00000000	0.00000000	0.00000000	0.00000000	0.00000000
93.95240784	0.00000000	0.00000000	0.00000000	0.00000000	0.00000000	0.00000000	0.00000000	0.00000000
100.66329193	0.00000000	0.00000000	0.00000000	0.00000000	0.00000000	0.00000000	0.00000000	0.00000000
107.37417603	0.00000000	0.00000000	0.00000000	0.00000000	0.00000000	0.00000000	0.00000000	0.00000000
120.79595184	0.00000000	0.00000000	0.00000000	0.00000000	0.00000000	0.00000000	0.00000000	0.00000000
134.21772766	0.00000000	0.00000000	0.00000000	0.00000000	0.00000000	0.00000000	0.00000000	0.00000000
147.63949585	0.00000000	0.00000000	0.00000000	0.00000000	0.00000000	0.00000000	0.00000000	0.00000000
161.06126404	0.00000000	0.00000000	0.00000000	0.00000000	0.00000000	0.00000000	0.00000000	0.00000000
174.48303223	0.00000000	0.00000000	0.00000000	0.00000000	0.00000000	0.00000000	0.00000000	0.00000000
187.90481567	0.00000000	0.00000000	0.00000000	0.00000000	0.00000000	0.00000000	0.00000000	0.00000000
201.32658386	0.00000000	0.00000000	0.00000000	0.00000000	0.00000000	0.00000000	0.00000000	0.00000000
214.74835205	0.00000000	0.00000000	0.00000000	0.00000000	0.00000000	0.00000000	0.00000000	0.00000000
241.59190369	0.00000000	0.00000000	0.00000000	0.00000000	0.00000000	0.00000000	0.00000000	0.00000000
268.43545532	0.00000000	0.00000000	0.00000000	0.00000000	0.00000000	0.00000000	0.00000000	0.00000000
295.27899170	0.00000000	0.00000000	0.00000000	0.00000000	0.00000000	0.00000000	0.00000000	0.00000000
322.12252808	0.00000000	0.00000000	0.00000000	0.00000000	0.00000000	0.00000000	0.00000000	0.00000000
348.96606445	0.00000000	0.00000000	0.00000000	0.00000000	0.00000000	0.00000000	0.00000000	0.00000000
375.80963135	0.00000000	0.00000000	0.00000000	0.00000000	0.00000000	0.00000000	0.00000000	0.00000000
402.65316772	0.00000000	0.00000000	0.00000000	0.00000000	0.00000000	0.00000000	0.00000000	0.00000000
429.49670410	0.00000000	0.00000000	0.00000000	0.00000000	0.00000000	0.00000000	0.00000000	0.00000000
483.18380737	0.00000000	0.00000000	0.00000000	0.00000000	0.00000000	0.00000000	0.00000000	0.00000000
536.87091064	0.00000000	0.00000000	0.00000000	0.00000000	0.00000000	0.00000000	0.00000000	0.00000000
590.55798340	0.00000000	0.00000000	0.00000000	0.00000000	0.00000000	0.00000000	0.00000000	0.00000000
644.24505615	0.00000000	0.00000000	0.00000000	0.00000000	0.00000000	0.00000000	0.00000000	0.00000000
697.93212891	0.00000000	0.00000000	0.00000000	0.00000000	0.00000000	0.00000000	0.00000000	0.00000000
751.61926270	0.00000000	0.00000000	0.00000000	0.00000000	0.00000000	0.00000000	0.00000000	0.00000000
805.30633545	0.00000000	0.00000000	0.00000000	0.00000000	0.00000000	0.00000000	0.00000000	0.00000000
858.99340820	0.00000000	0.00000000	0.00000000	0.00000000	0.00000000	0.00000000	0.00000000	0.00000000
966.36761475	0.00000000	0.00000000	0.00000000	0.00000000	0.00000000	0.00000000	0.00000000	0.00000000
1073.74182129	0.00000000	0.00000000	0.00000000	0.00000000	0.00000000	0.00000000	0.00000000	0.00000000
1181.11596680	0.00000000	0.00000000	0.00000000	0.00000000	0.00000000	0.00000000	0.00000000	0.00000000
1288.49011230	0.00000000	0.00000000	0.00000000	0.00000000	0.00000000	0.00000000	0.00000000	0.00000000
1395.86425781	0.00000000	0.00000000	0.00000000	0.00000000	0.00000000	0.00000000	0.00000000	0.00000000
1503.23852539	0.00000000	0.00000000	0.00000000	0.00000000	0.00000000	0.00000000	0.00000000	0.00000000
1610.61267090	0.00000000	0.00000000	0.00000000	0.00000000	0.00000000	0.00000000	0.00000000	0.00000000
1717.98681641	0.00000000	0.00000000	0.00000000	0.00000000	0.00000000	0.00000000	0.00000000	0.00000000
1932.73522949	0.00000000	0.00000000	0.00000000	0.00000000	0.00000000	0.00000000	0.00000000	0.00000000
2147.48364258	0.00000000	0.00000000	0.00000000	0.00000000	0.00000000	0.00000000	0.00000000	0.00000000
2362.23193359	0.00000000	0.00000000	0.00000000	0.00000000	0.00000000	0.00000000	0.00000000	0.00000000
2576.98022461	0.00000000	0.00000000	0.00000000	0.00000000	0.00000000	0.00000000	0.00000000	0.00000000
2791.72851562	0.00000000	0.00000000	0.00000000	0.00000000	0.00000000	0.00000000	0.00000000	0.00000000
3006.47705078	0.00000000	0.00000000	0.00000000	0.00000000	0.00000000	0.00000000	0.00000000	0.00000000
3221.22534180	0.00000000	0.00000000	0.00000000	0.00000000	0.00000000	0.00000000	0.00000000	0.00000000
3435.97363281	0.00000000	0.00000000	0.00000000	0.00000000	0.00000000	0.00000000	0.00000000	0.00000000
0	0	0	0	0	0	0	0	0
