%6/10/2015 8:13:22 PM
%Duration	ID1		ID2		ID3		ID4		ID5		ID6		ID7		ID8
3000.000000	20.322800	26.226044	20.551682	22.525787	29.344559	31.518936	27.227402	294.914246
%Tau		Tau1		Tau2		Tau3		Tau4		Tau5		Tau6		Tau7		Tau8
%		0.000024	0.000051	0.000048	0.000029	0.000064	0.000064	0.000057	0.000717
%Delaytime	D1		D2		D3		D4		D5		D6		D7		D8
0.00000000	2.60124969	3.88991928	4.89620590	4.18113804	2.89966607	1.93016779	2.84217644	1.56712115
0.00000020	2.08438897	1.74294686	1.78272116	2.02721858	1.61569548	1.54931092	1.58977020	1.46197033
0.00000040	1.24554944	1.47046459	1.36424196	1.63303709	1.34251022	1.43098640	1.69144154	1.44493341
0.00000060	1.41501200	1.50804842	1.67391658	1.59784234	1.54544783	1.54191566	1.45112741	1.42780638
0.00000080	1.51668954	1.47516263	1.64880776	1.42890751	1.50642133	1.31635964	1.40953469	1.42848253
0.00000100	1.52516258	1.37650526	1.51489449	1.49929702	1.38934195	1.45317233	1.50658453	1.41906261
0.00000120	1.59294760	1.54093421	1.40608990	1.50633597	1.53373992	1.32005727	1.50196314	1.42798674
0.00000140	1.47432387	1.56912196	1.34750283	1.50633597	1.45958960	1.38661480	1.52507031	1.43943477
0.00000160	1.41501200	1.52684033	1.48978579	1.52745283	1.38153672	1.38661480	1.47885597	1.44430244
0.00000180	1.60142076	1.47046459	1.33913326	1.63303709	1.30348372	1.39401007	1.51120603	1.42672467
0.00000200	1.66073263	1.35771334	1.46467698	1.40075159	1.29958117	1.58258963	1.34021330	1.43943477
0.00000220	1.51668954	1.39059913	1.48141611	1.51337492	1.49081075	1.49754393	1.53893459	1.45191944
0.00000240	1.50821638	1.57381999	1.16337204	1.42186856	1.49861610	1.56779909	1.50658453	1.43799245
0.00000260	1.64378643	1.46106875	1.68228614	1.64711499	1.54154515	1.50124156	1.56666315	1.43880379
0.00000280	1.33875382	1.56912196	1.48978579	1.49225807	1.46349227	1.51603210	1.40491319	1.44213903
0.00000300	1.34722698	1.58791387	1.28891575	1.38667369	1.45178437	1.39031243	1.58514881	1.44047141
0.00000340	1.49127007	1.46106875	1.51070964	1.45706332	1.48105419	1.29417384	1.54355597	1.43853331
0.00000380	1.42348516	1.44697475	1.65299261	1.37259579	1.55520439	1.37182426	1.40722394	1.42334437
0.00000420	1.50821638	1.42583394	1.43119860	1.50985539	1.44983304	1.50863683	1.49734175	1.42884302
0.00000460	1.40230227	1.38590121	1.62369907	1.42538798	1.32104564	1.39585888	1.55510950	1.42079782
0.00000500	1.47432387	1.51509535	1.28054619	1.48169959	1.42056322	1.45686996	1.46499169	1.43787980
0.00000540	1.53787231	1.48220956	1.57766640	1.45354378	1.46934628	1.53082275	1.44419539	1.42812192
0.00000580	1.46161413	1.47281361	1.50234008	1.47466063	1.46739495	1.47535813	1.40722394	1.43186283
0.00000620	1.43195820	1.43757880	1.41445947	1.54153073	1.45763826	1.43838167	1.43033111	1.42985713
0.00000700	1.50397980	1.49160552	1.45003021	1.43418670	1.37080443	1.45317233	1.41415608	1.43769956
0.00000780	1.54846370	1.38120317	1.50234008	1.40779054	1.49373782	1.39493442	1.43495250	1.43188536
0.00000860	1.48067868	1.45402169	1.50024772	1.43594646	1.45080864	1.39401007	1.46614707	1.43027413
0.00000940	1.41501200	1.42818296	1.41655183	1.44298542	1.37763405	1.45317233	1.48001134	1.42337823
0.00001020	1.41713023	1.43288088	1.47513902	1.50809562	1.43812501	1.37737072	1.45574892	1.43777835
0.00001100	1.34934521	1.41056550	1.45003021	1.31804395	1.39422035	1.43006206	1.37256324	1.43185151
0.00001180	1.42560339	1.45049822	1.48978579	1.45706332	1.40690386	1.46981168	1.48925424	1.43258393
0.00001260	1.37052810	1.44814932	1.38935077	1.40603089	1.36982882	1.45686996	1.52969170	1.43287694
0.00001420	1.43619478	1.39412260	1.32553267	1.43154705	1.41129434	1.40048087	1.39798105	1.42692196
0.00001580	1.40547967	1.45930696	1.44375300	1.38227439	1.35909653	1.38384151	1.37256324	1.42707407
0.00001740	1.37794209	1.37767971	1.45107639	1.42362821	1.37763405	1.42451560	1.39682567	1.42700076
0.00001900	1.37158728	1.41350174	1.39772034	1.43066716	1.34494936	1.38753915	1.41068995	1.42729378
0.00002060	1.35146356	1.38531387	1.33704090	1.35939777	1.37373137	1.42220449	1.37949538	1.42215562
0.00002220	1.30697966	1.40586758	1.34436429	1.41043019	1.36348701	1.35980690	1.40433550	1.41982889
0.00002380	1.35464096	1.40058231	1.37784255	1.44298542	1.32592404	1.35426044	1.33674717	1.42635286
0.00002540	1.35675919	1.34009600	1.30774736	1.30044651	1.35568166	1.35934472	1.35927665	1.41776681
0.00002860	1.26849341	1.33871055	1.37430739	1.35552061	1.33393574	1.33886254	1.36096263	1.42008126
0.00003180	1.30027187	1.33256423	1.31883264	1.29176760	1.29555261	1.32843351	1.33524048	1.41802704
0.00003500	1.27378976	1.31354022	1.29580545	1.30407846	1.32932007	1.32124901	1.32974923	1.41577613
0.00003820	1.31298339	1.31149137	1.28481519	1.25967121	1.27514637	1.32518888	1.29188848	1.41581953
0.00004140	1.23671484	1.30768657	1.26597476	1.27857733	1.31110024	1.29506040	1.29102147	1.41585910
0.00004460	1.27114165	1.31441820	1.27853501	1.26450765	1.27587521	1.28972995	1.29131043	1.41281879
0.00004780	1.24730766	1.24593151	1.29004860	1.26186967	1.26445746	1.25682044	1.24824750	1.40730715
0.00005100	1.19858062	1.27080917	1.27644169	1.25351584	1.24332237	1.26076031	1.29131043	1.40908206
0.00005740	1.18614244	1.22230911	1.21546662	1.21567202	1.23204446	1.24804652	1.24100709	1.40133810
0.00006380	1.17689979	1.21513891	1.22987628	1.18620920	1.20751464	1.20186186	1.21619928	1.39766479
0.00007020	1.12688088	1.19392073	1.19769692	1.16885734	1.19998133	1.19490123	1.18114388	1.39531004
0.00007660	1.14620042	1.20021307	1.19481909	1.12708104	1.18345666	1.17834389	1.20423567	1.38930523
0.00008300	1.14699435	1.18645787	1.16449082	1.13543630	1.17835343	1.16746020	1.16700017	1.38071299
0.00008940	1.10597348	1.13364637	1.15795028	1.12686121	1.13849986	1.15923941	1.13423884	1.38099849
0.00009580	1.11655951	1.13115871	1.17155468	1.14599037	1.10775912	1.12739849	1.15487707	1.37612069
0.00010220	1.07950854	1.11111104	1.12186503	1.13191831	1.12050426	1.13700867	1.12572372	1.37302029
0.00011500	1.09864140	1.11918354	1.13381374	1.11055553	1.10630870	1.11328709	1.10375893	1.36168671
0.00012780	1.09905696	1.10939550	1.09000933	1.08451390	1.08678699	1.10281110	1.07738113	1.35394645
0.00014060	1.07219911	1.07706308	1.08801115	1.06627393	1.08373582	1.07566631	1.08538103	1.34747493
0.00015340	1.05499947	1.07340562	1.08461154	1.07396555	1.06368005	1.07602561	1.07599831	1.34029508
0.00016620	1.05911887	1.06322432	1.08173501	1.03882003	1.06027675	1.06654549	1.06900764	1.33454740
0.00017900	1.04165435	1.04025543	1.04800022	1.05815923	1.07066917	1.04923952	1.05935025	1.32862771
0.00019180	1.01424944	1.05422699	1.03832436	1.05728018	1.04350281	1.05410135	1.05055785	1.32188022
0.00020460	1.03105223	1.01487267	1.04577744	1.04980814	1.06033742	1.04083526	1.03549528	1.31593704
0.00023020	1.03684700	1.01658785	1.03385270	1.02903736	1.03756440	1.02388418	1.02114320	1.30408204
0.00025580	1.02156425	1.02112269	1.02734900	1.02307343	1.03014481	1.01540709	1.02904618	1.29343247
0.00028140	1.00423050	1.02467012	1.01257169	1.01390052	1.01059222	1.02206147	1.00684619	1.28488886
0.00030700	0.99304956	1.00901747	1.00884461	1.02027214	1.01087296	1.01361322	1.00428069	1.27595961
0.00033260	1.01283121	1.00488484	1.00215828	1.02647889	1.00978994	1.01271629	1.00749564	1.26798415
0.00035820	1.00547040	1.00269043	1.00268137	1.00137711	1.01331735	1.01118290	0.99364263	1.25939822
0.00038380	1.01235092	1.00685966	1.01508749	0.99945468	1.02203262	1.01176155	1.00652421	1.25106704
0.00040940	0.99739915	0.99182868	0.99705827	0.99599427	1.01138997	1.00597513	1.00199044	1.24344027
0.00046060	1.00969350	1.00354457	0.99093938	1.01455200	1.00789821	0.99761480	0.99896455	1.22998571
0.00051180	0.99775010	1.01111209	0.99667507	1.00809562	1.00462413	1.00534248	1.00474846	1.21504414
0.00056300	1.00924742	1.00616038	0.99247473	1.00831163	1.00556719	1.00817168	0.99151605	1.20229411
0.00061420	0.99933815	1.00054038	0.99718118	1.00209081	0.99149626	0.99989951	1.00553417	1.19087982
0.00066540	0.99288678	1.01096189	0.99876583	1.00976777	1.00149047	0.99921709	0.99895751	1.17948401
0.00071660	0.99636060	1.00070500	1.01226401	0.99605870	0.99821955	1.00626099	0.99681342	1.16900015
0.00076780	1.01392829	0.99739397	0.98976195	1.00469720	1.00146317	0.99662238	0.99566025	1.15809035
0.00081900	1.00837016	0.99503416	0.99298173	0.98839068	0.99325305	1.00743151	0.99701709	1.14935243
0.00092140	1.00773132	0.99632400	1.00122440	0.99952239	1.00482523	1.00724471	1.00390315	1.13478720
0.00102380	0.99897891	1.00601864	1.00267768	0.99572635	0.99818391	1.00968182	1.00387979	1.12048578
0.00112620	0.98847276	1.00984550	1.00486577	1.00002909	1.00570095	1.00155258	0.99444598	1.10766423
0.00122860	0.99692732	1.00116062	1.00305450	1.00820160	1.00624573	1.00547051	0.99508572	1.09648883
0.00133100	1.00197315	1.00206661	0.99660420	0.99624348	1.00080681	1.00209475	1.00546014	1.08675909
0.00143340	1.00103009	0.99743938	1.00798607	1.00053227	1.00216186	0.99741518	1.00126481	1.07856607
0.00153580	1.00083065	0.99631029	1.00868821	1.00203001	0.99722511	1.00213897	0.99763656	1.07208121
0.00163820	0.99905914	0.99656421	0.99995178	0.99998266	0.99913579	1.00739121	1.00346327	1.06529427
0.00184300	1.00242770	0.99975383	1.00653660	1.00152206	1.00433862	1.00549603	0.99525952	1.05412173
0.00204780	0.99853325	1.00543821	1.00408721	0.99839699	1.00445640	1.00036550	0.99582309	1.04413140
0.00225260	0.99132413	0.99970955	1.00645494	1.00298846	1.00060809	0.99660295	1.00447190	1.03811526
0.00245740	0.99872422	1.00390041	0.99699390	1.00021577	1.00354660	0.99998707	0.99822658	1.03189528
0.00266220	0.99821740	0.99865842	0.99755806	0.99573070	0.99926847	1.00047278	0.99815339	1.02829039
0.00286700	1.00168073	0.99757296	1.00486267	1.00260186	0.99531072	1.00041139	0.99694651	1.02331352
0.00307180	1.00163937	0.99618441	1.01287353	0.99909145	0.99798661	0.99353272	0.99643070	1.02056456
0.00327660	1.00170505	0.99866408	1.00490665	1.00198114	0.99840105	0.99522549	1.00098526	1.01791310
0.00368620	1.00029671	1.00028837	0.99707001	1.00240910	1.00231946	0.99862474	0.99913538	1.01272607
0.00409580	0.99855578	0.99906832	0.99854344	0.99539894	1.00208557	0.99946237	1.00000095	1.00698864
0.00450540	1.00116682	0.99580908	1.00524712	1.00353849	0.99792987	0.99735928	0.99819314	1.00251257
0.00491500	0.99857163	1.00039029	1.00393772	1.00101352	0.99534440	1.00009525	0.99905473	1.00306976
0.00532460	0.99929857	0.99740320	1.00403225	1.00380027	0.99816751	0.99575335	0.99686205	0.99897492
0.00573420	0.99912554	0.99969882	1.00087428	1.00486410	1.00030708	1.00350034	0.99973464	0.99607229
0.00614380	0.99651545	1.00097454	1.00439274	1.00056815	0.99882388	0.99847162	0.99887711	0.99458134
0.00655340	1.00244701	0.99953401	1.00045025	0.99952298	1.00487363	0.99664688	0.99957782	0.99803156
0.00737260	1.00078881	1.00020075	1.00197566	1.00000632	1.00259268	0.99909890	0.99752849	1.00137043
0.00819180	0.99996477	1.00584507	1.00017107	0.99677008	1.00043571	1.00147581	0.99952728	1.00629795
0.00901100	1.00263226	0.99723923	0.99760526	1.00238597	1.00070524	0.99773568	1.00335264	1.00307584
0.00983020	1.00216591	1.00039983	0.99653655	0.99682367	0.99941605	1.00369263	0.99486870	0.99952716
0.01064940	1.00238049	0.99913597	1.00151825	0.99913448	0.99878395	1.00056171	0.99796104	1.00009799
0.01146860	0.99914402	1.00066316	0.99834359	0.99745286	0.99918061	0.99791378	1.00274336	0.99917096
0.01228780	0.99583453	0.99656343	1.00070727	0.99982572	0.99989027	0.99746543	1.00193822	0.99956793
0.01310700	1.00009322	0.99612707	0.99933249	0.99993753	1.00049841	1.00163281	0.99571723	1.00352347
0.01474540	1.00098741	1.00078392	0.99953729	0.99705625	0.99682176	0.99957043	1.00044441	1.00332427
0.01638380	1.00234342	1.00062239	1.00430501	0.99941808	0.99950296	0.99927157	0.99815947	1.00265419
0.01802220	1.00164926	1.00307941	1.00260818	1.00048888	1.00029147	0.99795890	1.00033414	1.00112915
0.01966060	1.00042450	1.00181973	1.00105131	1.00063396	0.99912679	0.99775469	1.00273633	0.99774969
0.02129900	1.00166500	0.99922329	1.00549877	1.00508296	0.99844015	0.99930727	1.00218272	1.00209737
0.02293740	0.99961245	0.99660009	0.99992722	1.00076342	1.00093043	1.00077784	0.99995852	1.00242019
0.02457580	0.99643171	0.99751580	1.00081718	0.99801129	0.99901938	0.99957788	1.00101376	1.00151312
0.02621420	1.00049996	0.99890238	1.00071073	1.00162208	0.99925017	1.00162625	0.99992263	1.00149834
0.02949100	1.00213063	1.00095069	1.00060844	1.00040150	0.99917352	1.00042093	0.99984592	0.99950260
0.03276780	0.99914801	0.99818218	1.00161076	1.00146818	1.00045609	1.00047219	1.00102127	0.99917519
0.03604460	1.00036359	1.00237906	1.00169027	1.00104070	1.00059760	1.00121748	0.99966216	1.00168276
0.03932140	0.99833763	0.99919456	0.99905699	1.00082874	1.00063944	0.99986500	1.00100672	1.00059927
0.04259820	1.00106990	1.00064564	1.00158048	0.99870294	0.99950916	1.00133729	1.00004387	0.99970186
0.04587500	0.99881136	0.99955934	1.00123155	0.99976605	1.00040281	1.00084984	1.00223947	0.99775851
0.04915180	1.00226748	0.99942744	0.99985999	1.00027299	0.99981278	1.00020087	1.00038230	1.00147617
0.05242860	1.00040722	0.99864435	1.00095236	1.00056088	0.99832618	0.99888557	1.00024521	1.00500369
0.05898220	1.00104904	0.99859643	0.99956095	1.00044954	0.99918228	1.00008285	0.99941373	1.00367212
0.06553581	1.00035548	0.99969929	1.00040948	1.00147891	1.00023687	1.00041091	0.99987268	1.00711870
0.07208940	0.99871612	0.99987662	1.00031209	1.00008965	0.99919176	0.99955958	0.99976355	1.00378168
0.07864300	1.00104713	0.99963272	1.00167930	0.99930954	1.00051737	1.00062203	1.00008845	1.00243807
0.08519660	1.00151467	1.00095892	1.00167596	1.00091851	1.00047064	0.99948317	0.99997562	1.00179458
0.09175020	1.00073862	0.99995446	1.00086153	1.00022030	1.00001776	0.99909186	1.00039518	1.00005150
0.09830380	1.00116098	1.00012696	1.00061905	0.99965280	1.00080276	1.00110137	1.00028515	1.00393176
0.10485740	1.00173259	1.00076437	1.00146925	1.00090218	1.00015736	1.00025344	1.00014913	1.00154412
0.11796460	1.00053966	0.99995947	1.00065064	1.00126374	1.00107598	1.00019467	0.99891001	1.00263798
0.13107181	1.00072372	0.99980676	1.00029266	1.00003088	0.99995345	1.00012040	0.99992335	1.00041497
0.14417900	1.00002384	1.00006270	0.99946296	0.99919456	1.00074446	1.00084567	0.99975002	0.99967527
0.15728620	1.00061333	1.00022244	1.00070322	1.00061476	0.99916643	0.99989885	1.00023663	0.99913520
0.17039341	0.99934113	0.99912584	0.99943119	1.00027657	1.00061882	0.99986106	1.00021172	1.00016820
0.18350060	1.00038123	1.00068939	1.00136697	1.00059915	0.99963707	0.99987072	1.00007284	1.00140131
0.19660780	1.00034821	1.00040054	0.99991047	0.99983037	0.99990743	1.00021303	1.00018573	0.99816310
0.20971501	0.99998409	0.99943864	1.00076663	0.99994010	1.00120401	0.99971414	0.99993098	0.99848223
0.23592941	1.00079429	1.00045335	1.00069749	1.00014222	1.00019133	0.99964470	1.00041389	0.99961579
0.26214382	1.00022459	1.00032365	0.99970984	0.99951571	1.00086808	1.00024831	1.00039542	1.00013936
0.28835821	0.99934429	1.00036240	0.99930453	0.99952108	0.99973261	1.00003755	0.99962664	1.00244474
0.31457260	1.00035191	1.00007069	1.00086999	1.00037050	0.99953741	1.00062895	0.99988550	0.99863505
0.34078699	1.00052726	0.99966127	1.00021207	0.99975520	1.00052118	1.00008178	1.00020289	1.00341451
0.36700141	1.00047827	1.00006151	0.99954957	1.00070071	1.00001740	0.99954492	0.99961662	0.99893820
0.39321581	1.00057256	1.00053990	1.00040519	0.99962765	1.00033998	1.00030637	0.99967372	1.00017488
0.41943020	1.00001585	0.99975085	1.00095212	1.00052881	1.00023913	1.00052965	1.00030053	0.99612468
0.47185901	1.00052452	0.99997157	0.99947232	1.00062966	1.00048447	1.00019395	0.99989599	0.99919862
0.52428782	1.00015116	1.00038946	0.99940252	0.99982464	1.00011849	0.99996310	0.99978423	0.99913043
0.57671660	0.99983305	0.99969244	0.99988294	1.00000358	0.99986136	0.99992645	1.00042045	0.99724925
0.62914538	1.00061619	1.00013173	0.99945450	0.99955535	1.00039542	1.00003946	1.00043130	0.99923468
0.68157423	0.99995571	0.99984950	0.99885160	0.99970961	0.99963617	1.00006497	1.00041950	0.99880069
0.73400301	1.00085509	0.99948674	0.99946767	1.00013232	1.00065804	1.00022686	1.00013888	0.99889123
0.78643179	0.99961776	1.00065577	0.99953449	0.99968404	0.99981511	1.00046492	0.99917871	1.00126410
0.83886063	1.00047171	0.99978751	0.99958819	1.00022817	1.00008214	1.00010276	1.00026703	0.99930447
0.94371825	0.99985451	0.99972588	0.99963868	0.99985111	1.00011444	1.00017691	1.00007021	1.00083470
1.04857588	0.99971700	0.99969351	0.99933064	0.99993271	0.99990016	0.99979770	0.99958628	0.99988002
1.15343344	0.99990392	0.99992770	1.00051093	1.00020492	1.00001848	1.00023627	1.00018871	0.99986821
1.25829101	1.00031531	0.99983960	0.99981695	1.00031519	0.99995929	0.99997252	1.00034249	0.99954784
1.36314869	1.00038946	0.99995351	0.99998719	0.99992162	1.00011885	1.00003386	0.99980825	0.99762750
1.46800625	0.99975419	0.99983299	0.99946803	1.00035572	0.99992341	0.99981689	0.99977547	1.00025237
1.57286382	0.99903059	1.00021815	0.99965852	1.00002050	0.99979848	0.99961555	0.99974394	1.00102258
1.67772150	0.99951404	0.99995816	0.99996406	0.99958318	1.00006592	0.99972183	0.99968284	0.99809271
1.88743675	0.99929440	1.00005794	1.00023556	1.00019205	1.00018430	0.99974847	1.00027883	1.00321627
2.09715199	0.99985772	1.00001740	1.00048220	0.99981534	0.99981660	0.99975467	0.99992055	0.99916852
2.30686712	0.99920100	0.99997061	1.00012434	1.00035048	0.99968016	0.99972373	0.99972290	0.99913138
2.51658225	1.00009739	0.99992841	0.99979609	1.00005078	0.99985629	0.99970299	1.00025475	0.99817884
2.72629738	1.00002754	0.99990821	0.99923950	1.00008571	1.00001931	0.99984986	0.99999404	0.99903965
2.93601274	0.99996465	0.99997199	0.99989748	0.99958557	0.99978101	0.99961704	0.99999011	1.00023472
3.14572787	0.99994481	0.99979198	1.00024843	1.00017905	0.99983978	0.99995393	1.00043058	1.00193477
3.35544300	1.00027907	0.99989623	1.00035858	0.99973524	1.00013661	1.00004125	0.99997735	0.99903196
3.77487350	1.00007522	1.00018907	1.00021398	0.99989003	1.00011623	0.99998301	1.00022447	0.99947977
4.19430399	0.99986577	0.99994630	0.99972236	0.99993426	1.00000036	1.00010705	0.99975276	0.99840128
4.61373425	1.00000894	0.99992412	0.99992961	1.00014937	1.00002587	1.00005436	0.99996626	0.99871409
5.03316450	1.00000000	1.00000000	1.00000000	1.00000000	1.00000000	1.00000000	1.00000000	1.00000000
5.45259476	0.00000000	0.00000000	0.00000000	0.00000000	0.00000000	0.00000000	0.00000000	0.00000000
5.87202549	0.00000000	0.00000000	0.00000000	0.00000000	0.00000000	0.00000000	0.00000000	0.00000000
6.29145575	0.00000000	0.00000000	0.00000000	0.00000000	0.00000000	0.00000000	0.00000000	0.00000000
6.71088600	0.00000000	0.00000000	0.00000000	0.00000000	0.00000000	0.00000000	0.00000000	0.00000000
7.54974699	0.00000000	0.00000000	0.00000000	0.00000000	0.00000000	0.00000000	0.00000000	0.00000000
8.38860798	0.00000000	0.00000000	0.00000000	0.00000000	0.00000000	0.00000000	0.00000000	0.00000000
9.22746849	0.00000000	0.00000000	0.00000000	0.00000000	0.00000000	0.00000000	0.00000000	0.00000000
10.06632900	0.00000000	0.00000000	0.00000000	0.00000000	0.00000000	0.00000000	0.00000000	0.00000000
10.90518951	0.00000000	0.00000000	0.00000000	0.00000000	0.00000000	0.00000000	0.00000000	0.00000000
11.74405098	0.00000000	0.00000000	0.00000000	0.00000000	0.00000000	0.00000000	0.00000000	0.00000000
12.58291149	0.00000000	0.00000000	0.00000000	0.00000000	0.00000000	0.00000000	0.00000000	0.00000000
13.42177200	0.00000000	0.00000000	0.00000000	0.00000000	0.00000000	0.00000000	0.00000000	0.00000000
15.09949398	0.00000000	0.00000000	0.00000000	0.00000000	0.00000000	0.00000000	0.00000000	0.00000000
16.77721596	0.00000000	0.00000000	0.00000000	0.00000000	0.00000000	0.00000000	0.00000000	0.00000000
18.45493698	0.00000000	0.00000000	0.00000000	0.00000000	0.00000000	0.00000000	0.00000000	0.00000000
20.13265800	0.00000000	0.00000000	0.00000000	0.00000000	0.00000000	0.00000000	0.00000000	0.00000000
21.81037903	0.00000000	0.00000000	0.00000000	0.00000000	0.00000000	0.00000000	0.00000000	0.00000000
23.48810196	0.00000000	0.00000000	0.00000000	0.00000000	0.00000000	0.00000000	0.00000000	0.00000000
25.16582298	0.00000000	0.00000000	0.00000000	0.00000000	0.00000000	0.00000000	0.00000000	0.00000000
26.84354401	0.00000000	0.00000000	0.00000000	0.00000000	0.00000000	0.00000000	0.00000000	0.00000000
30.19898796	0.00000000	0.00000000	0.00000000	0.00000000	0.00000000	0.00000000	0.00000000	0.00000000
33.55443192	0.00000000	0.00000000	0.00000000	0.00000000	0.00000000	0.00000000	0.00000000	0.00000000
36.90987396	0.00000000	0.00000000	0.00000000	0.00000000	0.00000000	0.00000000	0.00000000	0.00000000
40.26531601	0.00000000	0.00000000	0.00000000	0.00000000	0.00000000	0.00000000	0.00000000	0.00000000
43.62075806	0.00000000	0.00000000	0.00000000	0.00000000	0.00000000	0.00000000	0.00000000	0.00000000
46.97620392	0.00000000	0.00000000	0.00000000	0.00000000	0.00000000	0.00000000	0.00000000	0.00000000
50.33164597	0.00000000	0.00000000	0.00000000	0.00000000	0.00000000	0.00000000	0.00000000	0.00000000
53.68708801	0.00000000	0.00000000	0.00000000	0.00000000	0.00000000	0.00000000	0.00000000	0.00000000
60.39797592	0.00000000	0.00000000	0.00000000	0.00000000	0.00000000	0.00000000	0.00000000	0.00000000
67.10886383	0.00000000	0.00000000	0.00000000	0.00000000	0.00000000	0.00000000	0.00000000	0.00000000
73.81974792	0.00000000	0.00000000	0.00000000	0.00000000	0.00000000	0.00000000	0.00000000	0.00000000
80.53063202	0.00000000	0.00000000	0.00000000	0.00000000	0.00000000	0.00000000	0.00000000	0.00000000
87.24151611	0.00000000	0.00000000	0.00000000	0.00000000	0.00000000	0.00000000	0.00000000	0.00000000
93.95240784	0.00000000	0.00000000	0.00000000	0.00000000	0.00000000	0.00000000	0.00000000	0.00000000
100.66329193	0.00000000	0.00000000	0.00000000	0.00000000	0.00000000	0.00000000	0.00000000	0.00000000
107.37417603	0.00000000	0.00000000	0.00000000	0.00000000	0.00000000	0.00000000	0.00000000	0.00000000
120.79595184	0.00000000	0.00000000	0.00000000	0.00000000	0.00000000	0.00000000	0.00000000	0.00000000
134.21772766	0.00000000	0.00000000	0.00000000	0.00000000	0.00000000	0.00000000	0.00000000	0.00000000
147.63949585	0.00000000	0.00000000	0.00000000	0.00000000	0.00000000	0.00000000	0.00000000	0.00000000
161.06126404	0.00000000	0.00000000	0.00000000	0.00000000	0.00000000	0.00000000	0.00000000	0.00000000
174.48303223	0.00000000	0.00000000	0.00000000	0.00000000	0.00000000	0.00000000	0.00000000	0.00000000
187.90481567	0.00000000	0.00000000	0.00000000	0.00000000	0.00000000	0.00000000	0.00000000	0.00000000
201.32658386	0.00000000	0.00000000	0.00000000	0.00000000	0.00000000	0.00000000	0.00000000	0.00000000
214.74835205	0.00000000	0.00000000	0.00000000	0.00000000	0.00000000	0.00000000	0.00000000	0.00000000
241.59190369	0.00000000	0.00000000	0.00000000	0.00000000	0.00000000	0.00000000	0.00000000	0.00000000
268.43545532	0.00000000	0.00000000	0.00000000	0.00000000	0.00000000	0.00000000	0.00000000	0.00000000
295.27899170	0.00000000	0.00000000	0.00000000	0.00000000	0.00000000	0.00000000	0.00000000	0.00000000
322.12252808	0.00000000	0.00000000	0.00000000	0.00000000	0.00000000	0.00000000	0.00000000	0.00000000
348.96606445	0.00000000	0.00000000	0.00000000	0.00000000	0.00000000	0.00000000	0.00000000	0.00000000
375.80963135	0.00000000	0.00000000	0.00000000	0.00000000	0.00000000	0.00000000	0.00000000	0.00000000
402.65316772	0.00000000	0.00000000	0.00000000	0.00000000	0.00000000	0.00000000	0.00000000	0.00000000
429.49670410	0.00000000	0.00000000	0.00000000	0.00000000	0.00000000	0.00000000	0.00000000	0.00000000
483.18380737	0.00000000	0.00000000	0.00000000	0.00000000	0.00000000	0.00000000	0.00000000	0.00000000
536.87091064	0.00000000	0.00000000	0.00000000	0.00000000	0.00000000	0.00000000	0.00000000	0.00000000
590.55798340	0.00000000	0.00000000	0.00000000	0.00000000	0.00000000	0.00000000	0.00000000	0.00000000
644.24505615	0.00000000	0.00000000	0.00000000	0.00000000	0.00000000	0.00000000	0.00000000	0.00000000
697.93212891	0.00000000	0.00000000	0.00000000	0.00000000	0.00000000	0.00000000	0.00000000	0.00000000
751.61926270	0.00000000	0.00000000	0.00000000	0.00000000	0.00000000	0.00000000	0.00000000	0.00000000
805.30633545	0.00000000	0.00000000	0.00000000	0.00000000	0.00000000	0.00000000	0.00000000	0.00000000
858.99340820	0.00000000	0.00000000	0.00000000	0.00000000	0.00000000	0.00000000	0.00000000	0.00000000
966.36761475	0.00000000	0.00000000	0.00000000	0.00000000	0.00000000	0.00000000	0.00000000	0.00000000
1073.74182129	0.00000000	0.00000000	0.00000000	0.00000000	0.00000000	0.00000000	0.00000000	0.00000000
1181.11596680	0.00000000	0.00000000	0.00000000	0.00000000	0.00000000	0.00000000	0.00000000	0.00000000
1288.49011230	0.00000000	0.00000000	0.00000000	0.00000000	0.00000000	0.00000000	0.00000000	0.00000000
1395.86425781	0.00000000	0.00000000	0.00000000	0.00000000	0.00000000	0.00000000	0.00000000	0.00000000
1503.23852539	0.00000000	0.00000000	0.00000000	0.00000000	0.00000000	0.00000000	0.00000000	0.00000000
1610.61267090	0.00000000	0.00000000	0.00000000	0.00000000	0.00000000	0.00000000	0.00000000	0.00000000
1717.98681641	0.00000000	0.00000000	0.00000000	0.00000000	0.00000000	0.00000000	0.00000000	0.00000000
1932.73522949	0.00000000	0.00000000	0.00000000	0.00000000	0.00000000	0.00000000	0.00000000	0.00000000
2147.48364258	0.00000000	0.00000000	0.00000000	0.00000000	0.00000000	0.00000000	0.00000000	0.00000000
2362.23193359	0.00000000	0.00000000	0.00000000	0.00000000	0.00000000	0.00000000	0.00000000	0.00000000
2576.98022461	0.00000000	0.00000000	0.00000000	0.00000000	0.00000000	0.00000000	0.00000000	0.00000000
2791.72851562	0.00000000	0.00000000	0.00000000	0.00000000	0.00000000	0.00000000	0.00000000	0.00000000
3006.47705078	0.00000000	0.00000000	0.00000000	0.00000000	0.00000000	0.00000000	0.00000000	0.00000000
3221.22534180	0.00000000	0.00000000	0.00000000	0.00000000	0.00000000	0.00000000	0.00000000	0.00000000
3435.97363281	0.00000000	0.00000000	0.00000000	0.00000000	0.00000000	0.00000000	0.00000000	0.00000000
0	0	0	0	0	0	0	0	0
