%6/10/2015 7:06:24 PM
%Duration	ID1		ID2		ID3		ID4		ID5		ID6		ID7		ID8
3000.000000	20.027161	17.204285	18.968582	22.315979	22.621155	22.268295	24.518967	240.764618
%Tau		Tau1		Tau2		Tau3		Tau4		Tau5		Tau6		Tau7		Tau8
%		0.000048	0.000016	0.000024	0.000035	0.000057	0.000051	0.000048	0.000192
%Delaytime	D1		D2		D3		D4		D5		D6		D7		D8
0.00000000	2.11060858	5.59250498	4.70463228	3.99119353	3.23537445	2.22921276	2.58615422	1.60476840
0.00000020	1.61500013	1.92714703	1.98294413	1.77236044	1.45055783	1.51747620	1.40249121	1.45966911
0.00000040	1.54664040	1.65004098	1.61357212	1.52206528	1.45055783	1.49733269	1.32789063	1.44734693
0.00000060	1.49537051	1.70042384	1.49692833	1.27853489	1.43794429	1.45704567	1.33783746	1.43992853
0.00000080	1.53809536	1.51148784	1.34140337	1.54235947	1.43794429	1.44361675	1.47709191	1.43496192
0.00000100	1.54664040	1.53667939	1.54552996	1.57618320	1.43794429	1.63162255	1.58650613	1.45080471
0.00000120	1.38428581	1.32255185	1.19559860	1.49500632	1.48209167	1.46376014	1.41243804	1.42634904
0.00000140	1.55518532	1.57446659	1.31224239	1.59647739	1.43794429	1.55776310	1.54671907	1.43326449
0.00000160	1.33301604	1.32255185	1.59413147	1.27177012	1.47578490	1.47718918	1.56661260	1.44979882
0.00000180	1.51246047	1.41072202	1.47748780	1.56265366	1.45055783	1.39661527	1.33783746	1.45614851
0.00000200	1.50391555	1.37293482	1.24420023	1.38000584	1.50101197	1.53090513	1.48206520	1.44288337
0.00000220	1.35010600	1.41072202	1.40944552	1.52883005	1.38118327	1.34961379	1.43730485	1.43295014
0.00000240	1.45264566	1.28476465	1.38028467	1.44765317	1.43163753	1.32275581	1.30302382	1.43986571
0.00000260	1.64918005	1.39812624	1.16643775	1.38000584	1.26766133	1.43690217	1.48206520	1.45130765
0.00000280	1.36719596	1.43591344	1.39000487	1.38000584	1.51993227	1.32275581	1.44227827	1.43986571
0.00000300	1.47828054	1.63744521	1.33168304	1.47471213	1.42533076	1.44361675	1.56163919	1.44759846
0.00000340	1.47828054	1.29106259	1.53580964	1.32927036	1.37172318	1.49733269	1.36767769	1.42251408
0.00000380	1.43128324	1.55557299	1.46776748	1.43750608	1.44109762	1.39997244	1.30053711	1.43892264
0.00000420	1.53382289	1.38553059	1.52608931	1.47471213	1.49155188	1.48054647	1.38259780	1.43489909
0.00000460	1.49109805	1.46110499	1.39486504	1.47132981	1.32442236	1.43018770	1.47211850	1.43241584
0.00000500	1.37574089	1.37923265	1.47748780	1.40030003	1.49470520	1.46711743	1.49201202	1.43502486
0.00000540	1.57227528	1.25957322	1.49206817	1.38677061	1.40956378	1.25896811	1.52433896	1.42924094
0.00000580	1.47400808	1.34774339	1.55525029	1.36647642	1.49470520	1.37647176	1.38757110	1.43521345
0.00000620	1.33728850	1.24067962	1.56983078	1.50853586	1.33703589	1.49061823	1.55915248	1.43738234
0.00000700	1.51459670	1.46740282	1.33168304	1.49162400	1.35437953	1.43690217	1.40497792	1.43274581
0.00000780	1.42914701	1.34459448	1.39000487	1.41890311	1.38749003	1.50404716	1.41119468	1.44225466
0.00000860	1.39496708	1.25642431	1.33411312	1.38846183	1.44582772	1.49901128	1.46714509	1.43782246
0.00000940	1.44623697	1.38238168	1.34869361	1.47471213	1.34334266	1.41508007	1.40870798	1.42820370
0.00001020	1.33728850	1.35719013	1.43860650	1.40030003	1.38118327	1.49565411	1.36270428	1.43002677
0.00001100	1.27960992	1.45165813	1.46776748	1.32250559	1.45055783	1.38150764	1.42362809	1.42614472
0.00001180	1.35224223	1.45165813	1.46776748	1.39353538	1.36856973	1.38486481	1.37389433	1.43222725
0.00001260	1.53168666	1.43276453	1.37785459	1.39522648	1.34649599	1.36136413	1.40124798	1.42386580
0.00001420	1.37680900	1.35246670	1.40337038	1.36393964	1.33309412	1.36723936	1.38694942	1.42288339
0.00001580	1.40885270	1.44536030	1.36205900	1.33688068	1.33072913	1.36640000	1.39130116	1.41617227
0.00001740	1.36826408	1.37765825	1.34504843	1.35548365	1.33388245	1.39493656	1.34591913	1.41207016
0.00001900	1.36719596	1.34459448	1.37663949	1.39607215	1.35437953	1.37563241	1.35586584	1.41609371
0.00002060	1.34262908	1.33829653	1.30373716	1.28360844	1.33072913	1.34457791	1.36519098	1.41533923
0.00002220	1.28281426	1.26429665	1.39365005	1.33180714	1.36068630	1.34289920	1.36456931	1.41253376
0.00002380	1.31485796	1.23438179	1.35112369	1.30813050	1.33545923	1.35884619	1.35089254	1.40483248
0.00002540	1.27426934	1.28948808	1.29887700	1.29121876	1.29840684	1.38906145	1.30426717	1.40311146
0.00002860	1.32878590	1.27123690	1.35881555	1.26577365	1.30933285	1.30682242	1.31108105	1.39789152
0.00003180	1.33413100	1.26886511	1.28579366	1.29067552	1.27237260	1.31185353	1.24422085	1.39407551
0.00003500	1.22990203	1.27598023	1.30404913	1.24256015	1.27827060	1.26615465	1.27625155	1.38649058
0.00003820	1.28335285	1.30602193	1.26875532	1.21554792	1.26885247	1.26363909	1.25292826	1.38499784
0.00004140	1.26624858	1.25147259	1.19451642	1.20837283	1.23975575	1.26657391	1.24546480	1.37772405
0.00004460	1.26624858	1.25937831	1.24563169	1.19275641	1.23857617	1.26447761	1.21001339	1.36985552
0.00004780	1.23204005	1.20959747	1.22129107	1.23622906	1.20594072	1.22087491	1.21529996	1.36567116
0.00005100	1.16469216	1.25387037	1.20179665	1.21385968	1.20200872	1.22087491	1.17051923	1.36033297
0.00005740	1.16100073	1.18681943	1.20669007	1.17960095	1.18244016	1.16521335	1.19342268	1.34841752
0.00006380	1.13773251	1.10105860	1.15951800	1.17664397	1.18283355	1.17507923	1.16311634	1.33789313
0.00007020	1.12357688	1.12398076	1.14917064	1.10272098	1.12245274	1.16227460	1.14507866	1.32534134
0.00007660	1.14577556	1.11449575	1.11384749	1.11032450	1.13523698	1.14126635	1.13668191	1.31710386
0.00008300	1.11555326	1.08683097	1.10623920	1.10272098	1.09314740	1.12594306	1.12144315	1.30545855
0.00008940	1.09174979	1.09275913	1.09437037	1.09152687	1.12402618	1.12973845	1.11755574	1.29555166
0.00009580	1.05243397	1.09473515	1.09223998	1.09173810	1.09944117	1.09237444	1.09267628	1.28623283
0.00010220	1.07730722	1.04533374	1.07671916	1.08012164	1.08134663	1.07894015	1.06095493	1.27511275
0.00011500	1.07445693	1.04386902	1.07637930	1.04802477	1.06962907	1.08304167	1.05748045	1.25963998
0.00012780	1.06949031	1.07290387	1.09130144	1.03913462	1.05721498	1.06707132	1.05545819	1.24351358
0.00014060	1.05705285	1.05670762	1.04897106	1.02054083	1.06292224	1.03996372	1.05071366	1.22597861
0.00015340	1.03244531	1.04604173	1.06145704	1.02855432	1.05495179	1.04132962	1.04830253	1.20992982
0.00016620	1.02749705	1.01305664	1.03739870	1.01270771	1.03320527	1.03260899	1.03671348	1.19469476
0.00017900	1.03899848	1.00436592	1.03085124	1.01556015	1.03044999	1.03492045	1.03375793	1.18320084
0.00019180	1.00984383	1.03162313	1.05932534	1.02601886	1.00593352	1.02378333	1.03049123	1.16875279
0.00020460	1.02295005	1.01917958	1.02780592	1.01427698	1.01656067	1.00392544	1.02412665	1.15902328
0.00023020	1.02192664	1.01492929	1.00657392	0.99357164	1.00767517	1.01727259	1.01294255	1.13818550
0.00025580	1.03715360	1.00446808	1.00978756	1.00783503	0.99920934	1.02001703	1.01449728	1.11912405
0.00028140	1.00592935	1.00377727	1.00742912	1.00454092	0.99693066	1.01278996	1.00563526	1.10402942
0.00030700	1.01147878	0.99136287	1.00817156	0.98205948	1.00757670	1.00612485	0.99685109	1.08955455
0.00033260	1.00096452	0.98242265	1.00832367	1.00656164	1.00593770	1.00180614	0.99768031	1.07927263
0.00035820	0.98363090	1.01568329	0.99704611	0.98898780	0.99816114	0.99818498	1.00658119	1.06977797
0.00038380	1.00813377	1.01440024	1.00374079	0.99952018	0.99236780	1.00925839	1.00242233	1.05998337
0.00040940	1.00191605	0.99673361	0.99403930	1.00474501	1.00319612	1.00374794	0.99194068	1.05453479
0.00046060	1.00249708	1.00645101	0.99845690	0.98903131	1.00379288	0.99982345	0.99912781	1.04326117
0.00051180	0.99169385	1.00524735	1.00606382	1.00608563	1.00787580	0.98672318	0.99804699	1.03436470
0.00056300	1.01577544	1.00480390	1.00406635	0.99056113	0.99750578	0.99433273	1.00104392	1.02794063
0.00061420	1.00413597	0.98102975	1.00680482	0.99340975	1.00098217	0.99098742	1.00349700	1.02306521
0.00066540	1.00821650	1.00226974	0.99862719	0.99914855	0.99328977	0.99521798	1.00240326	1.01972091
0.00071660	1.00373387	1.00872552	1.00585401	1.00313139	0.99536532	1.00139868	1.00183368	1.01655924
0.00076780	0.99808151	1.02180600	1.00033879	0.99608886	0.99840802	0.99435163	0.99253231	1.01654983
0.00081900	0.99843305	0.99681228	1.00001466	1.00447667	1.00302863	1.00352931	0.99604702	1.01447129
0.00092140	1.00229728	0.97432429	1.00012231	1.00149846	0.99792480	1.00507307	1.00075412	1.01182723
0.00102380	1.00251544	1.00910211	0.99759209	0.99685472	1.00498307	0.99861795	1.00054395	1.00823414
0.00112620	0.99892068	0.99999958	0.99199533	0.99659085	0.99702102	0.98960251	1.00555992	1.00538576
0.00122860	1.00412309	1.00278568	1.00168419	0.99907106	0.99732375	1.00444126	1.00190210	1.00467026
0.00133100	1.00034201	0.98946160	1.00335789	0.99775177	0.99330872	1.00750029	1.00490952	1.00181806
0.00143340	0.99907124	0.98989660	1.00415897	0.99908423	1.00316572	1.00591075	1.00176656	0.99904406
0.00153580	1.00201488	1.00624585	0.99603021	1.00359809	1.00047553	1.00134695	1.00154018	0.99821538
0.00163820	0.99793386	0.99555576	0.99705821	1.00350380	1.00302768	1.00311816	0.99982959	0.99923211
0.00184300	0.99650306	0.99621063	1.00545144	1.00120425	0.99361819	0.99895412	0.99902809	0.99741608
0.00204780	0.99624425	1.00345337	1.00028729	0.99953544	0.99772668	0.99572051	1.00030160	0.99699217
0.00225260	1.00252056	1.00431156	0.99915677	1.00594521	0.99069506	1.00022256	0.99738848	0.99602467
0.00245740	0.99963671	0.99463677	1.00237978	0.99524891	1.00032187	1.00730479	1.00313234	0.99918246
0.00266220	1.00792384	0.99918896	1.00792265	1.00174570	1.00361729	1.00503004	1.00012624	1.00113153
0.00286700	1.00097179	0.99722534	1.00408971	1.00155187	0.99886310	1.00282335	1.00169909	1.00108337
0.00307180	1.00103784	0.99579960	0.99229711	0.99786663	1.00452971	1.00149190	1.00092053	1.00118661
0.00327660	1.00521624	1.00154757	0.99955362	0.99199325	1.00397670	0.99813455	0.99788672	0.99900544
0.00368620	0.99904251	0.99789459	1.00767672	1.00012863	0.99947453	1.00259626	1.00267375	0.99712300
0.00409580	0.99984819	1.00090539	1.00593293	1.00141501	1.00089025	0.99954093	1.00333798	0.99851775
0.00450540	1.00033295	1.00504482	1.00344861	1.00007784	0.99937928	0.99984396	0.99925381	0.99675697
0.00491500	1.00050998	0.99862659	1.00384212	1.00216842	0.99982768	1.00141096	0.99546903	0.99367261
0.00532460	0.99910557	1.00168180	1.00411618	1.00078571	0.99925798	1.00085139	1.00467706	0.99292034
0.00573420	0.99720407	0.99814850	1.00198412	1.00419211	1.00119996	0.99766803	0.99611497	0.99831873
0.00614380	0.99569297	1.00096667	0.99894649	1.00470638	1.00066555	0.99791723	0.99895978	1.00059474
0.00655340	1.00176013	1.00063252	0.99899399	1.00399709	0.99637216	1.00084758	1.00108361	0.99960309
0.00737260	1.00123441	1.00217378	0.99902868	1.00446630	1.00045907	0.99821711	1.00022566	0.99945515
0.00819180	0.99962336	1.00197756	1.00511742	1.00053942	1.00017416	0.99992430	0.99696177	1.00342870
0.00901100	1.00347137	0.99677843	1.00353193	1.00032425	1.00404346	0.99911231	0.99778044	1.00262392
0.00983020	0.99776226	1.00126803	1.00502253	1.00360560	0.99872398	1.00207853	0.99837244	1.00089896
0.01064940	1.00134218	1.00114417	1.00294065	1.00281179	0.99838692	0.99914879	0.99931186	1.00192678
0.01146860	1.00371504	0.99892932	0.99890202	0.99693286	1.00145924	1.00027502	0.99981308	1.00264609
0.01228780	1.00087488	1.00291491	0.99558794	1.00040412	1.00022948	0.99891812	0.99536818	1.00272083
0.01310700	1.00137460	1.00020313	1.00578523	1.00550246	0.99538881	1.00258315	0.99992150	0.99792194
0.01474540	0.99897254	0.99907875	0.99931043	1.00034153	1.00006628	1.00091708	1.00078022	0.99795580
0.01638380	1.00197303	0.99516451	1.00227404	1.00102866	1.00124013	0.99990237	1.00185776	1.00035703
0.01802220	1.00131261	1.00134802	1.00095117	1.00161719	1.00055611	0.99948138	1.00018394	1.00028896
0.01966060	1.00249016	1.00032723	1.00193250	0.99862367	1.00038552	1.00122976	1.00096476	1.00095224
0.02129900	0.99861705	1.00491512	1.00128758	1.00106204	1.00220239	1.00088561	0.99954301	1.00021422
0.02293740	1.00008869	1.00296879	0.99970639	0.99948323	1.00124383	0.99994618	0.99906963	1.00020337
0.02457580	1.00051308	1.00322354	1.00048172	1.00034928	0.99928927	0.99680340	0.99681896	1.00099254
0.02621420	1.00226259	0.99975204	1.00098693	1.00050223	1.00096452	0.99862635	0.99996394	0.99994749
0.02949100	1.00378096	0.99981940	1.00114036	1.00043178	1.00048244	1.00031435	0.99849087	0.99791932
0.03276780	1.00004911	1.00083864	0.99805790	0.99979377	0.99936545	0.99877584	1.00090551	0.99948394
0.03604460	0.99846035	1.00269103	0.99836218	0.99998337	1.00098026	0.99870420	1.00246310	1.00100708
0.03932140	1.00035000	1.00112402	1.00064170	0.99949723	1.00015974	0.99964416	1.00196421	1.00149894
0.04259820	1.00141454	1.00059223	1.00133336	0.99903673	1.00055635	1.00028956	1.00195932	1.00123942
0.04587500	1.00037789	1.00171614	1.00141811	1.00036883	1.00039732	0.99936289	1.00090635	1.00043833
0.04915180	1.00103617	0.99949479	0.99999148	1.00017035	0.99865723	0.99935293	0.99968731	0.99904513
0.05242860	1.00013232	0.99989873	0.99879980	0.99883944	1.00117648	0.99814802	1.00107646	0.99873859
0.05898220	1.00005484	0.99961275	1.00035274	1.00051939	0.99963760	1.00115669	0.99998540	1.00103104
0.06553581	1.00082600	1.00067365	1.00109112	1.00062513	0.99911672	0.99998033	0.99910522	0.99999630
0.07208940	1.00017416	1.00171542	1.00164449	1.00007653	1.00007880	1.00148833	1.00006878	0.99996960
0.07864300	0.99923050	1.00087953	0.99954802	1.00071061	0.99947751	0.99933392	0.99999303	0.99922758
0.08519660	1.00046682	1.00088239	1.00191450	0.99964166	0.99924749	0.99899083	1.00003982	0.99950939
0.09175020	0.99983078	0.99933112	1.00141060	1.00029314	1.00005019	1.00168145	1.00002372	0.99852657
0.09830380	1.00058293	1.00121701	1.00182569	1.00037575	0.99936527	1.00100374	1.00080991	1.00052595
0.10485740	0.99982899	1.00131857	1.00057685	1.00047338	0.99915773	0.99888450	0.99972171	0.99868149
0.11796460	0.99961954	0.99892181	1.00068247	0.99986762	0.99959373	1.00010824	0.99985474	1.00050545
0.13107181	1.00005054	0.99976218	1.00069058	1.00001037	1.00047636	0.99986434	1.00041163	1.00013316
0.14417900	0.99900723	1.00018251	1.00046289	0.99890941	0.99922103	0.99912435	1.00027359	1.00010252
0.15728620	0.99906826	0.99902052	1.00045681	1.00008416	0.99955970	1.00047719	0.99881029	1.00029612
0.17039341	0.99898332	1.00114512	1.00088930	0.99927169	1.00047469	1.00057328	0.99983335	0.99948794
0.18350060	0.99959356	0.99970084	1.00205278	0.99970341	0.99985701	0.99979413	1.00077021	0.99981195
0.19660780	0.99873626	1.00017273	1.00053060	0.99993491	0.99988866	0.99991870	0.99914944	0.99922878
0.20971501	0.99885380	0.99926084	1.00068605	0.99984074	1.00025809	1.00040925	1.00101459	0.99908024
0.23592941	0.99893808	0.99986750	0.99999213	0.99920076	0.99977559	1.00003791	1.00025368	0.99969172
0.26214382	0.99956453	1.00011337	1.00057495	0.99955410	0.99941397	0.99995369	0.99947226	1.00026131
0.28835821	1.00004339	1.00013554	1.00124037	1.00020707	1.00033474	0.99928182	1.00000072	1.00002337
0.31457260	0.99979061	1.00013888	1.00049973	1.00041282	1.00081754	0.99947971	0.99984229	0.99995911
0.34078699	0.99965990	1.00000083	0.99987918	1.00044692	1.00001705	0.99977928	0.99975407	0.99967617
0.36700141	1.00049365	0.99979049	1.00041521	0.99977165	0.99989289	0.99995404	1.00013649	0.99888617
0.39321581	1.00055647	1.00007367	1.00004005	1.00013816	0.99925977	0.99922997	0.99999940	1.00027966
0.41943020	1.00035918	0.99935627	1.00072217	1.00031626	1.00021696	1.00040305	1.00018895	0.99983495
0.47185901	1.00051618	0.99925953	1.00019205	0.99942636	0.99995899	0.99971777	1.00042844	1.00002241
0.52428782	0.99998128	0.99982524	1.00048661	0.99997187	0.99981380	0.99971640	0.99972004	1.00041747
0.57671660	1.00006664	0.99961704	1.00002205	0.99966061	0.99934870	1.00009954	0.99981260	1.00019825
0.62914538	1.00001299	1.00021696	1.00015831	1.00000787	0.99998188	0.99989665	1.00012875	1.00034630
0.68157423	0.99993521	1.00067580	1.00053787	1.00018525	0.99960619	1.00009429	1.00020683	0.99997705
0.73400301	0.99942654	1.00021958	1.00059021	1.00043797	1.00037873	1.00002456	1.00025582	0.99981225
0.78643179	0.99932176	0.99955904	1.00083089	1.00006557	1.00014508	1.00022173	1.00019407	0.99994951
0.83886063	1.00018692	1.00015712	1.00075638	1.00035739	0.99999344	0.99998617	1.00048363	1.00026608
0.94371825	1.00003302	1.00060916	1.00050139	0.99980009	0.99999183	0.99990749	0.99972755	0.99948639
1.04857588	1.00049591	1.00003409	1.00074399	1.00026894	0.99992949	0.99975979	0.99991125	1.00013387
1.15343344	1.00012302	0.99958253	1.00054669	1.00002980	1.00029612	0.99991226	1.00013185	1.00001812
1.25829101	0.99949491	0.99961382	1.00070298	0.99975872	1.00013566	1.00012589	0.99998820	1.00024247
1.36314869	0.99974006	0.99974626	0.99989825	1.00007129	0.99953628	0.99998349	1.00000095	1.00001431
1.46800625	1.00003457	0.99974859	1.00006139	0.99995536	1.00018048	0.99995762	1.00000715	0.99931461
1.57286382	1.00056696	1.00039244	1.00001359	1.00001311	1.00024188	0.99982846	0.99991268	1.00018156
1.67772150	1.00015426	1.00013244	1.00000501	1.00029588	0.99978757	1.00028813	0.99987036	0.99974799
1.88743675	0.99983317	1.00028872	1.00025690	0.99981856	1.00016952	1.00001073	0.99984604	1.00024021
2.09715199	0.99982649	0.99962384	1.00049114	0.99999684	0.99975914	1.00001872	1.00004637	0.99944729
2.30686712	1.00013018	0.99922079	1.00033689	1.00021446	1.00023627	0.99984169	0.99990433	1.00037730
2.51658225	1.00020266	1.00022292	0.99981982	0.99991167	0.99983740	0.99994069	0.99995476	1.00014174
2.72629738	1.00009954	1.00024819	0.99960339	1.00000310	1.00008571	0.99986774	1.00007343	0.99982226
2.93601274	0.99956268	0.99932557	0.99989331	1.00006843	0.99971235	1.00023997	0.99986506	1.00012910
3.14572787	1.00029850	0.99987066	0.99998772	1.00029719	1.00016117	1.00015152	1.00017595	1.00021422
3.35544300	1.00016022	1.00012553	0.99995059	1.00007629	1.00019944	0.99982488	1.00020194	1.00001407
3.77487350	1.00006104	0.99993145	0.99984616	0.99974537	0.99988306	1.00006819	0.99984992	1.00006139
4.19430399	0.99998939	0.99985421	0.99998873	1.00022638	0.99965781	1.00000334	1.00011599	1.00005078
4.61373425	0.99981105	1.00012088	0.99986720	0.99984711	0.99967861	0.99998033	0.99982077	0.99988568
5.03316450	1.00000000	1.00000000	1.00000000	1.00000000	1.00000000	1.00000000	1.00000000	1.00000000
5.45259476	0.00000000	0.00000000	0.00000000	0.00000000	0.00000000	0.00000000	0.00000000	0.00000000
5.87202549	0.00000000	0.00000000	0.00000000	0.00000000	0.00000000	0.00000000	0.00000000	0.00000000
6.29145575	0.00000000	0.00000000	0.00000000	0.00000000	0.00000000	0.00000000	0.00000000	0.00000000
6.71088600	0.00000000	0.00000000	0.00000000	0.00000000	0.00000000	0.00000000	0.00000000	0.00000000
7.54974699	0.00000000	0.00000000	0.00000000	0.00000000	0.00000000	0.00000000	0.00000000	0.00000000
8.38860798	0.00000000	0.00000000	0.00000000	0.00000000	0.00000000	0.00000000	0.00000000	0.00000000
9.22746849	0.00000000	0.00000000	0.00000000	0.00000000	0.00000000	0.00000000	0.00000000	0.00000000
10.06632900	0.00000000	0.00000000	0.00000000	0.00000000	0.00000000	0.00000000	0.00000000	0.00000000
10.90518951	0.00000000	0.00000000	0.00000000	0.00000000	0.00000000	0.00000000	0.00000000	0.00000000
11.74405098	0.00000000	0.00000000	0.00000000	0.00000000	0.00000000	0.00000000	0.00000000	0.00000000
12.58291149	0.00000000	0.00000000	0.00000000	0.00000000	0.00000000	0.00000000	0.00000000	0.00000000
13.42177200	0.00000000	0.00000000	0.00000000	0.00000000	0.00000000	0.00000000	0.00000000	0.00000000
15.09949398	0.00000000	0.00000000	0.00000000	0.00000000	0.00000000	0.00000000	0.00000000	0.00000000
16.77721596	0.00000000	0.00000000	0.00000000	0.00000000	0.00000000	0.00000000	0.00000000	0.00000000
18.45493698	0.00000000	0.00000000	0.00000000	0.00000000	0.00000000	0.00000000	0.00000000	0.00000000
20.13265800	0.00000000	0.00000000	0.00000000	0.00000000	0.00000000	0.00000000	0.00000000	0.00000000
21.81037903	0.00000000	0.00000000	0.00000000	0.00000000	0.00000000	0.00000000	0.00000000	0.00000000
23.48810196	0.00000000	0.00000000	0.00000000	0.00000000	0.00000000	0.00000000	0.00000000	0.00000000
25.16582298	0.00000000	0.00000000	0.00000000	0.00000000	0.00000000	0.00000000	0.00000000	0.00000000
26.84354401	0.00000000	0.00000000	0.00000000	0.00000000	0.00000000	0.00000000	0.00000000	0.00000000
30.19898796	0.00000000	0.00000000	0.00000000	0.00000000	0.00000000	0.00000000	0.00000000	0.00000000
33.55443192	0.00000000	0.00000000	0.00000000	0.00000000	0.00000000	0.00000000	0.00000000	0.00000000
36.90987396	0.00000000	0.00000000	0.00000000	0.00000000	0.00000000	0.00000000	0.00000000	0.00000000
40.26531601	0.00000000	0.00000000	0.00000000	0.00000000	0.00000000	0.00000000	0.00000000	0.00000000
43.62075806	0.00000000	0.00000000	0.00000000	0.00000000	0.00000000	0.00000000	0.00000000	0.00000000
46.97620392	0.00000000	0.00000000	0.00000000	0.00000000	0.00000000	0.00000000	0.00000000	0.00000000
50.33164597	0.00000000	0.00000000	0.00000000	0.00000000	0.00000000	0.00000000	0.00000000	0.00000000
53.68708801	0.00000000	0.00000000	0.00000000	0.00000000	0.00000000	0.00000000	0.00000000	0.00000000
60.39797592	0.00000000	0.00000000	0.00000000	0.00000000	0.00000000	0.00000000	0.00000000	0.00000000
67.10886383	0.00000000	0.00000000	0.00000000	0.00000000	0.00000000	0.00000000	0.00000000	0.00000000
73.81974792	0.00000000	0.00000000	0.00000000	0.00000000	0.00000000	0.00000000	0.00000000	0.00000000
80.53063202	0.00000000	0.00000000	0.00000000	0.00000000	0.00000000	0.00000000	0.00000000	0.00000000
87.24151611	0.00000000	0.00000000	0.00000000	0.00000000	0.00000000	0.00000000	0.00000000	0.00000000
93.95240784	0.00000000	0.00000000	0.00000000	0.00000000	0.00000000	0.00000000	0.00000000	0.00000000
100.66329193	0.00000000	0.00000000	0.00000000	0.00000000	0.00000000	0.00000000	0.00000000	0.00000000
107.37417603	0.00000000	0.00000000	0.00000000	0.00000000	0.00000000	0.00000000	0.00000000	0.00000000
120.79595184	0.00000000	0.00000000	0.00000000	0.00000000	0.00000000	0.00000000	0.00000000	0.00000000
134.21772766	0.00000000	0.00000000	0.00000000	0.00000000	0.00000000	0.00000000	0.00000000	0.00000000
147.63949585	0.00000000	0.00000000	0.00000000	0.00000000	0.00000000	0.00000000	0.00000000	0.00000000
161.06126404	0.00000000	0.00000000	0.00000000	0.00000000	0.00000000	0.00000000	0.00000000	0.00000000
174.48303223	0.00000000	0.00000000	0.00000000	0.00000000	0.00000000	0.00000000	0.00000000	0.00000000
187.90481567	0.00000000	0.00000000	0.00000000	0.00000000	0.00000000	0.00000000	0.00000000	0.00000000
201.32658386	0.00000000	0.00000000	0.00000000	0.00000000	0.00000000	0.00000000	0.00000000	0.00000000
214.74835205	0.00000000	0.00000000	0.00000000	0.00000000	0.00000000	0.00000000	0.00000000	0.00000000
241.59190369	0.00000000	0.00000000	0.00000000	0.00000000	0.00000000	0.00000000	0.00000000	0.00000000
268.43545532	0.00000000	0.00000000	0.00000000	0.00000000	0.00000000	0.00000000	0.00000000	0.00000000
295.27899170	0.00000000	0.00000000	0.00000000	0.00000000	0.00000000	0.00000000	0.00000000	0.00000000
322.12252808	0.00000000	0.00000000	0.00000000	0.00000000	0.00000000	0.00000000	0.00000000	0.00000000
348.96606445	0.00000000	0.00000000	0.00000000	0.00000000	0.00000000	0.00000000	0.00000000	0.00000000
375.80963135	0.00000000	0.00000000	0.00000000	0.00000000	0.00000000	0.00000000	0.00000000	0.00000000
402.65316772	0.00000000	0.00000000	0.00000000	0.00000000	0.00000000	0.00000000	0.00000000	0.00000000
429.49670410	0.00000000	0.00000000	0.00000000	0.00000000	0.00000000	0.00000000	0.00000000	0.00000000
483.18380737	0.00000000	0.00000000	0.00000000	0.00000000	0.00000000	0.00000000	0.00000000	0.00000000
536.87091064	0.00000000	0.00000000	0.00000000	0.00000000	0.00000000	0.00000000	0.00000000	0.00000000
590.55798340	0.00000000	0.00000000	0.00000000	0.00000000	0.00000000	0.00000000	0.00000000	0.00000000
644.24505615	0.00000000	0.00000000	0.00000000	0.00000000	0.00000000	0.00000000	0.00000000	0.00000000
697.93212891	0.00000000	0.00000000	0.00000000	0.00000000	0.00000000	0.00000000	0.00000000	0.00000000
751.61926270	0.00000000	0.00000000	0.00000000	0.00000000	0.00000000	0.00000000	0.00000000	0.00000000
805.30633545	0.00000000	0.00000000	0.00000000	0.00000000	0.00000000	0.00000000	0.00000000	0.00000000
858.99340820	0.00000000	0.00000000	0.00000000	0.00000000	0.00000000	0.00000000	0.00000000	0.00000000
966.36761475	0.00000000	0.00000000	0.00000000	0.00000000	0.00000000	0.00000000	0.00000000	0.00000000
1073.74182129	0.00000000	0.00000000	0.00000000	0.00000000	0.00000000	0.00000000	0.00000000	0.00000000
1181.11596680	0.00000000	0.00000000	0.00000000	0.00000000	0.00000000	0.00000000	0.00000000	0.00000000
1288.49011230	0.00000000	0.00000000	0.00000000	0.00000000	0.00000000	0.00000000	0.00000000	0.00000000
1395.86425781	0.00000000	0.00000000	0.00000000	0.00000000	0.00000000	0.00000000	0.00000000	0.00000000
1503.23852539	0.00000000	0.00000000	0.00000000	0.00000000	0.00000000	0.00000000	0.00000000	0.00000000
1610.61267090	0.00000000	0.00000000	0.00000000	0.00000000	0.00000000	0.00000000	0.00000000	0.00000000
1717.98681641	0.00000000	0.00000000	0.00000000	0.00000000	0.00000000	0.00000000	0.00000000	0.00000000
1932.73522949	0.00000000	0.00000000	0.00000000	0.00000000	0.00000000	0.00000000	0.00000000	0.00000000
2147.48364258	0.00000000	0.00000000	0.00000000	0.00000000	0.00000000	0.00000000	0.00000000	0.00000000
2362.23193359	0.00000000	0.00000000	0.00000000	0.00000000	0.00000000	0.00000000	0.00000000	0.00000000
2576.98022461	0.00000000	0.00000000	0.00000000	0.00000000	0.00000000	0.00000000	0.00000000	0.00000000
2791.72851562	0.00000000	0.00000000	0.00000000	0.00000000	0.00000000	0.00000000	0.00000000	0.00000000
3006.47705078	0.00000000	0.00000000	0.00000000	0.00000000	0.00000000	0.00000000	0.00000000	0.00000000
3221.22534180	0.00000000	0.00000000	0.00000000	0.00000000	0.00000000	0.00000000	0.00000000	0.00000000
3435.97363281	0.00000000	0.00000000	0.00000000	0.00000000	0.00000000	0.00000000	0.00000000	0.00000000
0	0	0	0	0	0	0	0	0
