%6/10/2015 7:00:32 AM
%Duration	ID1		ID2		ID3		ID4		ID5		ID6		ID7		ID8
3000.000000	22.296906	20.475388	23.698807	21.791458	20.570755	18.138885	23.546219	107.069016
%Tau		Tau1		Tau2		Tau3		Tau4		Tau5		Tau6		Tau7		Tau8
%		0.000029	0.000025	0.000024	0.000019	0.000024	0.000019	0.000024	0.000115
%Delaytime	D1		D2		D3		D4		D5		D6		D7		D8
0.00000000	2.15577722	4.59552765	4.14378166	4.52910852	3.83822608	2.21344781	3.22422099	1.93217158
0.00000020	1.64447105	1.54302382	1.66148436	2.09156752	1.75415778	1.76628661	1.70131814	1.50453722
0.00000040	1.49937069	1.39207578	1.45628107	1.58047009	1.44034064	1.41973674	1.54839075	1.44598651
0.00000060	1.45791340	1.40884781	1.42318380	1.64337444	1.56103957	1.52034795	1.41457915	1.45211756
0.00000080	1.48555160	1.70235777	1.52247572	1.53329194	1.48862016	1.57624316	1.38271928	1.48951638
0.00000100	1.52700889	1.45916378	1.40994489	1.43893552	1.42424738	1.40855777	1.53564668	1.46070087
0.00000120	1.57537568	1.49270785	1.66810381	1.51756585	1.50471330	1.43091583	1.45281100	1.43801630
0.00000140	1.45791340	1.45916378	1.57543135	1.39175725	1.51275992	1.71039152	1.26802361	1.44077528
0.00000160	1.40263712	1.39207578	1.59528971	1.36816812	1.45643377	1.67685437	1.42732310	1.46100736
0.00000180	1.63065195	1.45077777	1.46951997	1.42320943	1.56103957	1.41973674	1.50378680	1.41625142
0.00000200	1.43718481	1.44239187	1.50923681	1.65123749	1.34378147	1.35266256	1.46555495	1.45886159
0.00000220	1.42336571	1.33337379	1.48937833	1.34457910	1.33573484	1.28558838	1.38909125	1.49012947
0.00000240	1.38190842	1.29982984	1.64162600	1.51756585	1.40815425	1.38619971	1.47192693	1.47265625
0.00000260	1.33354163	1.53463781	1.46951997	1.43107247	1.52080655	1.46445286	1.39546323	1.47602820
0.00000280	1.35427034	1.55979586	1.46951997	1.39962029	1.55299294	1.55388510	1.31899953	1.46499252
0.00000300	1.45100391	1.29982984	1.40332544	1.63551140	1.50471330	1.33030450	1.43369508	1.44629312
0.00000340	1.39572752	1.40884781	1.51254654	1.49790823	1.62541223	1.34707308	1.30944157	1.45671570
0.00000380	1.41300142	1.43400586	1.41325462	1.45466161	1.51678324	1.52593756	1.35723138	1.44016218
0.00000420	1.38536322	1.47593582	1.47944915	1.39962029	1.33975816	1.46445286	1.52608871	1.45165765
0.00000460	1.39572752	1.44239187	1.43642271	1.36423659	1.40010762	1.40855777	1.53564668	1.45211756
0.00000500	1.54428267	1.44239187	1.41325462	1.47038758	1.35182798	1.52593756	1.48467088	1.41579163
0.00000540	1.39227283	1.45497084	1.42980325	1.48218215	1.45643377	1.45327389	1.42732310	1.46361303
0.00000580	1.48209679	1.40046179	1.42318380	1.34851062	1.37999117	1.24646175	1.49422884	1.45165765
0.00000620	1.54773748	1.47174287	1.45628107	1.49790823	1.46448040	1.31353593	1.42095113	1.43372464
0.00000700	1.41127396	1.46335685	1.41325462	1.45859313	1.39407265	1.32471502	1.44803202	1.46001112
0.00000780	1.41991091	1.35014582	1.35864401	1.38389421	1.39004934	1.46445286	1.45440400	1.45135117
0.00000860	1.47518730	1.33756685	1.42980325	1.32688725	1.46246874	1.46724761	1.44643903	1.47005057
0.00000940	1.45445871	1.49690080	1.39836085	1.42124367	1.40010762	1.41135252	1.41776514	1.46874774
0.00001020	1.41818357	1.45077777	1.31396270	1.40551758	1.36188626	1.46724761	1.41139317	1.45326710
0.00001100	1.44236696	1.42771637	1.41490948	1.40551758	1.39004934	1.40855777	1.30306947	1.44943523
0.00001180	1.42509305	1.35433888	1.38346708	1.38782573	1.26331544	1.35825205	1.34608042	1.45127451
0.00001260	1.40263712	1.36482131	1.40332544	1.35440791	1.31360674	1.35825205	1.39387023	1.44935858
0.00001420	1.42682052	1.34175980	1.35367942	1.38389421	1.29349017	1.35405993	1.37634730	1.43104231
0.00001580	1.32145000	1.41304088	1.36691833	1.37111676	1.33171153	1.32611239	1.35085940	1.43330312
0.00001740	1.35772502	1.32918084	1.38843167	1.34949350	1.30958343	1.31912553	1.27280259	1.42644417
0.00001900	1.37327158	1.29144382	1.30982554	1.32393861	1.28343201	1.23807752	1.32855749	1.42843664
0.00002060	1.36031616	1.27047884	1.29741406	1.27086306	1.30153680	1.31213856	1.29430807	1.42586935
0.00002220	1.31022191	1.20863211	1.32554674	1.28167474	1.29047275	1.21991158	1.24651825	1.42563939
0.00002380	1.27653790	1.27886486	1.23204684	1.24039388	1.28343201	1.25205135	1.24173927	1.41667295
0.00002540	1.28603852	1.23379016	1.23701143	1.22270203	1.23213494	1.27021718	1.21067584	1.40352964
0.00002860	1.23482525	1.23019111	1.23830080	1.19939601	1.22690785	1.18373299	1.21295524	1.40145409
0.00003180	1.20321858	1.17015612	1.21755171	1.17916763	1.19024622	1.21877539	1.20937490	1.39731395
0.00003500	1.17204487	1.16699636	1.17563879	1.18360806	1.20481038	1.24540770	1.17078626	1.38100231
0.00003820	1.18460095	1.18226850	1.15945458	1.11404204	1.17517984	1.19494653	1.18948388	1.36610913
0.00004140	1.16901410	1.14593148	1.16650915	1.12093103	1.13952267	1.14798975	1.16203427	1.35893607
0.00004460	1.17074597	1.11907375	1.10052741	1.12241113	1.08327472	1.14798975	1.13299334	1.35537100
0.00004780	1.09714139	1.12802625	1.07977831	1.08392847	1.09783888	1.12626338	1.12583256	1.33321333
0.00005100	1.09324467	1.09537566	1.12087822	1.10168970	1.10938978	1.11645150	1.07451367	1.33999860
0.00005740	1.09697652	1.07556069	1.10461068	1.11440742	1.06991947	1.08711135	1.11126900	1.32102847
0.00006380	1.07407176	1.04898739	1.06726480	1.06238532	1.05737054	1.04436970	1.07801259	1.30025148
0.00007020	1.06455708	1.05661738	1.07473397	1.07052147	1.05059421	1.03736281	1.04039359	1.28599846
0.00007660	1.05504251	1.04425156	1.03965461	1.04833198	1.02350545	1.03526080	1.02629185	1.26579571
0.00008300	1.04877150	1.01136386	1.05438530	1.03723717	1.04759979	1.02159739	1.01335371	1.25376487
0.00008940	1.02910924	1.05898523	1.04380405	1.04685271	1.05010962	1.02159739	1.00479460	1.24533558
0.00009580	1.02781177	1.01160979	1.02803600	1.04167509	1.02350545	1.02615190	1.03188038	1.22694457
0.00010220	1.03148794	1.00766337	1.00210166	1.02195108	1.03655660	0.99076730	1.02232599	1.21240401
0.00011500	1.01157677	1.01837933	1.01576865	1.02002263	1.02045035	1.04244256	0.99878764	1.19307220
0.00012780	1.02108932	0.98259777	0.99096316	1.03161240	0.99811667	1.03384614	1.00555098	1.16967297
0.00014060	1.02467227	1.00705421	0.99750584	1.02396810	0.99836761	1.00809848	0.99659956	1.15352917
0.00015340	0.99094534	1.01178777	1.00197148	1.00880277	0.98117816	0.99479717	0.99661422	1.14404190
0.00016620	1.01170039	1.01915097	1.00841045	1.01755667	1.00928354	0.99024671	0.99202430	1.12883151
0.00017900	1.00986266	1.02099180	0.99979061	1.00709307	1.01191843	1.01002359	0.98656851	1.12130904
0.00019180	1.00348485	1.01574957	0.99125981	1.01019216	0.97841781	1.00354803	1.00327814	1.10202324
0.00020460	1.00478196	1.00641382	1.00235677	0.98787493	0.99223596	0.97449517	0.98656851	1.09417391
0.00023020	0.99495673	1.01282537	1.00503170	1.00967348	1.00102603	0.99181557	1.00662398	1.08001256
0.00025580	1.00158703	0.98904365	0.98863232	0.99329507	1.00303388	1.00562847	0.99284625	1.06564867
0.00028140	0.99980408	1.00040889	0.99278408	1.00938213	1.00391221	1.00580335	0.99236345	1.05073726
0.00030700	0.99349797	1.00756979	1.00300765	1.01032233	1.00654757	1.00422966	0.99684006	1.04275429
0.00033260	0.98188156	0.99837238	0.99901164	0.99511331	1.01101911	0.99234015	1.00196326	1.03811848
0.00035820	0.99555105	1.00868654	1.01618946	1.00176346	0.99591392	0.99498224	1.00653934	1.03075588
0.00038380	0.98723048	1.00012922	1.01039219	0.99723577	0.99217904	1.00582290	0.99494994	1.02759373
0.00040940	0.99803644	0.99947226	1.01567054	1.01395035	0.98910457	0.99841130	1.01579106	1.02388299
0.00046060	0.99349231	0.99387711	1.00617337	1.00290096	0.99825865	1.01667964	0.98798680	1.01842630
0.00051180	0.99154758	0.99583018	0.99702626	1.00102115	1.00285459	1.00514138	1.01038873	1.01296222
0.00056300	0.99293685	1.00448167	1.00376070	0.99729419	1.00045502	0.99945968	0.99304068	1.00793612
0.00061420	1.00807393	0.99591267	1.00895381	1.01245654	0.99938822	1.00535989	0.99325430	1.00400984
0.00066540	0.98949140	0.98074448	1.00573671	1.00000620	1.00202394	0.98393887	0.99643838	1.00195098
0.00071660	0.99486631	1.00495839	1.00127423	0.99598533	0.99692589	1.00734639	1.00215971	0.99980807
0.00076780	0.99964696	0.99372977	0.99449879	1.01179516	1.00282502	0.99322915	0.99061751	0.99792951
0.00081900	1.00169599	1.00110114	0.99425429	1.00365913	1.01098347	0.99827486	0.99939859	0.99744880
0.00092140	1.00673342	1.01922512	0.99983674	0.99695230	1.00463307	0.99999529	1.00479090	0.99309278
0.00102380	1.00112545	1.00168765	1.00547767	1.00249422	0.99943280	1.00543892	0.99557465	0.99478954
0.00112620	1.00197268	1.00282025	0.99897444	1.00013709	1.00019968	0.99809015	1.00035512	0.99804258
0.00122860	1.00198245	0.99855614	1.00305998	1.00420249	1.00743771	0.99948990	0.99919897	0.99827737
0.00133100	1.00927663	1.00344586	1.00132036	0.99851924	1.00019968	1.00445473	0.99892092	0.99858904
0.00143340	1.00507569	0.99893302	1.00596380	1.00626481	0.99813390	0.99859321	0.99947017	1.00249505
0.00153580	1.00670636	1.00060594	0.99230689	0.99684078	0.99627006	0.99654698	1.00481808	1.00481176
0.00163820	1.00014663	1.00524890	0.99786907	0.99779361	1.00078475	0.99628454	1.00892305	1.00174773
0.00184300	1.00337672	1.00584126	0.99595529	1.00018358	1.00458634	1.00590348	1.00047946	1.00092089
0.00204780	1.00072563	1.00248647	0.99540645	1.00011897	0.99906141	0.99608004	0.99367404	1.00411844
0.00225260	1.00252020	1.00194478	1.00071406	1.00361621	1.00418317	0.99426329	0.99819750	0.99873918
0.00245740	1.00348878	1.00673950	0.99932063	0.99767834	0.99866724	0.99478304	1.00139892	1.00314271
0.00266220	0.99664122	0.99922931	0.99675405	1.00227606	1.00514746	1.00865352	1.00925982	1.00037289
0.00286700	1.00008345	1.00184536	0.99987358	0.99048769	1.00176644	0.99928474	0.99573660	1.00188458
0.00307180	1.00013375	1.00244331	0.99749291	0.99528617	0.99987251	0.99668944	0.99735862	1.00275099
0.00327660	1.00082076	0.99851602	1.00159132	1.00195026	1.00354731	1.00736821	1.00012577	0.99874115
0.00368620	1.00287890	1.00074029	0.99840897	0.99969518	1.00786006	1.00950456	0.99209273	1.00045955
0.00409580	0.99940526	0.99843937	1.00712287	0.99907231	0.99449563	1.00582957	1.00497842	1.00392163
0.00450540	1.00137091	1.00454867	0.99955273	0.99955094	1.00191581	1.00351977	0.99983335	1.00055170
0.00491500	1.00166643	1.00131941	0.99910468	0.99727494	1.00043416	0.99932623	0.99759781	1.00053525
0.00532460	1.00213337	1.00203252	0.99848777	0.99381375	0.99926043	1.00114155	1.00014889	0.99810052
0.00573420	1.00035930	0.99909884	1.00321472	1.00285304	1.00223148	1.00520813	0.99885976	1.00523841
0.00614380	0.99789017	0.99733144	1.00018775	1.00176847	1.00107133	0.99997944	1.00498009	1.00125396
0.00655340	1.00267494	1.00154996	0.99891615	1.00101435	1.00158215	1.00352561	1.00454497	0.99924898
0.00737260	1.00097609	1.00170636	1.00021875	0.99885792	1.00070822	1.00311136	1.00174868	0.99952483
0.00819180	0.99852061	0.99972588	1.00051665	1.00279033	1.00258482	0.99871629	1.00010645	0.99971032
0.00901100	1.00026786	1.00151634	0.99452031	1.00098073	1.00080562	0.99851775	1.00211489	0.99907571
0.00983020	0.99973589	1.00021577	0.99965328	1.00099516	0.99952877	1.00417089	1.00474501	0.99785608
0.01064940	0.99877888	0.99936926	1.00026703	1.00109494	1.00051177	0.99824667	1.00325584	1.00063753
0.01146860	1.00240684	0.99978071	0.99783111	1.00189590	1.00240529	0.99786383	0.99892187	0.99982595
0.01228780	1.00061917	1.00242782	0.99895388	0.99926406	1.00109422	1.00107408	0.99937350	1.00042892
0.01310700	1.00261235	1.00023270	0.99812329	0.99818981	0.99890846	1.00082088	0.99887991	0.99842680
0.01474540	0.99957448	1.00099158	1.00155246	0.99928063	1.00039077	1.00114346	1.00268292	0.99882478
0.01638380	0.99843985	1.00033939	1.00250006	0.99936157	0.99991679	1.00046635	1.00160742	0.99989551
0.01802220	0.99697667	0.99795818	1.00277686	0.99909687	1.00159097	1.00026011	1.00006998	1.00026715
0.01966060	1.00062823	0.99845886	1.00039101	1.00036728	0.99989223	1.00170743	1.00292778	1.00103521
0.02129900	1.00114787	0.99852413	1.00032699	1.00140297	1.00323403	1.00006700	1.00099683	1.00244701
0.02293740	0.99985528	0.99886227	1.00242817	0.99948120	0.99868733	1.00300395	1.00021052	1.00250936
0.02457580	0.99845773	1.00084019	0.99960369	0.99929649	0.99791664	1.00122035	1.00031531	1.00046158
0.02621420	1.00054550	1.00158203	1.00039411	0.99854416	1.00110722	1.00217152	1.00060737	1.00333941
0.02949100	0.99988717	0.99896407	1.00046420	0.99945694	0.99942935	1.00156319	1.00040877	1.00016832
0.03276780	1.00191343	0.99996066	1.00140524	0.99977303	1.00035250	1.00070500	0.99936348	1.00036979
0.03604460	0.99988329	0.99873900	1.00111592	0.99979752	1.00003028	1.00129056	1.00177765	0.99955696
0.03932140	0.99989307	1.00171685	1.00034404	1.00055349	0.99935806	0.99937677	0.99987835	0.99979973
0.04259820	1.00186849	1.00005853	1.00037313	0.99964273	1.00064325	0.99893492	0.99920261	0.99893278
0.04587500	1.00039506	0.99945968	1.00052464	1.00035000	0.99876422	1.00116515	1.00136077	1.00002146
0.04915180	1.00172174	0.99953550	1.00144839	0.99989265	1.00006604	1.00059593	0.99986994	1.00038409
0.05242860	0.99980134	1.00230634	1.00044501	0.99878073	0.99962783	0.99877179	1.00132644	1.00112128
0.05898220	1.00101197	1.00118685	1.00115466	1.00022507	1.00060403	1.00068808	1.00044215	1.00044906
0.06553581	1.00024128	1.00020981	1.00072479	1.00078702	1.00053537	1.00094473	1.00041592	0.99838883
0.07208940	1.00043321	0.99933970	1.00132561	1.00000668	1.00076520	0.99938834	0.99975777	1.00016677
0.07864300	0.99983186	0.99964255	1.00004232	0.99925709	0.99978155	1.00058889	1.00035834	1.00020504
0.08519660	1.00198412	1.00043666	1.00051975	1.00137186	0.99981004	1.00067210	0.99922842	1.00003457
0.09175020	0.99950671	0.99955493	1.00016940	0.99927878	1.00047255	0.99890971	1.00035906	1.00012708
0.09830380	1.00079429	1.00170732	1.00092697	0.99965775	0.99888331	1.00067127	1.00033927	1.00076687
0.10485740	1.00096166	1.00085473	1.00030303	1.00025189	0.99984521	0.99997211	1.00063086	1.00053108
0.11796460	1.00073373	0.99949592	0.99983042	1.00054586	1.00016761	1.00104451	1.00019979	0.99956739
0.13107181	1.00031626	1.00000572	1.00110555	1.00069189	1.00016415	1.00066578	0.99979174	1.00049806
0.14417900	1.00062156	0.99968725	0.99923491	1.00004554	1.00019598	1.00060666	1.00023806	0.99991482
0.15728620	0.99992502	1.00066483	0.99964625	0.99947876	1.00027740	1.00126863	1.00004447	1.00008702
0.17039341	1.00074494	0.99975866	0.99983788	0.99933302	1.00013590	0.99967438	1.00012827	0.99926478
0.18350060	1.00002241	1.00085270	1.00022829	0.99956113	1.00071657	1.00009477	1.00070786	1.00076163
0.19660780	1.00020432	1.00074601	1.00057805	1.00028229	0.99914545	0.99969065	0.99948567	1.00110662
0.20971501	1.00012803	1.00032556	1.00031960	1.00016975	0.99973106	0.99974555	1.00002337	0.99998820
0.23592941	1.00048995	0.99979007	1.00005722	0.99987656	1.00022900	1.00009739	1.00026751	1.00001240
0.26214382	1.00074172	1.00025237	1.00058973	0.99981004	1.00051713	1.00007617	1.00031912	0.99959517
0.28835821	1.00036728	0.99990779	1.00037372	1.00014770	1.00010288	1.00010192	1.00013936	1.00054729
0.31457260	1.00076103	1.00019336	0.99997503	0.99954772	1.00056112	1.00003302	0.99998963	1.00017333
0.34078699	1.00058031	1.00092125	1.00077391	1.00062811	1.00006723	1.00018501	1.00003743	1.00004590
0.36700141	1.00048339	1.00030208	1.00029886	0.99982435	1.00043917	1.00043261	0.99953490	1.00007510
0.39321581	1.00024176	1.00091457	0.99989581	1.00005782	0.99960268	0.99981159	0.99999601	0.99970180
0.41943020	0.99992561	1.00009620	0.99989611	1.00018430	1.00011718	1.00018680	0.99998683	1.00048494
0.47185901	0.99978530	1.00007153	1.00016940	0.99996132	0.99958688	0.99970257	0.99956024	1.00035298
0.52428782	1.00026834	1.00032508	0.99984503	1.00020814	1.00041509	0.99975747	0.99998158	1.00004292
0.57671660	1.00013065	1.00041032	0.99985248	0.99979264	0.99995995	1.00011635	0.99992085	1.00043964
0.62914538	1.00065887	1.00008988	1.00008368	1.00002182	1.00021863	1.00025582	1.00030684	1.00046408
0.68157423	1.00052655	1.00029409	0.99986261	0.99974889	0.99989468	1.00015175	0.99944311	0.99975193
0.73400301	1.00010455	1.00042534	1.00010228	0.99973607	0.99953514	1.00000250	0.99997872	1.00048351
0.78643179	1.00028467	0.99987787	1.00011277	1.00013351	1.00011170	0.99962759	1.00007844	0.99998367
0.83886063	0.99987710	0.99980104	1.00044179	0.99985498	1.00022399	0.99992681	0.99974132	0.99971920
0.94371825	1.00014734	1.00015676	0.99992484	0.99983042	1.00006878	0.99968654	1.00005341	0.99995464
1.04857588	1.00005531	1.00007224	1.00013196	1.00006330	1.00010383	0.99955070	1.00028837	1.00022972
1.15343344	0.99978566	0.99988419	0.99966687	1.00009668	0.99994218	1.00003648	0.99978292	1.00026679
1.25829101	0.99970502	0.99971181	0.99968958	0.99985689	1.00015235	0.99987954	1.00006676	0.99984318
1.36314869	0.99981946	0.99974382	0.99983627	0.99967778	0.99952137	1.00018859	1.00022733	0.99997425
1.46800625	0.99950731	0.99968535	0.99981964	1.00009000	0.99945915	1.00016069	0.99993777	0.99981958
1.57286382	0.99954301	0.99982017	1.00006986	1.00025797	0.99963570	1.00031495	1.00045097	0.99967712
1.67772150	0.99957484	0.99942696	0.99997681	0.99996853	0.99961537	0.99980325	0.99968994	0.99994934
1.88743675	0.99932498	0.99985069	0.99993688	1.00021422	0.99994510	0.99951351	0.99983013	1.00002873
2.09715199	0.99946457	0.99978185	0.99984437	0.99996406	0.99997258	0.99995202	0.99986124	0.99992198
2.30686712	0.99972236	0.99978644	0.99948370	1.00005686	0.99995381	0.99979252	1.00014102	0.99978006
2.51658225	0.99921852	0.99989092	0.99985653	0.99986172	0.99999458	0.99943382	0.99979830	0.99980187
2.72629738	0.99963820	1.00030327	0.99987316	1.00007761	0.99985266	1.00007904	0.99963874	1.00000894
2.93601274	0.99980140	1.00015116	0.99993014	0.99981940	1.00036275	1.00068629	0.99978101	1.00001335
3.14572787	0.99983430	1.00007641	0.99974668	1.00017405	1.00049233	1.00031173	0.99997765	0.99980146
3.35544300	1.00009584	1.00008702	0.99941295	0.99991506	1.00007927	0.99990445	1.00021183	0.99967754
3.77487350	1.00014305	1.00021815	1.00002325	0.99994242	1.00012052	0.99982363	0.99981385	1.00021303
4.19430399	0.99988306	1.00005853	1.00023496	1.00003803	0.99987823	1.00041604	1.00003886	1.00007415
4.61373425	1.00007272	1.00015318	0.99992716	0.99988627	0.99985319	1.00069702	1.00001121	1.00018013
5.03316450	1.00000000	1.00000000	1.00000000	1.00000000	1.00000000	1.00000000	1.00000000	1.00000000
5.45259476	0.00000000	0.00000000	0.00000000	0.00000000	0.00000000	0.00000000	0.00000000	0.00000000
5.87202549	0.00000000	0.00000000	0.00000000	0.00000000	0.00000000	0.00000000	0.00000000	0.00000000
6.29145575	0.00000000	0.00000000	0.00000000	0.00000000	0.00000000	0.00000000	0.00000000	0.00000000
6.71088600	0.00000000	0.00000000	0.00000000	0.00000000	0.00000000	0.00000000	0.00000000	0.00000000
7.54974699	0.00000000	0.00000000	0.00000000	0.00000000	0.00000000	0.00000000	0.00000000	0.00000000
8.38860798	0.00000000	0.00000000	0.00000000	0.00000000	0.00000000	0.00000000	0.00000000	0.00000000
9.22746849	0.00000000	0.00000000	0.00000000	0.00000000	0.00000000	0.00000000	0.00000000	0.00000000
10.06632900	0.00000000	0.00000000	0.00000000	0.00000000	0.00000000	0.00000000	0.00000000	0.00000000
10.90518951	0.00000000	0.00000000	0.00000000	0.00000000	0.00000000	0.00000000	0.00000000	0.00000000
11.74405098	0.00000000	0.00000000	0.00000000	0.00000000	0.00000000	0.00000000	0.00000000	0.00000000
12.58291149	0.00000000	0.00000000	0.00000000	0.00000000	0.00000000	0.00000000	0.00000000	0.00000000
13.42177200	0.00000000	0.00000000	0.00000000	0.00000000	0.00000000	0.00000000	0.00000000	0.00000000
15.09949398	0.00000000	0.00000000	0.00000000	0.00000000	0.00000000	0.00000000	0.00000000	0.00000000
16.77721596	0.00000000	0.00000000	0.00000000	0.00000000	0.00000000	0.00000000	0.00000000	0.00000000
18.45493698	0.00000000	0.00000000	0.00000000	0.00000000	0.00000000	0.00000000	0.00000000	0.00000000
20.13265800	0.00000000	0.00000000	0.00000000	0.00000000	0.00000000	0.00000000	0.00000000	0.00000000
21.81037903	0.00000000	0.00000000	0.00000000	0.00000000	0.00000000	0.00000000	0.00000000	0.00000000
23.48810196	0.00000000	0.00000000	0.00000000	0.00000000	0.00000000	0.00000000	0.00000000	0.00000000
25.16582298	0.00000000	0.00000000	0.00000000	0.00000000	0.00000000	0.00000000	0.00000000	0.00000000
26.84354401	0.00000000	0.00000000	0.00000000	0.00000000	0.00000000	0.00000000	0.00000000	0.00000000
30.19898796	0.00000000	0.00000000	0.00000000	0.00000000	0.00000000	0.00000000	0.00000000	0.00000000
33.55443192	0.00000000	0.00000000	0.00000000	0.00000000	0.00000000	0.00000000	0.00000000	0.00000000
36.90987396	0.00000000	0.00000000	0.00000000	0.00000000	0.00000000	0.00000000	0.00000000	0.00000000
40.26531601	0.00000000	0.00000000	0.00000000	0.00000000	0.00000000	0.00000000	0.00000000	0.00000000
43.62075806	0.00000000	0.00000000	0.00000000	0.00000000	0.00000000	0.00000000	0.00000000	0.00000000
46.97620392	0.00000000	0.00000000	0.00000000	0.00000000	0.00000000	0.00000000	0.00000000	0.00000000
50.33164597	0.00000000	0.00000000	0.00000000	0.00000000	0.00000000	0.00000000	0.00000000	0.00000000
53.68708801	0.00000000	0.00000000	0.00000000	0.00000000	0.00000000	0.00000000	0.00000000	0.00000000
60.39797592	0.00000000	0.00000000	0.00000000	0.00000000	0.00000000	0.00000000	0.00000000	0.00000000
67.10886383	0.00000000	0.00000000	0.00000000	0.00000000	0.00000000	0.00000000	0.00000000	0.00000000
73.81974792	0.00000000	0.00000000	0.00000000	0.00000000	0.00000000	0.00000000	0.00000000	0.00000000
80.53063202	0.00000000	0.00000000	0.00000000	0.00000000	0.00000000	0.00000000	0.00000000	0.00000000
87.24151611	0.00000000	0.00000000	0.00000000	0.00000000	0.00000000	0.00000000	0.00000000	0.00000000
93.95240784	0.00000000	0.00000000	0.00000000	0.00000000	0.00000000	0.00000000	0.00000000	0.00000000
100.66329193	0.00000000	0.00000000	0.00000000	0.00000000	0.00000000	0.00000000	0.00000000	0.00000000
107.37417603	0.00000000	0.00000000	0.00000000	0.00000000	0.00000000	0.00000000	0.00000000	0.00000000
120.79595184	0.00000000	0.00000000	0.00000000	0.00000000	0.00000000	0.00000000	0.00000000	0.00000000
134.21772766	0.00000000	0.00000000	0.00000000	0.00000000	0.00000000	0.00000000	0.00000000	0.00000000
147.63949585	0.00000000	0.00000000	0.00000000	0.00000000	0.00000000	0.00000000	0.00000000	0.00000000
161.06126404	0.00000000	0.00000000	0.00000000	0.00000000	0.00000000	0.00000000	0.00000000	0.00000000
174.48303223	0.00000000	0.00000000	0.00000000	0.00000000	0.00000000	0.00000000	0.00000000	0.00000000
187.90481567	0.00000000	0.00000000	0.00000000	0.00000000	0.00000000	0.00000000	0.00000000	0.00000000
201.32658386	0.00000000	0.00000000	0.00000000	0.00000000	0.00000000	0.00000000	0.00000000	0.00000000
214.74835205	0.00000000	0.00000000	0.00000000	0.00000000	0.00000000	0.00000000	0.00000000	0.00000000
241.59190369	0.00000000	0.00000000	0.00000000	0.00000000	0.00000000	0.00000000	0.00000000	0.00000000
268.43545532	0.00000000	0.00000000	0.00000000	0.00000000	0.00000000	0.00000000	0.00000000	0.00000000
295.27899170	0.00000000	0.00000000	0.00000000	0.00000000	0.00000000	0.00000000	0.00000000	0.00000000
322.12252808	0.00000000	0.00000000	0.00000000	0.00000000	0.00000000	0.00000000	0.00000000	0.00000000
348.96606445	0.00000000	0.00000000	0.00000000	0.00000000	0.00000000	0.00000000	0.00000000	0.00000000
375.80963135	0.00000000	0.00000000	0.00000000	0.00000000	0.00000000	0.00000000	0.00000000	0.00000000
402.65316772	0.00000000	0.00000000	0.00000000	0.00000000	0.00000000	0.00000000	0.00000000	0.00000000
429.49670410	0.00000000	0.00000000	0.00000000	0.00000000	0.00000000	0.00000000	0.00000000	0.00000000
483.18380737	0.00000000	0.00000000	0.00000000	0.00000000	0.00000000	0.00000000	0.00000000	0.00000000
536.87091064	0.00000000	0.00000000	0.00000000	0.00000000	0.00000000	0.00000000	0.00000000	0.00000000
590.55798340	0.00000000	0.00000000	0.00000000	0.00000000	0.00000000	0.00000000	0.00000000	0.00000000
644.24505615	0.00000000	0.00000000	0.00000000	0.00000000	0.00000000	0.00000000	0.00000000	0.00000000
697.93212891	0.00000000	0.00000000	0.00000000	0.00000000	0.00000000	0.00000000	0.00000000	0.00000000
751.61926270	0.00000000	0.00000000	0.00000000	0.00000000	0.00000000	0.00000000	0.00000000	0.00000000
805.30633545	0.00000000	0.00000000	0.00000000	0.00000000	0.00000000	0.00000000	0.00000000	0.00000000
858.99340820	0.00000000	0.00000000	0.00000000	0.00000000	0.00000000	0.00000000	0.00000000	0.00000000
966.36761475	0.00000000	0.00000000	0.00000000	0.00000000	0.00000000	0.00000000	0.00000000	0.00000000
1073.74182129	0.00000000	0.00000000	0.00000000	0.00000000	0.00000000	0.00000000	0.00000000	0.00000000
1181.11596680	0.00000000	0.00000000	0.00000000	0.00000000	0.00000000	0.00000000	0.00000000	0.00000000
1288.49011230	0.00000000	0.00000000	0.00000000	0.00000000	0.00000000	0.00000000	0.00000000	0.00000000
1395.86425781	0.00000000	0.00000000	0.00000000	0.00000000	0.00000000	0.00000000	0.00000000	0.00000000
1503.23852539	0.00000000	0.00000000	0.00000000	0.00000000	0.00000000	0.00000000	0.00000000	0.00000000
1610.61267090	0.00000000	0.00000000	0.00000000	0.00000000	0.00000000	0.00000000	0.00000000	0.00000000
1717.98681641	0.00000000	0.00000000	0.00000000	0.00000000	0.00000000	0.00000000	0.00000000	0.00000000
1932.73522949	0.00000000	0.00000000	0.00000000	0.00000000	0.00000000	0.00000000	0.00000000	0.00000000
2147.48364258	0.00000000	0.00000000	0.00000000	0.00000000	0.00000000	0.00000000	0.00000000	0.00000000
2362.23193359	0.00000000	0.00000000	0.00000000	0.00000000	0.00000000	0.00000000	0.00000000	0.00000000
2576.98022461	0.00000000	0.00000000	0.00000000	0.00000000	0.00000000	0.00000000	0.00000000	0.00000000
2791.72851562	0.00000000	0.00000000	0.00000000	0.00000000	0.00000000	0.00000000	0.00000000	0.00000000
3006.47705078	0.00000000	0.00000000	0.00000000	0.00000000	0.00000000	0.00000000	0.00000000	0.00000000
3221.22534180	0.00000000	0.00000000	0.00000000	0.00000000	0.00000000	0.00000000	0.00000000	0.00000000
3435.97363281	0.00000000	0.00000000	0.00000000	0.00000000	0.00000000	0.00000000	0.00000000	0.00000000
0	0	0	0	0	0	0	0	0
