%6/10/2015 8:13:53 PM
%Duration	ID1		ID2		ID3		ID4		ID5		ID6		ID7		ID8
3000.000000	0.000000	0.000000	0.000000	0.000000	0.000000	0.000000	0.000000	0.000000
%Tau		Tau1		Tau2		Tau3		Tau4		Tau5		Tau6		Tau7		Tau8
%		0.000064	0.000384	0.000025	0.000141	0.000057	0.000230	0.000192	0.001126
%Delaytime	D1		D2		D3		D4		D5		D6		D7		D8
0.00000000	6811.05517578	3407.43139648	921.53546143	4386.95898437	619.10870361	1010.12750244	1010.42767334	34.57945251
0.00000020	7362.21289062	3569.35620117	1003.81542969	4640.65673828	613.82281494	1047.14782715	1049.40185547	34.14079666
0.00000040	7424.94628906	3565.84863281	979.13140869	4702.19726562	617.12652588	1047.90332031	1058.52355957	32.34156418
0.00000060	7126.96240234	3567.60229492	863.93951416	4680.84619141	636.28784180	1052.05871582	1037.79260254	32.14825821
0.00000080	7516.80566406	3560.00317383	831.02752686	4624.32958984	619.76947021	1036.19287109	1045.67028809	32.29695511
0.00000100	7144.88623047	3531.94384766	872.16748047	4695.91748047	615.14428711	1034.68176270	1050.64575195	31.22633743
0.00000120	7310.68164062	3536.03588867	863.93951416	4585.39550781	611.17987061	1028.63769531	1036.54870605	31.46425247
0.00000140	7277.07470703	3554.74194336	905.07946777	4608.00244141	622.41241455	1038.08166504	1045.67028809	31.16685867
0.00000160	7109.03857422	3509.73046875	839.25549316	4651.95996094	609.19769287	1025.99340820	1048.98730469	31.04046631
0.00000180	7449.59130859	3518.49902344	888.62347412	4570.32470703	603.91180420	1021.46026611	1034.89025879	31.07020569
0.00000200	7142.64599609	3519.08349609	847.48352051	4631.86523437	615.14428711	1017.68267822	1044.84106445	31.40477371
0.00000220	7178.49365234	3511.48413086	863.93951416	4595.44335937	611.84063721	1025.23779297	1033.23168945	31.01816177
0.00000240	7265.87207031	3488.68603516	814.57153320	4601.72265625	595.98297119	1015.03833008	1031.15869141	30.32672310
0.00000260	7126.96240234	3482.25585937	863.93951416	4536.41455078	599.28668213	1012.39404297	1035.71948242	30.89920616
0.00000280	7281.55566406	3481.67138672	814.57153320	4628.09716797	605.23327637	1008.23870850	1036.54870605	30.41594124
0.00000300	7124.72216797	3470.56445312	814.57153320	4567.81250000	597.30444336	1014.28283691	1020.79315186	30.68359566
0.00000340	7160.56982422	3457.70410156	802.22955322	4577.86035156	600.27777100	1005.40551758	1023.69549561	30.47170258
0.00000380	7140.40527344	3457.11962891	818.68554687	4576.60400391	594.66149902	996.71704102	1022.65893555	30.18917847
0.00000420	7114.63964844	3428.18359375	806.34350586	4561.53320312	594.66149902	995.77264404	1018.51275635	29.66502190
0.00000460	7088.87451172	3418.83056641	785.77355957	4554.62548828	586.40234375	988.02856445	1015.19580078	29.86948013
0.00000500	7077.67187500	3397.20166016	785.77355957	4556.50927734	586.07196045	987.46191406	1017.68353271	29.73937035
0.00000540	7060.86816406	3388.72534180	806.34350586	4530.76269531	578.14312744	974.80700684	1008.56188965	29.13343048
0.00000580	7040.70410156	3371.18847656	773.43151855	4547.71777344	584.42010498	978.96234131	1007.31805420	28.73566628
0.00000620	7007.09667969	3363.00463867	806.34350586	4520.08740234	577.81280518	967.81848145	1003.58642578	28.99216843
0.00000700	6967.32861328	3328.51513672	761.08953857	4514.12158203	576.65649414	962.43542480	997.36718750	28.53120804
0.00000780	6937.08203125	3299.43310547	738.46258545	4496.53857422	571.20544434	951.66925049	989.69671631	28.45314217
0.00000860	6890.59179687	3273.12768555	732.29156494	4484.29345703	563.11145020	947.51391602	984.20300293	28.77655792
0.00000940	6854.18408203	3250.47558594	724.06359863	4473.61816406	560.46850586	939.95874023	977.77636719	28.99216843
0.00001020	6808.25439453	3230.01586914	701.43658447	4461.37255859	562.94622803	933.72570801	971.45343018	28.03493309
0.00001100	6771.28662109	3209.26391602	670.58160400	4443.16162109	558.65148926	929.00372314	963.57568359	28.29701042
0.00001180	6733.19824219	3187.92724609	656.18261719	4429.03271484	560.30328369	924.84838867	957.46002197	28.49403381
0.00001260	6692.30957031	3166.73681641	652.06860352	4420.55517578	555.84332275	919.84307861	949.68591309	28.13158417
0.00001420	6615.29296875	3127.27856445	622.24212646	4393.39550781	550.55743408	909.73803711	939.00946045	28.36299515
0.00001580	6539.39697266	3096.73510742	599.61517334	4368.27685547	543.95013428	903.31610107	925.84527588	28.67061043
0.00001740	6459.85986328	3066.55688477	548.19018555	4341.11767578	537.26019287	889.71679687	913.25122070	28.85834122
0.00001900	6384.24365234	3043.02807617	527.62017822	4314.11523437	528.17504883	876.02307129	900.50170898	28.70964432
0.00002060	6310.58789062	3028.70629883	495.73672485	4293.86328125	520.57659912	865.58746338	884.64251709	28.93826485
0.00002220	6240.01318359	3013.50756836	481.33770752	4262.77880859	513.80407715	857.08789062	879.92620850	29.06558800
0.00002380	6164.67675781	3000.20874023	449.45422363	4240.01513672	505.95785522	845.89678955	875.41723633	28.53771400
0.00002540	6092.70166016	2986.25219727	409.34277344	4215.21093750	500.01123047	834.28070068	869.71618652	28.65388298
0.00002860	3448.28564453	1882.81262207	139.89500427	2478.65454102	311.03500366	543.07092285	581.22546387	21.56127739
0.00003180	3364.69165039	1864.33068848	118.59120178	2449.76098633	301.27252197	532.77490234	576.01184082	21.42074585
0.00003500	3280.12402344	1846.35949707	103.32347107	2423.24389648	292.92715454	528.07354736	570.93768311	21.61445808
0.00003820	3194.58251953	1828.48132324	91.07378387	2394.02416992	284.26690674	523.59155273	565.35784912	21.96766663
0.00004140	3108.79736328	1818.63659668	73.49813843	2366.15576172	274.26821899	519.42303467	559.93499756	21.79743767
0.00004460	3025.36572266	1810.13867187	60.71585464	2339.17285156	262.56372070	514.32989502	561.22528076	21.47901726
0.00004780	2940.96044922	1802.29077148	44.20540237	2311.11791992	253.14239502	510.05163574	566.00305176	21.44962311
0.00005100	2856.63623047	1803.94543457	32.13324356	2284.32153320	242.64509583	505.58532715	572.28033447	21.23359299
0.00005740	2830.35302734	1899.77075195	23.74209595	2346.05273437	230.44258118	515.82946777	606.48791504	21.57438660
0.00006380	2668.05615234	1920.38574219	21.61015320	2282.50488281	207.25949097	506.57327271	612.91082764	21.75194168
0.00007020	2561.60498047	1921.41406250	21.80396652	2223.61010742	185.71839905	505.00067139	602.00286865	21.54078102
0.00007660	2464.65283203	1900.12121582	22.09468460	2165.52319336	164.14994812	511.84506226	586.58251953	21.55896378
0.00008300	2386.52880859	1877.58227539	22.28849792	2107.31396484	142.95079041	521.21533203	571.99914551	21.40051651
0.00008940	2368.04150391	1854.05126953	21.70705986	2049.05566406	122.44913483	529.15966797	558.85321045	21.27739334
0.00009580	2349.89501953	1833.76257324	20.15655518	1990.25854492	101.66027069	537.93518066	546.62609863	20.90955925
0.00010220	2329.02221680	1824.49536133	21.12561989	1934.25317383	82.82720184	534.89593506	534.42626953	20.94930458
0.00011500	2401.02563477	1907.45446777	21.19381714	1911.31896973	45.82956696	531.40264893	526.79095459	21.13397598
0.00012780	2363.13867187	1878.63513184	18.45913124	1796.96044922	16.75154686	509.23260498	503.32934570	21.05531120
0.00014060	2316.58935547	1837.24670410	20.35237503	1684.27221680	9.78471565	488.64843750	479.71002197	20.47844315
0.00015340	2190.73901367	1768.09167480	22.03525925	1576.13208008	9.26786709	468.86132812	453.95382690	20.44010544
0.00016620	2004.07324219	1750.18981934	21.45676804	1488.88256836	8.69437790	450.98638916	427.72473145	20.04400635
0.00017900	1812.54040527	1739.52441406	24.08627319	1380.83239746	8.97758293	433.99755859	402.17898560	19.59468269
0.00019180	1621.36474609	1681.58312988	24.24404335	1283.66430664	9.44487000	413.06146240	378.42379761	19.64831161
0.00020460	1431.32775879	1635.49230957	23.92040825	1198.27770996	9.69267368	390.98913574	355.64825439	19.09369469
0.00023020	1120.45324707	1644.84802246	21.49529266	1096.78454590	9.48745728	381.94888306	322.11874390	19.06763649
0.00025580	946.69354248	1618.62280273	20.83610344	960.71539307	11.11335468	338.53817749	274.51089478	18.54177856
0.00028140	1099.98352051	1502.41564941	20.63548088	872.87670898	10.51011372	287.28277588	226.64758301	17.90297127
0.00030700	1251.24841309	1408.25451660	20.89342308	768.61743164	12.13947487	255.03210449	178.58718872	17.27134705
0.00033260	1104.11657715	1329.68884277	20.82874107	662.35510254	11.55231762	228.10069275	131.74679565	16.67572212
0.00035820	577.90466309	1351.74108887	21.08659172	562.72576904	11.33213329	195.25949097	88.81243134	16.10066605
0.00038380	119.69266510	1310.35156250	21.17254257	560.57897949	10.22387409	158.27340698	53.45629883	15.49844074
0.00040940	79.30956268	1178.38586426	20.88604164	634.49938965	9.99635029	128.11158752	41.55009079	15.05000687
0.00046060	314.83761597	1166.34851074	21.34932518	740.15881348	9.95796490	87.05818939	16.87348366	14.78999519
0.00051180	355.68505859	1045.10107422	20.47500420	769.46075439	10.30562401	55.76083374	7.58419991	14.30009556
0.00056300	376.11499023	888.98480225	21.92935753	798.42443848	11.11412334	40.11959457	7.56534767	13.96634388
0.00061420	409.34555054	755.90142822	22.54073143	772.48773193	12.93265724	33.86524582	7.54128647	13.73293686
0.00066540	252.20713806	603.12829590	43.98540115	618.45489502	13.20404530	32.38831711	6.91189623	13.58012867
0.00071660	35.74873352	450.68698120	39.88708496	386.97424316	10.65298176	28.77893639	6.98081398	13.47328186
0.00076780	13.74329185	319.40341187	20.89719582	158.82208252	9.81663036	19.60080528	7.20216084	13.34998608
0.00081900	15.64707088	195.67428589	20.57222176	41.57497406	9.99612141	14.96913624	7.55963945	13.24571991
0.00092140	15.16314411	64.51127625	23.77003288	23.48493385	10.24862576	12.86299419	7.99087572	13.40345097
0.00102380	10.88168335	36.05761337	22.49601555	10.60019112	11.03030014	8.98993969	8.88275814	13.15610313
0.00112620	7.41534710	14.65619278	24.86080170	7.17213011	10.39700031	8.43732357	9.58133507	12.90335941
0.00122860	9.29195023	7.30758953	22.65299034	11.16739368	9.32196522	7.74788570	10.08533192	12.70632076
0.00133100	13.89385796	7.65970039	24.13451576	11.69514179	9.30009174	7.37532854	10.22415924	12.56528378
0.00143340	17.93688965	7.04340267	22.92259598	13.06164265	9.87881374	7.30010605	9.45952320	12.41604042
0.00153580	14.18311024	6.85308838	24.75061607	12.42174530	10.53821564	7.52542877	8.67751598	12.27267838
0.00163820	11.42708874	6.53293371	27.34303093	12.31366539	10.37932396	7.81795359	8.96495724	12.18598270
0.00184300	7.25296450	7.73143625	25.46409798	14.44939518	10.35961533	8.55407810	9.15828896	12.38007069
0.00204780	16.86364937	9.43757248	27.51423073	10.33424759	9.95387840	8.84224033	7.84239340	12.35630322
0.00225260	10.93735123	9.75589848	24.51513481	14.50986767	10.40345383	7.96587467	8.74112511	12.31483841
0.00245740	5.62360287	8.89199543	25.62729645	13.23595333	10.36220169	7.21727133	9.62731171	12.15923405
0.00266220	6.70824480	8.34583664	24.50435066	12.17088985	10.55219269	8.06376362	9.35359955	12.02710819
0.00286700	10.97768307	6.22257805	23.24379921	12.95240021	10.96765137	7.97793436	9.42379951	12.10359669
0.00307180	12.80957031	5.60240459	23.89253807	11.63957882	10.45286274	7.26333952	8.90841103	12.21271992
0.00327660	14.41110134	6.26340294	25.24285316	14.91182423	10.54218960	7.46324348	8.21329403	12.17719555
0.00368620	11.26060486	6.95728350	26.71874237	10.16926193	10.57593155	9.33201027	8.42171192	12.42989731
0.00409580	10.27559376	8.10786819	25.97052574	11.24707603	10.44439602	9.09864044	10.13350201	12.12142372
0.00450540	18.45629501	8.40142059	25.55926132	16.75405312	11.20143890	8.41212749	9.77966022	11.76538467
0.00491500	13.58331203	7.30880833	25.86536407	11.71100521	11.79220676	8.20133781	8.47287178	11.62944603
0.00532460	11.13309002	7.12925816	25.97069931	9.91699696	10.27514839	7.68566418	8.68051052	11.58492756
0.00573420	11.25308418	7.73568678	26.36775208	10.77520180	9.86349487	9.01345825	8.09916687	11.83353901
0.00614380	10.57591724	8.97678757	26.20139694	10.56273174	10.41187382	9.16758823	8.81421947	11.94723511
0.00655340	8.47181511	9.38018227	27.22637749	14.71334839	10.72806644	7.80689907	9.46016026	11.98651981
0.00737260	16.71223831	8.28373718	28.57746124	13.01393795	11.15367508	8.30540371	9.54613590	12.01969242
0.00819180	14.35869026	9.25142002	30.45909119	11.68900871	11.03990555	8.78785515	8.66737938	11.95051193
0.00901100	11.06447315	9.72842979	26.58358955	13.61326027	10.98539448	8.72732735	8.60093880	11.87236404
0.00983020	9.64199734	10.67149639	27.71544075	10.63840389	10.83726215	10.14471626	8.99973965	11.89763546
0.01064940	14.45009804	8.31466103	26.50423431	10.36604881	10.39731312	10.01776791	9.52135277	11.76164436
0.01146860	10.24059200	9.38452053	29.36460686	8.16940594	10.72005558	8.97828388	8.44149017	11.83882141
0.01228780	10.35463810	16.90495872	27.08919144	7.55976534	10.43643093	8.28585529	8.46595383	11.85204220
0.01310700	12.20071793	8.16878986	26.80805206	8.99325657	11.10980225	8.28447723	8.42572594	11.75996876
0.01474540	12.16529179	9.06715775	28.70049667	15.83823776	11.53667355	8.47885132	9.04010582	11.89698601
0.01638380	11.38267899	10.93177700	26.73122978	14.99099541	10.86266518	9.62699699	9.93352985	12.07037449
0.01802220	12.44605255	12.14214516	27.91838074	8.97944546	11.26301956	10.58981133	9.43097115	12.43894482
0.01966060	14.22095108	9.88525295	27.78251266	10.65221024	10.99803066	9.07272911	8.34446716	11.95881176
0.02129900	15.97287464	13.41280937	28.61302376	10.68168736	11.29683304	8.47529984	8.68812084	11.89635277
0.02293740	14.12336254	10.45034695	27.87209702	14.81492901	11.29176044	9.67567348	8.31026649	11.72131443
0.02457580	11.72437000	10.46724319	26.91802788	10.63151836	10.82375145	9.19613457	9.57684422	11.91674614
0.02621420	9.52970505	12.89753151	26.90568352	11.40222836	11.32415676	9.18159580	8.79219246	12.13616276
0.02949100	11.69197464	9.88324356	28.10589790	9.77929020	11.29926777	10.02649975	9.10769272	11.86189556
0.03276780	9.69874573	11.33869553	28.57169342	12.76666164	10.61533546	8.95739746	10.03524780	11.92959023
0.03604460	11.77516270	11.11576939	26.66465950	13.76995850	10.78484726	9.30222893	9.48797321	11.65034485
0.03932140	8.87173748	9.39187527	26.34080124	14.70680237	10.78197861	8.85428429	9.31783962	11.65228844
0.04259820	12.88985062	12.07140446	26.58366966	10.35195637	11.41070175	8.20492172	9.01350403	11.53335762
0.04587500	11.91610050	9.81816959	27.19146729	12.42168045	10.60382748	8.01005459	9.30643654	11.55540085
0.04915180	16.31056023	9.62011147	24.81229210	14.88973999	10.94651318	9.39936638	8.80133247	11.56723022
0.05242860	9.16772461	9.51204491	26.14895058	9.55644035	10.52399540	9.07952118	8.79540634	11.77442455
0.05898220	9.49333858	10.07797909	25.60682678	13.30722332	10.87836742	8.68292046	9.41797352	11.82507229
0.06553581	11.48764610	8.40759087	25.66609764	13.91811752	10.49453449	9.23712349	8.66973305	11.70196819
0.07208940	13.22750950	9.11890697	24.27897644	10.41170502	11.04914856	9.12203121	8.89519978	11.90065098
0.07864300	10.42330551	9.47899532	24.03949356	9.37702847	10.25765038	8.51426029	9.21926117	11.49146080
0.08519660	8.96922207	10.67249393	23.09752655	10.08635139	10.13451195	8.66825962	8.66817760	11.15794659
0.09175020	11.69753075	10.97231483	22.49632072	10.57886124	10.15057182	8.21311283	8.37259769	10.87703037
0.09830380	9.40961170	10.17618370	22.09520912	11.05975819	10.03759956	8.11678982	8.45540810	10.61021996
0.10485740	10.64798450	10.96454430	20.97180748	10.51505947	9.71108913	8.14937973	8.91678619	10.51401520
0.11796460	11.67733479	9.03904724	19.78823280	11.50498104	9.68656445	8.03732777	7.95344782	10.24378109
0.13107181	10.61421967	10.09949017	19.61222076	9.94133568	9.82926178	7.87751150	7.94611549	10.48200798
0.14417900	9.31639957	9.49584675	19.81337166	11.51087666	9.48243523	8.26280212	8.42854404	10.58259010
0.15728620	10.07518482	9.72782707	19.50149155	9.76222897	9.47431183	7.65739632	8.69065380	10.32396221
0.17039341	9.32693672	9.97538376	19.06620979	10.61563110	9.40663528	8.22948933	8.22271633	10.11646271
0.18350060	11.71600819	8.47260189	18.80332947	11.16679001	9.20214844	7.78815222	8.49474430	10.26065063
0.19660780	11.95809174	8.51299381	19.16119957	10.65201855	9.49372387	8.34552002	8.32319069	10.32460976
0.20971501	11.11491680	11.13938808	18.84831238	10.06679916	9.43268585	8.10228920	8.48994827	10.47116566
0.23592941	9.79838753	9.16936493	18.54050636	10.05881691	9.23753643	7.79341507	8.02132702	10.37869740
0.26214382	11.32040501	7.96095562	17.57036018	10.47083855	9.58163834	7.96773434	8.09148312	10.48491383
0.28835821	0.00000000	0.00000000	0.00000000	0.00000000	9.31885052	7.70438290	8.19606113	10.56358814
0.31457260	0.00000000	0.00000000	0.00000000	0.00000000	9.05475521	7.91379356	8.43752384	10.28078461
0.34078699	0.00000000	0.00000000	0.00000000	0.00000000	9.10865879	8.03669262	7.87452221	10.40941048
0.36700141	0.00000000	0.00000000	0.00000000	0.00000000	8.98793316	7.69765997	8.18360996	10.51903915
0.39321581	0.00000000	0.00000000	0.00000000	0.00000000	8.99159813	7.35070848	7.83820343	10.07357121
0.41943020	0.00000000	0.00000000	0.00000000	0.00000000	9.15998173	7.48460531	7.45941877	10.14466190
0.47185901	0.00000000	0.00000000	0.00000000	0.00000000	9.31716156	7.96976471	8.46440220	10.59583282
0.52428782	0.00000000	0.00000000	0.00000000	0.00000000	8.84830475	7.79169941	7.79740429	10.96917057
0.57671660	0.00000000	0.00000000	0.00000000	0.00000000	0.00000000	0.00000000	0.00000000	0.00000000
0.62914538	0.00000000	0.00000000	0.00000000	0.00000000	0.00000000	0.00000000	0.00000000	0.00000000
0.68157423	0.00000000	0.00000000	0.00000000	0.00000000	0.00000000	0.00000000	0.00000000	0.00000000
0.73400301	0.00000000	0.00000000	0.00000000	0.00000000	0.00000000	0.00000000	0.00000000	0.00000000
0.78643179	0.00000000	0.00000000	0.00000000	0.00000000	0.00000000	0.00000000	0.00000000	0.00000000
0.83886063	0.00000000	0.00000000	0.00000000	0.00000000	0.00000000	0.00000000	0.00000000	0.00000000
0.94371825	0.00000000	0.00000000	0.00000000	0.00000000	0.00000000	0.00000000	0.00000000	0.00000000
1.04857588	0.00000000	0.00000000	0.00000000	0.00000000	0.00000000	0.00000000	0.00000000	0.00000000
1.15343344	0.00000000	0.00000000	0.00000000	0.00000000	0.00000000	0.00000000	0.00000000	0.00000000
1.25829101	0.00000000	0.00000000	0.00000000	0.00000000	0.00000000	0.00000000	0.00000000	0.00000000
1.36314869	0.00000000	0.00000000	0.00000000	0.00000000	0.00000000	0.00000000	0.00000000	0.00000000
1.46800625	0.00000000	0.00000000	0.00000000	0.00000000	0.00000000	0.00000000	0.00000000	0.00000000
1.57286382	0.00000000	0.00000000	0.00000000	0.00000000	0.00000000	0.00000000	0.00000000	0.00000000
1.67772150	0.00000000	0.00000000	0.00000000	0.00000000	0.00000000	0.00000000	0.00000000	0.00000000
1.88743675	0.00000000	0.00000000	0.00000000	0.00000000	0.00000000	0.00000000	0.00000000	0.00000000
2.09715199	0.00000000	0.00000000	0.00000000	0.00000000	0.00000000	0.00000000	0.00000000	0.00000000
2.30686712	0.00000000	0.00000000	0.00000000	0.00000000	0.00000000	0.00000000	0.00000000	0.00000000
2.51658225	0.00000000	0.00000000	0.00000000	0.00000000	0.00000000	0.00000000	0.00000000	0.00000000
2.72629738	0.00000000	0.00000000	0.00000000	0.00000000	0.00000000	0.00000000	0.00000000	0.00000000
2.93601274	0.00000000	0.00000000	0.00000000	0.00000000	0.00000000	0.00000000	0.00000000	0.00000000
3.14572787	0.00000000	0.00000000	0.00000000	0.00000000	0.00000000	0.00000000	0.00000000	0.00000000
3.35544300	0.00000000	0.00000000	0.00000000	0.00000000	0.00000000	0.00000000	0.00000000	0.00000000
3.77487350	0.00000000	0.00000000	0.00000000	0.00000000	0.00000000	0.00000000	0.00000000	0.00000000
4.19430399	0.00000000	0.00000000	0.00000000	0.00000000	0.00000000	0.00000000	0.00000000	0.00000000
4.61373425	0.00000000	0.00000000	0.00000000	0.00000000	0.00000000	0.00000000	0.00000000	0.00000000
5.03316450	0.00000000	0.00000000	0.00000000	0.00000000	0.00000000	0.00000000	0.00000000	0.00000000
5.45259476	0.00000000	0.00000000	0.00000000	0.00000000	0.00000000	0.00000000	0.00000000	0.00000000
5.87202549	0.00000000	0.00000000	0.00000000	0.00000000	0.00000000	0.00000000	0.00000000	0.00000000
6.29145575	0.00000000	0.00000000	0.00000000	0.00000000	0.00000000	0.00000000	0.00000000	0.00000000
6.71088600	0.00000000	0.00000000	0.00000000	0.00000000	0.00000000	0.00000000	0.00000000	0.00000000
7.54974699	0.00000000	0.00000000	0.00000000	0.00000000	0.00000000	0.00000000	0.00000000	0.00000000
8.38860798	0.00000000	0.00000000	0.00000000	0.00000000	0.00000000	0.00000000	0.00000000	0.00000000
9.22746849	0.00000000	0.00000000	0.00000000	0.00000000	0.00000000	0.00000000	0.00000000	0.00000000
10.06632900	0.00000000	0.00000000	0.00000000	0.00000000	0.00000000	0.00000000	0.00000000	0.00000000
10.90518951	0.00000000	0.00000000	0.00000000	0.00000000	0.00000000	0.00000000	0.00000000	0.00000000
11.74405098	0.00000000	0.00000000	0.00000000	0.00000000	0.00000000	0.00000000	0.00000000	0.00000000
12.58291149	0.00000000	0.00000000	0.00000000	0.00000000	0.00000000	0.00000000	0.00000000	0.00000000
13.42177200	0.00000000	0.00000000	0.00000000	0.00000000	0.00000000	0.00000000	0.00000000	0.00000000
15.09949398	0.00000000	0.00000000	0.00000000	0.00000000	0.00000000	0.00000000	0.00000000	0.00000000
16.77721596	0.00000000	0.00000000	0.00000000	0.00000000	0.00000000	0.00000000	0.00000000	0.00000000
18.45493698	0.00000000	0.00000000	0.00000000	0.00000000	0.00000000	0.00000000	0.00000000	0.00000000
20.13265800	0.00000000	0.00000000	0.00000000	0.00000000	0.00000000	0.00000000	0.00000000	0.00000000
21.81037903	0.00000000	0.00000000	0.00000000	0.00000000	0.00000000	0.00000000	0.00000000	0.00000000
23.48810196	0.00000000	0.00000000	0.00000000	0.00000000	0.00000000	0.00000000	0.00000000	0.00000000
25.16582298	0.00000000	0.00000000	0.00000000	0.00000000	0.00000000	0.00000000	0.00000000	0.00000000
26.84354401	0.00000000	0.00000000	0.00000000	0.00000000	0.00000000	0.00000000	0.00000000	0.00000000
30.19898796	0.00000000	0.00000000	0.00000000	0.00000000	0.00000000	0.00000000	0.00000000	0.00000000
33.55443192	0.00000000	0.00000000	0.00000000	0.00000000	0.00000000	0.00000000	0.00000000	0.00000000
36.90987396	0.00000000	0.00000000	0.00000000	0.00000000	0.00000000	0.00000000	0.00000000	0.00000000
40.26531601	0.00000000	0.00000000	0.00000000	0.00000000	0.00000000	0.00000000	0.00000000	0.00000000
43.62075806	0.00000000	0.00000000	0.00000000	0.00000000	0.00000000	0.00000000	0.00000000	0.00000000
46.97620392	0.00000000	0.00000000	0.00000000	0.00000000	0.00000000	0.00000000	0.00000000	0.00000000
50.33164597	0.00000000	0.00000000	0.00000000	0.00000000	0.00000000	0.00000000	0.00000000	0.00000000
53.68708801	0.00000000	0.00000000	0.00000000	0.00000000	0.00000000	0.00000000	0.00000000	0.00000000
60.39797592	0.00000000	0.00000000	0.00000000	0.00000000	0.00000000	0.00000000	0.00000000	0.00000000
67.10886383	0.00000000	0.00000000	0.00000000	0.00000000	0.00000000	0.00000000	0.00000000	0.00000000
73.81974792	0.00000000	0.00000000	0.00000000	0.00000000	0.00000000	0.00000000	0.00000000	0.00000000
80.53063202	0.00000000	0.00000000	0.00000000	0.00000000	0.00000000	0.00000000	0.00000000	0.00000000
87.24151611	0.00000000	0.00000000	0.00000000	0.00000000	0.00000000	0.00000000	0.00000000	0.00000000
93.95240784	0.00000000	0.00000000	0.00000000	0.00000000	0.00000000	0.00000000	0.00000000	0.00000000
100.66329193	0.00000000	0.00000000	0.00000000	0.00000000	0.00000000	0.00000000	0.00000000	0.00000000
107.37417603	0.00000000	0.00000000	0.00000000	0.00000000	0.00000000	0.00000000	0.00000000	0.00000000
120.79595184	0.00000000	0.00000000	0.00000000	0.00000000	0.00000000	0.00000000	0.00000000	0.00000000
134.21772766	0.00000000	0.00000000	0.00000000	0.00000000	0.00000000	0.00000000	0.00000000	0.00000000
147.63949585	0.00000000	0.00000000	0.00000000	0.00000000	0.00000000	0.00000000	0.00000000	0.00000000
161.06126404	0.00000000	0.00000000	0.00000000	0.00000000	0.00000000	0.00000000	0.00000000	0.00000000
174.48303223	0.00000000	0.00000000	0.00000000	0.00000000	0.00000000	0.00000000	0.00000000	0.00000000
187.90481567	0.00000000	0.00000000	0.00000000	0.00000000	0.00000000	0.00000000	0.00000000	0.00000000
201.32658386	0.00000000	0.00000000	0.00000000	0.00000000	0.00000000	0.00000000	0.00000000	0.00000000
214.74835205	0.00000000	0.00000000	0.00000000	0.00000000	0.00000000	0.00000000	0.00000000	0.00000000
241.59190369	0.00000000	0.00000000	0.00000000	0.00000000	0.00000000	0.00000000	0.00000000	0.00000000
268.43545532	0.00000000	0.00000000	0.00000000	0.00000000	0.00000000	0.00000000	0.00000000	0.00000000
295.27899170	0.00000000	0.00000000	0.00000000	0.00000000	0.00000000	0.00000000	0.00000000	0.00000000
322.12252808	0.00000000	0.00000000	0.00000000	0.00000000	0.00000000	0.00000000	0.00000000	0.00000000
348.96606445	0.00000000	0.00000000	0.00000000	0.00000000	0.00000000	0.00000000	0.00000000	0.00000000
375.80963135	0.00000000	0.00000000	0.00000000	0.00000000	0.00000000	0.00000000	0.00000000	0.00000000
402.65316772	0.00000000	0.00000000	0.00000000	0.00000000	0.00000000	0.00000000	0.00000000	0.00000000
429.49670410	0.00000000	0.00000000	0.00000000	0.00000000	0.00000000	0.00000000	0.00000000	0.00000000
483.18380737	0.00000000	0.00000000	0.00000000	0.00000000	0.00000000	0.00000000	0.00000000	0.00000000
536.87091064	0.00000000	0.00000000	0.00000000	0.00000000	0.00000000	0.00000000	0.00000000	0.00000000
590.55798340	0.00000000	0.00000000	0.00000000	0.00000000	0.00000000	0.00000000	0.00000000	0.00000000
644.24505615	0.00000000	0.00000000	0.00000000	0.00000000	0.00000000	0.00000000	0.00000000	0.00000000
697.93212891	0.00000000	0.00000000	0.00000000	0.00000000	0.00000000	0.00000000	0.00000000	0.00000000
751.61926270	0.00000000	0.00000000	0.00000000	0.00000000	0.00000000	0.00000000	0.00000000	0.00000000
805.30633545	0.00000000	0.00000000	0.00000000	0.00000000	0.00000000	0.00000000	0.00000000	0.00000000
858.99340820	0.00000000	0.00000000	0.00000000	0.00000000	0.00000000	0.00000000	0.00000000	0.00000000
966.36761475	0.00000000	0.00000000	0.00000000	0.00000000	0.00000000	0.00000000	0.00000000	0.00000000
1073.74182129	0.00000000	0.00000000	0.00000000	0.00000000	0.00000000	0.00000000	0.00000000	0.00000000
1181.11596680	0.00000000	0.00000000	0.00000000	0.00000000	0.00000000	0.00000000	0.00000000	0.00000000
1288.49011230	0.00000000	0.00000000	0.00000000	0.00000000	0.00000000	0.00000000	0.00000000	0.00000000
1395.86425781	0.00000000	0.00000000	0.00000000	0.00000000	0.00000000	0.00000000	0.00000000	0.00000000
1503.23852539	0.00000000	0.00000000	0.00000000	0.00000000	0.00000000	0.00000000	0.00000000	0.00000000
1610.61267090	0.00000000	0.00000000	0.00000000	0.00000000	0.00000000	0.00000000	0.00000000	0.00000000
1717.98681641	0.00000000	0.00000000	0.00000000	0.00000000	0.00000000	0.00000000	0.00000000	0.00000000
1932.73522949	0.00000000	0.00000000	0.00000000	0.00000000	0.00000000	0.00000000	0.00000000	0.00000000
2147.48364258	0.00000000	0.00000000	0.00000000	0.00000000	0.00000000	0.00000000	0.00000000	0.00000000
2362.23193359	0.00000000	0.00000000	0.00000000	0.00000000	0.00000000	0.00000000	0.00000000	0.00000000
2576.98022461	0.00000000	0.00000000	0.00000000	0.00000000	0.00000000	0.00000000	0.00000000	0.00000000
2791.72851562	0.00000000	0.00000000	0.00000000	0.00000000	0.00000000	0.00000000	0.00000000	0.00000000
3006.47705078	0.00000000	0.00000000	0.00000000	0.00000000	0.00000000	0.00000000	0.00000000	0.00000000
3221.22534180	0.00000000	0.00000000	0.00000000	0.00000000	0.00000000	0.00000000	0.00000000	0.00000000
3435.97363281	0.00000000	0.00000000	0.00000000	0.00000000	0.00000000	0.00000000	0.00000000	0.00000000
0	0	0	0	0	0	0	0	0
