%6/10/2015 4:29:04 PM
%Duration	ID1		ID2		ID3		ID4		ID5		ID6		ID7		ID8
3000.000000	17.557144	18.405914	15.087128	17.948151	19.712448	20.799637	22.783279	182.628632
%Tau		Tau1		Tau2		Tau3		Tau4		Tau5		Tau6		Tau7		Tau8
%		0.000038	0.000041	0.000014	0.000025	0.000064	0.000051	0.000057	0.000333
%Delaytime	D1		D2		D3		D4		D5		D6		D7		D8
0.00000000	2.42165232	5.17837191	5.30497742	4.70467806	3.62818980	2.24956441	3.27320981	1.69511855
0.00000020	1.81919241	1.74692059	2.04137611	1.88799441	1.72106445	1.51019704	1.60265040	1.48564172
0.00000040	1.83100545	1.63253891	1.52128017	1.57162786	1.47918510	1.37648165	1.55511415	1.46821833
0.00000060	1.47661722	1.69492888	1.32624435	1.39813638	1.38615453	1.36861610	1.35817838	1.45821965
0.00000080	1.72468901	1.46616554	1.28723717	1.80635142	1.51639724	1.52592826	1.45325077	1.47445512
0.00000100	1.31123614	1.49736047	1.41726112	1.60224390	1.29312408	1.54165947	1.58227777	1.46851540
0.00000120	1.29942322	1.40377545	1.17021561	1.57162786	1.47918510	1.71470284	1.39892364	1.46307051
0.00000140	1.38211370	1.63253891	1.57328975	1.50019014	1.46988201	1.68324041	1.47362351	1.46326852
0.00000160	1.38211370	1.75731897	1.58629215	1.24505579	1.45127594	1.51806271	1.48041439	1.47831595
0.00000180	1.57112074	1.54935217	1.41726112	1.32669878	1.40476072	1.40794408	1.46683264	1.45326984
0.00000200	1.40573967	1.51815712	1.28723717	1.56142247	1.41406369	1.49446583	1.25631499	1.49168050
0.00000220	1.44117844	1.35178375	1.32624435	1.56142247	1.45127594	1.43940651	1.37176013	1.46336758
0.00000240	1.28761029	1.47656381	1.41726112	1.22464502	1.50709426	1.34501922	1.43966901	1.47009933
0.00000260	1.38211370	1.40377545	1.53428257	1.26546657	1.53500342	1.57312191	1.58906865	1.46673346
0.00000280	1.32304907	1.51815712	1.44326591	1.47977948	1.48848820	1.59671879	1.56869602	1.44376624
0.00000300	1.29942322	1.51815712	1.84634006	1.50019014	1.53500342	1.66750920	1.43287814	1.45346785
0.00000340	1.52386904	1.58054721	1.54728496	1.32669878	1.53500342	1.47086895	1.51436889	1.45693278
0.00000380	1.58884013	1.46096635	1.40425873	1.53590906	1.39080608	1.60065162	1.52455521	1.44406319
0.00000420	1.50024319	1.55975056	1.44326591	1.54101169	1.44197285	1.52592826	1.43627357	1.45138896
0.00000460	1.65381134	1.41417384	1.33924675	1.48998487	1.42336679	1.41580975	1.39892364	1.45430934
0.00000500	1.34076846	1.47136462	1.69031131	1.35731494	1.47453356	1.51412988	1.45325077	1.45985317
0.00000540	1.30532968	1.43497050	1.46276951	1.40834177	1.34429085	1.59278595	1.44306445	1.46777284
0.00000580	1.53568196	1.52335632	1.56678855	1.34710956	1.40941226	1.48266745	1.47022808	1.46569395
0.00000620	1.36439431	1.41417384	1.42376232	1.33690417	1.38615453	1.58885312	1.40231907	1.46633744
0.00000700	1.54158843	1.39597666	1.50827789	1.37262297	1.49779117	1.40401137	1.52625287	1.46420896
0.00000780	1.52977550	1.53635430	1.40100813	1.34710956	1.47453356	1.50233150	1.41759861	1.46015012
0.00000860	1.48547697	1.51295805	1.45301771	1.47467673	1.43034410	1.39024651	1.44985533	1.46138763
0.00000940	1.47071075	1.35438335	1.41401052	1.32159615	1.33963931	1.43940651	1.45494854	1.45242846
0.00001020	1.48252368	1.44796836	1.44976711	1.51294696	1.45127594	1.38828015	1.39213276	1.46844113
0.00001100	1.45889783	1.49216139	1.44001532	1.38793111	1.38382888	1.47480178	1.46004164	1.45282435
0.00001180	1.44708490	1.46876502	1.45301771	1.39558506	1.31870747	1.48856664	1.45155311	1.45928395
0.00001260	1.43231869	1.53115511	1.44976711	1.28587735	1.44429862	1.48070097	1.32761931	1.45185912
0.00001420	1.43084216	1.37647986	1.49852610	1.37645006	1.50360560	1.40106177	1.37260902	1.45265114
0.00001580	1.46775758	1.42587197	1.36037564	1.46192002	1.43499565	1.48070097	1.38619077	1.46628797
0.00001740	1.42198241	1.48566234	1.49690080	1.43257964	1.34429085	1.43940651	1.42354071	1.45781136
0.00001900	1.37768388	1.43497050	1.43839002	1.38282835	1.42918122	1.46103704	1.43202925	1.45611608
0.00002060	1.41755259	1.34398508	1.32461905	1.37134731	1.34080219	1.44530582	1.45919287	1.45048559
0.00002220	1.37473071	1.35698295	1.39125633	1.31776905	1.35708261	1.36566651	1.42269182	1.44806015
0.00002380	1.32157242	1.41547358	1.39450693	1.37134731	1.31521881	1.34600246	1.28347850	1.44646382
0.00002540	1.36734760	1.31149018	1.30023956	1.36114192	1.37801445	1.38336408	1.34714317	1.44601834
0.00002860	1.36858737	1.35964906	1.31388915	1.37683046	1.34931087	1.36749768	1.32465088	1.44795883
0.00003180	1.36266911	1.35117042	1.28565943	1.29988050	1.36503434	1.38273036	1.35179710	1.44270968
0.00003500	1.28499258	1.32126009	1.32840717	1.28398180	1.33533442	1.28740346	1.27544832	1.44045854
0.00003820	1.31313050	1.33946633	1.32921374	1.32086682	1.33649909	1.29379141	1.31107783	1.44137263
0.00004140	1.33014560	1.24713421	1.26388228	1.30941975	1.29631674	1.33457553	1.29538393	1.44188678
0.00004460	1.29759479	1.23347950	1.25581670	1.29352105	1.23342276	1.28199840	1.30132210	1.43180001
0.00004780	1.24211049	1.29265010	1.27840042	1.26490331	1.25613439	1.25155354	1.27078259	1.42877471
0.00005100	1.27096236	1.23285246	1.29937100	1.23246992	1.23225796	1.27907109	1.23091161	1.42624223
0.00005740	1.23294139	1.22021961	1.19683158	1.23676467	1.23154402	1.25016177	1.26017451	1.41695750
0.00006380	1.20109963	1.20334423	1.19319868	1.22086394	1.24493670	1.22464323	1.16596377	1.41229272
0.00007020	1.19924831	1.19360840	1.15000784	1.19478655	1.19573319	1.19198287	1.19970143	1.40258503
0.00007660	1.15222621	1.18581975	1.15043557	1.18969834	1.14856768	1.21310163	1.17317820	1.39664698
0.00008300	1.16296363	1.16212928	1.18918717	1.17029941	1.14274478	1.15809453	1.16744912	1.38796866
0.00008940	1.12667882	1.11539757	1.11895001	1.14549410	1.14130938	1.16104138	1.13477242	1.38464439
0.00009580	1.09520733	1.15107381	1.08827174	1.11591864	1.13199258	1.12813532	1.13116527	1.37819219
0.00010220	1.10150170	1.11570108	1.08665705	1.10542405	1.11685276	1.12641644	1.10761261	1.36987972
0.00011500	1.08359921	1.08358991	1.07543993	1.09150553	1.10745215	1.10835743	1.08200145	1.35476935
0.00012780	1.07657242	1.05213451	1.07301950	1.08594143	1.08504117	1.09781098	1.06641042	1.34071219
0.00014060	1.06901240	1.06253159	1.07100260	1.07195187	1.06177592	1.08836830	1.06419694	1.32703543
0.00015340	1.06214905	1.05507290	1.07041991	1.08164918	1.06412339	1.08041477	1.05263984	1.31479251
0.00016620	1.06732666	1.06447732	1.01616275	1.05080855	1.06819820	1.05159557	1.03924572	1.30260265
0.00017900	1.05604684	1.02767050	1.03695953	1.05144441	1.04360354	1.04374695	1.03869903	1.29031646
0.00019180	1.05586195	1.02750838	1.03716123	1.04796648	1.02888656	1.02193463	1.04071629	1.28156233
0.00020460	1.03683662	1.00478923	1.05188560	1.05003321	1.04147327	1.03714156	1.02988660	1.27001226
0.00023020	1.03103375	1.01085055	1.01465631	1.02942216	1.02257407	1.03112888	1.02519274	1.24749959
0.00025580	1.00763690	1.02325416	1.01021671	1.02457798	1.02104616	1.02321124	1.02450240	1.23103869
0.00028140	1.00967145	0.99242926	1.02855897	1.02410161	1.02955854	1.00400031	1.00708485	1.21201038
0.00030700	1.02132356	1.01139903	0.99231565	1.00502384	1.01660812	1.01363647	1.00490761	1.19910502
0.00033260	1.01022625	1.00507581	1.00401962	1.00174940	1.01071501	1.01873076	1.01462543	1.18303800
0.00035820	1.01226079	0.99461806	0.98434484	1.01286674	1.00567698	1.01753128	1.00283670	1.17020941
0.00038380	0.99117589	1.00641608	1.01655209	0.99801719	1.00356710	0.99341106	1.01112068	1.15922725
0.00040940	0.99663204	0.99800414	1.00401962	1.00281906	0.99956560	1.00531781	1.01373804	1.14732206
0.00046060	1.00628746	1.00782311	1.00126398	1.00333071	1.00070453	1.00801396	1.00651169	1.12684309
0.00051180	1.00959027	1.00370944	1.02026927	1.00305283	1.00186896	1.02046657	1.00686109	1.11206317
0.00056300	0.99585223	1.00259662	1.00506163	1.01113212	1.01425934	0.99205792	1.00116324	1.09860253
0.00061420	1.00151324	0.99895024	1.00288916	1.01504123	1.00225067	1.01529276	0.99931836	1.08824372
0.00066540	1.00308537	0.99641651	1.00293970	1.00424373	1.00279653	1.00739968	1.00085962	1.07934058
0.00071660	0.99811786	0.99266398	0.98071879	1.00610948	1.00419724	1.00558770	1.00497854	1.06877756
0.00076780	0.98789948	0.98757720	1.00325119	1.01456487	1.00474310	1.00560629	1.00840652	1.06238222
0.00081900	1.00042975	1.00515985	1.01583099	1.02639449	1.00234139	1.00356698	1.01410866	1.05758059
0.00092140	0.99744451	0.99762982	0.99296194	1.00534511	1.00502217	0.99907070	0.99658996	1.04823172
0.00102380	0.99286968	1.00177896	1.00377774	1.00627875	1.00642264	0.99874908	0.99984950	1.04000258
0.00112620	0.99362904	0.99631619	0.99547684	1.00930202	0.99914771	1.00134850	1.00394273	1.03513992
0.00122860	1.00663745	1.00222266	0.99821025	0.99828428	1.00565875	1.00366831	0.99450433	1.03054500
0.00133100	1.01162255	0.99564850	1.00960636	0.99645442	1.00262129	1.00760138	0.99580735	1.02485728
0.00143340	1.00398028	1.00252759	1.00454843	1.00783026	0.99501806	0.99841207	0.99702686	1.01879823
0.00153580	1.00566113	0.99101359	1.00097704	0.99883991	0.99776411	1.01055002	0.99832606	1.01271856
0.00163820	1.00050545	1.00009823	1.00120020	0.99454361	1.00032878	0.99930412	1.00577569	1.01072371
0.00184300	1.00305700	1.00074875	1.00232792	0.99683726	0.99009442	1.00151908	1.00307059	1.00457823
0.00204780	0.99761826	0.99798030	1.00339448	1.00564015	0.99775797	0.99743080	1.00185144	1.00221550
0.00225260	0.98672688	1.00112462	1.00889182	0.99578309	1.00294125	0.99566609	1.00274932	1.00034010
0.00245740	0.99161065	1.00587964	0.98999345	1.00546324	1.00159395	0.99264401	1.00088227	1.00098526
0.00266220	0.99939394	0.99891847	0.99281877	1.00097358	1.00154781	1.00159693	1.00155056	1.00235665
0.00286700	1.00059664	1.00488651	1.00000143	1.00337577	1.00316632	1.00125015	0.99464875	1.00277734
0.00307180	1.00656712	0.99806392	0.99745572	0.99905574	0.99564600	1.00221944	1.00161433	1.00385213
0.00327660	0.99833536	0.99990875	1.00549781	0.99436742	0.99673605	0.99914348	0.99978882	1.00481617
0.00368620	1.00453162	0.99827498	1.00508595	0.99862945	0.99944991	0.99934524	0.99657857	1.00628614
0.00409580	1.00380647	0.99870896	1.00872886	0.99625266	0.99951541	1.00728881	0.99971056	1.00494850
0.00450540	1.00219774	1.00011742	0.99700367	0.99706787	1.00516343	1.00224817	0.99958217	1.00636685
0.00491500	1.00042701	0.99984694	1.00186944	0.99960774	0.99902922	0.99454963	0.99836802	1.00423896
0.00532460	0.99815893	1.00278413	0.99854052	0.99572837	1.00103211	1.00295305	0.99796277	1.00405121
0.00573420	1.00730753	1.00091887	1.00698030	1.00483429	1.00182056	1.00171030	0.99648196	1.00136864
0.00614380	1.00508904	0.99987227	0.99722624	0.99989682	1.00846207	0.99714339	0.99780506	0.99919224
0.00655340	1.00362718	1.00983262	1.00519145	1.00078666	1.00178742	1.00526357	1.00205433	0.99906254
0.00737260	1.00235736	1.00203586	1.00336051	0.99997610	0.99939227	1.00368595	0.99908745	1.00171340
0.00819180	1.00101972	1.00298393	0.99704784	1.00066400	1.00229061	0.99872774	0.99947882	1.00002372
0.00901100	0.99424422	1.00282669	1.00391734	1.00081992	1.00550508	0.99917734	1.00182748	0.99761492
0.00983020	0.99883813	0.99707222	1.00522637	1.00278544	0.99937940	0.99919635	1.00229990	0.99120080
0.01064940	0.99409479	0.99770612	1.00618637	0.99765205	0.99934083	0.99968535	0.99883258	0.99791276
0.01146860	1.00507760	0.99914461	0.99813914	0.99853826	1.00042582	1.00388682	1.00267422	0.99758136
0.01228780	0.99878424	0.99793380	0.99765813	1.00083864	0.99824369	1.00020695	1.00095665	1.00298262
0.01310700	1.00235713	1.00198221	1.00022972	0.99793738	1.00106108	1.00099909	0.99805510	1.00007236
0.01474540	0.99947739	0.99858284	0.99939728	1.00296247	0.99889719	1.00082135	1.00205898	0.99580401
0.01638380	1.00232458	1.00002599	1.00178826	1.00150764	1.00173354	0.99913692	1.00406981	1.00063348
0.01802220	0.99986005	0.99862814	0.99919868	0.99832129	0.99878627	0.99782085	0.99755991	1.00026476
0.01966060	0.99777871	0.99951124	0.99911869	1.00038850	0.99947584	0.99878854	0.99671823	0.99923235
0.02129900	1.00173426	1.00036585	1.00179410	1.00185442	1.00139344	1.00091791	0.99992639	0.99674737
0.02293740	1.00160348	1.00216508	1.00061119	1.00089717	1.00138497	1.00248671	1.00163877	0.99794024
0.02457580	0.99887389	0.99782109	0.99734187	0.99913704	0.99682146	0.99936974	1.00191259	0.99868214
0.02621420	1.00240099	0.99781936	1.00297260	1.00149810	0.99989253	1.00083256	1.00261509	1.00194561
0.02949100	1.00011945	1.00168276	1.00065148	0.99891174	0.99965990	1.00099802	0.99956268	0.99827158
0.03276780	1.00002289	0.99944693	1.00181246	1.00032938	1.00064111	1.00046587	0.99903440	0.99685156
0.03604460	0.99798590	0.99978107	1.00115895	1.00042844	0.99943596	1.00154054	1.00008655	1.00081015
0.03932140	1.00131941	0.99866349	1.00066185	1.00128138	0.99978125	0.99749660	1.00177491	1.00024068
0.04259820	1.00013971	0.99985862	0.99936992	1.00055742	1.00062525	1.00002646	1.00015366	1.00286484
0.04587500	1.00044024	0.99844688	1.00165546	1.00060928	0.99930108	1.00101435	0.99999893	0.99581206
0.04915180	1.00152957	1.00102353	1.00287449	0.99824345	1.00255787	1.00034010	1.00176382	0.99855697
0.05242860	0.99944639	0.99797088	1.00123143	1.00009274	1.00188267	1.00098455	1.00183868	1.00019896
0.05898220	0.99976033	0.99988836	1.00155854	1.00084436	1.00026953	1.00096428	1.00044405	1.00061333
0.06553581	1.00036132	0.99898195	1.00114548	1.00079775	1.00010920	1.00031972	1.00040078	1.00177979
0.07208940	1.00169492	1.00002337	1.00138819	1.00028062	1.00005484	0.99965936	0.99978948	1.00327420
0.07864300	0.99926871	1.00060427	0.99950075	1.00108767	1.00107503	0.99985063	1.00087738	0.99749595
0.08519660	1.00024641	1.00095427	1.00088024	1.00049579	1.00105536	0.99995500	0.99974632	0.99781269
0.09175020	1.00019598	1.00023937	1.00066793	0.99909920	1.00158095	0.99812466	1.00186265	1.00193334
0.09830380	0.99922174	1.00046301	1.00091004	1.00044620	1.00089943	0.99966663	1.00129926	0.99999726
0.10485740	1.00089443	1.00028002	0.99991101	1.00080645	0.99921012	1.00017130	1.00090051	1.00134325
0.11796460	1.00069070	1.00160408	1.00127387	1.00221419	1.00005221	1.00082386	1.00072455	1.00284719
0.13107181	1.00091243	1.00006151	1.00089169	1.00031710	1.00081038	1.00062418	1.00169230	0.99877572
0.14417900	1.00072002	0.99939924	1.00144982	1.00073993	0.99926084	1.00065410	1.00081849	0.99986959
0.15728620	1.00020719	0.99938518	0.99986458	0.99980098	1.00087178	1.00021386	0.99948502	1.00083613
0.17039341	1.00110006	1.00031018	1.00111115	1.00264215	1.00038338	1.00067556	0.99991864	1.00160944
0.18350060	0.99968034	1.00064003	1.00039971	1.00088561	1.00023568	1.00014222	1.00031757	1.00093281
0.19660780	0.99921745	1.00025868	1.00061405	1.00088441	0.99973989	1.00019991	1.00016356	0.99939740
0.20971501	1.00029504	0.99909806	1.00066853	1.00105011	0.99947894	1.00012994	0.99976039	1.00237453
0.23592941	1.00115132	1.00046146	1.00040817	1.00099003	1.00020444	1.00006902	1.00077200	1.00066960
0.26214382	1.00060809	0.99940163	0.99978471	1.00112712	0.99997759	0.99951595	1.00074315	0.99891239
0.28835821	1.00090623	0.99954748	1.00035298	1.00145364	1.00003600	1.00116599	0.99997973	1.00208879
0.31457260	0.99892718	1.00017416	0.99990904	0.99992818	0.99994540	1.00008476	0.99977672	0.99857038
0.34078699	1.00001335	0.99949771	0.99958146	1.00016987	0.99998039	1.00045764	1.00057757	1.00032711
0.36700141	1.00010979	0.99860060	0.99943733	1.00109470	0.99998456	1.00030804	1.00056243	0.99897110
0.39321581	0.99985057	0.99996042	1.00053751	1.00159299	1.00037444	1.00027084	1.00027287	1.00191712
0.41943020	1.00058079	1.00030768	0.99922746	0.99975455	0.99971300	1.00051689	0.99986076	0.99956161
0.47185901	1.00047159	0.99961936	0.99919873	1.00093853	1.00005019	1.00019634	1.00084817	1.00055850
0.52428782	1.00023317	1.00006723	1.00002313	1.00040972	1.00048840	0.99958628	1.00022125	1.00048375
0.57671660	1.00011933	1.00020075	0.99953300	1.00074327	0.99986172	1.00000775	1.00034094	1.00083148
0.62914538	0.99963993	1.00079358	0.99966115	1.00073051	1.00043058	0.99930853	0.99970746	1.00036168
0.68157423	0.99905658	0.99978167	0.99985647	1.00050044	1.00018084	0.99982250	0.99980909	1.00005877
0.73400301	1.00074434	1.00014734	0.99949896	1.00018430	0.99982500	1.00016689	0.99997282	1.00070643
0.78643179	1.00029755	1.00040793	1.00027895	1.00022614	1.00004673	1.00025272	0.99947721	1.00021708
0.83886063	0.99937624	1.00042367	1.00004089	1.00040638	0.99910218	0.99966061	1.00007403	0.99942756
0.94371825	0.99989563	0.99974543	1.00007296	1.00070739	1.00038195	1.00022662	0.99994218	1.00015807
1.04857588	1.00013804	0.99993724	0.99981308	1.00015295	0.99951440	1.00016880	0.99967861	0.99944580
1.15343344	0.99996996	0.99997514	0.99985826	1.00023687	0.99976850	0.99974692	0.99984419	0.99951184
1.25829101	0.99995989	1.00052130	0.99904990	1.00001359	1.00001955	1.00048137	0.99953890	0.99981385
1.36314869	1.00028455	1.00008225	0.99949712	1.00011647	0.99936557	1.00023258	0.99933285	0.99920541
1.46800625	0.99945027	0.99994665	1.00004041	1.00003231	1.00002861	0.99976808	0.99952567	0.99998462
1.57286382	1.00043702	0.99994868	0.99988586	0.99969172	0.99991018	0.99947125	0.99939638	0.99969250
1.67772150	0.99972069	1.00009274	1.00068104	0.99933815	0.99985456	0.99994397	0.99941975	0.99927390
1.88743675	1.00008357	0.99953139	1.00044656	0.99953204	1.00023019	0.99956971	0.99944788	0.99935490
2.09715199	1.00031924	1.00046027	1.00007951	0.99911308	1.00017273	0.99980688	0.99965352	0.99965066
2.30686712	1.00017822	1.00000942	0.99983370	0.99945045	0.99988294	0.99966609	1.00016928	0.99944884
2.51658225	0.99966818	0.99986696	0.99989194	0.99949312	0.99983054	1.00011694	1.00039268	1.00002849
2.72629738	0.99964231	0.99967420	0.99974585	0.99959081	1.00017166	1.00007057	1.00038934	0.99994111
2.93601274	0.99977541	1.00014997	0.99961787	0.99944544	1.00041437	0.99963009	1.00064492	0.99975389
3.14572787	1.00009203	0.99970359	0.99997360	0.99967951	1.00045848	0.99994487	0.99987817	1.00009847
3.35544300	1.00029337	1.00023317	0.99982458	1.00021017	0.99954659	0.99902803	0.99998349	0.99888694
3.77487350	1.00012696	1.00022745	1.00077486	0.99992645	0.99996203	1.00029802	0.99995333	1.00009596
4.19430399	0.99999177	0.99981505	0.99915677	1.00006950	0.99978387	0.99986929	1.00003827	1.00014973
4.61373425	1.00001383	1.00018287	1.00042415	0.99987215	0.99986893	1.00010324	0.99997747	0.99998313
5.03316450	1.00000000	1.00000000	1.00000000	1.00000000	1.00000000	1.00000000	1.00000000	1.00000000
5.45259476	0.00000000	0.00000000	0.00000000	0.00000000	0.00000000	0.00000000	0.00000000	0.00000000
5.87202549	0.00000000	0.00000000	0.00000000	0.00000000	0.00000000	0.00000000	0.00000000	0.00000000
6.29145575	0.00000000	0.00000000	0.00000000	0.00000000	0.00000000	0.00000000	0.00000000	0.00000000
6.71088600	0.00000000	0.00000000	0.00000000	0.00000000	0.00000000	0.00000000	0.00000000	0.00000000
7.54974699	0.00000000	0.00000000	0.00000000	0.00000000	0.00000000	0.00000000	0.00000000	0.00000000
8.38860798	0.00000000	0.00000000	0.00000000	0.00000000	0.00000000	0.00000000	0.00000000	0.00000000
9.22746849	0.00000000	0.00000000	0.00000000	0.00000000	0.00000000	0.00000000	0.00000000	0.00000000
10.06632900	0.00000000	0.00000000	0.00000000	0.00000000	0.00000000	0.00000000	0.00000000	0.00000000
10.90518951	0.00000000	0.00000000	0.00000000	0.00000000	0.00000000	0.00000000	0.00000000	0.00000000
11.74405098	0.00000000	0.00000000	0.00000000	0.00000000	0.00000000	0.00000000	0.00000000	0.00000000
12.58291149	0.00000000	0.00000000	0.00000000	0.00000000	0.00000000	0.00000000	0.00000000	0.00000000
13.42177200	0.00000000	0.00000000	0.00000000	0.00000000	0.00000000	0.00000000	0.00000000	0.00000000
15.09949398	0.00000000	0.00000000	0.00000000	0.00000000	0.00000000	0.00000000	0.00000000	0.00000000
16.77721596	0.00000000	0.00000000	0.00000000	0.00000000	0.00000000	0.00000000	0.00000000	0.00000000
18.45493698	0.00000000	0.00000000	0.00000000	0.00000000	0.00000000	0.00000000	0.00000000	0.00000000
20.13265800	0.00000000	0.00000000	0.00000000	0.00000000	0.00000000	0.00000000	0.00000000	0.00000000
21.81037903	0.00000000	0.00000000	0.00000000	0.00000000	0.00000000	0.00000000	0.00000000	0.00000000
23.48810196	0.00000000	0.00000000	0.00000000	0.00000000	0.00000000	0.00000000	0.00000000	0.00000000
25.16582298	0.00000000	0.00000000	0.00000000	0.00000000	0.00000000	0.00000000	0.00000000	0.00000000
26.84354401	0.00000000	0.00000000	0.00000000	0.00000000	0.00000000	0.00000000	0.00000000	0.00000000
30.19898796	0.00000000	0.00000000	0.00000000	0.00000000	0.00000000	0.00000000	0.00000000	0.00000000
33.55443192	0.00000000	0.00000000	0.00000000	0.00000000	0.00000000	0.00000000	0.00000000	0.00000000
36.90987396	0.00000000	0.00000000	0.00000000	0.00000000	0.00000000	0.00000000	0.00000000	0.00000000
40.26531601	0.00000000	0.00000000	0.00000000	0.00000000	0.00000000	0.00000000	0.00000000	0.00000000
43.62075806	0.00000000	0.00000000	0.00000000	0.00000000	0.00000000	0.00000000	0.00000000	0.00000000
46.97620392	0.00000000	0.00000000	0.00000000	0.00000000	0.00000000	0.00000000	0.00000000	0.00000000
50.33164597	0.00000000	0.00000000	0.00000000	0.00000000	0.00000000	0.00000000	0.00000000	0.00000000
53.68708801	0.00000000	0.00000000	0.00000000	0.00000000	0.00000000	0.00000000	0.00000000	0.00000000
60.39797592	0.00000000	0.00000000	0.00000000	0.00000000	0.00000000	0.00000000	0.00000000	0.00000000
67.10886383	0.00000000	0.00000000	0.00000000	0.00000000	0.00000000	0.00000000	0.00000000	0.00000000
73.81974792	0.00000000	0.00000000	0.00000000	0.00000000	0.00000000	0.00000000	0.00000000	0.00000000
80.53063202	0.00000000	0.00000000	0.00000000	0.00000000	0.00000000	0.00000000	0.00000000	0.00000000
87.24151611	0.00000000	0.00000000	0.00000000	0.00000000	0.00000000	0.00000000	0.00000000	0.00000000
93.95240784	0.00000000	0.00000000	0.00000000	0.00000000	0.00000000	0.00000000	0.00000000	0.00000000
100.66329193	0.00000000	0.00000000	0.00000000	0.00000000	0.00000000	0.00000000	0.00000000	0.00000000
107.37417603	0.00000000	0.00000000	0.00000000	0.00000000	0.00000000	0.00000000	0.00000000	0.00000000
120.79595184	0.00000000	0.00000000	0.00000000	0.00000000	0.00000000	0.00000000	0.00000000	0.00000000
134.21772766	0.00000000	0.00000000	0.00000000	0.00000000	0.00000000	0.00000000	0.00000000	0.00000000
147.63949585	0.00000000	0.00000000	0.00000000	0.00000000	0.00000000	0.00000000	0.00000000	0.00000000
161.06126404	0.00000000	0.00000000	0.00000000	0.00000000	0.00000000	0.00000000	0.00000000	0.00000000
174.48303223	0.00000000	0.00000000	0.00000000	0.00000000	0.00000000	0.00000000	0.00000000	0.00000000
187.90481567	0.00000000	0.00000000	0.00000000	0.00000000	0.00000000	0.00000000	0.00000000	0.00000000
201.32658386	0.00000000	0.00000000	0.00000000	0.00000000	0.00000000	0.00000000	0.00000000	0.00000000
214.74835205	0.00000000	0.00000000	0.00000000	0.00000000	0.00000000	0.00000000	0.00000000	0.00000000
241.59190369	0.00000000	0.00000000	0.00000000	0.00000000	0.00000000	0.00000000	0.00000000	0.00000000
268.43545532	0.00000000	0.00000000	0.00000000	0.00000000	0.00000000	0.00000000	0.00000000	0.00000000
295.27899170	0.00000000	0.00000000	0.00000000	0.00000000	0.00000000	0.00000000	0.00000000	0.00000000
322.12252808	0.00000000	0.00000000	0.00000000	0.00000000	0.00000000	0.00000000	0.00000000	0.00000000
348.96606445	0.00000000	0.00000000	0.00000000	0.00000000	0.00000000	0.00000000	0.00000000	0.00000000
375.80963135	0.00000000	0.00000000	0.00000000	0.00000000	0.00000000	0.00000000	0.00000000	0.00000000
402.65316772	0.00000000	0.00000000	0.00000000	0.00000000	0.00000000	0.00000000	0.00000000	0.00000000
429.49670410	0.00000000	0.00000000	0.00000000	0.00000000	0.00000000	0.00000000	0.00000000	0.00000000
483.18380737	0.00000000	0.00000000	0.00000000	0.00000000	0.00000000	0.00000000	0.00000000	0.00000000
536.87091064	0.00000000	0.00000000	0.00000000	0.00000000	0.00000000	0.00000000	0.00000000	0.00000000
590.55798340	0.00000000	0.00000000	0.00000000	0.00000000	0.00000000	0.00000000	0.00000000	0.00000000
644.24505615	0.00000000	0.00000000	0.00000000	0.00000000	0.00000000	0.00000000	0.00000000	0.00000000
697.93212891	0.00000000	0.00000000	0.00000000	0.00000000	0.00000000	0.00000000	0.00000000	0.00000000
751.61926270	0.00000000	0.00000000	0.00000000	0.00000000	0.00000000	0.00000000	0.00000000	0.00000000
805.30633545	0.00000000	0.00000000	0.00000000	0.00000000	0.00000000	0.00000000	0.00000000	0.00000000
858.99340820	0.00000000	0.00000000	0.00000000	0.00000000	0.00000000	0.00000000	0.00000000	0.00000000
966.36761475	0.00000000	0.00000000	0.00000000	0.00000000	0.00000000	0.00000000	0.00000000	0.00000000
1073.74182129	0.00000000	0.00000000	0.00000000	0.00000000	0.00000000	0.00000000	0.00000000	0.00000000
1181.11596680	0.00000000	0.00000000	0.00000000	0.00000000	0.00000000	0.00000000	0.00000000	0.00000000
1288.49011230	0.00000000	0.00000000	0.00000000	0.00000000	0.00000000	0.00000000	0.00000000	0.00000000
1395.86425781	0.00000000	0.00000000	0.00000000	0.00000000	0.00000000	0.00000000	0.00000000	0.00000000
1503.23852539	0.00000000	0.00000000	0.00000000	0.00000000	0.00000000	0.00000000	0.00000000	0.00000000
1610.61267090	0.00000000	0.00000000	0.00000000	0.00000000	0.00000000	0.00000000	0.00000000	0.00000000
1717.98681641	0.00000000	0.00000000	0.00000000	0.00000000	0.00000000	0.00000000	0.00000000	0.00000000
1932.73522949	0.00000000	0.00000000	0.00000000	0.00000000	0.00000000	0.00000000	0.00000000	0.00000000
2147.48364258	0.00000000	0.00000000	0.00000000	0.00000000	0.00000000	0.00000000	0.00000000	0.00000000
2362.23193359	0.00000000	0.00000000	0.00000000	0.00000000	0.00000000	0.00000000	0.00000000	0.00000000
2576.98022461	0.00000000	0.00000000	0.00000000	0.00000000	0.00000000	0.00000000	0.00000000	0.00000000
2791.72851562	0.00000000	0.00000000	0.00000000	0.00000000	0.00000000	0.00000000	0.00000000	0.00000000
3006.47705078	0.00000000	0.00000000	0.00000000	0.00000000	0.00000000	0.00000000	0.00000000	0.00000000
3221.22534180	0.00000000	0.00000000	0.00000000	0.00000000	0.00000000	0.00000000	0.00000000	0.00000000
3435.97363281	0.00000000	0.00000000	0.00000000	0.00000000	0.00000000	0.00000000	0.00000000	0.00000000
0	0	0	0	0	0	0	0	0
