%11/10/2014 6:03:35 PM
%Duration	ID1		ID2		ID3		ID4		ID5		ID6		ID7		ID8
3000.000000	1.468658	3.404617	3.757477	14.028549	9.260178	23.279190	15.144348	15.649796
%Tau		Tau1		Tau2		Tau3		Tau4		Tau5		Tau6		Tau7		Tau8
%		0.000002	0.000002	0.000002	0.000005	0.000005	0.000035	0.000025	0.000032
%Delaytime	D1		D2		D3		D4		D5		D6		D7		D8
0.00000000	15.22065258	21.00502586	17.59635925	5.06723118	7.19795942	1.97638845	4.25891590	5.01404047
0.00000020	1.52206528	2.66260886	2.78966665	2.12116671	2.11039639	1.34050703	1.59709346	1.83809364
0.00000040	3.04413056	3.55014515	1.71671796	1.87075114	1.09288394	1.53528154	1.56751764	1.67522466
0.00000060	1.52206528	2.07091808	0.85835898	1.36992013	1.46974039	1.47226620	1.31612325	1.45418799
0.00000080	3.04413056	1.47922719	1.07294869	1.62033558	1.16825521	1.40352225	1.58230555	1.40765405
0.00000100	0.00000000	0.88753629	1.93130767	1.57614458	1.05519819	1.44362295	1.46400225	1.51235557
0.00000120	0.00000000	1.47922719	1.07294869	1.16369557	1.16825521	1.48945224	1.52315390	1.30295253
0.00000140	0.00000000	2.07091808	0.64376926	1.34045947	1.43205476	1.34623563	1.39006281	1.57052302
0.00000160	0.00000000	1.77507257	0.85835898	1.53195369	1.24362648	1.33477831	1.50836599	1.59379005
0.00000180	0.00000000	1.47922719	0.64376926	1.35518980	1.20594084	1.36915028	1.36048698	1.48908854
0.00000200	0.00000000	2.36676335	0.42917949	1.13423491	1.05519819	1.39206493	1.24218380	1.36111999
0.00000220	0.00000000	1.77507257	1.93130767	1.13423491	1.69585431	1.47799492	1.58230555	1.34948647
0.00000240	3.04413056	1.77507257	0.64376926	1.50249302	1.46974039	1.50090957	1.49357808	1.57052302
0.00000260	4.56619596	1.18338168	0.85835898	1.47303236	1.24362648	1.37487900	1.53794181	1.38438702
0.00000280	3.04413056	1.47922719	1.71671796	1.48776269	1.01751256	1.39779365	1.41963863	1.45418799
0.00000300	0.00000000	1.18338168	2.36048722	1.22261691	1.43205476	1.41497958	1.34569907	1.37275350
0.00000340	1.52206528	1.33130443	0.96565384	1.22998202	1.28131211	1.42070830	1.55272973	1.43092096
0.00000380	1.52206528	0.59169084	0.64376926	1.25944269	1.37552631	1.42643690	1.46400225	1.46000481
0.00000420	0.00000000	1.47922719	1.71671796	1.55404913	1.24362648	1.40352225	1.46400225	1.43673778
0.00000460	0.76103264	1.33130443	1.50212824	1.37728524	1.14941239	1.42643690	1.56751764	1.36111999
0.00000500	1.52206528	0.73961359	1.18024361	1.42884135	1.45089757	1.34623563	1.38266885	1.34366977
0.00000540	0.76103264	1.18338168	0.85835898	1.42884135	1.18709803	1.48945224	1.53794181	1.41928756
0.00000580	3.80516315	0.88753629	0.75106412	1.43620658	1.41321194	1.34623563	1.45660841	1.50072205
0.00000620	0.76103264	1.33130443	2.03860259	1.51722336	1.20594084	1.41211522	1.42703259	1.52398908
0.00000700	1.14154899	1.70111120	1.01930130	1.31099880	1.56395459	1.36198950	1.44551742	1.41056240
0.00000780	0.38051632	0.73961359	1.12659621	1.24839497	1.36610484	1.36055732	1.28654742	1.50363040
0.00000860	1.52206528	1.40526581	1.28753853	1.27417302	1.35668349	1.34623563	1.35679007	1.43092096
0.00000940	2.28309798	1.33130443	1.28753853	1.29258585	1.50742602	1.38776839	1.48248720	1.40765405
0.00001020	0.38051632	1.92299533	1.18024361	1.43620658	1.40379047	1.44075859	1.44551742	1.39311218
0.00001100	2.28309798	1.33130443	1.55577564	1.49512780	1.48858321	1.39636147	1.36418402	1.50944722
0.00001180	0.38051632	1.33130443	1.50212824	1.42147624	1.41321194	1.34193909	1.39745677	1.36693680
0.00001260	0.38051632	1.33130443	1.39483333	1.42515886	1.47916186	1.37344682	1.47879016	1.32912791
0.00001420	1.14154899	1.22036242	1.23389101	1.28522074	1.33312988	1.37201464	1.36233544	1.41928756
0.00001580	1.14154899	0.96149766	1.26071477	1.30363369	1.35668349	1.30756712	1.43257797	1.39165795
0.00001740	1.14154899	0.96149766	0.93883014	1.31099880	1.25775862	1.33835876	1.32536578	1.31313181
0.00001900	0.57077450	1.29432380	1.12659621	1.30731618	1.40850127	1.39278102	1.28285050	1.38729537
0.00002060	1.33180714	1.22036242	0.99247760	1.21525168	1.20123017	1.29539371	1.17194128	1.37566185
0.00002220	0.76103264	0.99847835	0.85835898	1.28706205	1.29544425	1.27963996	1.26251709	1.30004406
0.00002380	1.52206528	0.92451698	0.80471152	1.24287105	1.19651949	1.31544411	1.24588072	1.31167758
0.00002540	1.71232343	1.29432380	1.12659621	1.29442716	1.21536231	1.29969025	1.21260798	1.31022346
0.00002860	1.14050996	0.98077548	1.09751940	1.24373674	1.27611268	1.28955555	1.22087514	1.27983630
0.00003180	1.14050996	0.94376504	1.31166947	1.20527065	1.37445533	1.22204149	1.32046306	1.27261376
0.00003500	0.85557723	0.94376504	1.20459449	1.20252311	1.26908827	1.17596030	1.19966650	1.25022388
0.00003820	1.90128267	1.35087943	1.17782569	1.23915744	1.18479455	1.17738926	1.18122435	1.23072302
0.00004140	0.85557723	1.20283782	1.13767254	1.20343900	1.26674676	1.18667686	1.16093791	1.16138649
0.00004460	1.14076960	1.23984826	0.99044430	1.17962658	1.14498925	1.15988553	1.12681973	1.21772242
0.00004780	1.71115446	1.11031187	1.23136318	1.13200188	1.20118499	1.13702369	1.14341772	1.17655385
0.00005100	0.95064133	1.23984826	0.96367556	1.12192750	1.11923277	1.11416173	1.18583488	1.11588442
0.00005740	1.32938457	1.05289221	1.00245845	1.11379910	1.13575518	1.13001597	1.14075446	1.13242364
0.00006380	1.18695045	0.98824090	1.06919777	1.11792254	1.09234309	1.08660197	1.11402166	1.10784507
0.00007020	1.04451644	1.05289221	1.15606999	1.06248462	1.08291793	1.08749521	1.08913243	1.06087756
0.00007660	1.09199440	1.14525115	1.13602257	1.06660807	1.07587838	1.07498908	1.10157704	1.07280564
0.00008300	0.99703842	1.08983576	1.07588017	1.06848848	1.08174467	1.06694949	1.11033428	1.10605979
0.00008940	1.13947248	1.00671268	1.20952988	1.01854622	1.06179929	1.03997207	1.05594683	1.05111825
0.00009580	1.09199440	1.05289221	0.99569041	1.07900262	1.07587838	1.03105342	1.05779052	1.06087756
0.00010220	0.66469228	1.08059990	1.02910280	1.01760709	1.07353187	1.06214046	1.03520584	1.03196096
0.00011500	1.04451644	1.09423411	1.09932399	1.04461420	1.05196178	1.01113260	1.05670464	1.03868294
0.00012780	0.99703842	1.08961713	0.95607877	1.03039551	1.03964782	1.02426076	1.03387320	1.02656734
0.00014060	0.83086532	0.95110649	1.03602958	1.02580893	1.04023421	1.01693761	1.03986931	0.98895490
0.00015340	0.92582136	0.96495754	1.00604808	1.05034757	1.03851223	1.02131367	1.05970263	1.05965912
0.00016620	1.16321146	1.06191504	1.00271678	0.98909342	1.04261696	1.01159334	1.07307863	1.03705549
0.00017900	0.75964832	0.94187242	0.97273523	1.02599239	1.01798820	1.01480842	1.01380908	1.02927983
0.00019180	1.16321146	1.05268097	0.96274137	1.00007880	1.00508749	0.99676812	0.99535948	1.02656734
0.00020460	1.23442852	1.06202149	1.02261734	1.00283074	0.96579874	1.00535572	1.02070487	1.02041912
0.00023020	0.98561728	0.99768263	0.99543548	1.01549113	1.01243877	1.00521207	1.00784409	1.00955868
0.00025580	1.12811613	1.05528557	1.02048838	1.00148261	1.03239989	0.99892420	0.99584323	0.98975283
0.00028140	1.05686677	0.98616201	1.01213741	0.99884588	1.00069702	1.00480986	0.99642020	1.00351930
0.00030700	1.15186596	0.97924966	0.98374414	0.99034047	1.01625490	1.00290477	0.98765028	0.99058640
0.00033260	0.92624277	0.99768263	1.03384995	1.01533115	1.01739264	1.00135446	1.00426698	0.98253727
0.00035820	1.03311694	0.97464144	1.03534341	1.00604558	0.97923315	1.00058067	1.02192211	0.99384224
0.00038380	1.08061659	0.93086320	0.99693555	0.98483795	0.97130769	0.99280417	0.99768949	1.01061380
0.00040940	0.84311837	1.05758965	1.10881948	1.00464749	0.99717444	0.99234337	0.98640311	0.99351996
0.00046060	0.92030531	1.04953396	1.04285800	1.00679195	1.00366199	0.98871744	0.99994904	0.99778241
0.00051180	0.82530606	1.02182353	0.99025589	1.00251055	0.97870260	0.99617940	1.00304365	0.99632931
0.00056300	0.95592999	0.94225049	1.00686908	1.00446165	1.00740457	1.00103593	0.99017149	0.99094057
0.00061420	0.88468057	1.01384306	1.08200860	0.99857336	1.04646158	0.99913687	0.99754703	0.99965125
0.00066540	1.03288186	0.98728454	0.97013426	1.00104094	0.99154687	0.99855602	0.99668115	0.99168992
0.00071660	0.93790424	1.00576007	1.00278020	0.99472851	0.99598747	0.99580806	0.99935889	0.98669446
0.00076780	0.91415983	1.03462803	0.98524618	0.99472851	0.99763834	0.99670172	0.99104631	1.00538146
0.00081900	0.95571256	0.96996373	1.01697445	0.98853081	1.00644886	0.99513781	0.99609089	1.00900006
0.00092140	1.00388420	0.98217285	1.00679529	1.00495648	0.99315500	0.99668264	1.00943172	0.99654698
0.00102380	0.96813762	1.00640976	1.03477335	1.00651157	0.98537129	1.00181293	1.00198901	0.99611986
0.00112620	1.06346190	0.98332697	0.96628958	0.99884713	1.01580811	0.99723858	1.00507200	1.00306153
0.00122860	1.07835639	0.98563522	0.99176222	1.00226665	1.00372910	0.99728602	1.00165868	0.99742955
0.00133100	0.95920098	0.98101866	1.01305902	0.99009889	1.00751138	0.99127245	1.00987101	0.99991876
0.00143340	1.00938189	1.01852822	1.01347661	1.00496268	1.00317919	1.00364888	1.00913680	0.99677330
0.00153580	1.10168529	0.96091765	0.96420169	1.00908685	1.00483048	1.00250041	0.98631370	0.99662900
0.00163820	1.00640440	0.97765434	1.03101516	0.99949080	0.98471040	1.00071764	0.99384981	0.99520040
0.00184300	1.01431036	1.00426173	1.00288630	0.99622601	0.99506307	0.99756163	0.99944144	0.99517632
0.00204780	1.03069425	0.99426985	1.00652421	1.00169694	1.00802410	1.00150025	1.00009835	0.99826515
0.00225260	1.04409921	1.00666940	0.97447121	1.00436091	1.00038612	0.99947083	1.00945008	0.99397302
0.00245740	0.94728541	0.95908976	1.00246847	1.00235736	1.00588953	1.00378132	1.00615454	1.00313473
0.00266220	1.06197250	1.01878059	0.98629630	1.00227749	1.00563169	0.99970001	1.00151324	1.00081325
0.00286700	0.99345815	1.00407410	0.99369323	0.99714631	1.00001335	0.99978387	1.00177336	0.99882281
0.00307180	1.01431036	1.00446320	1.01362848	0.99882591	0.99612147	1.00847745	0.99983507	0.99798203
0.00327660	1.00388420	0.99253964	0.99093729	0.99734569	0.99516773	1.00760818	1.00005984	1.00149262
0.00368620	0.99660069	1.00916028	0.98718923	1.00086057	1.00047421	1.00169337	0.99995536	0.99224520
0.00409580	1.02119887	1.01915812	0.99439126	0.99758381	1.00109947	0.99970526	0.99824321	1.00322294
0.00450540	0.99011785	0.99295145	0.97900438	1.00071061	0.99682027	0.99685276	0.99902302	1.00122118
0.00491500	0.97967988	0.99107826	1.01700056	0.99694693	1.00359571	1.00219119	1.00131404	0.99895883
0.00532460	1.01024830	1.02767813	1.00971031	0.99967629	1.00653148	1.00108099	0.99459267	0.99747807
0.00573420	1.03956270	0.99890321	1.00266039	0.99688870	0.99671113	0.99845815	1.00323403	1.00368726
0.00614380	0.95603967	1.00749004	1.00077629	0.99718243	1.00464237	0.99932224	0.99400002	1.00415719
0.00655340	1.01495326	0.99668622	0.99700809	0.99968183	0.99764657	0.99579060	1.00849175	0.98906344
0.00737260	1.01645350	1.00364411	0.99739778	1.00163996	1.00212622	0.99654567	0.99704754	1.00169349
0.00819180	0.99426782	1.00527179	0.99746990	0.99767077	1.00412762	0.99915242	0.99654341	0.99913359
0.00901100	0.99494755	0.99723446	1.00462496	1.00103569	0.99022007	1.00057542	0.99483603	0.99959844
0.00983020	0.97260594	1.00988042	0.99303746	1.00018942	1.00260091	0.99857408	0.99514365	1.00130486
0.01064940	0.99889880	1.00835431	1.00419080	1.00019217	0.99608094	1.00137603	0.99907631	1.00054491
0.01146860	0.99838150	1.01433241	0.99417150	0.99705690	0.99873811	0.99680883	0.99992520	1.00336754
0.01228780	1.02208400	1.02020824	1.00127256	0.99893147	0.99991328	1.00012219	0.99665809	0.99943650
0.01310700	1.01887071	0.97935426	0.98441327	1.00030220	1.00263095	0.99982268	0.99885899	1.00232995
0.01474540	0.97532111	1.00983477	0.99906498	1.00162232	1.00280154	1.00106680	0.99867612	1.00219572
0.01638380	1.00662088	1.00551617	1.00187230	0.99819964	1.00157261	1.00012994	1.00429213	0.99851352
0.01802220	1.00601900	0.99624431	0.99661058	0.99893105	0.99903595	1.00050092	0.99906212	1.00161362
0.01966060	0.99502933	1.00008130	0.99329108	0.99825740	0.99879324	0.99833620	0.99795061	0.99725944
0.02129900	0.99268764	1.00909173	0.99545634	1.00185156	0.99766451	0.99816352	1.00119984	1.00065422
0.02293740	0.97818887	1.00569642	1.00071633	0.99972630	0.99343354	1.00121093	1.00159073	0.99895614
0.02457580	1.00865793	1.00289249	0.99824381	1.00018668	1.00097752	1.00268900	0.99776006	0.99931496
0.02621420	0.99239457	0.99354923	1.00118029	1.00275397	1.00789893	1.00121593	1.00179315	1.00081825
0.02949100	0.99809194	0.99741971	1.00137711	1.00080359	1.00407076	0.99804133	0.99926043	1.00011528
0.03276780	1.00384939	1.00277245	1.00407577	0.99984920	1.00130224	1.00031507	0.99779499	1.00132871
0.03604460	0.99867147	1.00257409	1.00362170	1.00298572	0.99903119	1.00058091	1.00081646	0.99912202
0.03932140	1.00881827	1.00252271	1.00636697	0.99896032	0.99851727	1.00054407	1.00230384	1.00128102
0.04259820	1.01514602	1.00016272	1.00324774	0.99956328	1.00173962	1.00005984	1.00079787	1.00060952
0.04587500	0.99777156	0.99800658	1.00035441	1.00011492	0.99798489	1.00085902	0.99815416	1.00099969
0.04915180	1.01222181	0.99311167	0.99759161	1.00023615	0.99974704	1.00104189	1.00003827	0.99921346
0.05242860	0.98798096	1.00805163	0.99875599	0.99848652	0.99709761	1.00041056	0.99963087	1.00056410
0.05898220	0.99804568	1.00143135	1.00074196	1.00023353	1.00165820	1.00098169	1.00093830	1.00031781
0.06553581	0.99734831	0.99641931	1.00125670	1.00091672	1.00078785	1.00086141	1.00214219	0.99936926
0.07208940	1.00250494	0.99624187	1.00038600	1.00062537	0.99820381	1.00056374	0.99977887	0.99939591
0.07864300	0.99717277	0.99997962	0.99790889	0.99908817	1.00150430	0.99892491	0.99999118	1.00023568
0.08519660	0.99121082	1.00260258	0.99696124	0.99931252	1.00068104	1.00055265	1.00044894	0.99929792
0.09175020	1.00309765	1.00427127	1.00159979	0.99985772	1.00170481	1.00185883	1.00037014	1.00031412
0.09830380	0.99979818	1.00012636	1.00427556	1.00106740	1.00100386	0.99933499	1.00019670	0.99979836
0.10485740	1.00591898	0.99933273	0.99892122	0.99992168	0.99906522	1.00043166	0.99988830	1.00175512
0.11796460	1.00571978	0.99993116	1.00258386	1.00160599	1.00047803	0.99981469	1.00095487	0.99877286
0.13107181	0.99834085	1.00084782	0.99641675	1.00078285	1.00065219	1.00086582	1.00169408	0.99998885
0.14417900	0.99140495	1.00131798	1.00165546	1.00047112	1.00153410	1.00015497	0.99972522	1.00010300
0.15728620	0.99850523	0.99435514	1.00009751	1.00095487	1.00022388	1.00007617	1.00105238	0.99977005
0.17039341	1.00074255	1.00104463	1.00205100	0.99992031	0.99957752	1.00086880	0.99985492	0.99966621
0.18350060	1.00030100	1.00263333	1.00458527	0.99851340	1.00155437	1.00008583	0.99944860	1.00100505
0.19660780	0.99628502	0.99994582	1.00360620	0.99907827	0.99914527	1.00002432	0.99998772	1.00021625
0.20971501	0.99258572	1.00181377	0.99753052	1.00025666	1.00030792	1.00079381	0.99983853	1.00069094
0.23592941	0.99847925	0.99970174	0.99863529	1.00072813	1.00014400	1.00019574	1.00011468	1.00083363
0.26214382	1.00176704	1.00020862	0.99853265	1.00064504	1.00077248	0.99991554	0.99960780	1.00028288
0.28835821	1.00049341	1.00162566	0.99845195	1.00095415	1.00114262	1.00041890	1.00028265	0.99956471
0.31457260	1.00174773	1.00141370	1.00026405	0.99956787	1.00056815	1.00011528	0.99981081	0.99951458
0.34078699	1.00220823	1.00155187	1.00281131	1.00009811	1.00041127	1.00012028	0.99995881	1.00007915
0.36700141	1.00119805	0.99894369	1.00067711	1.00090337	1.00050282	1.00032127	0.99986947	0.99991971
0.39321581	0.99825263	1.00078869	1.00088346	1.00052536	1.00089085	0.99975616	1.00059617	0.99936157
0.41943020	0.99855512	0.99691111	0.99928814	1.00013685	1.00080311	1.00013161	0.99969900	1.00049222
0.47185901	0.99758780	0.99869776	1.00074744	1.00005603	1.00018656	1.00001740	1.00020874	1.00000322
0.52428782	0.99739206	0.99836117	1.00274289	1.00035083	1.00039935	0.99993020	0.99997509	1.00015128
0.57671660	1.00073719	0.99881417	0.99932665	1.00009990	1.00049567	1.00000834	1.00033641	0.99955684
0.62914538	1.00147021	1.00073814	0.99998665	1.00035572	0.99995416	1.00022137	1.00015199	1.00006557
0.68157423	1.00231266	0.99936992	0.99996263	1.00009370	1.00137782	0.99978828	1.00022078	0.99996144
0.73400301	1.00052083	1.00078666	0.99987632	1.00018466	0.99995220	0.99993050	1.00004661	1.00009847
0.78643179	1.00169623	0.99949318	0.99768335	0.99972314	1.00078344	1.00026369	1.00033665	0.99991071
0.83886063	1.00123262	1.00138927	1.00059283	0.99978727	1.00039291	1.00021374	1.00021410	0.99970371
0.94371825	1.00051856	0.99937421	1.00010693	0.99967664	1.00049090	1.00010633	1.00037694	1.00005829
1.04857588	0.99996865	1.00053155	0.99988216	0.99968988	1.00030625	0.99999392	1.00019598	0.99959022
1.15343344	0.99910611	1.00128162	1.00029266	0.99986112	1.00039375	1.00012505	0.99983484	1.00023401
1.25829101	0.99914181	0.99944407	1.00022149	1.00036442	0.99998659	1.00039876	1.00017214	0.99991792
1.36314869	0.99861783	0.99873573	0.99981135	1.00009120	0.99974924	1.00055063	1.00010157	1.00008368
1.46800625	0.99807012	1.00182199	1.00086856	0.99982649	1.00075006	1.00052834	1.00046194	0.99993265
1.57286382	0.99952292	1.00113678	1.00049365	1.00038981	1.00009203	1.00035560	0.99991816	1.00013781
1.67772150	0.99894601	0.99895895	0.99981070	1.00028944	0.99955940	1.00012434	1.00019324	0.99987191
1.88743675	0.99987686	0.99991691	1.00007236	1.00046253	1.00027895	0.99990982	1.00024652	0.99998456
2.09715199	0.99486160	0.99957031	0.99989897	1.00013912	1.00033426	0.99995840	0.99962848	1.00007272
2.30686712	1.00170481	1.00179374	1.00007951	1.00019765	1.00050855	0.99987358	1.00035262	0.99992162
2.51658225	1.00108659	0.99944234	1.00080204	0.99991846	1.00012636	0.99994719	0.99993181	1.00008297
2.72629738	0.99859631	0.99944735	1.00068390	0.99963313	1.00049746	1.00029480	1.00033450	0.99994314
2.93601274	1.00017154	1.00018060	1.00086510	0.99979132	1.00000405	1.00042617	0.99998629	0.99994475
3.14572787	1.00126696	1.00024760	0.99857694	0.99999255	1.00021851	0.99995404	1.00015509	0.99984497
3.35544300	1.00219905	1.00088000	1.00065768	0.99987715	0.99955952	0.99998391	1.00015748	0.99990487
3.77487350	1.00074041	0.99931383	1.00001335	1.00030708	0.99989396	0.99992096	0.99994218	1.00009120
4.19430399	1.00361872	1.00112104	1.00117838	0.99993205	0.99993902	1.00006258	1.00009656	1.00003541
4.61373425	0.99678183	0.99888903	0.99979526	1.00004530	1.00000584	1.00007069	0.99993128	0.99996907
5.03316450	1.00000000	1.00000000	1.00000000	1.00000000	1.00000000	1.00000000	1.00000000	1.00000000
5.45259476	0.00000000	0.00000000	0.00000000	0.00000000	0.00000000	0.00000000	0.00000000	0.00000000
5.87202549	0.00000000	0.00000000	0.00000000	0.00000000	0.00000000	0.00000000	0.00000000	0.00000000
6.29145575	0.00000000	0.00000000	0.00000000	0.00000000	0.00000000	0.00000000	0.00000000	0.00000000
6.71088600	0.00000000	0.00000000	0.00000000	0.00000000	0.00000000	0.00000000	0.00000000	0.00000000
7.54974699	0.00000000	0.00000000	0.00000000	0.00000000	0.00000000	0.00000000	0.00000000	0.00000000
8.38860798	0.00000000	0.00000000	0.00000000	0.00000000	0.00000000	0.00000000	0.00000000	0.00000000
9.22746849	0.00000000	0.00000000	0.00000000	0.00000000	0.00000000	0.00000000	0.00000000	0.00000000
10.06632900	0.00000000	0.00000000	0.00000000	0.00000000	0.00000000	0.00000000	0.00000000	0.00000000
10.90518951	0.00000000	0.00000000	0.00000000	0.00000000	0.00000000	0.00000000	0.00000000	0.00000000
11.74405098	0.00000000	0.00000000	0.00000000	0.00000000	0.00000000	0.00000000	0.00000000	0.00000000
12.58291149	0.00000000	0.00000000	0.00000000	0.00000000	0.00000000	0.00000000	0.00000000	0.00000000
13.42177200	0.00000000	0.00000000	0.00000000	0.00000000	0.00000000	0.00000000	0.00000000	0.00000000
15.09949398	0.00000000	0.00000000	0.00000000	0.00000000	0.00000000	0.00000000	0.00000000	0.00000000
16.77721596	0.00000000	0.00000000	0.00000000	0.00000000	0.00000000	0.00000000	0.00000000	0.00000000
18.45493698	0.00000000	0.00000000	0.00000000	0.00000000	0.00000000	0.00000000	0.00000000	0.00000000
20.13265800	0.00000000	0.00000000	0.00000000	0.00000000	0.00000000	0.00000000	0.00000000	0.00000000
21.81037903	0.00000000	0.00000000	0.00000000	0.00000000	0.00000000	0.00000000	0.00000000	0.00000000
23.48810196	0.00000000	0.00000000	0.00000000	0.00000000	0.00000000	0.00000000	0.00000000	0.00000000
25.16582298	0.00000000	0.00000000	0.00000000	0.00000000	0.00000000	0.00000000	0.00000000	0.00000000
26.84354401	0.00000000	0.00000000	0.00000000	0.00000000	0.00000000	0.00000000	0.00000000	0.00000000
30.19898796	0.00000000	0.00000000	0.00000000	0.00000000	0.00000000	0.00000000	0.00000000	0.00000000
33.55443192	0.00000000	0.00000000	0.00000000	0.00000000	0.00000000	0.00000000	0.00000000	0.00000000
36.90987396	0.00000000	0.00000000	0.00000000	0.00000000	0.00000000	0.00000000	0.00000000	0.00000000
40.26531601	0.00000000	0.00000000	0.00000000	0.00000000	0.00000000	0.00000000	0.00000000	0.00000000
43.62075806	0.00000000	0.00000000	0.00000000	0.00000000	0.00000000	0.00000000	0.00000000	0.00000000
46.97620392	0.00000000	0.00000000	0.00000000	0.00000000	0.00000000	0.00000000	0.00000000	0.00000000
50.33164597	0.00000000	0.00000000	0.00000000	0.00000000	0.00000000	0.00000000	0.00000000	0.00000000
53.68708801	0.00000000	0.00000000	0.00000000	0.00000000	0.00000000	0.00000000	0.00000000	0.00000000
60.39797592	0.00000000	0.00000000	0.00000000	0.00000000	0.00000000	0.00000000	0.00000000	0.00000000
67.10886383	0.00000000	0.00000000	0.00000000	0.00000000	0.00000000	0.00000000	0.00000000	0.00000000
73.81974792	0.00000000	0.00000000	0.00000000	0.00000000	0.00000000	0.00000000	0.00000000	0.00000000
80.53063202	0.00000000	0.00000000	0.00000000	0.00000000	0.00000000	0.00000000	0.00000000	0.00000000
87.24151611	0.00000000	0.00000000	0.00000000	0.00000000	0.00000000	0.00000000	0.00000000	0.00000000
93.95240784	0.00000000	0.00000000	0.00000000	0.00000000	0.00000000	0.00000000	0.00000000	0.00000000
100.66329193	0.00000000	0.00000000	0.00000000	0.00000000	0.00000000	0.00000000	0.00000000	0.00000000
107.37417603	0.00000000	0.00000000	0.00000000	0.00000000	0.00000000	0.00000000	0.00000000	0.00000000
120.79595184	0.00000000	0.00000000	0.00000000	0.00000000	0.00000000	0.00000000	0.00000000	0.00000000
134.21772766	0.00000000	0.00000000	0.00000000	0.00000000	0.00000000	0.00000000	0.00000000	0.00000000
147.63949585	0.00000000	0.00000000	0.00000000	0.00000000	0.00000000	0.00000000	0.00000000	0.00000000
161.06126404	0.00000000	0.00000000	0.00000000	0.00000000	0.00000000	0.00000000	0.00000000	0.00000000
174.48303223	0.00000000	0.00000000	0.00000000	0.00000000	0.00000000	0.00000000	0.00000000	0.00000000
187.90481567	0.00000000	0.00000000	0.00000000	0.00000000	0.00000000	0.00000000	0.00000000	0.00000000
201.32658386	0.00000000	0.00000000	0.00000000	0.00000000	0.00000000	0.00000000	0.00000000	0.00000000
214.74835205	0.00000000	0.00000000	0.00000000	0.00000000	0.00000000	0.00000000	0.00000000	0.00000000
241.59190369	0.00000000	0.00000000	0.00000000	0.00000000	0.00000000	0.00000000	0.00000000	0.00000000
268.43545532	0.00000000	0.00000000	0.00000000	0.00000000	0.00000000	0.00000000	0.00000000	0.00000000
295.27899170	0.00000000	0.00000000	0.00000000	0.00000000	0.00000000	0.00000000	0.00000000	0.00000000
322.12252808	0.00000000	0.00000000	0.00000000	0.00000000	0.00000000	0.00000000	0.00000000	0.00000000
348.96606445	0.00000000	0.00000000	0.00000000	0.00000000	0.00000000	0.00000000	0.00000000	0.00000000
375.80963135	0.00000000	0.00000000	0.00000000	0.00000000	0.00000000	0.00000000	0.00000000	0.00000000
402.65316772	0.00000000	0.00000000	0.00000000	0.00000000	0.00000000	0.00000000	0.00000000	0.00000000
429.49670410	0.00000000	0.00000000	0.00000000	0.00000000	0.00000000	0.00000000	0.00000000	0.00000000
483.18380737	0.00000000	0.00000000	0.00000000	0.00000000	0.00000000	0.00000000	0.00000000	0.00000000
536.87091064	0.00000000	0.00000000	0.00000000	0.00000000	0.00000000	0.00000000	0.00000000	0.00000000
590.55798340	0.00000000	0.00000000	0.00000000	0.00000000	0.00000000	0.00000000	0.00000000	0.00000000
644.24505615	0.00000000	0.00000000	0.00000000	0.00000000	0.00000000	0.00000000	0.00000000	0.00000000
697.93212891	0.00000000	0.00000000	0.00000000	0.00000000	0.00000000	0.00000000	0.00000000	0.00000000
751.61926270	0.00000000	0.00000000	0.00000000	0.00000000	0.00000000	0.00000000	0.00000000	0.00000000
805.30633545	0.00000000	0.00000000	0.00000000	0.00000000	0.00000000	0.00000000	0.00000000	0.00000000
858.99340820	0.00000000	0.00000000	0.00000000	0.00000000	0.00000000	0.00000000	0.00000000	0.00000000
966.36761475	0.00000000	0.00000000	0.00000000	0.00000000	0.00000000	0.00000000	0.00000000	0.00000000
1073.74182129	0.00000000	0.00000000	0.00000000	0.00000000	0.00000000	0.00000000	0.00000000	0.00000000
1181.11596680	0.00000000	0.00000000	0.00000000	0.00000000	0.00000000	0.00000000	0.00000000	0.00000000
1288.49011230	0.00000000	0.00000000	0.00000000	0.00000000	0.00000000	0.00000000	0.00000000	0.00000000
1395.86425781	0.00000000	0.00000000	0.00000000	0.00000000	0.00000000	0.00000000	0.00000000	0.00000000
1503.23852539	0.00000000	0.00000000	0.00000000	0.00000000	0.00000000	0.00000000	0.00000000	0.00000000
1610.61267090	0.00000000	0.00000000	0.00000000	0.00000000	0.00000000	0.00000000	0.00000000	0.00000000
1717.98681641	0.00000000	0.00000000	0.00000000	0.00000000	0.00000000	0.00000000	0.00000000	0.00000000
1932.73522949	0.00000000	0.00000000	0.00000000	0.00000000	0.00000000	0.00000000	0.00000000	0.00000000
2147.48364258	0.00000000	0.00000000	0.00000000	0.00000000	0.00000000	0.00000000	0.00000000	0.00000000
2362.23193359	0.00000000	0.00000000	0.00000000	0.00000000	0.00000000	0.00000000	0.00000000	0.00000000
2576.98022461	0.00000000	0.00000000	0.00000000	0.00000000	0.00000000	0.00000000	0.00000000	0.00000000
2791.72851562	0.00000000	0.00000000	0.00000000	0.00000000	0.00000000	0.00000000	0.00000000	0.00000000
3006.47705078	0.00000000	0.00000000	0.00000000	0.00000000	0.00000000	0.00000000	0.00000000	0.00000000
3221.22534180	0.00000000	0.00000000	0.00000000	0.00000000	0.00000000	0.00000000	0.00000000	0.00000000
3435.97363281	0.00000000	0.00000000	0.00000000	0.00000000	0.00000000	0.00000000	0.00000000	0.00000000
0	0	0	0	0	0	0	0	0
