%11/10/2014 6:04:02 PM
%Duration	ID1		ID2		ID3		ID4		ID5		ID6		ID7		ID8
3000.000000	1.564026	3.604889	4.158020	15.964508	8.735657	24.051666	15.535355	17.137527
%Tau		Tau1		Tau2		Tau3		Tau4		Tau5		Tau6		Tau7		Tau8
%		0.000002	0.000002	0.000002	0.000010	0.000003	0.000038	0.000019	0.000019
%Delaytime	D1		D2		D3		D4		D5		D6		D7		D8
0.00000000	10.37853241	17.27113152	18.33437157	5.21756363	5.86802530	1.87175584	4.09053421	5.44739532
0.00000020	2.96529508	4.64991999	2.50014138	1.99534738	2.02345705	1.53976238	1.67204309	1.86035800
0.00000040	5.93059015	0.99641144	2.29179645	1.44258225	1.53782737	1.35086966	1.55261147	1.43704295
0.00000060	0.00000000	2.32495999	0.83338046	1.29427934	1.45688903	1.39666188	1.25403237	1.42590308
0.00000080	2.96529508	1.32854855	0.62503535	1.56392086	1.13313591	1.40238583	1.37346399	1.31450450
0.00000100	1.48264754	1.66068578	1.25007069	1.53695679	1.05219769	1.27645731	1.05995595	1.34792411
0.00000120	0.00000000	0.66427428	1.25007069	1.48302841	1.53782737	1.41955793	1.58246934	1.52616191
0.00000140	0.00000000	0.99641144	0.41669023	1.28079724	1.29501247	1.30507743	1.23910344	1.29222476
0.00000160	2.96529508	0.33213714	1.25007069	1.32124352	1.17360508	1.35659361	1.65711415	1.50388217
0.00000180	0.00000000	2.32495999	1.04172564	1.18642271	0.97125936	1.35659361	1.53768253	1.45932269
0.00000200	1.48264754	2.32495999	0.83338046	1.42910016	1.41641998	1.40810990	1.38839293	1.16968620
0.00000220	2.96529508	1.99282289	1.66676092	1.26731515	0.93079025	1.54548645	1.28389025	1.31450450
0.00000240	1.48264754	0.66427428	1.45841587	1.48302841	0.89032108	1.32797360	1.58246934	1.31450450
0.00000260	0.00000000	0.66427428	0.62503535	1.36168969	1.13313591	1.44245398	1.31374812	1.24766529
0.00000280	1.48264754	1.99282289	1.04172564	1.10553026	1.17360508	1.19059694	1.35853505	1.32564437
0.00000300	1.48264754	2.32495999	1.45841587	1.37517178	1.94251871	1.33369756	1.40332186	1.44818282
0.00000340	2.96529508	1.82675433	0.83338046	1.28079724	1.67946935	1.41955793	1.16445863	1.37020373
0.00000380	0.74132377	1.82675433	1.56258845	1.33472562	1.53782737	1.47393620	1.45557320	1.30336463
0.00000420	3.70661879	1.32854855	1.25007069	1.34146667	1.37595081	1.35086966	1.22417438	1.44261289
0.00000460	2.22397137	0.83034289	1.35424328	1.51673365	1.03196311	1.45390213	1.38839293	1.33678424
0.00000500	1.48264754	1.99282289	1.14589822	1.30102038	1.51759279	1.36804175	1.30628371	1.39248347
0.00000540	0.74132377	1.16248000	0.93755305	1.40887702	1.55806196	1.44245398	1.41825092	1.47603250
0.00000580	0.00000000	1.49461710	1.66676092	1.30102038	1.15337050	1.40810990	1.38839293	1.27551496
0.00000620	0.00000000	0.99641144	0.62503535	1.24035108	1.07243228	1.35945570	1.41078639	1.47046256
0.00000700	1.85330939	1.07944572	1.14589822	1.40213597	1.28489518	1.37519670	1.33240938	1.36463380
0.00000780	0.37066188	1.16248000	0.93755305	1.31787300	1.29501247	1.41526496	1.46676993	1.38691354
0.00000860	1.48264754	0.74730855	1.09381187	1.43921173	1.30512977	1.40381682	1.41825092	1.32842934
0.00000940	1.11198568	0.99641144	0.98963934	1.31787300	1.24442613	1.30793941	1.30628371	1.34235418
0.00001020	1.48264754	0.74730855	1.77093351	1.31787300	1.28489518	1.43100595	1.40705419	1.27829993
0.00001100	1.48264754	1.41158283	1.25007069	1.23361003	1.42653728	1.36088669	1.31001592	1.27551496
0.00001180	1.11198568	1.82675433	0.98963934	1.34820771	1.20395696	1.30078447	1.32121265	1.37020373
0.00001260	1.11198568	0.99641144	1.25007069	1.33472562	1.19383967	1.24068213	1.32867718	1.31728947
0.00001420	1.48264754	1.24551427	1.30215704	1.32966983	1.31524706	1.36875725	1.37159789	1.33121431
0.00001580	1.11198568	1.12096286	1.17194128	1.23698056	1.26466060	1.34085262	1.39025903	1.30754209
0.00001740	0.55599284	1.12096286	1.19798446	1.20327532	1.50241685	1.32368052	1.31001592	1.25462770
0.00001900	1.48264754	1.57765150	1.22402763	1.29090881	1.29501247	1.28146589	1.31374812	1.24627280
0.00002060	0.55599284	1.16248000	1.51050210	1.30102038	1.29501247	1.25642323	1.30814981	1.32146692
0.00002220	1.29731655	1.49461710	1.06776869	1.25046265	1.33042300	1.27216434	1.23723722	1.28526235
0.00002380	1.85330939	1.03792858	1.25007069	1.24372160	1.24948478	1.30436194	1.21484387	1.28108490
0.00002540	1.66797853	1.16248000	1.09381187	1.23529530	1.36077487	1.26357830	1.29135478	1.22120810
0.00002860	0.64778459	1.25243163	1.02783799	1.24930847	1.26548731	1.24220526	1.28412187	1.24428630
0.00003180	0.92540658	1.21055472	1.05385923	1.17532527	1.23019481	1.20514131	1.19826496	1.17141962
0.00003500	1.01794720	1.25229800	1.10590172	1.20979476	1.16213071	1.22617781	1.19826496	1.11173820
0.00003820	1.11048782	0.98096681	1.23600769	1.22156477	1.17725611	1.21690750	1.22626173	1.18529892
0.00004140	1.20302856	1.23142636	1.09289110	1.19129884	1.08902490	1.16627729	1.18893266	1.19362652
0.00004460	1.20302856	1.12706828	1.17095470	1.14505935	1.15708899	1.16912973	1.18239999	1.15545833
0.00004780	1.29556918	1.06445336	1.10590172	1.15094435	1.08398318	1.15272832	1.14880383	1.12353575
0.00005100	1.75827241	1.10619664	1.13192284	1.14758146	1.11171293	1.14310145	1.18426645	1.17558336
0.00005740	1.10824680	1.17143357	1.09215522	1.12685299	1.09581447	1.11928165	1.09567499	1.11112368
0.00006380	0.92353904	1.01454520	1.05965066	1.12601197	1.08446538	1.10965574	1.08213520	1.12226713
0.00007020	1.38530862	1.00408590	1.00764322	1.10498857	1.09455347	1.09610808	1.08865976	1.05796885
0.00007660	1.47766244	0.79490137	1.00114226	1.09069276	1.05798435	1.07543015	1.08073711	1.08090770
0.00008300	0.96971601	0.85765678	1.04014778	1.06548750	1.08068240	1.05778265	1.04625046	1.03502989
0.00008940	0.96971601	0.84719753	0.97505653	1.09407985	0.97475785	1.06829989	1.01828837	1.08056009
0.00009580	0.87736207	1.08775973	0.92955387	1.07473803	0.94323272	1.06936944	1.02434683	1.03850555
0.00010220	1.33913159	1.12959671	0.98805726	1.03521323	1.09833646	1.05510879	1.05140054	1.02877390
0.00011500	1.36283147	1.01803493	1.01004326	1.03809154	1.03054774	1.02392495	1.01592433	1.02226448
0.00012780	1.17804074	1.08590388	0.99055690	1.06543195	1.00153601	1.03034961	1.04246926	1.00921237
0.00014060	0.94705242	0.89273834	1.05551147	1.04376996	1.05766749	1.02115881	1.03292239	1.01112378
0.00015340	0.94705242	0.94504607	0.93859327	1.01706052	1.02550220	1.00946951	1.03918600	1.03058517
0.00016620	0.97015125	0.96081233	0.95807964	1.00780690	0.99838257	1.01062953	1.01357305	1.01094997
0.00017900	0.97015125	0.82504535	0.85740012	1.00023568	0.99333704	1.01501596	1.00565636	0.98905593
0.00019180	1.03944778	1.01825213	1.02303421	0.98235935	0.99081427	1.00555742	1.03941882	1.01197290
0.00020460	0.97015125	1.13313198	0.91910690	1.02019334	0.98829156	1.00493276	1.01240885	0.99407572
0.00023020	1.01429951	1.01282978	0.98897272	0.99848384	1.02010357	1.01034307	1.00375831	0.99067807
0.00025580	1.03735173	1.04667759	0.98246634	1.02339602	1.01348162	1.00160718	1.00759888	0.99389178
0.00028140	1.01429951	1.04928124	0.96294713	1.02118862	0.98005623	1.01595163	1.00364196	0.98791790
0.00030700	0.91056430	1.05709231	0.97758651	1.00678790	0.98573220	1.00068355	1.01202118	0.98010075
0.00033260	0.99124724	1.07543266	0.99059933	1.01162314	1.01726556	0.99370533	0.99000347	1.01510429
0.00035820	0.96841204	0.93221521	0.98571956	1.00163734	1.00591362	1.00681627	0.99326199	1.00409293
0.00038380	1.03758430	0.96606660	1.01825154	0.98620653	1.00784290	1.01370537	0.99931347	1.00852275
0.00040940	0.93382591	1.05720496	1.01987815	1.00178528	1.00815833	1.02322853	1.00548136	1.02973652
0.00046060	0.99768114	1.01651871	0.97954303	0.99367481	0.98260337	0.99261779	0.99481887	0.99918151
0.00051180	1.06111753	1.04905772	1.03974748	0.99625123	1.00184226	1.00013947	0.98419017	0.99182647
0.00056300	1.14762163	1.00480461	0.98930597	1.00035262	0.99364209	0.99371147	1.00349712	0.99095839
0.00061420	0.88810921	0.98137659	1.00639105	1.00154042	1.00929141	0.99304187	0.99105227	0.98640072
0.00066540	1.04381669	0.96445632	0.97628874	1.01068938	0.99166560	1.00311637	1.01330221	0.98880732
0.00071660	0.99191415	0.94623446	0.99337381	1.00532627	0.99056166	1.00153995	0.99451905	0.99681354
0.00076780	0.98614722	0.98918593	0.94618654	1.00788105	1.01740968	0.99886173	0.99574023	1.00362849
0.00081900	0.98614722	0.98788440	1.00973034	0.98690218	1.01350439	1.00588393	1.00611401	0.99043262
0.00092140	1.02939928	0.97960818	0.98104775	1.01001680	1.00515234	0.99636495	1.01062632	1.00713992
0.00102380	0.98614722	0.99849689	1.00863719	0.99812430	1.00582516	1.00125539	1.00203109	1.01550329
0.00112620	0.97461337	0.98872685	0.97820771	0.99211037	0.99367964	1.00202537	0.99370480	1.00166702
0.00122860	1.00056458	1.00685692	0.98770559	0.99610543	0.98937708	1.00282323	1.00208938	1.00327420
0.00133100	0.92271084	1.01727724	0.98681098	1.00691247	1.00487828	0.99591041	1.00028944	0.99330574
0.00143340	0.98038030	0.96257085	1.01156235	0.98917174	1.00937569	1.00163186	0.99626207	1.00429487
0.00153580	1.13320422	1.01271832	1.02747345	0.99145836	0.97588557	1.00049090	1.00310910	1.00495076
0.00163820	0.99191415	1.01391280	0.97228533	0.99713045	1.00386143	1.00177145	1.00449157	0.99400067
0.00184300	1.05223119	1.00275517	1.01213098	0.99112749	0.99732858	1.00035703	1.00629520	0.99759275
0.00204780	1.03205132	0.98877388	1.00949574	0.99330318	0.99019194	0.99714887	0.99219918	1.00163829
0.00225260	1.02340293	1.04144776	1.01152289	1.00443316	1.00258338	0.99930906	1.00236535	1.00770521
0.00245740	1.07841837	1.00720000	0.99510336	1.00298202	1.00246274	1.00457132	0.98516816	1.00381649
0.00266220	0.96740466	1.03190863	1.01305938	0.99921858	0.99611032	1.00365186	0.99945301	0.99572331
0.00286700	0.92435986	1.00915074	0.96712935	1.00451815	0.98529643	1.00016713	0.99917644	0.99208212
0.00307180	0.94844943	0.96753621	1.01577973	1.00251317	0.99457157	0.99859124	1.00231516	1.00274873
0.00327660	1.00610590	1.00914800	1.03564537	0.99905241	1.01406288	0.99410999	1.00385964	0.99534577
0.00368620	0.99458867	0.99098426	1.01605201	0.99372530	0.99260896	0.99828672	1.00370038	0.99785459
0.00409580	0.97340864	1.00226259	1.00853384	1.00579703	1.01689970	1.00073159	0.99703002	1.00582623
0.00450540	0.98814064	0.98827672	1.00942981	1.00262129	1.00446391	0.99960834	1.00004387	1.00538588
0.00491500	0.98669600	1.00269461	1.01063013	0.99743903	1.00892425	0.99685317	1.00156283	0.99700511
0.00532460	0.99464154	1.00627267	1.00638819	1.00175047	1.00955403	1.00402033	1.00278068	1.00180101
0.00573420	1.00380659	0.99342394	0.98536360	1.00000072	0.99662262	1.00016713	1.00138140	0.99982411
0.00614380	0.98597366	1.00724852	0.99156737	0.99619597	1.00302029	1.00058901	0.99574023	1.00224912
0.00655340	1.02642381	0.99987930	1.00000060	0.99563694	1.01099944	0.99644238	1.00054753	0.99988526
0.00737260	0.99748021	1.01573360	1.00618494	0.99577618	0.99854064	0.99680859	1.00205588	1.00001478
0.00819180	0.99639601	0.99028540	0.99828017	1.00175834	0.99803698	1.00025082	0.99907708	0.99726003
0.00901100	1.02494705	1.00969088	1.00513744	1.00140262	0.99994057	1.00247562	1.00323951	0.99953985
0.00983020	0.97398883	1.00765848	0.99576217	0.99633253	1.00282729	1.00033617	1.00363517	1.00175405
0.01064940	1.00204229	1.00403011	0.99417341	0.99691868	0.99641979	1.00147498	0.99809057	0.99918938
0.01146860	1.02179217	0.99985975	1.00001907	1.00477195	1.00741291	1.00143313	0.99750274	0.99908882
0.01228780	1.01942933	0.99188715	0.99910688	0.99817580	0.99678785	1.00098038	1.00164557	1.00375974
0.01310700	0.99558729	1.00798368	1.00361693	0.99681056	0.99892074	1.00110197	0.99806190	1.00296044
0.01474540	0.97561496	0.99484432	0.99632311	0.99983442	1.00292265	1.00108171	1.00359845	1.00145125
0.01638380	1.01505542	1.00286698	0.99442917	0.99867094	1.00773835	1.00170040	1.00119925	0.99690413
0.01802220	1.00669622	0.99369955	1.00704777	0.99877298	0.99703693	1.00138652	0.99915206	0.99742097
0.01966060	1.01519692	0.99937236	1.00051570	1.00111401	0.99994403	1.00092030	1.00266469	1.00039434
0.02129900	0.98643935	0.99024594	1.00344789	1.00066793	0.99907213	1.00100899	0.99912447	1.00041783
0.02293740	1.02483213	0.99681890	1.00408995	1.00116110	0.99601877	1.00067437	1.00127947	1.00229979
0.02457580	1.01889896	0.99768132	1.00899887	1.00013602	1.00443435	1.00131857	0.99861270	1.00293255
0.02621420	0.98653865	1.00164795	1.00058258	1.00056207	1.00031197	1.00098801	0.99838084	1.00194228
0.02949100	0.99836546	0.99249697	0.99873984	1.00090206	0.99987870	0.99948198	0.99919945	0.99973917
0.03276780	0.99501497	1.00179541	0.99893183	1.00146830	1.00068414	0.99969023	1.00203550	1.00074196
0.03604460	0.98949927	1.00711453	0.99420100	0.99991131	1.00205660	1.00045907	0.99789035	1.00093079
0.03932140	1.00113177	0.99844068	1.00095999	0.99813378	0.99968356	1.00025356	1.00068164	0.99902081
0.04259820	1.00868726	1.00377417	0.99532968	0.99965745	0.99793077	1.00041080	0.99890375	1.00118303
0.04587500	0.97812104	1.00401783	0.99765861	1.00176740	1.00066495	1.00118816	0.99905568	1.00125730
0.04915180	1.01537585	1.00699580	0.99903327	1.00126469	1.00147200	0.99947232	1.00052059	0.99935722
0.05242860	0.98944145	0.99656379	0.99491125	1.00015247	1.00179219	1.00044024	0.99807137	1.00249934
0.05898220	1.00263155	1.00340283	0.99808186	1.00005209	0.99829364	1.00013196	1.00039780	1.00072134
0.06553581	1.00669777	1.00207555	1.00018680	0.99924231	0.99886101	1.00122881	1.00038290	1.00081766
0.07208940	0.99698681	1.00274503	1.00437617	0.99921870	0.99883032	0.99919045	0.99939162	1.00135708
0.07864300	0.98921829	1.00316846	0.99910027	1.00091588	1.00035977	1.00006497	0.99958014	1.00061929
0.08519660	0.99797839	0.99673700	1.00055182	0.99994838	1.00140178	0.99967897	1.00190890	1.00061166
0.09175020	1.00159240	1.00239909	0.99927819	0.99886972	0.99881577	0.99975413	0.99992692	1.00090408
0.09830380	0.99762130	0.99884254	0.99958837	0.99834299	0.99816883	1.00087869	0.99932623	1.00024951
0.10485740	0.98798162	1.00373185	0.99730223	1.00099540	0.99874145	1.00063932	0.99896413	1.00124907
0.11796460	1.00755477	1.00541532	0.99904549	0.99947083	0.99956250	1.00050652	1.00062025	1.00061643
0.13107181	1.00440240	0.99825644	0.99733007	0.99951673	1.00026131	1.00040722	1.00055540	1.00013065
0.14417900	0.99722266	0.99858242	0.99729764	1.00068939	0.99940413	0.99943864	1.00000298	1.00165033
0.15728620	1.00006509	1.00242853	0.99447197	1.00017357	1.00079703	1.00048470	1.00183415	1.00033391
0.17039341	1.00056672	0.99899656	0.99773937	0.99967021	0.99981046	1.00086474	1.00172186	0.99929219
0.18350060	0.99005824	0.99807143	1.00263405	1.00000513	1.00071287	1.00026238	1.00145328	1.00037360
0.19660780	1.00299335	0.99864757	1.00231194	0.99958587	1.00066185	1.00049937	1.00004196	1.00064409
0.20971501	0.99770260	0.99921501	0.99928117	0.99899673	1.00055218	1.00042725	0.99891329	1.00090611
0.23592941	0.99944705	1.00131071	1.00150311	0.99959201	1.00075245	1.00069392	1.00004649	1.00113511
0.26214382	1.00570893	1.00050807	1.00062585	1.00135899	0.99989271	1.00044107	0.99915880	1.00165427
0.28835821	0.99862224	1.00085413	1.00106871	1.00071299	0.99864334	1.00036156	0.99979293	1.00055552
0.31457260	0.99998528	0.99970567	1.00039279	1.00034726	0.99983150	1.00064683	1.00083160	1.00086880
0.34078699	1.00865579	1.00164318	0.99980909	1.00022423	0.99989748	1.00052202	1.00031316	1.00140822
0.36700141	1.00241542	0.99796224	1.00041199	1.00010765	1.00015974	0.99989021	0.99960321	1.00078261
0.39321581	0.99865961	1.00039077	0.99892855	1.00053799	1.00051081	1.00041735	1.00066876	1.00060999
0.41943020	0.99587578	1.00256240	1.00172698	1.00052977	0.99983960	1.00006580	0.99938750	1.00102055
0.47185901	1.00188065	1.00032055	0.99935925	0.99974227	1.00047934	1.00050294	1.00084078	1.00061357
0.52428782	1.00219023	0.99854952	0.99932092	1.00045526	0.99984390	1.00022554	0.99994397	1.00024319
0.57671660	0.99856061	0.99909407	0.99919569	0.99987608	0.99944055	1.00004601	1.00004971	1.00037670
0.62914538	0.99980992	0.99896592	0.99998790	0.99984509	1.00013471	0.99990225	1.00049472	1.00057423
0.68157423	1.00139797	0.99980849	1.00124574	1.00050545	1.00113964	1.00016415	1.00022137	1.00084651
0.73400301	1.00124788	1.00226212	1.00035989	1.00010026	0.99981987	1.00058186	0.99990851	1.00051975
0.78643179	1.00280452	0.99982351	0.99846888	1.00025141	0.99933106	1.00006604	1.00076342	1.00051737
0.83886063	0.99696463	1.00042272	1.00061727	1.00018060	0.99965048	0.99966055	0.99943340	1.00037754
0.94371825	0.99847800	0.99905467	1.00001562	1.00003898	0.99989891	1.00021338	1.00017917	1.00008702
1.04857588	0.99985427	1.00057662	1.00074327	1.00013101	1.00022721	1.00013697	0.99991566	1.00052714
1.15343344	0.99751109	1.00140965	0.99920392	1.00032806	1.00038850	1.00009632	1.00002205	1.00022316
1.25829101	0.99956840	0.99794865	1.00068915	1.00020325	0.99903423	1.00023830	1.00042927	0.99992895
1.36314869	0.99941462	0.99984759	0.99880695	0.99981439	0.99913895	1.00011849	0.99987924	0.99999911
1.46800625	0.99750483	0.99925339	1.00054610	1.00020540	0.99979413	1.00017464	0.99940771	1.00010300
1.57286382	0.99798775	1.00004995	1.00109708	1.00027847	1.00030828	1.00010502	1.00028229	0.99997270
1.67772150	0.99748212	0.99852186	0.99793530	1.00004649	0.99971706	1.00011063	1.00023305	0.99965507
1.88743675	1.00189090	1.00079346	1.00009894	0.99991465	0.99957651	1.00007653	0.99967998	1.00015771
2.09715199	0.99931014	0.99982601	1.00065279	1.00010395	1.00014484	1.00012732	0.99955606	1.00006199
2.30686712	1.00026846	0.99729812	1.00054455	0.99988663	0.99989194	1.00005364	0.99963993	1.00043941
2.51658225	1.00422645	1.00003850	0.99972546	1.00011516	0.99982381	0.99982792	0.99975938	1.00055897
2.72629738	0.99904305	1.00243008	0.99992502	1.00007546	1.00038278	0.99995708	0.99979818	1.00056303
2.93601274	0.99965000	1.00111485	1.00040746	1.00005949	0.99963331	0.99967045	0.99985301	1.00061715
3.14572787	0.99825042	1.00112820	1.00032640	0.99985015	1.00031281	0.99979001	0.99957073	1.00017715
3.35544300	0.99788260	1.00087583	1.00000298	0.99999040	0.99987477	1.00001228	1.00006783	1.00033391
3.77487350	0.99788195	1.00135279	0.99980706	1.00001776	1.00036132	1.00006890	1.00003564	1.00006306
4.19430399	0.99802363	1.00073910	0.99990231	1.00001132	0.99997264	0.99992150	1.00018287	0.99990535
4.61373425	1.00007117	1.00059390	1.00012195	0.99999493	0.99978119	1.00006199	1.00000679	1.00006950
5.03316450	1.00000000	1.00000000	1.00000000	1.00000000	1.00000000	1.00000000	1.00000000	1.00000000
5.45259476	0.00000000	0.00000000	0.00000000	0.00000000	0.00000000	0.00000000	0.00000000	0.00000000
5.87202549	0.00000000	0.00000000	0.00000000	0.00000000	0.00000000	0.00000000	0.00000000	0.00000000
6.29145575	0.00000000	0.00000000	0.00000000	0.00000000	0.00000000	0.00000000	0.00000000	0.00000000
6.71088600	0.00000000	0.00000000	0.00000000	0.00000000	0.00000000	0.00000000	0.00000000	0.00000000
7.54974699	0.00000000	0.00000000	0.00000000	0.00000000	0.00000000	0.00000000	0.00000000	0.00000000
8.38860798	0.00000000	0.00000000	0.00000000	0.00000000	0.00000000	0.00000000	0.00000000	0.00000000
9.22746849	0.00000000	0.00000000	0.00000000	0.00000000	0.00000000	0.00000000	0.00000000	0.00000000
10.06632900	0.00000000	0.00000000	0.00000000	0.00000000	0.00000000	0.00000000	0.00000000	0.00000000
10.90518951	0.00000000	0.00000000	0.00000000	0.00000000	0.00000000	0.00000000	0.00000000	0.00000000
11.74405098	0.00000000	0.00000000	0.00000000	0.00000000	0.00000000	0.00000000	0.00000000	0.00000000
12.58291149	0.00000000	0.00000000	0.00000000	0.00000000	0.00000000	0.00000000	0.00000000	0.00000000
13.42177200	0.00000000	0.00000000	0.00000000	0.00000000	0.00000000	0.00000000	0.00000000	0.00000000
15.09949398	0.00000000	0.00000000	0.00000000	0.00000000	0.00000000	0.00000000	0.00000000	0.00000000
16.77721596	0.00000000	0.00000000	0.00000000	0.00000000	0.00000000	0.00000000	0.00000000	0.00000000
18.45493698	0.00000000	0.00000000	0.00000000	0.00000000	0.00000000	0.00000000	0.00000000	0.00000000
20.13265800	0.00000000	0.00000000	0.00000000	0.00000000	0.00000000	0.00000000	0.00000000	0.00000000
21.81037903	0.00000000	0.00000000	0.00000000	0.00000000	0.00000000	0.00000000	0.00000000	0.00000000
23.48810196	0.00000000	0.00000000	0.00000000	0.00000000	0.00000000	0.00000000	0.00000000	0.00000000
25.16582298	0.00000000	0.00000000	0.00000000	0.00000000	0.00000000	0.00000000	0.00000000	0.00000000
26.84354401	0.00000000	0.00000000	0.00000000	0.00000000	0.00000000	0.00000000	0.00000000	0.00000000
30.19898796	0.00000000	0.00000000	0.00000000	0.00000000	0.00000000	0.00000000	0.00000000	0.00000000
33.55443192	0.00000000	0.00000000	0.00000000	0.00000000	0.00000000	0.00000000	0.00000000	0.00000000
36.90987396	0.00000000	0.00000000	0.00000000	0.00000000	0.00000000	0.00000000	0.00000000	0.00000000
40.26531601	0.00000000	0.00000000	0.00000000	0.00000000	0.00000000	0.00000000	0.00000000	0.00000000
43.62075806	0.00000000	0.00000000	0.00000000	0.00000000	0.00000000	0.00000000	0.00000000	0.00000000
46.97620392	0.00000000	0.00000000	0.00000000	0.00000000	0.00000000	0.00000000	0.00000000	0.00000000
50.33164597	0.00000000	0.00000000	0.00000000	0.00000000	0.00000000	0.00000000	0.00000000	0.00000000
53.68708801	0.00000000	0.00000000	0.00000000	0.00000000	0.00000000	0.00000000	0.00000000	0.00000000
60.39797592	0.00000000	0.00000000	0.00000000	0.00000000	0.00000000	0.00000000	0.00000000	0.00000000
67.10886383	0.00000000	0.00000000	0.00000000	0.00000000	0.00000000	0.00000000	0.00000000	0.00000000
73.81974792	0.00000000	0.00000000	0.00000000	0.00000000	0.00000000	0.00000000	0.00000000	0.00000000
80.53063202	0.00000000	0.00000000	0.00000000	0.00000000	0.00000000	0.00000000	0.00000000	0.00000000
87.24151611	0.00000000	0.00000000	0.00000000	0.00000000	0.00000000	0.00000000	0.00000000	0.00000000
93.95240784	0.00000000	0.00000000	0.00000000	0.00000000	0.00000000	0.00000000	0.00000000	0.00000000
100.66329193	0.00000000	0.00000000	0.00000000	0.00000000	0.00000000	0.00000000	0.00000000	0.00000000
107.37417603	0.00000000	0.00000000	0.00000000	0.00000000	0.00000000	0.00000000	0.00000000	0.00000000
120.79595184	0.00000000	0.00000000	0.00000000	0.00000000	0.00000000	0.00000000	0.00000000	0.00000000
134.21772766	0.00000000	0.00000000	0.00000000	0.00000000	0.00000000	0.00000000	0.00000000	0.00000000
147.63949585	0.00000000	0.00000000	0.00000000	0.00000000	0.00000000	0.00000000	0.00000000	0.00000000
161.06126404	0.00000000	0.00000000	0.00000000	0.00000000	0.00000000	0.00000000	0.00000000	0.00000000
174.48303223	0.00000000	0.00000000	0.00000000	0.00000000	0.00000000	0.00000000	0.00000000	0.00000000
187.90481567	0.00000000	0.00000000	0.00000000	0.00000000	0.00000000	0.00000000	0.00000000	0.00000000
201.32658386	0.00000000	0.00000000	0.00000000	0.00000000	0.00000000	0.00000000	0.00000000	0.00000000
214.74835205	0.00000000	0.00000000	0.00000000	0.00000000	0.00000000	0.00000000	0.00000000	0.00000000
241.59190369	0.00000000	0.00000000	0.00000000	0.00000000	0.00000000	0.00000000	0.00000000	0.00000000
268.43545532	0.00000000	0.00000000	0.00000000	0.00000000	0.00000000	0.00000000	0.00000000	0.00000000
295.27899170	0.00000000	0.00000000	0.00000000	0.00000000	0.00000000	0.00000000	0.00000000	0.00000000
322.12252808	0.00000000	0.00000000	0.00000000	0.00000000	0.00000000	0.00000000	0.00000000	0.00000000
348.96606445	0.00000000	0.00000000	0.00000000	0.00000000	0.00000000	0.00000000	0.00000000	0.00000000
375.80963135	0.00000000	0.00000000	0.00000000	0.00000000	0.00000000	0.00000000	0.00000000	0.00000000
402.65316772	0.00000000	0.00000000	0.00000000	0.00000000	0.00000000	0.00000000	0.00000000	0.00000000
429.49670410	0.00000000	0.00000000	0.00000000	0.00000000	0.00000000	0.00000000	0.00000000	0.00000000
483.18380737	0.00000000	0.00000000	0.00000000	0.00000000	0.00000000	0.00000000	0.00000000	0.00000000
536.87091064	0.00000000	0.00000000	0.00000000	0.00000000	0.00000000	0.00000000	0.00000000	0.00000000
590.55798340	0.00000000	0.00000000	0.00000000	0.00000000	0.00000000	0.00000000	0.00000000	0.00000000
644.24505615	0.00000000	0.00000000	0.00000000	0.00000000	0.00000000	0.00000000	0.00000000	0.00000000
697.93212891	0.00000000	0.00000000	0.00000000	0.00000000	0.00000000	0.00000000	0.00000000	0.00000000
751.61926270	0.00000000	0.00000000	0.00000000	0.00000000	0.00000000	0.00000000	0.00000000	0.00000000
805.30633545	0.00000000	0.00000000	0.00000000	0.00000000	0.00000000	0.00000000	0.00000000	0.00000000
858.99340820	0.00000000	0.00000000	0.00000000	0.00000000	0.00000000	0.00000000	0.00000000	0.00000000
966.36761475	0.00000000	0.00000000	0.00000000	0.00000000	0.00000000	0.00000000	0.00000000	0.00000000
1073.74182129	0.00000000	0.00000000	0.00000000	0.00000000	0.00000000	0.00000000	0.00000000	0.00000000
1181.11596680	0.00000000	0.00000000	0.00000000	0.00000000	0.00000000	0.00000000	0.00000000	0.00000000
1288.49011230	0.00000000	0.00000000	0.00000000	0.00000000	0.00000000	0.00000000	0.00000000	0.00000000
1395.86425781	0.00000000	0.00000000	0.00000000	0.00000000	0.00000000	0.00000000	0.00000000	0.00000000
1503.23852539	0.00000000	0.00000000	0.00000000	0.00000000	0.00000000	0.00000000	0.00000000	0.00000000
1610.61267090	0.00000000	0.00000000	0.00000000	0.00000000	0.00000000	0.00000000	0.00000000	0.00000000
1717.98681641	0.00000000	0.00000000	0.00000000	0.00000000	0.00000000	0.00000000	0.00000000	0.00000000
1932.73522949	0.00000000	0.00000000	0.00000000	0.00000000	0.00000000	0.00000000	0.00000000	0.00000000
2147.48364258	0.00000000	0.00000000	0.00000000	0.00000000	0.00000000	0.00000000	0.00000000	0.00000000
2362.23193359	0.00000000	0.00000000	0.00000000	0.00000000	0.00000000	0.00000000	0.00000000	0.00000000
2576.98022461	0.00000000	0.00000000	0.00000000	0.00000000	0.00000000	0.00000000	0.00000000	0.00000000
2791.72851562	0.00000000	0.00000000	0.00000000	0.00000000	0.00000000	0.00000000	0.00000000	0.00000000
3006.47705078	0.00000000	0.00000000	0.00000000	0.00000000	0.00000000	0.00000000	0.00000000	0.00000000
3221.22534180	0.00000000	0.00000000	0.00000000	0.00000000	0.00000000	0.00000000	0.00000000	0.00000000
3435.97363281	0.00000000	0.00000000	0.00000000	0.00000000	0.00000000	0.00000000	0.00000000	0.00000000
2	2	2	2	2	2	2	2	2
