%11/10/2014 4:07:31 PM
%Duration	ID1		ID2		ID3		ID4		ID5		ID6		ID7		ID8
3000.000000	1.535416	1.964569	9.546280	19.216537	6.246567	25.157928	14.877319	19.521713
%Tau		Tau1		Tau2		Tau3		Tau4		Tau5		Tau6		Tau7		Tau8
%		0.000001	0.000001	0.000008	0.000021	0.000003	0.000038	0.000019	0.000032
%Delaytime	D1		D2		D3		D4		D5		D6		D7		D8
0.00000000	9.93607998	34.70513153	9.30295753	4.40102053	10.96595764	2.30689454	4.49369431	4.36025238
0.00000020	1.41944003	6.22912598	1.71040928	1.97996914	2.53757691	1.55003941	1.85945964	1.85006714
0.00000040	5.67776012	0.88987517	2.00243044	1.40166128	1.45004392	1.53187490	1.70450473	1.35497880
0.00000060	4.25831985	1.77975035	1.62697470	1.38205767	1.45004392	1.61664271	1.72172189	1.56343699
0.00000080	1.41944003	2.66962552	1.41838813	1.33304846	0.81564975	1.49554586	1.68728745	1.50263667
0.00000100	1.41944003	1.77975035	1.71040928	1.35265219	1.63129950	1.41077805	1.22242260	1.52000821
0.00000120	0.00000000	1.77975035	1.29323626	1.24483204	0.99690521	1.55003941	1.56676698	1.33760726
0.00000140	1.41944003	0.00000000	1.37667084	1.24483204	1.17816079	1.51976526	1.63563585	1.56343699
0.00000160	0.00000000	0.88987517	1.62697470	1.30364299	1.99381042	1.39866841	1.44624639	1.25074959
0.00000180	1.41944003	0.00000000	1.50182283	1.53888690	1.63129950	1.47132647	1.56676698	1.14652050
0.00000200	0.00000000	0.88987517	1.71040928	1.61730146	1.45004392	1.69535565	1.39459479	1.31154990
0.00000220	2.83888006	0.88987517	1.20980167	1.55849051	1.54067171	1.45921683	1.46346366	1.47657943
0.00000240	2.83888006	0.00000000	0.87606329	1.26443577	1.45004392	1.45316195	1.29129148	1.49395096
0.00000260	1.41944003	0.88987517	1.50182283	1.50948143	1.54067171	1.30784583	1.48068082	1.57212281
0.00000280	0.00000000	1.77975035	1.58525741	1.49967957	1.26878846	1.53792977	1.58398414	1.42446482
0.00000300	0.00000000	2.66962552	1.33495355	1.66631067	1.72192717	1.48949099	1.42902923	1.29417849
0.00000340	0.00000000	0.88987517	1.33495355	1.39676034	1.67661333	1.53490233	1.51511526	1.55909419
0.00000380	0.00000000	0.88987517	1.54354012	1.44576955	1.35941625	1.49251842	1.57537556	1.40709329
0.00000420	2.12915993	0.88987517	1.37667084	1.32814765	1.22347462	1.48949099	1.59259272	1.31589282
0.00000460	1.41944003	0.44493759	1.37667084	1.30854392	1.13284683	1.40775073	1.42042053	1.50263667
0.00000500	0.70972002	1.33481276	1.39752948	1.28403938	0.58908039	1.40472329	1.32572591	1.52000821
0.00000540	2.12915993	1.77975035	1.20980167	1.34775126	1.26878846	1.51673782	1.54094112	1.47223651
0.00000580	0.70972002	1.33481276	1.20980167	1.48007596	1.90318274	1.33509254	1.29129148	1.38972175
0.00000620	1.41944003	1.77975035	1.25151896	1.48007596	0.90627748	1.50462818	1.45485497	1.26377821
0.00000700	1.41944003	1.77975035	1.49139345	1.36245406	1.65395641	1.36990786	1.39029038	1.37886465
0.00000780	1.41944003	0.44493759	1.17851365	1.41391361	1.60864258	1.34720230	1.57107127	1.43532205
0.00000860	1.77429998	0.66740638	1.40795887	1.41881454	0.95159137	1.42288780	1.43763781	1.28549266
0.00000940	1.06457996	1.11234391	1.30366564	1.36000359	1.20081770	1.38958609	1.51081097	1.57212281
0.00001020	1.41944003	2.00221920	1.16808438	1.35510266	1.56332862	1.37293530	1.23103118	1.47657943
0.00001100	2.12915993	1.55728149	1.31409490	1.48742735	1.38207316	1.36688054	1.36016035	1.38755035
0.00001180	0.70972002	0.44493759	1.39752948	1.31099439	1.33675933	1.40472329	1.35155165	1.38972175
0.00001260	1.06457996	0.88987517	1.32452428	1.48007596	1.01956213	1.40775073	1.54954970	1.39623618
0.00001420	1.06457996	1.66851592	1.32452428	1.37348104	1.25746000	1.38353133	1.46992004	1.35497880
0.00001580	0.70972002	1.22357833	1.22544563	1.46414793	1.42738700	1.39715469	1.26976991	1.33760726
0.00001740	1.24201000	1.44604719	1.25151896	1.36245406	1.32543087	1.40472329	1.33648658	1.37886465
0.00001900	0.88714999	1.00110960	1.28802156	1.34530079	1.47270095	1.36688054	1.35155165	1.43749344
0.00002060	0.88714999	0.88987517	1.26194835	1.36612964	1.18948925	1.34720230	1.36876893	1.40057898
0.00002220	1.06457996	1.11234391	1.23066032	1.29629171	1.22347462	1.33206511	1.34294307	1.28332126
0.00002380	0.53228998	0.55617195	1.35581219	1.25095820	1.24613154	1.32525349	1.20520532	1.34412158
0.00002540	0.53228998	1.11234391	1.48096418	1.31221962	1.20081770	1.34871602	1.34939957	1.28874981
0.00002860	1.42194009	1.66793513	1.13093460	1.34268057	1.34584367	1.28736496	1.26096261	1.27669883
0.00003180	1.06645513	1.11195672	1.20929027	1.32241142	1.18185425	1.30326307	1.26093209	1.29083598
0.00003500	1.15532637	1.38994598	1.20929027	1.27511656	1.37411761	1.31159067	1.28464198	1.30279827
0.00003820	1.51081133	1.33434808	1.22234952	1.23457813	1.16488981	1.24459159	1.19950211	1.24896812
0.00004140	1.15532637	0.77836972	1.25369191	1.21492326	1.09131682	1.21960890	1.20165753	1.27887368
0.00004460	1.42194009	1.61233723	1.16227686	1.18605494	1.18178868	1.18629873	1.26093209	1.24298704
0.00004780	1.42194009	1.00076103	1.23279703	1.25669003	1.40796828	1.22982919	1.18656945	1.25114310
0.00005100	1.33306885	1.05635893	1.13615823	1.19895351	1.11958933	1.19576180	1.08634150	1.16958225
0.00005740	0.93438154	0.83717036	1.22616386	1.19537461	1.10981345	1.16915822	1.19235241	1.16782081
0.00006380	1.06786466	0.89298171	1.12550867	1.15480125	1.21994758	1.19074965	1.17133939	1.15042710
0.00007020	1.06786466	1.03251016	1.13727355	1.17170680	1.17194033	1.17332494	1.15786958	1.12134719
0.00007660	1.15685332	1.08832145	1.11505091	1.10777318	1.19170809	1.12767994	1.13577902	1.09960508
0.00008300	1.33483076	1.19994414	1.09805727	1.12652302	1.07310200	1.12673295	1.12769711	1.12270606
0.00008940	0.71190977	1.00460446	1.07844901	1.10531425	1.09569371	1.10949767	1.10291255	1.08193958
0.00009580	1.11235905	0.78135902	1.06929862	1.10500681	1.12393320	1.09036839	1.08297706	1.10014856
0.00010220	0.97887594	0.92088741	1.09544277	1.08873594	1.17476428	1.09017897	1.05980897	1.03954256
0.00011500	1.04746199	0.98996091	1.07264757	1.06355846	1.01775265	1.05201280	1.08988619	1.03377390
0.00012780	1.15889406	0.89235908	1.08441341	1.03418601	1.09256661	1.05665016	1.07613802	1.05505943
0.00014060	1.35947192	1.12939203	1.01774061	1.04894912	1.02481055	1.05021465	1.03758895	1.04609644
0.00015340	1.02517557	0.78081423	1.03604293	1.02524793	1.03751481	1.04158759	1.06050265	1.03969574
0.00016620	0.86917061	0.98996091	1.03473556	1.05046773	1.04321897	1.03240764	1.00766623	1.03533232
0.00017900	1.40404475	0.96207464	1.03735018	1.03262937	1.03051400	1.01521266	1.06562459	1.03424585
0.00019180	0.91374344	1.05967641	0.98701882	1.01771271	0.97545916	1.00661480	1.00604880	1.02487576
0.00020460	1.06974840	1.03179026	1.00793576	1.00341117	0.97404754	0.99685234	0.98879611	1.01577723
0.00023020	1.23798788	1.00630903	1.02748430	1.02179563	1.00252008	1.01337802	1.01996362	1.01180923
0.00025580	1.12645745	0.98548883	1.02217996	1.02099013	0.96643513	1.00826716	0.98826259	1.00217652
0.00028140	1.05953920	1.01324904	1.01923978	0.99848413	1.04414558	1.01673806	1.01373374	0.98525500
0.00030700	1.00377393	1.01324904	0.97840488	1.00401461	1.01876962	1.01580608	0.99050784	0.99672276
0.00033260	1.01492703	1.02018917	1.01299465	1.01092768	1.02371502	0.99433541	0.98700064	0.99121827
0.00035820	0.90339655	1.07570958	1.01789463	1.01663041	0.97567320	1.00188875	0.99644303	1.01466334
0.00038380	1.00377393	1.04100931	1.00809467	1.00284064	1.07316995	1.01054943	0.98875421	1.01080728
0.00040940	0.92570263	1.19369066	0.97016466	1.01395798	0.99045473	0.99373442	0.97229749	1.00887120
0.00046060	0.82387120	1.10057414	0.99234581	1.02480483	0.99029773	1.00019312	0.99949181	1.00749815
0.00051180	1.09663939	1.05544019	1.02399909	1.00779963	1.01185668	0.99564481	1.00019038	1.00341988
0.00056300	0.94633853	0.93045378	1.00792217	1.00447845	1.00225854	0.99886656	1.00810528	0.99842405
0.00061420	1.04097247	0.87837619	0.99425310	1.00259912	0.99059618	0.98947608	1.02597713	1.00856829
0.00066540	0.91293836	0.93392563	0.98070920	1.02156174	1.00119841	1.00089967	0.99974263	0.99742091
0.00071660	1.02983904	1.08668673	1.01677179	1.01421022	1.03311956	1.00712097	0.98942417	0.99877989
0.00076780	0.94077188	0.88184804	1.01064730	0.99931443	1.03488684	0.99854493	1.00014722	1.00661254
0.00081900	0.92407179	0.92351013	0.99220657	1.00714552	1.00177419	1.00257242	1.00794590	1.00180435
0.00092140	0.93045831	1.02441728	0.99287534	1.01219916	0.99760062	0.99862224	1.00457025	0.99218845
0.00102380	1.02796137	0.93397635	0.99010283	1.00165784	0.97708261	0.99865776	1.00798213	1.00172281
0.00112620	0.92767251	1.00702477	0.99911034	1.00106347	1.02271748	0.99941546	1.00444102	1.00466192
0.00122860	1.06139100	0.96354359	0.99532163	0.99297905	0.99571025	1.00278270	1.00591552	1.00466156
0.00133100	0.93881571	1.02963507	0.99470681	0.99722147	0.99341071	0.99787456	1.00836825	1.00342155
0.00143340	0.96388793	1.11659741	0.99882179	1.00328660	0.99429512	1.00451756	1.00007153	0.99038684
0.00153580	0.96945953	0.97397912	0.98973244	1.00077021	1.00337219	0.99495316	1.00923598	1.00357449
0.00163820	1.02796137	0.99311084	0.99934882	1.00687671	0.98179054	1.00173092	0.98643601	0.99907100
0.00184300	0.99614418	1.02856004	0.99753845	0.99951828	1.00085020	0.99794334	0.99544120	0.99652457
0.00204780	0.96828002	0.97556829	1.00574291	1.00534284	0.98685706	0.99503696	1.00165737	0.99965817
0.00225260	1.00450349	1.02942872	1.01157773	1.00620830	1.00220942	0.99748719	1.00450432	1.00133061
0.00245740	0.92529452	0.99207389	0.99366206	1.00501657	0.99374253	0.99621791	1.00145125	0.99497861
0.00266220	0.96688682	0.99815494	0.98395067	1.00153136	1.01134944	1.00173903	0.99246913	1.00328374
0.00286700	1.00868309	0.99381131	0.99754161	0.99777722	1.00109267	0.99989355	0.99472177	0.99662632
0.00307180	0.96967322	0.99607074	1.00407290	0.99999458	0.98836023	1.00770986	1.00181246	0.99624449
0.00327660	1.00868309	1.00649166	0.99950939	0.99539465	1.00719368	0.99624991	0.99024761	1.00278306
0.00368620	0.96522248	1.00823736	1.00453520	0.99981284	1.00072110	0.99713969	1.00196278	0.99943888
0.00409580	1.00589669	1.01684844	0.99542266	0.99333036	0.98767149	0.99923766	1.00012827	0.99789357
0.00450540	1.02958131	0.97798663	1.00468385	0.99923807	1.00254309	1.00013149	1.00424433	0.99860483
0.00491500	0.98055452	1.00519526	1.00338900	1.00083983	0.99446166	0.99840665	0.99674314	1.00004268
0.00532460	1.01749086	1.02362609	1.00592411	0.99683934	0.99870110	0.99958330	0.99926215	1.00031424
0.00573420	1.03421676	0.98537588	0.99474508	1.00128961	1.01095760	0.99927688	1.00464046	0.99597389
0.00614380	1.02445996	1.03543603	0.99971300	0.99836648	1.00719452	0.99582464	1.00224578	0.99826521
0.00655340	1.02747416	0.97791064	1.01189387	1.00027657	0.99940872	0.99953604	1.00530982	1.00182152
0.00737260	1.02540159	1.02490711	0.99484915	1.00171816	0.99162549	1.00234854	0.99881446	1.00179493
0.00819180	1.03550231	1.01995230	1.00129068	1.00044286	1.00006831	1.00077355	0.99847734	1.00163043
0.00901100	0.98151547	0.98543286	0.99916804	0.99543285	0.99400926	1.00439346	0.99835408	1.00145388
0.00983020	1.00659323	1.00740206	0.99170935	0.99988157	0.99560988	0.99987537	1.00038397	0.99994218
0.01064940	1.01286268	1.01018274	0.99913037	1.00057077	0.99833721	1.00108302	0.99815398	1.00190532
0.01146860	0.99775738	0.98678082	1.00449443	1.00067222	1.00106239	1.00107908	1.00091982	1.00288701
0.01228780	0.99706060	1.00210726	0.99705440	1.00246632	1.00439346	1.00110066	1.00213015	0.99995375
0.01310700	0.96744841	1.01774144	1.00561285	1.00202906	1.00217581	1.00067139	1.00242352	1.00164604
0.01474540	0.98704559	0.97418338	1.00212586	0.99733919	1.00628245	0.99859905	1.00058413	1.00179899
0.01638380	0.98456907	1.00993419	1.00141442	0.99948055	0.99931169	1.00095928	1.00258541	1.00063658
0.01802220	0.99382401	1.01228368	0.99961323	0.99984890	0.99310285	1.00150943	1.00048089	1.00007606
0.01966060	0.99317390	0.99524081	1.00335050	1.00177276	1.00092506	1.00104666	0.99869132	0.99927139
0.02129900	0.99508619	1.04344034	1.00363708	0.99963373	1.00176477	1.00086105	0.99960023	0.99968070
0.02293740	1.01733828	1.00419855	0.99988300	1.00242770	1.00396729	0.99940908	0.99807310	0.99951458
0.02457580	1.04034126	1.00926590	1.00215375	1.00170541	1.00237203	0.99948519	1.00115132	0.99850345
0.02621420	1.00921619	0.99761140	0.99787778	0.99786854	1.00126791	1.00149667	1.00043881	1.00076294
0.02949100	1.01505363	1.01810968	1.00195777	0.99981052	0.99931782	1.00005770	1.00176060	0.99977511
0.03276780	1.00502729	1.01834130	0.99801993	1.00119424	1.00557351	0.99931955	0.99780059	0.99954385
0.03604460	1.00785542	1.00537014	0.99968696	1.00233364	0.99896461	1.00008643	1.00159466	1.00134146
0.03932140	0.98691636	1.00251007	1.00501347	1.00096464	1.00203490	0.99899572	1.00168884	1.00251615
0.04259820	0.99442977	1.00422406	0.99798846	0.99926138	1.00000417	0.99970782	0.99924242	0.99994558
0.04587500	0.99469036	0.99170357	1.00214851	0.99985951	1.00030386	0.99805748	0.99944729	0.99901521
0.04915180	1.00650406	1.00631142	1.00024641	1.00171137	0.99894404	1.00004983	1.00074506	1.00008929
0.05242860	1.00254774	1.00145555	0.99833238	1.00037408	0.99965692	1.00043046	1.00119281	0.99856979
0.05898220	1.00483847	1.00926137	0.99852717	1.00057769	1.00075591	1.00120974	1.00149727	1.00091875
0.06553581	1.00045562	1.00928712	1.00107646	0.99933773	1.00455391	1.00033963	0.99953258	0.99988943
0.07208940	0.99450606	1.00708902	0.99929476	1.00059307	1.00158107	1.00019503	0.99864620	0.99991530
0.07864300	1.00817454	1.00764620	1.00186276	0.99770707	1.00031412	1.00119853	0.99929005	0.99980038
0.08519660	0.99714911	1.00792110	1.00251794	1.00015986	1.00201964	1.00012863	1.00021994	1.00021017
0.09175020	1.00096893	0.99820322	0.99945647	1.00014865	0.99882948	1.00089598	0.99884254	0.99779809
0.09830380	0.99981159	0.99890810	1.00023890	0.99983549	1.00383544	0.99935460	0.99957401	1.00017440
0.10485740	1.00349319	1.00210726	0.99934274	0.99956679	1.00211239	1.00141549	1.00136697	1.00119984
0.11796460	0.99209839	1.00255620	1.00068069	0.99980903	1.00002420	1.00116920	1.00045586	1.00020099
0.13107181	1.00437272	1.01511621	1.00165641	1.00002503	1.00276184	1.00046504	1.00042391	1.00014174
0.14417900	0.99260408	1.00133204	1.00126076	1.00008142	1.00015914	1.00030899	0.99980438	1.00059700
0.15728620	1.00495756	1.00005829	0.99939507	0.99977535	1.00063550	1.00038755	1.00000274	1.00035048
0.17039341	1.00896466	1.00130987	1.00027490	1.00053489	0.99835837	1.00012743	0.99936408	1.00053644
0.18350060	0.99341583	1.00006640	0.99968636	1.00012505	0.99991971	1.00074506	1.00024569	1.00107670
0.19660780	1.00659585	1.00600481	0.99986100	0.99955660	0.99933541	1.00070596	0.99902385	0.99899346
0.20971501	0.99975449	1.00293040	1.00232017	0.99974036	0.99965423	0.99981713	1.00004530	0.99969703
0.23592941	1.00086331	0.99822414	1.00013483	1.00018787	0.99881154	1.00015509	0.99923694	0.99970728
0.26214382	1.00069785	1.00338852	1.00057471	1.00022793	1.00089419	1.00053358	1.00014794	1.00022221
0.28835821	1.00321746	1.00410724	1.00118244	1.00045633	1.00208974	1.00038791	0.99974096	0.99989647
0.31457260	0.99982333	1.00483227	1.00035119	1.00025821	1.00171614	1.00023687	1.00074673	1.00056803
0.34078699	0.99808866	1.00177646	1.00129533	1.00082791	1.00008965	1.00059950	1.00026739	0.99993664
0.36700141	0.99967533	0.99957818	0.99996859	0.99938351	1.00084710	1.00004947	1.00108433	0.99999136
0.39321581	1.00134921	1.00534129	0.99807513	0.99937117	1.00181758	1.00003219	1.00126457	1.00044739
0.41943020	1.00082982	1.00067103	0.99905849	0.99981552	1.00055182	1.00014186	1.00142336	1.00027490
0.47185901	0.99829161	1.00155473	1.00023711	1.00040197	1.00169671	1.00037467	0.99967510	0.99958813
0.52428782	1.00275147	1.00129080	0.99930662	1.00025582	1.00085032	1.00019622	1.00008166	0.99942738
0.57671660	1.00201190	1.00195885	0.99899876	1.00020099	0.99995297	1.00044072	1.00025272	1.00029337
0.62914538	0.99707597	0.99939156	0.99909651	0.99964464	1.00001538	1.00013971	0.99971110	0.99995369
0.68157423	1.00244081	0.99738026	0.99975055	1.00008130	1.00010705	1.00028765	1.00032794	1.00003874
0.73400301	0.99346727	0.99880785	0.99842805	1.00039768	1.00045896	1.00020742	1.00047994	0.99955416
0.78643179	0.99678719	0.99655735	0.99965721	0.99999362	1.00136185	1.00034511	1.00055420	0.99984962
0.83886063	0.99769098	0.99860489	0.99984962	0.99984908	0.99966151	1.00017464	0.99992627	0.99945080
0.94371825	0.99869901	0.99817955	1.00007343	0.99950558	1.00047171	1.00012970	1.00032628	0.99958771
1.04857588	1.00095570	0.99981266	0.99998105	0.99986476	0.99936682	1.00001574	1.00035024	0.99987048
1.15343344	1.00336611	0.99956822	1.00044930	0.99983394	0.99938893	0.99993044	1.00016987	0.99962986
1.25829101	0.99830770	0.99458522	1.00003159	1.00043094	1.00024986	0.99976170	0.99982232	1.00002122
1.36314869	0.99589252	0.99760473	1.00033295	0.99955982	0.99924761	1.00005877	1.00023603	0.99987489
1.46800625	1.00078034	0.99942064	0.99914861	1.00017357	0.99971068	0.99990332	1.00106275	0.99950743
1.57286382	0.99948943	0.99871516	0.99969077	0.99967879	0.99959856	0.99991387	0.99944961	0.99990946
1.67772150	1.00113571	0.99453503	0.99911886	0.99980646	0.99961543	0.99955338	0.99966371	1.00060201
1.88743675	0.99939936	0.99323297	0.99980575	1.00003362	1.00039446	0.99982095	1.00006509	1.00019300
2.09715199	1.00047469	0.99771756	1.00058734	1.00003433	1.00013196	0.99973619	1.00033057	1.00002384
2.30686712	1.00065672	0.99808323	1.00025833	1.00013590	1.00039256	0.99978614	0.99932879	1.00073683
2.51658225	0.99869597	1.00320721	1.00004566	1.00023949	1.00131595	0.99971044	1.00052059	0.99997103
2.72629738	1.00077546	1.00316703	0.99930078	0.99975574	1.00056303	0.99989271	0.99959505	0.99990362
2.93601274	0.99994081	1.00693738	0.99981552	1.00014985	1.00110555	0.99974692	1.00015020	0.99995464
3.14572787	0.99867469	1.00500202	1.00051332	1.00053632	1.00034726	0.99971163	0.99957401	0.99910885
3.35544300	0.99941647	1.00215626	1.00066423	1.00013149	1.00006068	1.00003004	1.00001991	0.99977922
3.77487350	1.00154305	1.00273180	0.99942273	1.00038958	0.99960190	1.00000072	1.00000560	1.00039327
4.19430399	0.99913031	1.00015056	1.00024593	1.00007880	0.99938643	0.99998915	0.99995595	1.00000584
4.61373425	1.00000000	1.00242364	1.00064778	1.00000131	1.00011468	1.00000834	1.00018966	0.99989897
5.03316450	1.00000000	1.00000000	1.00000000	1.00000000	1.00000000	1.00000000	1.00000000	1.00000000
5.45259476	0.00000000	0.00000000	0.00000000	0.00000000	0.00000000	0.00000000	0.00000000	0.00000000
5.87202549	0.00000000	0.00000000	0.00000000	0.00000000	0.00000000	0.00000000	0.00000000	0.00000000
6.29145575	0.00000000	0.00000000	0.00000000	0.00000000	0.00000000	0.00000000	0.00000000	0.00000000
6.71088600	0.00000000	0.00000000	0.00000000	0.00000000	0.00000000	0.00000000	0.00000000	0.00000000
7.54974699	0.00000000	0.00000000	0.00000000	0.00000000	0.00000000	0.00000000	0.00000000	0.00000000
8.38860798	0.00000000	0.00000000	0.00000000	0.00000000	0.00000000	0.00000000	0.00000000	0.00000000
9.22746849	0.00000000	0.00000000	0.00000000	0.00000000	0.00000000	0.00000000	0.00000000	0.00000000
10.06632900	0.00000000	0.00000000	0.00000000	0.00000000	0.00000000	0.00000000	0.00000000	0.00000000
10.90518951	0.00000000	0.00000000	0.00000000	0.00000000	0.00000000	0.00000000	0.00000000	0.00000000
11.74405098	0.00000000	0.00000000	0.00000000	0.00000000	0.00000000	0.00000000	0.00000000	0.00000000
12.58291149	0.00000000	0.00000000	0.00000000	0.00000000	0.00000000	0.00000000	0.00000000	0.00000000
13.42177200	0.00000000	0.00000000	0.00000000	0.00000000	0.00000000	0.00000000	0.00000000	0.00000000
15.09949398	0.00000000	0.00000000	0.00000000	0.00000000	0.00000000	0.00000000	0.00000000	0.00000000
16.77721596	0.00000000	0.00000000	0.00000000	0.00000000	0.00000000	0.00000000	0.00000000	0.00000000
18.45493698	0.00000000	0.00000000	0.00000000	0.00000000	0.00000000	0.00000000	0.00000000	0.00000000
20.13265800	0.00000000	0.00000000	0.00000000	0.00000000	0.00000000	0.00000000	0.00000000	0.00000000
21.81037903	0.00000000	0.00000000	0.00000000	0.00000000	0.00000000	0.00000000	0.00000000	0.00000000
23.48810196	0.00000000	0.00000000	0.00000000	0.00000000	0.00000000	0.00000000	0.00000000	0.00000000
25.16582298	0.00000000	0.00000000	0.00000000	0.00000000	0.00000000	0.00000000	0.00000000	0.00000000
26.84354401	0.00000000	0.00000000	0.00000000	0.00000000	0.00000000	0.00000000	0.00000000	0.00000000
30.19898796	0.00000000	0.00000000	0.00000000	0.00000000	0.00000000	0.00000000	0.00000000	0.00000000
33.55443192	0.00000000	0.00000000	0.00000000	0.00000000	0.00000000	0.00000000	0.00000000	0.00000000
36.90987396	0.00000000	0.00000000	0.00000000	0.00000000	0.00000000	0.00000000	0.00000000	0.00000000
40.26531601	0.00000000	0.00000000	0.00000000	0.00000000	0.00000000	0.00000000	0.00000000	0.00000000
43.62075806	0.00000000	0.00000000	0.00000000	0.00000000	0.00000000	0.00000000	0.00000000	0.00000000
46.97620392	0.00000000	0.00000000	0.00000000	0.00000000	0.00000000	0.00000000	0.00000000	0.00000000
50.33164597	0.00000000	0.00000000	0.00000000	0.00000000	0.00000000	0.00000000	0.00000000	0.00000000
53.68708801	0.00000000	0.00000000	0.00000000	0.00000000	0.00000000	0.00000000	0.00000000	0.00000000
60.39797592	0.00000000	0.00000000	0.00000000	0.00000000	0.00000000	0.00000000	0.00000000	0.00000000
67.10886383	0.00000000	0.00000000	0.00000000	0.00000000	0.00000000	0.00000000	0.00000000	0.00000000
73.81974792	0.00000000	0.00000000	0.00000000	0.00000000	0.00000000	0.00000000	0.00000000	0.00000000
80.53063202	0.00000000	0.00000000	0.00000000	0.00000000	0.00000000	0.00000000	0.00000000	0.00000000
87.24151611	0.00000000	0.00000000	0.00000000	0.00000000	0.00000000	0.00000000	0.00000000	0.00000000
93.95240784	0.00000000	0.00000000	0.00000000	0.00000000	0.00000000	0.00000000	0.00000000	0.00000000
100.66329193	0.00000000	0.00000000	0.00000000	0.00000000	0.00000000	0.00000000	0.00000000	0.00000000
107.37417603	0.00000000	0.00000000	0.00000000	0.00000000	0.00000000	0.00000000	0.00000000	0.00000000
120.79595184	0.00000000	0.00000000	0.00000000	0.00000000	0.00000000	0.00000000	0.00000000	0.00000000
134.21772766	0.00000000	0.00000000	0.00000000	0.00000000	0.00000000	0.00000000	0.00000000	0.00000000
147.63949585	0.00000000	0.00000000	0.00000000	0.00000000	0.00000000	0.00000000	0.00000000	0.00000000
161.06126404	0.00000000	0.00000000	0.00000000	0.00000000	0.00000000	0.00000000	0.00000000	0.00000000
174.48303223	0.00000000	0.00000000	0.00000000	0.00000000	0.00000000	0.00000000	0.00000000	0.00000000
187.90481567	0.00000000	0.00000000	0.00000000	0.00000000	0.00000000	0.00000000	0.00000000	0.00000000
201.32658386	0.00000000	0.00000000	0.00000000	0.00000000	0.00000000	0.00000000	0.00000000	0.00000000
214.74835205	0.00000000	0.00000000	0.00000000	0.00000000	0.00000000	0.00000000	0.00000000	0.00000000
241.59190369	0.00000000	0.00000000	0.00000000	0.00000000	0.00000000	0.00000000	0.00000000	0.00000000
268.43545532	0.00000000	0.00000000	0.00000000	0.00000000	0.00000000	0.00000000	0.00000000	0.00000000
295.27899170	0.00000000	0.00000000	0.00000000	0.00000000	0.00000000	0.00000000	0.00000000	0.00000000
322.12252808	0.00000000	0.00000000	0.00000000	0.00000000	0.00000000	0.00000000	0.00000000	0.00000000
348.96606445	0.00000000	0.00000000	0.00000000	0.00000000	0.00000000	0.00000000	0.00000000	0.00000000
375.80963135	0.00000000	0.00000000	0.00000000	0.00000000	0.00000000	0.00000000	0.00000000	0.00000000
402.65316772	0.00000000	0.00000000	0.00000000	0.00000000	0.00000000	0.00000000	0.00000000	0.00000000
429.49670410	0.00000000	0.00000000	0.00000000	0.00000000	0.00000000	0.00000000	0.00000000	0.00000000
483.18380737	0.00000000	0.00000000	0.00000000	0.00000000	0.00000000	0.00000000	0.00000000	0.00000000
536.87091064	0.00000000	0.00000000	0.00000000	0.00000000	0.00000000	0.00000000	0.00000000	0.00000000
590.55798340	0.00000000	0.00000000	0.00000000	0.00000000	0.00000000	0.00000000	0.00000000	0.00000000
644.24505615	0.00000000	0.00000000	0.00000000	0.00000000	0.00000000	0.00000000	0.00000000	0.00000000
697.93212891	0.00000000	0.00000000	0.00000000	0.00000000	0.00000000	0.00000000	0.00000000	0.00000000
751.61926270	0.00000000	0.00000000	0.00000000	0.00000000	0.00000000	0.00000000	0.00000000	0.00000000
805.30633545	0.00000000	0.00000000	0.00000000	0.00000000	0.00000000	0.00000000	0.00000000	0.00000000
858.99340820	0.00000000	0.00000000	0.00000000	0.00000000	0.00000000	0.00000000	0.00000000	0.00000000
966.36761475	0.00000000	0.00000000	0.00000000	0.00000000	0.00000000	0.00000000	0.00000000	0.00000000
1073.74182129	0.00000000	0.00000000	0.00000000	0.00000000	0.00000000	0.00000000	0.00000000	0.00000000
1181.11596680	0.00000000	0.00000000	0.00000000	0.00000000	0.00000000	0.00000000	0.00000000	0.00000000
1288.49011230	0.00000000	0.00000000	0.00000000	0.00000000	0.00000000	0.00000000	0.00000000	0.00000000
1395.86425781	0.00000000	0.00000000	0.00000000	0.00000000	0.00000000	0.00000000	0.00000000	0.00000000
1503.23852539	0.00000000	0.00000000	0.00000000	0.00000000	0.00000000	0.00000000	0.00000000	0.00000000
1610.61267090	0.00000000	0.00000000	0.00000000	0.00000000	0.00000000	0.00000000	0.00000000	0.00000000
1717.98681641	0.00000000	0.00000000	0.00000000	0.00000000	0.00000000	0.00000000	0.00000000	0.00000000
1932.73522949	0.00000000	0.00000000	0.00000000	0.00000000	0.00000000	0.00000000	0.00000000	0.00000000
2147.48364258	0.00000000	0.00000000	0.00000000	0.00000000	0.00000000	0.00000000	0.00000000	0.00000000
2362.23193359	0.00000000	0.00000000	0.00000000	0.00000000	0.00000000	0.00000000	0.00000000	0.00000000
2576.98022461	0.00000000	0.00000000	0.00000000	0.00000000	0.00000000	0.00000000	0.00000000	0.00000000
2791.72851562	0.00000000	0.00000000	0.00000000	0.00000000	0.00000000	0.00000000	0.00000000	0.00000000
3006.47705078	0.00000000	0.00000000	0.00000000	0.00000000	0.00000000	0.00000000	0.00000000	0.00000000
3221.22534180	0.00000000	0.00000000	0.00000000	0.00000000	0.00000000	0.00000000	0.00000000	0.00000000
3435.97363281	0.00000000	0.00000000	0.00000000	0.00000000	0.00000000	0.00000000	0.00000000	0.00000000
5	5	5	5	5	5	5	5	5
