%11/10/2014 10:07:59 PM
%Duration	ID1		ID2		ID3		ID4		ID5		ID6		ID7		ID8
3000.000000	3.461838	4.186630	11.758804	35.457611	15.544891	51.946640	41.255951	38.719177
%Tau		Tau1		Tau2		Tau3		Tau4		Tau5		Tau6		Tau7		Tau8
%		0.000002	0.000002	0.000014	0.000035	0.000021	0.000032	0.000032	0.000029
%Delaytime	D1		D2		D3		D4		D5		D6		D7		D8
0.00000000	6.69013357	19.36559486	6.67406654	3.13151121	4.08033133	1.70794570	2.36599922	2.99849510
0.00000020	2.54862213	3.65388560	1.77821159	1.55649078	1.74144983	1.52913082	1.52885997	1.59450984
0.00000040	0.95573336	1.64424860	1.54727495	1.52207863	1.74144983	1.52255666	1.54261577	1.58090103
0.00000060	1.27431107	1.46155429	1.43180668	1.55384374	1.36011052	1.53964925	1.59370875	1.49924755
0.00000080	2.23004436	2.19233131	1.73202419	1.51149023	1.55078018	1.49363077	1.50527859	1.55141497
0.00000100	2.54862213	1.82694280	1.43180668	1.50090182	1.29655397	1.52124190	1.43453443	1.46068895
0.00000120	2.54862213	1.64424860	1.29324472	1.44001865	1.47451234	1.51466775	1.44829023	1.48110235
0.00000140	1.91146672	1.64424860	1.63964963	1.48237216	1.58891416	1.53176045	1.40898788	1.58090103
0.00000160	1.27431107	1.82694280	1.43180668	1.36854720	1.53806889	1.45287144	1.51510417	1.46068895
0.00000180	1.59288883	2.19233131	1.63964963	1.46648967	1.38553309	1.51729739	1.48955762	1.47656608
0.00000200	1.27431107	1.46155429	1.57036865	1.47443092	1.24570870	1.44103813	1.41488326	1.47429788
0.00000220	0.63715553	0.54808283	1.36252570	1.49031353	1.67789328	1.51203811	1.42470884	1.46295714
0.00000240	2.86719990	0.73077714	1.10849547	1.47972512	1.72873855	1.49363077	1.42667389	1.49244308
0.00000260	1.91146672	1.27885997	1.40871310	1.51149023	1.57620275	1.38844550	1.32252276	1.48563862
0.00000280	1.27431107	1.27885997	1.36252570	1.37913561	1.71602726	1.44103813	1.49348783	1.32459998
0.00000300	1.91146672	1.27885997	1.54727495	1.49825478	1.34739912	1.51335299	1.41684842	1.53553796
0.00000340	1.43359995	1.09616566	1.27015114	1.49296057	1.65247071	1.49494553	1.41979599	1.45388460
0.00000380	1.11502218	1.18751287	1.35097885	1.48766637	1.56984711	1.44563997	1.44337738	1.47089565
0.00000420	1.11502218	1.73559570	1.23551059	1.38575327	1.41095579	1.40356588	1.45320296	1.44934821
0.00000460	1.11502218	1.64424860	1.36252570	1.54854953	1.37917745	1.46601963	1.45713329	1.41986227
0.00000500	1.27431107	1.00481856	1.43180668	1.42810678	1.40460002	1.46470475	1.40604019	1.38243783
0.00000540	1.27431107	1.64424860	1.48954082	1.47443092	1.36646616	1.44432521	1.39228439	1.47656608
0.00000580	1.11502218	1.27885997	1.39716625	1.42545974	1.54442453	1.45813072	1.44632506	1.36882889
0.00000620	1.43359995	1.82694280	1.37407255	1.45060706	1.43637836	1.41079736	1.43355191	1.33707476
0.00000700	0.87608892	1.32453358	1.43758011	1.44200397	1.44908965	1.45582974	1.47481930	1.39151037
0.00000780	0.71679997	1.50722790	1.43180668	1.41818023	1.34739912	1.39337599	1.43207800	1.40341818
0.00000860	1.51324439	1.37020719	1.44335353	1.43273914	1.47451234	1.42065847	1.43846464	1.43120301
0.00000940	1.59288883	1.14183927	1.37984598	1.40825355	1.49357927	1.41507053	1.36035132	1.38697410
0.00001020	1.11502218	1.27885997	1.30479157	1.40428293	1.28384256	1.40257978	1.39031935	1.37223113
0.00001100	1.75217783	1.05049217	1.35097885	1.48435748	1.42048919	1.38384366	1.37017691	1.41532600
0.00001180	1.11502218	1.73559570	1.29324472	1.41685665	1.37917745	1.40520942	1.37803733	1.38243783
0.00001260	1.27431107	1.41588068	1.18354988	1.35994411	1.37917745	1.37759829	1.35101700	1.36202443
0.00001420	1.15484440	1.43871748	1.31633842	1.37549579	1.42525601	1.36346400	1.35543847	1.36882889
0.00001580	1.47342217	1.37020719	1.31056499	1.34935582	1.30608737	1.36527181	1.36305332	1.31155813
0.00001740	1.35395551	1.32453358	1.29613149	1.32520103	1.32197654	1.33897555	1.30287170	1.29879975
0.00001900	1.27431107	1.62141180	1.18354988	1.30005360	1.34898806	1.33125103	1.31638181	1.30050087
0.00002060	1.19466662	1.11900246	1.37984598	1.28251660	1.35057700	1.30988526	1.31122339	1.30985701
0.00002220	0.95573336	1.59857500	1.20664358	1.32288480	1.26795352	1.28424633	1.27585137	1.25683892
0.00002380	1.27431107	0.89063466	1.19798338	1.26729584	1.21234143	1.26189446	1.25153303	1.23784316
0.00002540	1.31413329	1.16467607	1.17777646	1.31461263	1.23299730	1.24644542	1.27953589	1.22423434
0.00002860	1.38105023	1.12094700	1.18659282	1.24626148	1.19284964	1.24041975	1.22169065	1.22896504
0.00003180	1.04079151	1.08663225	1.22547400	1.21547735	1.20393121	1.20032382	1.21604550	1.18444550
0.00003500	1.06080675	1.07519400	1.20099330	1.22309065	1.17226958	1.19036162	1.15272129	1.19763124
0.00003820	1.22092855	1.17813814	1.11459088	1.16797709	1.20155656	1.17488313	1.16487074	1.19380307
0.00004140	1.24094367	1.30395877	1.12323117	1.11766326	1.16039646	1.14647853	1.15996182	1.16332006
0.00004460	0.96073061	1.02944112	1.12755120	1.16317749	1.12081957	1.13157630	1.14474440	1.14900005
0.00004780	0.84063929	0.93793523	1.09731042	1.12759364	1.12398565	1.13412869	1.12915885	1.13382936
0.00005100	0.94071537	1.00656462	1.04114890	1.12478006	1.08599186	1.12367237	1.11124146	1.10419703
0.00005740	0.95992845	1.04005802	1.03294575	1.09988093	1.13227737	1.08933496	1.08594954	1.10321283
0.00006380	1.02003050	1.10863328	1.01564586	1.08349693	1.07326579	1.06909120	1.07999492	1.05984402
0.00007020	1.18003523	1.08006024	1.03078330	1.09028220	1.05980539	1.05781722	1.06384993	1.07529235
0.00007660	1.15003431	1.00005579	1.07403290	1.04841197	1.07326579	1.05888700	1.05611503	1.06572568
0.00008300	1.07003188	1.04005802	1.08052027	1.04783273	1.05072165	1.04226410	1.04936242	1.04814219
0.00008940	0.93002778	1.08577490	0.98897523	1.04766726	0.99885863	1.03407609	1.03518188	1.02865469
0.00009580	0.89002657	1.14292097	1.06826627	1.03260720	1.01548648	1.03703868	1.04144335	1.02659965
0.00010220	1.17003489	0.93148053	1.08052027	1.03782022	1.02380037	1.02597046	1.03198969	1.03992200
0.00011500	1.00723708	1.02560961	1.04136217	1.02317894	1.00996482	1.02335751	1.02593315	1.01050675
0.00012780	0.98218143	0.97990000	1.02262485	1.01353955	1.02223802	1.01059949	1.02246666	1.01490402
0.00014060	0.97215915	0.97990000	1.00100482	1.02347827	1.01530957	1.00830162	1.01261926	1.00791812
0.00015340	0.96213686	1.00846851	1.00749087	1.00832689	0.99929607	1.00015283	1.01399982	1.01532960
0.00016620	0.98719251	1.03703701	1.03523648	1.00299954	0.99751443	1.00801349	1.01522684	1.00089681
0.00017900	0.90701449	0.98275685	1.00713050	0.99857289	0.99692053	1.00507092	1.00691342	1.01688981
0.00019180	0.89699221	1.01132536	0.99451888	1.00643337	1.00384915	1.00509822	1.01007307	1.00725317
0.00020460	1.09242630	1.10560143	1.03163314	0.99590623	0.99612868	0.99252522	1.00979698	1.00836134
0.00023020	0.96815962	0.96222728	0.99974757	1.00910699	0.99909645	1.00471997	1.00870216	1.00401306
0.00025580	0.96314323	0.97364837	0.99145687	0.99471450	0.99256122	1.00177348	1.00261331	1.00296807
0.00028140	1.07601166	0.96801424	0.99217778	0.99655491	1.00372946	1.00359857	0.99764401	0.99811548
0.00030700	0.98571694	0.99656922	0.98568946	1.00714242	0.99176908	0.99910146	0.99737513	0.99986005
0.00033260	1.04591334	0.93953335	1.00046849	0.99262589	0.99681902	0.99308121	0.99839556	1.00089598
0.00035820	0.97317600	1.02806079	0.99938709	1.00541651	0.97119343	0.99834353	1.00588012	0.99689364
0.00038380	1.01079881	0.94096124	1.00533473	0.99460161	0.98398751	0.99532825	0.99611026	1.00484550
0.00040940	1.03588068	1.03805590	1.00046849	1.00559151	0.99648505	0.99357516	1.00062764	0.99877089
0.00046060	0.99951166	1.04019761	0.99800414	1.00755072	0.99812025	1.00137639	1.00538218	0.99846578
0.00051180	0.96560866	0.99871081	1.00613964	0.99770314	1.00671661	0.99749124	1.00014448	0.99778360
0.00056300	1.05110407	1.04011559	1.01523805	0.99556106	1.00117004	1.00661123	1.00053561	0.99791646
0.00061420	1.00840688	0.99442756	1.02541745	1.00298727	0.99483097	0.99795419	1.00276113	0.99241501
0.00066540	1.01091850	0.97879958	0.99217671	1.00697136	0.99406743	1.00473881	1.00565171	0.99815565
0.00071660	0.98077929	1.01537025	0.99388826	1.00246060	1.00392246	0.99932396	1.00182557	1.00432158
0.00076780	1.04859245	0.98895067	1.01451731	1.00679481	0.99753404	0.99525982	0.99356472	0.99411607
0.00081900	1.00463951	1.02750897	0.99677092	1.00146425	0.98561954	0.99930245	1.00067520	0.99979472
0.00092140	0.96921098	1.03537488	0.99737328	0.99720496	0.99061531	0.99915624	0.99766392	1.00306129
0.00102380	0.98112237	0.97314513	1.00814664	1.00397646	0.98002070	1.00053954	1.00174904	1.00075245
0.00112620	0.94789588	0.96198225	1.00621390	0.99756873	1.00686002	0.99825567	1.00337875	1.00048661
0.00122860	1.02061808	1.01026011	0.99790335	0.99493027	0.99288690	0.99621707	1.00464714	1.00248516
0.00133100	0.99428761	0.99202180	1.00308692	1.00405324	0.99434900	0.99914801	1.00091457	1.00122237
0.00143340	1.00170588	1.01955807	0.99821883	1.00364900	0.99451840	1.00102770	1.00400805	0.99893153
0.00153580	0.97788560	1.01777005	1.00295162	1.00226378	1.00037098	1.00078452	1.00419152	0.99906039
0.00163820	0.98551083	0.99988931	1.00158250	1.00583041	1.00160611	0.99694180	1.00567067	0.99960548
0.00184300	0.99180132	1.01036191	1.00429845	1.00161648	0.99799687	0.99760097	0.99923491	1.00099719
0.00204780	1.00773764	0.98612982	0.99586374	1.00015032	0.99778616	0.99857008	1.00138581	0.99922282
0.00225260	1.00565529	1.01199126	0.99776107	1.00026238	1.00667191	1.00097907	0.99860966	0.99957073
0.00245740	0.97981942	1.00161552	1.01238453	0.99870741	1.00276816	1.00018406	0.99632639	0.99932688
0.00266220	1.01263630	1.02648151	1.00548100	1.00060463	1.00375831	0.99773222	1.00443268	1.00328338
0.00286700	1.01357400	0.99197751	1.00566697	1.00471723	0.99583215	0.99910843	1.00112593	1.00067127
0.00307180	1.00888586	0.99233526	1.00472081	1.00017798	1.00033510	0.99758989	1.00209415	1.00095737
0.00327660	1.02982616	0.98357093	0.99525458	1.00328195	1.00348759	1.00016725	0.99799269	0.99957711
0.00368620	0.98194700	0.99565506	0.99918956	1.00092876	1.00190651	1.00103152	0.99927479	0.99848539
0.00409580	1.00656259	1.01237750	1.00369084	0.99879616	1.00245428	1.00083876	1.00039148	0.99855101
0.00450540	1.01726079	0.99962121	0.99550933	1.00219345	1.00117326	0.99944514	1.00021744	1.00000203
0.00491500	1.01534140	1.00508487	1.00870395	0.99821776	0.99903005	1.00051022	1.00012290	1.00159323
0.00532460	1.00293076	1.00678349	0.99612379	0.99965745	0.99785459	1.00216627	1.00419199	0.99998415
0.00573420	0.99451590	0.99963170	1.01152265	0.99978244	0.99592233	1.00205195	0.99847889	0.99765188
0.00614380	1.01513565	0.99880606	0.99753463	1.00106466	0.99322122	0.99992567	1.00056124	0.99949574
0.00655340	0.98412460	0.98816615	1.00587428	0.99786681	1.00215840	0.99778748	0.99779505	1.00029397
0.00737260	0.99822849	1.00807524	1.00419164	1.00081861	0.99751461	1.00014639	1.00001228	1.00021029
0.00819180	0.99957842	1.00085533	0.99940890	1.00052178	1.00282824	1.00149870	0.99880540	1.00138545
0.00901100	1.00534058	0.99899793	1.00249827	0.99904639	1.00320685	0.99866009	0.99980444	1.00028872
0.00983020	0.99558127	1.01094663	1.00497925	1.00154102	0.99645418	0.99860245	0.99947762	1.00021267
0.01064940	1.00816715	1.00964999	1.00057948	1.00027871	0.99872535	0.99995220	0.99971628	0.99990290
0.01146860	0.97663760	1.00539696	1.00288057	1.00111794	0.99934441	1.00124764	1.00449955	0.99969637
0.01228780	1.01149201	0.99741161	1.00171614	1.00110137	1.00215614	0.99916732	1.00227010	0.99907225
0.01310700	0.99124664	0.99417955	0.99715412	1.00085831	0.99804920	0.99888611	0.99940056	0.99863899
0.01474540	0.99646306	1.00384891	1.00148237	1.00159717	1.00161362	0.99983931	0.99977446	0.99874038
0.01638380	1.00474858	0.99614888	1.00173259	0.99984509	1.00017619	0.99937636	1.00128818	1.00033200
0.01802220	1.00257039	0.99837321	1.00171256	1.00109410	1.00096416	1.00070190	1.00024533	1.00041413
0.01966060	0.99339068	0.99592781	1.00327134	0.99867433	1.00150847	0.99896276	1.00018072	0.99920297
0.02129900	0.98964304	1.00702393	0.99793380	0.99990267	1.00291717	0.99926311	1.00157952	1.00083280
0.02293740	1.00406051	1.00395286	1.00447583	1.00129759	1.00176406	1.00141954	0.99987382	1.00028598
0.02457580	1.00037968	1.00488305	1.00051105	0.99955016	0.99933696	0.99914998	0.99992716	1.00188327
0.02621420	1.00019765	1.00061631	1.00279903	0.99928302	1.00161099	1.00113368	1.00146472	0.99837363
0.02949100	1.00289583	0.99673074	1.00140417	0.99941254	1.00059998	0.99944198	0.99888432	1.00062072
0.03276780	0.99807841	1.00059164	1.00164509	1.00056756	1.00086927	0.99953687	1.00060081	1.00016356
0.03604460	1.00722206	1.00109577	1.00072002	1.00019062	1.00055635	0.99963784	1.00094962	0.99995822
0.03932140	1.00344789	1.00238740	1.00328505	0.99899387	0.99836612	0.99912244	1.00099564	1.00090098
0.04259820	1.00170410	1.00020599	1.00103641	1.00026882	1.00079668	1.00023961	1.00018239	1.00088656
0.04587500	1.00347245	1.00342524	1.00410283	1.00102448	1.00026035	1.00033712	1.00055349	1.00009656
0.04915180	1.00144279	1.00651789	1.00202143	1.00062978	1.00109804	1.00029421	0.99950224	1.00028014
0.05242860	0.99985194	1.00652492	1.00243771	0.99975324	1.00107014	0.99899346	0.99991465	1.00012398
0.05898220	0.99621421	1.00002837	1.00298846	1.00021195	1.00052583	1.00020874	1.00070214	0.99992019
0.06553581	0.99972719	1.00065565	1.00154948	0.99980342	0.99980730	1.00045657	0.99912065	0.99981785
0.07208940	0.99811202	1.00150549	1.00379443	0.99935389	1.00152850	1.00041246	0.99987853	0.99982107
0.07864300	1.00325155	1.00243902	1.00333834	1.00042808	1.00016809	1.00013053	1.00039482	1.00021315
0.08519660	1.00369823	1.00544000	1.00304329	1.00011158	1.00020278	1.00073326	1.00057936	1.00029433
0.09175020	1.00288522	1.00195980	1.00238013	0.99998921	0.99928379	1.00005853	0.99992043	0.99994153
0.09830380	1.00457203	0.99841940	1.00441170	0.99955893	1.00046611	0.99942803	1.00042999	1.00040555
0.10485740	0.99768609	1.00483632	1.00284481	1.00136173	0.99914336	0.99956942	0.99948400	1.00017619
0.11796460	1.00042248	0.99626637	1.00279522	0.99922335	1.00031412	0.99956757	0.99988705	0.99986374
0.13107181	0.99691248	1.00446630	1.00156009	0.99937916	0.99985844	0.99982470	1.00014520	0.99990505
0.14417900	1.00408041	0.99984121	1.00281811	1.00013041	1.00122797	1.00029361	0.99962687	0.99965274
0.15728620	1.00112343	1.00053453	1.00127959	0.99979198	0.99990737	1.00037396	1.00020862	1.00046325
0.17039341	1.00124431	1.00332367	1.00308120	0.99970597	1.00094485	0.99987346	0.99995744	1.00057149
0.18350060	1.00603521	1.00238788	1.00260520	1.00077438	1.00008714	0.99985480	1.00004888	0.99969554
0.19660780	1.00376284	1.00117075	1.00208616	0.99997467	1.00075960	0.99947685	0.99998516	1.00038719
0.20971501	1.00086093	1.00169301	1.00240207	1.00055754	0.99972320	0.99997610	1.00055110	0.99940044
0.23592941	1.00068140	1.00180030	1.00249779	0.99994999	1.00041926	0.99984813	1.00013316	0.99987251
0.26214382	0.99904484	1.00304198	1.00152326	1.00010729	1.00028825	0.99974608	0.99988395	1.00035775
0.28835821	1.00074458	1.00173140	1.00206971	1.00010645	1.00049114	1.00015914	0.99992901	0.99997222
0.31457260	1.00039661	1.00103319	1.00209081	0.99975955	1.00040138	0.99989080	0.99977070	0.99989915
0.34078699	0.99925476	1.00070906	1.00183260	0.99989897	0.99983919	1.00001490	0.99968380	1.00012851
0.36700141	0.99939203	1.00324285	1.00219536	1.00005150	1.00036812	1.00017428	0.99990177	1.00012076
0.39321581	0.99992514	1.00052845	1.00237012	1.00037766	1.00092292	0.99997413	1.00003982	0.99970788
0.41943020	0.99878448	1.00257576	1.00201023	1.00009489	1.00014806	1.00007343	1.00015903	0.99998027
0.47185901	0.99942547	1.00187361	1.00207877	0.99962193	1.00026560	1.00006056	0.99982572	1.00001371
0.52428782	0.99752808	1.00102353	1.00242496	0.99968171	0.99957442	0.99995416	1.00019455	0.99983913
0.57671660	1.00046122	1.00091982	1.00172281	0.99990791	1.00027716	0.99999362	0.99986845	1.00023842
0.62914538	1.00147474	1.00131297	1.00223553	0.99989951	1.00022554	1.00005627	1.00007737	1.00004005
0.68157423	1.00116801	1.00029707	1.00162661	1.00018132	1.00014782	0.99999225	0.99954689	0.99970877
0.73400301	1.00114524	0.99991471	1.00174153	0.99995708	0.99997568	0.99988437	0.99999201	1.00026083
0.78643179	1.00131512	1.00092137	1.00148273	1.00027025	1.00015426	1.00016093	1.00001097	1.00004315
0.83886063	1.00081456	0.99938256	1.00122094	1.00004494	1.00025463	1.00004804	1.00030398	1.00008988
0.94371825	1.00159061	1.00023687	1.00132966	0.99990451	0.99993819	1.00003970	0.99983990	0.99999386
1.04857588	1.00086081	0.99901783	1.00180316	0.99993515	0.99983293	0.99990910	0.99993557	0.99965739
1.15343344	0.99844497	0.99924153	1.00143754	0.99995226	1.00029874	0.99991053	0.99989593	1.00006497
1.25829101	1.00044954	0.99925208	1.00111580	0.99972701	1.00007606	1.00011373	0.99997687	0.99999005
1.36314869	0.99846500	1.00009334	1.00072217	0.99989718	0.99997538	0.99995440	0.99974489	0.99980360
1.46800625	1.00123823	0.99879354	1.00058508	0.99997318	1.00039136	0.99997377	1.00009072	0.99985313
1.57286382	0.99900842	0.99946302	1.00063908	1.00021756	1.00026298	1.00004363	0.99999154	1.00005448
1.67772150	1.00060987	0.99980366	1.00040209	1.00001860	1.00030077	0.99993235	1.00017416	0.99987882
1.88743675	1.00028181	0.99996996	0.99968892	1.00006104	1.00040436	1.00000417	1.00005686	0.99991757
2.09715199	0.99922550	0.99981576	0.99978590	1.00000727	1.00029254	0.99996150	1.00018287	0.99997491
2.30686712	0.99913400	1.00092161	0.99943483	0.99982578	1.00008178	0.99998659	1.00017726	0.99998105
2.51658225	0.99947470	0.99997282	0.99960494	1.00007045	0.99976015	0.99999881	0.99983191	0.99993980
2.72629738	0.99948210	1.00124931	0.99982172	0.99987453	0.99990356	0.99995285	0.99986643	1.00009024
2.93601274	0.99902773	1.00043392	1.00000834	1.00008309	0.99977469	0.99995929	1.00002348	0.99990201
3.14572787	0.99946785	0.99942923	0.99967122	0.99984246	0.99994868	0.99993163	1.00001478	1.00013602
3.35544300	1.00105762	1.00082374	0.99951369	1.00017691	1.00026774	0.99994618	0.99978036	1.00002396
3.77487350	0.99916530	0.99898744	0.99977225	1.00003707	1.00024509	0.99996454	0.99994212	0.99996406
4.19430399	0.99939913	0.99978936	1.00057530	0.99978560	0.99985683	1.00003862	1.00015163	1.00000703
4.61373425	1.00001884	1.00020266	1.00006735	0.99965179	0.99966693	0.99994892	0.99997056	1.00001669
5.03316450	1.00000000	1.00000000	1.00000000	1.00000000	1.00000000	1.00000000	1.00000000	1.00000000
5.45259476	0.00000000	0.00000000	0.00000000	0.00000000	0.00000000	0.00000000	0.00000000	0.00000000
5.87202549	0.00000000	0.00000000	0.00000000	0.00000000	0.00000000	0.00000000	0.00000000	0.00000000
6.29145575	0.00000000	0.00000000	0.00000000	0.00000000	0.00000000	0.00000000	0.00000000	0.00000000
6.71088600	0.00000000	0.00000000	0.00000000	0.00000000	0.00000000	0.00000000	0.00000000	0.00000000
7.54974699	0.00000000	0.00000000	0.00000000	0.00000000	0.00000000	0.00000000	0.00000000	0.00000000
8.38860798	0.00000000	0.00000000	0.00000000	0.00000000	0.00000000	0.00000000	0.00000000	0.00000000
9.22746849	0.00000000	0.00000000	0.00000000	0.00000000	0.00000000	0.00000000	0.00000000	0.00000000
10.06632900	0.00000000	0.00000000	0.00000000	0.00000000	0.00000000	0.00000000	0.00000000	0.00000000
10.90518951	0.00000000	0.00000000	0.00000000	0.00000000	0.00000000	0.00000000	0.00000000	0.00000000
11.74405098	0.00000000	0.00000000	0.00000000	0.00000000	0.00000000	0.00000000	0.00000000	0.00000000
12.58291149	0.00000000	0.00000000	0.00000000	0.00000000	0.00000000	0.00000000	0.00000000	0.00000000
13.42177200	0.00000000	0.00000000	0.00000000	0.00000000	0.00000000	0.00000000	0.00000000	0.00000000
15.09949398	0.00000000	0.00000000	0.00000000	0.00000000	0.00000000	0.00000000	0.00000000	0.00000000
16.77721596	0.00000000	0.00000000	0.00000000	0.00000000	0.00000000	0.00000000	0.00000000	0.00000000
18.45493698	0.00000000	0.00000000	0.00000000	0.00000000	0.00000000	0.00000000	0.00000000	0.00000000
20.13265800	0.00000000	0.00000000	0.00000000	0.00000000	0.00000000	0.00000000	0.00000000	0.00000000
21.81037903	0.00000000	0.00000000	0.00000000	0.00000000	0.00000000	0.00000000	0.00000000	0.00000000
23.48810196	0.00000000	0.00000000	0.00000000	0.00000000	0.00000000	0.00000000	0.00000000	0.00000000
25.16582298	0.00000000	0.00000000	0.00000000	0.00000000	0.00000000	0.00000000	0.00000000	0.00000000
26.84354401	0.00000000	0.00000000	0.00000000	0.00000000	0.00000000	0.00000000	0.00000000	0.00000000
30.19898796	0.00000000	0.00000000	0.00000000	0.00000000	0.00000000	0.00000000	0.00000000	0.00000000
33.55443192	0.00000000	0.00000000	0.00000000	0.00000000	0.00000000	0.00000000	0.00000000	0.00000000
36.90987396	0.00000000	0.00000000	0.00000000	0.00000000	0.00000000	0.00000000	0.00000000	0.00000000
40.26531601	0.00000000	0.00000000	0.00000000	0.00000000	0.00000000	0.00000000	0.00000000	0.00000000
43.62075806	0.00000000	0.00000000	0.00000000	0.00000000	0.00000000	0.00000000	0.00000000	0.00000000
46.97620392	0.00000000	0.00000000	0.00000000	0.00000000	0.00000000	0.00000000	0.00000000	0.00000000
50.33164597	0.00000000	0.00000000	0.00000000	0.00000000	0.00000000	0.00000000	0.00000000	0.00000000
53.68708801	0.00000000	0.00000000	0.00000000	0.00000000	0.00000000	0.00000000	0.00000000	0.00000000
60.39797592	0.00000000	0.00000000	0.00000000	0.00000000	0.00000000	0.00000000	0.00000000	0.00000000
67.10886383	0.00000000	0.00000000	0.00000000	0.00000000	0.00000000	0.00000000	0.00000000	0.00000000
73.81974792	0.00000000	0.00000000	0.00000000	0.00000000	0.00000000	0.00000000	0.00000000	0.00000000
80.53063202	0.00000000	0.00000000	0.00000000	0.00000000	0.00000000	0.00000000	0.00000000	0.00000000
87.24151611	0.00000000	0.00000000	0.00000000	0.00000000	0.00000000	0.00000000	0.00000000	0.00000000
93.95240784	0.00000000	0.00000000	0.00000000	0.00000000	0.00000000	0.00000000	0.00000000	0.00000000
100.66329193	0.00000000	0.00000000	0.00000000	0.00000000	0.00000000	0.00000000	0.00000000	0.00000000
107.37417603	0.00000000	0.00000000	0.00000000	0.00000000	0.00000000	0.00000000	0.00000000	0.00000000
120.79595184	0.00000000	0.00000000	0.00000000	0.00000000	0.00000000	0.00000000	0.00000000	0.00000000
134.21772766	0.00000000	0.00000000	0.00000000	0.00000000	0.00000000	0.00000000	0.00000000	0.00000000
147.63949585	0.00000000	0.00000000	0.00000000	0.00000000	0.00000000	0.00000000	0.00000000	0.00000000
161.06126404	0.00000000	0.00000000	0.00000000	0.00000000	0.00000000	0.00000000	0.00000000	0.00000000
174.48303223	0.00000000	0.00000000	0.00000000	0.00000000	0.00000000	0.00000000	0.00000000	0.00000000
187.90481567	0.00000000	0.00000000	0.00000000	0.00000000	0.00000000	0.00000000	0.00000000	0.00000000
201.32658386	0.00000000	0.00000000	0.00000000	0.00000000	0.00000000	0.00000000	0.00000000	0.00000000
214.74835205	0.00000000	0.00000000	0.00000000	0.00000000	0.00000000	0.00000000	0.00000000	0.00000000
241.59190369	0.00000000	0.00000000	0.00000000	0.00000000	0.00000000	0.00000000	0.00000000	0.00000000
268.43545532	0.00000000	0.00000000	0.00000000	0.00000000	0.00000000	0.00000000	0.00000000	0.00000000
295.27899170	0.00000000	0.00000000	0.00000000	0.00000000	0.00000000	0.00000000	0.00000000	0.00000000
322.12252808	0.00000000	0.00000000	0.00000000	0.00000000	0.00000000	0.00000000	0.00000000	0.00000000
348.96606445	0.00000000	0.00000000	0.00000000	0.00000000	0.00000000	0.00000000	0.00000000	0.00000000
375.80963135	0.00000000	0.00000000	0.00000000	0.00000000	0.00000000	0.00000000	0.00000000	0.00000000
402.65316772	0.00000000	0.00000000	0.00000000	0.00000000	0.00000000	0.00000000	0.00000000	0.00000000
429.49670410	0.00000000	0.00000000	0.00000000	0.00000000	0.00000000	0.00000000	0.00000000	0.00000000
483.18380737	0.00000000	0.00000000	0.00000000	0.00000000	0.00000000	0.00000000	0.00000000	0.00000000
536.87091064	0.00000000	0.00000000	0.00000000	0.00000000	0.00000000	0.00000000	0.00000000	0.00000000
590.55798340	0.00000000	0.00000000	0.00000000	0.00000000	0.00000000	0.00000000	0.00000000	0.00000000
644.24505615	0.00000000	0.00000000	0.00000000	0.00000000	0.00000000	0.00000000	0.00000000	0.00000000
697.93212891	0.00000000	0.00000000	0.00000000	0.00000000	0.00000000	0.00000000	0.00000000	0.00000000
751.61926270	0.00000000	0.00000000	0.00000000	0.00000000	0.00000000	0.00000000	0.00000000	0.00000000
805.30633545	0.00000000	0.00000000	0.00000000	0.00000000	0.00000000	0.00000000	0.00000000	0.00000000
858.99340820	0.00000000	0.00000000	0.00000000	0.00000000	0.00000000	0.00000000	0.00000000	0.00000000
966.36761475	0.00000000	0.00000000	0.00000000	0.00000000	0.00000000	0.00000000	0.00000000	0.00000000
1073.74182129	0.00000000	0.00000000	0.00000000	0.00000000	0.00000000	0.00000000	0.00000000	0.00000000
1181.11596680	0.00000000	0.00000000	0.00000000	0.00000000	0.00000000	0.00000000	0.00000000	0.00000000
1288.49011230	0.00000000	0.00000000	0.00000000	0.00000000	0.00000000	0.00000000	0.00000000	0.00000000
1395.86425781	0.00000000	0.00000000	0.00000000	0.00000000	0.00000000	0.00000000	0.00000000	0.00000000
1503.23852539	0.00000000	0.00000000	0.00000000	0.00000000	0.00000000	0.00000000	0.00000000	0.00000000
1610.61267090	0.00000000	0.00000000	0.00000000	0.00000000	0.00000000	0.00000000	0.00000000	0.00000000
1717.98681641	0.00000000	0.00000000	0.00000000	0.00000000	0.00000000	0.00000000	0.00000000	0.00000000
1932.73522949	0.00000000	0.00000000	0.00000000	0.00000000	0.00000000	0.00000000	0.00000000	0.00000000
2147.48364258	0.00000000	0.00000000	0.00000000	0.00000000	0.00000000	0.00000000	0.00000000	0.00000000
2362.23193359	0.00000000	0.00000000	0.00000000	0.00000000	0.00000000	0.00000000	0.00000000	0.00000000
2576.98022461	0.00000000	0.00000000	0.00000000	0.00000000	0.00000000	0.00000000	0.00000000	0.00000000
2791.72851562	0.00000000	0.00000000	0.00000000	0.00000000	0.00000000	0.00000000	0.00000000	0.00000000
3006.47705078	0.00000000	0.00000000	0.00000000	0.00000000	0.00000000	0.00000000	0.00000000	0.00000000
3221.22534180	0.00000000	0.00000000	0.00000000	0.00000000	0.00000000	0.00000000	0.00000000	0.00000000
3435.97363281	0.00000000	0.00000000	0.00000000	0.00000000	0.00000000	0.00000000	0.00000000	0.00000000
0	0	0	0	0	0	0	0	0
