%11/10/2014 11:35:42 AM
%Duration	ID1		ID2		ID3		ID4		ID5		ID6		ID7		ID8
3000.000000	2.365112	2.613068	9.899139	12.102127	8.525848	26.693344	23.231506	24.557114
%Tau		Tau1		Tau2		Tau3		Tau4		Tau5		Tau6		Tau7		Tau8
%		0.000002	0.000001	0.000003	0.000010	0.000005	0.000035	0.000032	0.000032
%Delaytime	D1		D2		D3		D4		D5		D6		D7		D8
0.00000000	8.28789043	22.73017502	9.21222687	5.37557364	7.25406837	2.07309246	3.24489665	3.93853521
0.00000020	2.76263022	4.28871250	2.20370913	1.96325302	1.53874183	1.59609783	1.58920145	1.65106273
0.00000040	2.07197261	0.85774243	1.11991775	1.82302070	1.86847222	1.44933021	1.50940883	1.59702802
0.00000060	2.76263022	0.85774243	1.33667600	1.58930004	1.53874183	1.52271402	1.54930520	1.38088882
0.00000080	2.07197261	3.00209856	1.15604413	1.35557950	1.42883170	1.40346527	1.32987571	1.45893908
0.00000100	2.76263022	0.85774243	1.33667600	1.21534717	1.42883170	1.45850313	1.50940883	1.33285797
0.00000120	0.69065756	2.14435625	1.22829688	1.33220744	1.48378670	1.39429235	1.42296696	1.47695065
0.00000140	3.45328760	0.42887121	1.48118162	1.58930004	1.97838235	1.49519503	1.38972008	1.45893908
0.00000160	0.00000000	0.85774243	1.40892887	1.02837062	1.04414618	1.53647351	1.47616196	1.47695065
0.00000180	1.38131511	0.85774243	1.51730800	1.28546333	1.15405631	1.23835170	1.36977196	1.33285797
0.00000200	0.69065756	0.42887121	1.58956075	1.54255593	1.09910131	1.45391667	1.32987571	1.50096619
0.00000220	0.69065756	1.71548486	1.19217050	1.26209128	1.48378670	1.39429235	1.39636946	1.33285797
0.00000240	1.38131511	1.71548486	1.26442325	1.47243977	0.93423611	1.47684908	1.68894207	1.36888111
0.00000260	0.69065756	0.85774243	1.33667600	1.65941632	1.26396644	1.43557072	1.56260395	1.47695065
0.00000280	0.69065756	0.85774243	1.40892887	1.56592798	1.86847222	1.37135994	1.44291508	1.40490437
0.00000300	0.69065756	1.71548486	1.37280238	1.40232360	1.64865196	1.46767616	1.54265583	1.47094679
0.00000340	3.79861641	1.50104928	1.17410731	1.37895155	1.31892157	1.44015718	1.44956446	1.37488496
0.00000380	1.38131511	1.07217813	1.39086568	1.26209128	1.23648894	1.41263831	1.34317446	1.42891979
0.00000420	1.72664380	0.21443561	1.30054963	1.41400969	1.09910131	1.41951799	1.38639534	1.32985604
0.00000460	0.34532878	0.85774243	1.26442325	1.41400969	1.53874183	1.36218691	1.44956446	1.50096619
0.00000500	2.41730142	0.64330685	1.22829688	1.40232360	1.15405631	1.48831534	1.51605821	1.52197969
0.00000540	2.07197261	0.64330685	1.48118162	1.47243977	0.96171361	1.38970590	1.39636946	1.41391015
0.00000580	0.69065756	0.64330685	1.33667600	1.42569566	1.48378670	1.51583433	1.54265583	1.27882314
0.00000620	1.03598630	0.85774243	1.17410731	1.25040519	1.31892157	1.40117204	1.31657696	1.45293522
0.00000700	1.03598630	0.96496028	1.15604413	1.31467843	1.37387657	1.45735657	1.41631758	1.39439750
0.00000780	0.86332190	1.07217813	1.28248644	1.37895155	1.27770531	1.45735657	1.36478496	1.44843233
0.00000860	1.38131511	0.96496028	1.21023369	1.36142254	1.37387657	1.40919840	1.36146021	1.42441690
0.00000940	1.38131511	0.85774243	1.36377084	1.41400969	1.62117445	1.44933021	1.37309659	1.29083085
0.00001020	1.72664380	1.07217813	1.39086568	1.48996878	1.36013782	1.37938631	1.39636946	1.36137629
0.00001100	0.86332190	1.50104928	1.21926534	1.35557950	1.48378670	1.30714905	1.44457746	1.35987532
0.00001180	0.86332190	1.39383149	1.41796041	1.39063764	1.25022769	1.38397276	1.29330409	1.35537243
0.00001260	1.20865071	1.71548486	1.18313897	1.25040519	1.45630920	1.32205510	1.33153796	1.36137629
0.00001420	1.55397940	1.34022260	1.28248644	1.36726546	1.35326850	1.34728086	1.33236921	1.33961225
0.00001580	1.64031160	0.75052464	1.14249671	1.39063764	1.26396644	1.28421664	1.36727846	1.29008043
0.00001740	1.12231851	0.96496028	1.30506551	1.27085578	1.33952975	1.35301399	1.35647321	1.37938786
0.00001900	1.29498291	1.12578702	1.22829688	1.32344294	1.27083588	1.30772233	1.34317446	1.25105524
0.00002060	1.46764731	1.23300481	1.12443352	1.18613207	1.29144406	1.29969609	1.33236921	1.27507079
0.00002220	1.38131511	1.60826707	1.14701259	1.24748373	1.26396644	1.30714905	1.33984971	1.30208814
0.00002380	1.72664380	0.96496028	1.24636006	1.14230943	1.34639907	1.24293828	1.24842083	1.23679614
0.00002540	1.12231851	1.12578702	1.09282303	1.37603009	1.06475437	1.24064505	1.25922608	1.27131832
0.00002860	1.08513570	1.01733923	1.10177732	1.19838512	1.22705400	1.21105611	1.25208127	1.26889408
0.00003180	1.12854111	0.93702298	1.12209690	1.20862782	1.23396695	1.22762239	1.24539900	1.21473849
0.00003500	0.91151398	1.20474386	1.28009391	1.21448064	1.25470591	1.19534659	1.19693494	1.20909727
0.00003820	1.43237913	0.99056715	1.20107579	1.17497349	1.20977151	1.19905972	1.17229462	1.19781494
0.00004140	0.78129768	1.17782950	1.14463425	1.17204702	1.16483712	1.20962799	1.18482351	1.17750657
0.00004460	0.86810851	1.04398525	1.20107579	1.09156942	1.15792418	1.17449594	1.11340833	1.17073715
0.00004780	0.91151398	1.12429178	1.09948099	1.12376046	1.14755476	1.14420521	1.14264262	1.13651383
0.00005100	0.99832481	1.25813603	1.09270799	1.12815011	1.16829360	1.17162502	1.09628546	1.13425732
0.00005740	1.19144928	0.89838338	1.13565660	1.12783313	1.04167962	1.10856247	1.06947231	1.11788988
0.00006380	1.08313572	1.11292267	1.08152401	1.07583559	1.07622957	1.09886193	1.12330067	1.11074674
0.00007020	1.19144928	0.96542692	1.08265173	1.09927118	1.08832192	1.09300482	1.07489693	1.08049822
0.00007660	0.97482216	1.01906180	1.08716285	1.06485021	1.05549955	1.09043336	1.04255819	1.07861841
0.00008300	1.12646115	0.85815728	1.00934720	1.05972373	1.10559690	1.07071900	1.03170907	1.06152761
0.00008940	1.01814759	1.20678365	0.99806958	1.02383816	1.05718124	1.06484854	1.05111229	1.03182662
0.00009580	0.93149674	0.99224436	0.95521462	1.07437098	1.08827472	1.06356287	1.04151499	1.03276658
0.00010220	0.90983403	0.97883564	1.03528571	0.98429072	1.07618284	1.03542018	1.02482414	1.02750313
0.00011500	0.87787944	1.09109426	1.04661345	1.01991332	1.02510881	1.01498830	1.04900968	1.03273165
0.00012780	0.96458358	0.99738061	1.02181494	1.03279841	0.98541605	1.03149045	1.00594819	1.01056314
0.00014060	1.12715387	1.05762506	1.01505160	1.00531089	1.01130271	1.01727426	1.01972651	1.00785160
0.00015340	0.96458358	0.89697319	1.00772476	1.01923788	0.97424078	1.03671825	1.03307271	1.02047670
0.00016620	0.83452737	0.97729915	1.01617885	1.04635894	0.96474862	1.02650261	0.99722004	1.00806856
0.00017900	1.12715387	1.09109426	1.02350569	1.03866243	0.95180476	1.02648973	1.01129627	1.01764202
0.00019180	1.04044974	1.03084981	1.03759587	1.00604391	0.98373294	0.99527144	1.00139081	1.01726604
0.00020460	0.99709761	1.13795102	0.99363470	1.00494444	1.05104101	1.00141501	0.99042767	0.97887212
0.00023020	0.90093970	1.07705593	1.00240493	0.98565918	1.01834095	1.00551140	1.00689375	1.01413882
0.00025580	1.08546948	1.04026210	1.00945222	0.97081381	1.01575637	1.00490332	1.00788391	1.00423038
0.00028140	1.03662336	1.02019274	1.00159442	1.00325370	0.99507934	1.00554717	1.00156331	0.99887699
0.00030700	1.12346101	1.06702125	1.00554097	1.00178742	1.00886405	1.00737143	0.99718606	0.99797052
0.00033260	0.94435847	1.01684785	1.00328577	1.03022444	0.96449465	0.99506676	1.00986409	0.99591857
0.00035820	0.99320465	0.88305211	1.00892377	0.97853905	0.98344857	0.99553174	1.00022352	0.99666989
0.00038380	1.04205072	0.96332955	1.00557625	1.01097989	0.99637169	1.00912404	0.98943651	1.01135373
0.00040940	1.00405931	1.02688253	0.98837966	0.99466783	1.00541782	0.99689096	0.99933761	0.99992847
0.00046060	0.98355007	1.03712261	1.01121449	1.00926137	1.01435375	1.00249767	1.00018501	1.00047767
0.00051180	0.99709761	1.05387735	0.98517221	1.00114679	1.03522170	0.99108773	0.99683422	1.00536656
0.00056300	0.98084062	1.08055449	0.99701291	0.99135673	0.99524999	1.00065625	1.00693047	1.00445080
0.00061420	1.06754470	1.01354337	1.00448382	1.00279367	0.97330540	1.00171745	0.99993128	1.00373733
0.00066540	1.01064515	0.93983108	1.00462472	0.99428463	0.99821872	1.00290394	1.00369477	1.00076461
0.00071660	0.83994639	1.02191973	1.00236940	1.00544715	1.02080774	0.99819756	1.00328875	1.00011635
0.00076780	1.05654430	1.05375004	1.00110078	1.01380742	1.01607478	0.99835861	1.00004649	0.99771732
0.00081900	1.04028976	0.97656924	0.99024683	1.00770605	1.00342536	1.00313652	1.00077617	1.00472343
0.00092140	1.04857826	1.01706159	1.00134075	1.01336145	1.00933492	0.99570137	0.99336290	1.00558734
0.00102380	1.03774023	1.02293575	1.00716472	0.99289447	0.99825984	1.00440562	1.00191748	1.00155234
0.00112620	1.01470947	0.99020851	0.99149168	0.97934312	1.00933492	0.99588913	1.00569665	0.99748755
0.00122860	0.97000259	0.97090787	1.01150632	0.98339659	1.00980878	0.99650055	0.98562074	1.00636172
0.00133100	1.01741898	1.08503354	0.99766999	0.99652624	0.98875386	0.99756801	1.00536656	0.99624729
0.00143340	0.92800528	0.95999879	1.00684690	0.99428463	1.01639259	1.00108159	0.99699152	0.98946404
0.00153580	1.07431853	0.98097777	1.00571740	1.00080907	0.99714226	1.00113881	1.00277543	1.00257766
0.00163820	0.94982731	1.00195682	1.00162280	0.99650866	0.99370086	0.99983889	0.99607933	1.00035226
0.00184300	1.03072035	1.02202487	1.00381267	0.99988765	1.00625563	0.99844021	0.99894994	0.99481398
0.00204780	0.98513579	1.00185335	0.99474704	1.00391638	1.00792313	1.00925338	0.99836731	0.99684018
0.00225260	0.97142637	0.98252225	1.00243688	0.99814004	0.99694991	1.00002801	0.99971026	1.00003374
0.00245740	0.99311906	1.00299263	0.99425238	1.00519621	0.99576652	1.00482357	1.00245523	1.00565720
0.00266220	0.98972958	0.97526008	1.01478338	1.00500154	1.00846100	1.00096369	0.99667537	1.00222540
0.00286700	1.01277804	0.97598231	0.99986130	0.99258453	0.99927342	0.99439049	0.99385726	0.99348038
0.00307180	1.00667703	1.00316989	1.01016259	0.99172109	0.99173224	0.99802494	1.00302052	1.00455868
0.00327660	1.02023494	1.01367211	1.00797534	1.00021303	0.98390120	1.00298262	1.00323117	0.99870139
0.00368620	1.00688100	0.99470025	1.00086963	0.99706256	0.99014813	0.99515676	0.99832290	0.99784446
0.00409580	1.01770401	0.99670708	0.99752116	1.00143874	1.00090730	0.99782771	1.00099087	0.99834961
0.00450540	1.01466000	1.00467241	0.99256909	0.99602598	1.00150454	0.99960369	0.99909794	1.00172591
0.00491500	0.98707765	1.00973773	1.00545299	0.99493057	1.00048947	1.00165439	1.00416303	1.00134659
0.00532460	1.04796660	1.01003480	0.99249858	1.00111938	1.00159323	0.99912614	1.00160635	1.00201631
0.00573420	0.98452270	1.01485658	1.00372577	1.00034142	1.00343144	0.99735886	0.99942142	0.99905628
0.00614380	1.02173841	0.99053854	1.00108206	0.99960917	1.00393820	0.99756616	1.00351775	0.99692810
0.00655340	1.01242089	1.00269759	0.99572366	0.99658698	0.99597001	1.00292003	1.00426316	0.99623030
0.00737260	0.99698323	0.99193013	0.99750382	0.99894989	0.99899393	1.00135732	1.00065494	0.99630147
0.00819180	0.98109907	1.00416982	1.00062346	1.00069261	1.00697052	1.00215781	0.99925518	0.99932373
0.00901100	0.98481667	0.98051172	1.00623739	1.00353861	1.00817251	1.00035644	1.00004685	0.99945408
0.00983020	0.99040991	0.99947250	1.00643134	0.99669498	1.00263119	1.00014091	0.99782848	1.00357378
0.01064940	0.99558300	0.99025398	0.98976564	1.00060844	1.00523722	0.99978703	1.00195515	1.00236869
0.01146860	1.00437403	0.99315649	0.99166238	0.99679124	0.99871147	0.99832648	1.00325119	1.00179553
0.01228780	1.01619518	1.00509572	1.00469518	1.00317872	1.00065947	1.00159204	0.99743164	0.99972457
0.01310700	1.00571191	1.00429130	1.00369930	1.00130403	1.00287294	1.00214767	0.99860466	1.00050688
0.01474540	1.00899494	1.00325739	1.00340056	0.99816126	0.99960643	1.00292933	1.00273049	1.00008416
0.01638380	0.98275274	0.99008936	0.99717379	1.00425160	1.00054324	1.00061917	1.00004911	1.00054562
0.01802220	1.00068545	1.00033891	0.99695164	1.00011933	0.99838084	0.99989611	0.99930584	1.00151706
0.01966060	1.01734531	0.99719441	0.99713224	0.99934095	1.00015533	1.00161994	0.99980599	0.99987096
0.02129900	0.99427956	1.00825274	1.00203478	1.00223720	0.99688369	0.99946994	1.00004911	0.99912763
0.02293740	1.00902319	1.01176417	0.99979258	0.99915701	1.00072992	0.99746370	0.99938458	1.00145650
0.02457580	0.98559093	1.01057649	1.00062585	0.99986702	1.00822639	1.00058091	1.00186574	1.00194728
0.02621420	1.00820565	1.01288247	1.00624156	0.99926245	1.00600731	1.00255370	0.99932647	0.99799675
0.02949100	0.98905832	0.99449188	0.99779415	0.99886155	1.00157380	0.99935013	0.99950206	1.00013041
0.03276780	0.99245393	0.99860257	0.99955273	0.99884909	0.99771374	1.00127256	1.00027013	1.00065231
0.03604460	0.99788129	0.99508911	1.00103021	1.00087917	1.00497687	0.99951202	1.00039947	1.00151908
0.03932140	0.98539752	0.99758703	1.00068545	1.00123036	1.00096774	1.00158501	0.99992442	1.00055063
0.04259820	0.98991984	0.99729413	1.00247622	1.00031483	0.99836498	0.99886507	0.99947166	0.99948490
0.04587500	1.00028241	1.00929248	0.99776220	0.99768317	0.99600554	0.99787641	1.00010967	0.99901217
0.04915180	0.99744844	1.00796402	1.00257432	0.99913853	1.00055397	0.99954736	0.99990547	0.99989957
0.05242860	1.00207388	1.00354338	0.99867606	0.99907142	0.99567777	1.00149846	0.99866575	1.00035751
0.05898220	0.98981726	1.00073302	1.00046229	1.00162661	0.99885154	1.00002825	0.99961782	1.00106394
0.06553581	1.00221241	0.99821013	0.99925065	1.00003207	1.00109327	0.99932081	1.00008655	0.99988234
0.07208940	0.99860543	1.00277901	1.00171208	0.99856693	1.00250745	0.99990976	1.00073195	1.00082040
0.07864300	0.99811995	0.99449468	1.00056314	1.00059259	0.99936891	1.00082338	0.99899691	0.99971783
0.08519660	0.99932307	0.99901980	1.00016594	0.99880970	1.00018990	1.00046873	1.00041437	1.00009727
0.09175020	0.99736685	1.00158751	1.00132751	0.99876559	1.00209033	0.99986923	0.99977148	1.00016606
0.09830380	0.99852854	1.00205433	1.00261891	1.00089061	1.00042593	1.00045013	1.00011575	0.99995381
0.10485740	1.00911736	1.00116229	0.99860936	0.99824017	1.00014019	1.00032914	1.00022030	0.99916667
0.11796460	1.00513494	0.99626571	1.00009596	1.00104332	1.00069249	1.00082004	1.00083685	1.00026238
0.13107181	1.00041533	0.99980366	1.00167680	1.00048208	1.00182760	1.00007045	1.00138116	0.99977732
0.14417900	1.00054860	0.99933106	0.99994880	0.99948490	0.99904865	0.99990678	1.00097334	1.00000191
0.15728620	0.99414009	1.00715292	0.99945629	1.00008595	1.00090599	0.99975073	0.99997586	1.00074911
0.17039341	0.99546212	0.99571329	1.00014389	0.99966609	0.99925327	1.00033927	1.00081670	0.99944264
0.18350060	1.00215495	0.99824005	1.00095856	0.99999958	1.00123584	0.99982560	1.00100112	1.00006759
0.19660780	1.00297010	1.00130713	1.00068521	0.99987203	1.00044525	1.00003302	0.99974740	0.99988556
0.20971501	1.01024866	0.99796236	0.99887371	0.99874336	1.00059295	0.99987239	0.99897617	1.00025034
0.23592941	0.99714500	0.99960810	1.00039470	0.99953938	0.99937540	0.99983031	0.99999660	1.00038028
0.26214382	0.99974394	0.99819291	1.00003195	0.99942631	1.00014460	1.00083530	1.00094879	0.99972296
0.28835821	0.99690396	1.00137615	1.00090718	1.00058985	0.99898398	1.00011468	1.00024366	1.00005805
0.31457260	0.99750763	1.00014913	1.00060177	0.99959219	0.99911004	0.99998552	1.00038922	1.00004423
0.34078699	1.00070870	1.00313437	0.99983251	0.99995774	0.99987888	1.00082660	1.00021029	0.99979806
0.36700141	0.99776387	1.00134909	0.99966246	0.99972290	0.99976373	1.00012624	0.99993724	0.99932039
0.39321581	0.99981606	1.00270510	0.99930835	1.00025022	1.00039041	1.00027621	1.00009954	1.00021005
0.41943020	1.00041318	0.99988037	1.00052750	1.00048375	1.00116348	1.00009072	1.00030637	1.00048673
0.47185901	0.99689132	1.00200796	1.00068545	1.00086677	1.00027061	0.99997717	0.99974906	0.99974841
0.52428782	1.00005066	0.99817955	1.00046635	0.99990261	1.00030768	1.00024891	1.00026488	1.00027001
0.57671660	0.99829912	0.99835849	1.00084031	0.99972302	1.00095141	0.99959904	0.99983579	1.00001633
0.62914538	1.00175607	1.00032616	1.00012219	0.99992591	0.99978042	0.99987203	0.99981415	1.00012732
0.68157423	1.00058448	0.99908507	1.00017047	1.00026429	0.99919641	0.99981058	1.00026250	0.99965423
0.73400301	1.00095856	1.00071299	0.99987769	0.99976313	0.99940461	0.99980354	0.99958014	1.00006604
0.78643179	1.00131238	0.99977827	1.00032675	1.00023198	0.99975228	0.99997634	0.99990451	1.00012505
0.83886063	1.00008917	1.00042307	0.99977225	0.99988782	1.00002587	1.00013947	1.00013041	0.99998033
0.94371825	0.99971002	1.00019479	1.00009692	1.00017214	1.00018454	0.99981725	0.99995232	0.99986809
1.04857588	0.99971515	0.99948531	1.00048673	0.99967998	1.00044787	0.99969441	0.99982679	1.00009668
1.15343344	0.99957377	0.99918813	1.00014102	0.99974686	1.00033033	0.99992442	0.99980533	1.00015831
1.25829101	1.00068450	1.00160503	1.00023055	1.00002038	1.00012350	1.00001395	0.99997801	0.99993867
1.36314869	0.99967653	1.00075579	1.00009596	1.00001729	1.00068474	0.99994147	1.00011289	1.00017738
1.46800625	1.00005746	0.99781406	0.99994862	0.99987537	1.00033271	0.99987501	1.00008905	0.99996209
1.57286382	0.99961352	1.00023353	1.00002980	0.99996471	1.00003767	0.99989074	1.00011086	0.99994212
1.67772150	0.99965203	1.00293100	0.99941385	1.00016809	0.99925464	1.00014019	0.99983555	0.99978930
1.88743675	1.00059962	0.99954122	0.99950355	0.99964410	0.99953461	0.99997729	0.99988800	0.99980748
2.09715199	1.00089836	0.99967414	0.99979925	0.99978942	0.99967587	1.00005972	0.99985468	0.99989724
2.30686712	0.99899787	1.00046086	0.99974400	1.00016057	1.00024891	0.99967664	1.00001025	1.00002885
2.51658225	1.00015819	0.99976683	1.00017130	1.00028884	1.00018108	0.99976498	1.00008726	1.00001609
2.72629738	1.00237334	0.99991143	0.99988508	0.99992526	0.99961978	0.99990427	1.00005555	0.99994254
2.93601274	0.99873215	1.00058675	1.00015473	1.00025523	0.99999601	1.00004494	1.00011432	0.99983442
3.14572787	0.99824113	0.99870390	0.99986428	1.00029564	0.99931663	0.99999338	0.99987495	0.99985456
3.35544300	1.00123215	1.00086856	1.00011992	0.99993736	1.00041831	1.00012720	1.00015152	1.00004148
3.77487350	0.99946773	0.99931067	1.00015330	1.00006258	1.00007856	1.00002897	1.00008106	1.00002408
4.19430399	0.99970192	1.00040030	0.99977785	0.99997813	0.99980974	1.00004661	0.99999374	0.99992436
4.61373425	1.00141025	1.00062299	1.00031173	0.99996042	1.00003958	0.99998325	0.99993378	1.00014710
5.03316450	1.00000000	1.00000000	1.00000000	1.00000000	1.00000000	1.00000000	1.00000000	1.00000000
5.45259476	0.00000000	0.00000000	0.00000000	0.00000000	0.00000000	0.00000000	0.00000000	0.00000000
5.87202549	0.00000000	0.00000000	0.00000000	0.00000000	0.00000000	0.00000000	0.00000000	0.00000000
6.29145575	0.00000000	0.00000000	0.00000000	0.00000000	0.00000000	0.00000000	0.00000000	0.00000000
6.71088600	0.00000000	0.00000000	0.00000000	0.00000000	0.00000000	0.00000000	0.00000000	0.00000000
7.54974699	0.00000000	0.00000000	0.00000000	0.00000000	0.00000000	0.00000000	0.00000000	0.00000000
8.38860798	0.00000000	0.00000000	0.00000000	0.00000000	0.00000000	0.00000000	0.00000000	0.00000000
9.22746849	0.00000000	0.00000000	0.00000000	0.00000000	0.00000000	0.00000000	0.00000000	0.00000000
10.06632900	0.00000000	0.00000000	0.00000000	0.00000000	0.00000000	0.00000000	0.00000000	0.00000000
10.90518951	0.00000000	0.00000000	0.00000000	0.00000000	0.00000000	0.00000000	0.00000000	0.00000000
11.74405098	0.00000000	0.00000000	0.00000000	0.00000000	0.00000000	0.00000000	0.00000000	0.00000000
12.58291149	0.00000000	0.00000000	0.00000000	0.00000000	0.00000000	0.00000000	0.00000000	0.00000000
13.42177200	0.00000000	0.00000000	0.00000000	0.00000000	0.00000000	0.00000000	0.00000000	0.00000000
15.09949398	0.00000000	0.00000000	0.00000000	0.00000000	0.00000000	0.00000000	0.00000000	0.00000000
16.77721596	0.00000000	0.00000000	0.00000000	0.00000000	0.00000000	0.00000000	0.00000000	0.00000000
18.45493698	0.00000000	0.00000000	0.00000000	0.00000000	0.00000000	0.00000000	0.00000000	0.00000000
20.13265800	0.00000000	0.00000000	0.00000000	0.00000000	0.00000000	0.00000000	0.00000000	0.00000000
21.81037903	0.00000000	0.00000000	0.00000000	0.00000000	0.00000000	0.00000000	0.00000000	0.00000000
23.48810196	0.00000000	0.00000000	0.00000000	0.00000000	0.00000000	0.00000000	0.00000000	0.00000000
25.16582298	0.00000000	0.00000000	0.00000000	0.00000000	0.00000000	0.00000000	0.00000000	0.00000000
26.84354401	0.00000000	0.00000000	0.00000000	0.00000000	0.00000000	0.00000000	0.00000000	0.00000000
30.19898796	0.00000000	0.00000000	0.00000000	0.00000000	0.00000000	0.00000000	0.00000000	0.00000000
33.55443192	0.00000000	0.00000000	0.00000000	0.00000000	0.00000000	0.00000000	0.00000000	0.00000000
36.90987396	0.00000000	0.00000000	0.00000000	0.00000000	0.00000000	0.00000000	0.00000000	0.00000000
40.26531601	0.00000000	0.00000000	0.00000000	0.00000000	0.00000000	0.00000000	0.00000000	0.00000000
43.62075806	0.00000000	0.00000000	0.00000000	0.00000000	0.00000000	0.00000000	0.00000000	0.00000000
46.97620392	0.00000000	0.00000000	0.00000000	0.00000000	0.00000000	0.00000000	0.00000000	0.00000000
50.33164597	0.00000000	0.00000000	0.00000000	0.00000000	0.00000000	0.00000000	0.00000000	0.00000000
53.68708801	0.00000000	0.00000000	0.00000000	0.00000000	0.00000000	0.00000000	0.00000000	0.00000000
60.39797592	0.00000000	0.00000000	0.00000000	0.00000000	0.00000000	0.00000000	0.00000000	0.00000000
67.10886383	0.00000000	0.00000000	0.00000000	0.00000000	0.00000000	0.00000000	0.00000000	0.00000000
73.81974792	0.00000000	0.00000000	0.00000000	0.00000000	0.00000000	0.00000000	0.00000000	0.00000000
80.53063202	0.00000000	0.00000000	0.00000000	0.00000000	0.00000000	0.00000000	0.00000000	0.00000000
87.24151611	0.00000000	0.00000000	0.00000000	0.00000000	0.00000000	0.00000000	0.00000000	0.00000000
93.95240784	0.00000000	0.00000000	0.00000000	0.00000000	0.00000000	0.00000000	0.00000000	0.00000000
100.66329193	0.00000000	0.00000000	0.00000000	0.00000000	0.00000000	0.00000000	0.00000000	0.00000000
107.37417603	0.00000000	0.00000000	0.00000000	0.00000000	0.00000000	0.00000000	0.00000000	0.00000000
120.79595184	0.00000000	0.00000000	0.00000000	0.00000000	0.00000000	0.00000000	0.00000000	0.00000000
134.21772766	0.00000000	0.00000000	0.00000000	0.00000000	0.00000000	0.00000000	0.00000000	0.00000000
147.63949585	0.00000000	0.00000000	0.00000000	0.00000000	0.00000000	0.00000000	0.00000000	0.00000000
161.06126404	0.00000000	0.00000000	0.00000000	0.00000000	0.00000000	0.00000000	0.00000000	0.00000000
174.48303223	0.00000000	0.00000000	0.00000000	0.00000000	0.00000000	0.00000000	0.00000000	0.00000000
187.90481567	0.00000000	0.00000000	0.00000000	0.00000000	0.00000000	0.00000000	0.00000000	0.00000000
201.32658386	0.00000000	0.00000000	0.00000000	0.00000000	0.00000000	0.00000000	0.00000000	0.00000000
214.74835205	0.00000000	0.00000000	0.00000000	0.00000000	0.00000000	0.00000000	0.00000000	0.00000000
241.59190369	0.00000000	0.00000000	0.00000000	0.00000000	0.00000000	0.00000000	0.00000000	0.00000000
268.43545532	0.00000000	0.00000000	0.00000000	0.00000000	0.00000000	0.00000000	0.00000000	0.00000000
295.27899170	0.00000000	0.00000000	0.00000000	0.00000000	0.00000000	0.00000000	0.00000000	0.00000000
322.12252808	0.00000000	0.00000000	0.00000000	0.00000000	0.00000000	0.00000000	0.00000000	0.00000000
348.96606445	0.00000000	0.00000000	0.00000000	0.00000000	0.00000000	0.00000000	0.00000000	0.00000000
375.80963135	0.00000000	0.00000000	0.00000000	0.00000000	0.00000000	0.00000000	0.00000000	0.00000000
402.65316772	0.00000000	0.00000000	0.00000000	0.00000000	0.00000000	0.00000000	0.00000000	0.00000000
429.49670410	0.00000000	0.00000000	0.00000000	0.00000000	0.00000000	0.00000000	0.00000000	0.00000000
483.18380737	0.00000000	0.00000000	0.00000000	0.00000000	0.00000000	0.00000000	0.00000000	0.00000000
536.87091064	0.00000000	0.00000000	0.00000000	0.00000000	0.00000000	0.00000000	0.00000000	0.00000000
590.55798340	0.00000000	0.00000000	0.00000000	0.00000000	0.00000000	0.00000000	0.00000000	0.00000000
644.24505615	0.00000000	0.00000000	0.00000000	0.00000000	0.00000000	0.00000000	0.00000000	0.00000000
697.93212891	0.00000000	0.00000000	0.00000000	0.00000000	0.00000000	0.00000000	0.00000000	0.00000000
751.61926270	0.00000000	0.00000000	0.00000000	0.00000000	0.00000000	0.00000000	0.00000000	0.00000000
805.30633545	0.00000000	0.00000000	0.00000000	0.00000000	0.00000000	0.00000000	0.00000000	0.00000000
858.99340820	0.00000000	0.00000000	0.00000000	0.00000000	0.00000000	0.00000000	0.00000000	0.00000000
966.36761475	0.00000000	0.00000000	0.00000000	0.00000000	0.00000000	0.00000000	0.00000000	0.00000000
1073.74182129	0.00000000	0.00000000	0.00000000	0.00000000	0.00000000	0.00000000	0.00000000	0.00000000
1181.11596680	0.00000000	0.00000000	0.00000000	0.00000000	0.00000000	0.00000000	0.00000000	0.00000000
1288.49011230	0.00000000	0.00000000	0.00000000	0.00000000	0.00000000	0.00000000	0.00000000	0.00000000
1395.86425781	0.00000000	0.00000000	0.00000000	0.00000000	0.00000000	0.00000000	0.00000000	0.00000000
1503.23852539	0.00000000	0.00000000	0.00000000	0.00000000	0.00000000	0.00000000	0.00000000	0.00000000
1610.61267090	0.00000000	0.00000000	0.00000000	0.00000000	0.00000000	0.00000000	0.00000000	0.00000000
1717.98681641	0.00000000	0.00000000	0.00000000	0.00000000	0.00000000	0.00000000	0.00000000	0.00000000
1932.73522949	0.00000000	0.00000000	0.00000000	0.00000000	0.00000000	0.00000000	0.00000000	0.00000000
2147.48364258	0.00000000	0.00000000	0.00000000	0.00000000	0.00000000	0.00000000	0.00000000	0.00000000
2362.23193359	0.00000000	0.00000000	0.00000000	0.00000000	0.00000000	0.00000000	0.00000000	0.00000000
2576.98022461	0.00000000	0.00000000	0.00000000	0.00000000	0.00000000	0.00000000	0.00000000	0.00000000
2791.72851562	0.00000000	0.00000000	0.00000000	0.00000000	0.00000000	0.00000000	0.00000000	0.00000000
3006.47705078	0.00000000	0.00000000	0.00000000	0.00000000	0.00000000	0.00000000	0.00000000	0.00000000
3221.22534180	0.00000000	0.00000000	0.00000000	0.00000000	0.00000000	0.00000000	0.00000000	0.00000000
3435.97363281	0.00000000	0.00000000	0.00000000	0.00000000	0.00000000	0.00000000	0.00000000	0.00000000
0	0	0	0	0	0	0	0	0
