%11/10/2014 10:12:19 PM
%Duration	ID1		ID2		ID3		ID4		ID5		ID6		ID7		ID8
3000.000000	2.374649	3.166199	5.683899	11.568069	8.506775	28.839111	28.285980	23.164749
%Tau		Tau1		Tau2		Tau3		Tau4		Tau5		Tau6		Tau7		Tau8
%		0.000002	0.000002	0.000001	0.000007	0.000005	0.131072	0.065536	0.022937
%Delaytime	D1		D2		D3		D4		D5		D6		D7		D8
0.00000000	2.44466043	11.77761364	11.12471390	7.53716183	21.67855453	11.12889862	22.10539627	26.18085670
0.00000020	3.66699052	0.71379477	1.58924484	1.50743234	6.67032480	11.12889862	7.80190468	7.48024464
0.00000040	2.44466043	1.78448689	1.27139580	3.01486468	3.33516240	9.73778629	13.00317478	6.73222017
0.00000060	2.44466043	1.07069218	2.54279160	2.51238728	3.33516240	12.52001095	6.50158739	9.72431755
0.00000080	2.44466043	0.71379477	1.27139580	1.50743234	3.33516240	8.34667397	8.45206356	8.22826862
0.00000100	1.22233021	2.14138436	0.95354688	2.51238728	0.00000000	8.34667397	7.80190468	8.97629356
0.00000120	0.00000000	1.07069218	0.95354688	0.50247747	5.00274372	8.34667397	7.80190468	8.22826862
0.00000140	2.44466043	1.42758954	1.27139580	2.51238728	3.33516240	9.73778629	5.20126963	9.72431755
0.00000160	1.22233021	0.71379477	2.22494268	1.00495493	5.00274372	9.04223061	9.10222244	6.73222017
0.00000180	0.00000000	1.42758954	1.90709376	2.00990987	3.33516240	7.65111780	5.20126963	9.72431755
0.00000200	2.44466043	1.07069218	1.58924484	1.00495493	3.33516240	9.73778629	5.85142851	8.22826862
0.00000220	0.00000000	0.00000000	3.49633861	3.01486468	1.66758120	6.26000547	8.45206356	8.97629356
0.00000240	0.00000000	1.07069218	0.63569790	0.50247747	3.33516240	13.91112328	12.35301590	8.97629356
0.00000260	3.66699052	1.78448689	0.95354688	1.50743234	3.33516240	9.73778629	11.70285702	3.74012232
0.00000280	0.00000000	2.14138436	0.95354688	3.51734233	6.67032480	7.65111780	9.10222244	5.23617125
0.00000300	0.00000000	3.56897378	0.31784895	3.01486468	1.66758120	9.73778629	8.45206356	8.22826862
0.00000340	0.00000000	1.60603821	0.63569790	2.26114869	1.66758120	11.12889862	8.45206356	10.47234249
0.00000380	0.61116511	1.07069218	1.74816930	2.76362610	3.33516240	10.78112030	7.47682524	7.48024464
0.00000420	0.61116511	1.96293569	1.27139580	1.50743234	3.33516240	11.12889862	7.47682524	7.85425663
0.00000460	1.22233021	0.53534609	1.43032026	1.75867116	1.66758120	7.65111780	10.72761917	7.85425663
0.00000500	0.61116511	1.42758954	0.63569790	2.00990987	5.00274372	12.17223263	10.07746029	5.98419571
0.00000540	1.22233021	1.07069218	1.27139580	2.26114869	2.50137186	10.78112030	9.75238132	9.35030556
0.00000580	0.00000000	2.14138436	1.74816930	2.00990987	1.66758120	8.34667397	10.40253925	8.60228157
0.00000620	0.00000000	0.71379477	1.43032026	3.01486468	1.66758120	7.65111780	5.52634907	3.36611009
0.00000700	0.61116511	1.15991652	1.27139580	1.50743234	2.50137186	10.43334293	10.07746029	8.22826862
0.00000780	2.13907790	0.98146784	1.43032026	2.88924551	3.33516240	9.39000797	9.58984089	5.61018324
0.00000860	2.75024295	1.07069218	1.35085809	2.26114869	2.50137186	9.73778629	9.91492081	5.98419571
0.00000940	2.13907790	0.62457043	1.03300905	1.00495493	2.91826701	10.25945377	6.66412687	8.60228157
0.00001020	1.22233021	1.07069218	1.35085809	1.25619364	2.91826701	10.95500946	8.77714252	6.54521418
0.00001100	0.91674763	0.98146784	1.27139580	1.13057435	1.66758120	9.21611977	9.75238132	6.73222017
0.00001180	0.61116511	1.07069218	1.11247134	3.26610351	2.08447647	11.30278778	7.47682524	6.35820770
0.00001260	0.61116511	1.33836520	1.03300905	2.38676786	3.33516240	9.39000797	7.80190468	9.16329956
0.00001420	0.61116511	0.71379477	1.15220249	2.63800669	1.87602878	8.78139687	8.69587326	7.29323816
0.00001580	1.37512147	0.98146784	0.87408465	2.13552928	3.12671471	8.69445229	7.63936520	8.04126263
0.00001740	1.68070400	1.29375303	1.27139580	1.82148075	1.66758120	9.30306339	8.69587326	6.07769871
0.00001900	1.37512147	1.20452869	1.43032026	1.31900334	2.50137186	7.99889612	8.77714252	5.98419571
0.00002060	0.91674763	0.75840694	1.23166466	1.69586146	2.70981932	8.86834145	9.02095222	7.01272917
0.00002220	0.91674763	0.98146784	1.15220249	1.94710016	2.29292417	10.08556461	7.47682524	6.26470470
0.00002380	1.22233021	1.07069218	0.99327797	1.75867116	1.66758120	8.69445229	7.55809546	6.45171070
0.00002540	0.76395637	0.89224344	1.70843816	1.94710016	1.04223824	9.21611977	7.47682524	7.48024464
0.00002860	0.91599989	0.98629832	1.09533930	2.07401848	1.54602110	7.06542730	7.08321571	3.99863863
0.00003180	0.30533329	0.81095636	1.25466132	1.60099673	1.93252635	6.81605911	6.34538078	3.76794815
0.00003500	0.83966655	1.03013384	1.05550873	1.49183786	1.54602110	7.39791775	5.31241179	5.22898912
0.00003820	0.99233323	1.20547569	1.31440711	1.38267899	1.93252635	6.89918184	5.45997858	4.61381388
0.00004140	1.22133315	1.05205154	0.83644092	1.27352011	2.06136155	7.06693172	6.71429825	4.30622625
0.00004460	1.37399983	0.98629832	1.23474610	1.05520236	1.54602110	7.56577396	7.00943184	4.46002007
0.00004780	1.14499986	1.27122891	0.85635620	1.52822423	2.44786668	6.90065098	4.57457685	5.53657675
0.00005100	1.06866658	0.94246280	1.11525452	1.67376935	1.54602110	6.48494911	5.97766161	4.38312340
0.00005740	1.22133315	1.10394835	0.94617200	1.77577591	2.21627855	6.56886387	7.05755854	4.43297911
0.00006380	0.91599989	1.07115781	0.90633315	1.38115895	1.51973391	7.07416105	6.71495867	4.03328419
0.00007020	1.14499986	1.11487854	0.83661520	1.39909613	1.77302289	7.11302996	6.13253880	4.94168139
0.00007660	1.45033312	1.35534263	1.12544668	1.34528470	2.08963418	6.14130449	6.74921846	5.37771225
0.00008300	0.91599989	1.13673890	1.15532577	1.48878181	2.02631187	6.99642324	6.54365826	4.36030722
0.00008940	1.33583319	1.15859926	1.02584958	1.45290756	2.09018326	7.42398214	5.89271879	4.50565052
0.00009580	1.10683322	1.12580872	0.99597049	1.23766196	1.58347213	6.64660168	5.61863852	4.46931458
0.00010220	0.99233323	1.07115781	0.98601079	1.47084463	1.39345551	6.02469778	6.23531866	4.32397127
0.00011500	0.99517280	1.02575707	1.09819758	1.50272489	1.88108552	7.20908260	6.16949987	5.11684513
0.00012780	1.14827633	1.14033628	1.10818124	1.41432929	2.06611037	6.45507145	6.24962330	4.56367254
0.00014060	1.39706945	0.98210782	1.08322215	1.29959548	1.94276035	6.80449152	6.02640438	4.30437326
0.00015340	1.11000037	1.12942398	1.04328775	1.54692268	2.03527284	6.36311913	6.09051514	3.54376101
0.00016620	1.28224182	1.23309088	1.13813210	1.44968760	1.38768601	6.28955698	6.44312382	4.35623312
0.00017900	0.99517280	1.10214317	1.19304192	1.37897110	1.66522324	6.54702425	5.91531658	3.92406702
0.00019180	1.16741419	1.08031857	1.06824672	1.56481910	1.88157332	7.02517748	6.23592997	3.95940900
0.00020460	1.20569015	1.11305547	1.05327141	1.37916255	1.44973683	6.69414806	5.56264162	4.66829872
0.00023020	1.02408886	1.15814102	1.06757855	1.39694655	1.69032776	7.06587410	5.84253311	4.88115025
0.00025580	1.05280161	1.12254798	1.12993705	1.47527993	2.09781742	6.91433716	6.49086571	4.67742968
0.00028140	1.11022723	1.00470757	1.23469949	1.50574291	1.59977448	7.05024529	6.00947523	4.67831182
0.00030700	1.00494707	1.14706397	1.16236353	1.32731676	1.70542002	7.16067123	6.10971308	5.00432634
0.00033260	1.14851093	1.14158869	1.14989173	1.41870582	2.06763315	6.88885450	6.47411919	4.72810555
0.00035820	1.12002683	1.14158869	1.08005023	1.44481695	1.85681844	6.78822994	5.95347309	4.19087029
0.00038380	1.08173537	1.16336262	1.17483521	1.47092807	1.66056931	7.13656187	6.31566143	4.43547344
0.00040940	1.24447429	1.14967597	1.11746538	1.55796528	2.08325982	6.97513962	6.23265982	4.28871155
0.00046060	1.10906351	1.09922731	1.07607126	1.44071257	1.79901183	6.87333775	6.23388624	4.75187778
0.00051180	1.16187608	1.12252760	1.07981622	1.42590010	1.81421793	7.13366938	6.54041243	4.55760622
0.00056300	1.06585324	1.09362531	1.13474333	1.41498554	1.89534152	7.06189394	6.15547228	4.49932480
0.00061420	1.06585324	1.09910715	1.13349497	1.52003753	2.20564556	7.09910631	6.42279196	4.84213448
0.00066540	1.08527982	1.10321856	1.07607126	1.48379374	1.82943177	7.05922365	6.37514067	4.57483339
0.00071660	1.11889470	1.11281168	1.16345525	1.48164952	1.77779460	7.19083643	6.16229725	4.90702486
0.00076780	1.15250957	1.10047758	1.09978974	1.50329721	1.88844573	7.01136446	6.37269974	4.88758326
0.00081900	1.15731168	1.09910715	1.15846181	1.40893900	1.96958983	6.99939966	6.51891184	4.73205185
0.00092140	1.19867015	1.08631361	1.12607813	1.53720331	2.01761889	7.14681625	6.27988386	4.81700182
0.00102380	1.05665910	1.07875538	1.14852488	1.54246414	2.03974771	7.05505562	6.21283674	4.77255440
0.00112620	1.08313572	1.11517203	1.05000865	1.47111666	1.70862710	6.98061562	6.27034760	4.89108133
0.00122860	1.06869388	1.11585915	1.09614909	1.46795976	1.90688562	7.17359352	6.33740425	4.70588303
0.00133100	1.07110083	1.12410438	1.09864318	1.57677400	1.89246678	7.04211903	6.36507082	4.91966486
0.00143340	1.15775180	1.07394564	1.11547828	1.51467144	1.98668730	7.13335752	6.40228367	4.63884687
0.00153580	1.07350791	1.12891412	1.14478374	1.47256804	2.02325106	7.23540688	6.32447481	4.63245296
0.00163820	1.04462421	1.09581316	1.12596071	1.53046024	1.94751441	6.89379501	6.14771032	4.82145691
0.00184300	1.15775180	1.09726453	1.09121549	1.52565336	1.88093877	7.19126415	6.23673534	4.78977203
0.00204780	1.07591486	1.13977408	1.10492575	1.50150704	1.95178390	7.13654995	6.12129688	4.85132980
0.00225260	1.07832181	1.12701797	1.12175202	1.50927877	1.90219235	6.90762997	6.25131893	4.67845631
0.00245740	1.11442637	1.10576415	1.13160527	1.54078043	2.07325196	7.08191919	6.42644167	4.89443922
0.00266220	1.13007164	1.10955691	1.11022294	1.45669639	2.01831961	7.05069590	6.28126287	4.82208300
0.00286700	1.09517062	1.07909644	1.12724328	1.50997925	1.91956460	7.02448845	6.20776415	4.93227291
0.00307180	1.08411705	1.12344730	1.09985793	1.48528945	1.96564841	7.09796858	6.28145456	4.98080158
0.00327660	1.04922318	1.12413669	1.13371098	1.49929178	2.05730391	7.03351021	6.22034883	4.83685446
0.00368620	1.06907284	1.10269964	1.08114326	1.51687586	1.97982180	7.24365282	6.38665438	4.81384754
0.00409580	1.07747662	1.12678075	1.10876918	1.52092016	1.91871619	7.25309563	6.37348700	4.87733889
0.00450540	1.10974467	1.12181711	1.12645137	1.52368486	1.92577875	7.18245316	6.37509060	5.00328207
0.00491500	1.07535505	1.10999227	1.10130036	1.51025832	1.96381927	7.12774658	6.48043108	4.90019894
0.00532460	1.10779595	1.12416315	1.08956575	1.47908437	2.01673317	7.10911322	6.37812090	4.92227077
0.00573420	1.03651810	1.11282873	1.12730479	1.48697233	1.91672015	7.05822229	6.35308456	4.92566872
0.00614380	1.05214095	1.11161876	1.10818744	1.45230591	1.95313084	7.14123106	6.27135277	4.94733238
0.00655340	1.08038235	1.12492847	1.10810733	1.48096073	1.95623934	7.02867985	6.31286764	4.91165066
0.00737260	1.08341467	1.11513329	1.09735346	1.52160871	2.02307558	7.14983892	6.38050413	4.97381210
0.00819180	1.07997310	1.12375474	1.10469353	1.50392711	2.07075453	7.06870127	6.36181593	4.86411858
0.00901100	1.06348264	1.11821854	1.10360253	1.51780021	2.05063581	7.02965546	6.28345442	4.90448332
0.00983020	1.07869470	1.12788105	1.10154498	1.52366352	2.01215434	7.09083462	6.41285610	4.81143045
0.01064940	1.08297133	1.08789694	1.11094725	1.50506461	2.02397656	7.08427763	6.34666872	4.90685415
0.01146860	1.09683692	1.11771333	1.09373832	1.49448311	1.97461653	7.03853846	6.26255655	4.85951328
0.01228780	1.07561600	1.10785425	1.11293197	1.51217139	1.99880397	6.95754480	6.29151344	4.88176012
0.01310700	1.06100130	1.10107410	1.10788381	1.50599539	1.93843532	6.96634579	6.34773684	4.86229897
0.01474540	1.07223225	1.11072838	1.10227132	1.48747766	2.00636983	7.04883671	6.35291815	4.84877110
0.01638380	1.06249332	1.11087036	1.11448956	1.49681938	1.99581993	6.96758413	6.26506567	4.86896181
0.01802220	1.10605013	1.10802233	1.12857449	1.48334038	1.98653877	6.98027658	6.29452181	4.81059217
0.01966060	1.07212067	1.12564564	1.11464596	1.48211133	1.94622517	6.95037699	6.24184656	4.81144190
0.02129900	1.05326140	1.12596726	1.10471117	1.46908140	2.00253797	6.91605806	6.19498825	4.79090452
0.02293740	1.10597694	1.11422479	1.10292780	1.47690725	1.93969476	6.86316967	6.31167221	4.80692720
0.02457580	1.05773783	1.11330128	1.11146688	1.48782372	1.98524880	6.85503149	6.19531536	4.78841114
0.02621420	1.08538234	1.11161375	1.10929525	1.47758436	1.97624588	6.83519506	6.04288340	4.73827982
0.02949100	1.07350552	1.11166716	1.11761141	1.48757768	1.99245715	6.80638742	6.13192272	4.79322815
0.03276780	1.08449912	1.11178124	1.10685253	1.47771299	1.94168389	6.69528008	6.02215481	4.77298927
0.03604460	1.08209884	1.10606873	1.11312866	1.46631849	1.97103047	6.62626266	6.01580811	4.75511312
0.03932140	1.08188653	1.10434651	1.10517001	1.47983205	1.94330812	6.64151478	5.98957729	4.69370365
0.04259820	1.08591390	1.10701847	1.10652745	1.46017492	1.92666709	6.59074211	5.91740751	4.66641569
0.04587500	1.05691659	1.11052346	1.10325027	1.45131552	1.90213025	6.54834509	5.88705969	4.58575058
0.04915180	1.07279766	1.10165858	1.10149777	1.45221806	1.89329815	6.47587156	5.78759909	4.56405926
0.05242860	1.07175410	1.10889697	1.10172927	1.44107485	1.85042381	6.39170980	5.78882933	4.50166178
0.05898220	1.07069993	1.10922182	1.10145199	1.45737600	1.88629186	6.31326580	5.70167875	4.50301027
0.06553581	1.05589736	1.11395526	1.10270572	1.43852627	1.86480916	6.18450451	5.59931755	4.45407629
0.07208940	1.07313502	1.11203766	1.09689724	1.41606557	1.82634795	6.10275507	5.50888014	4.35084105
0.07864300	1.07645893	1.11254895	1.10409927	1.40030074	1.79790008	5.99453163	5.39924765	4.23553705
0.08519660	1.08030224	1.11120832	1.10136437	1.39002073	1.77549255	5.81014919	5.30457592	4.13529015
0.09175020	1.08181286	1.10950065	1.09784210	1.36433136	1.74733233	5.70021677	5.20097542	4.05587769
0.09830380	1.05722070	1.11576414	1.09450674	1.36140776	1.69285131	5.59964800	5.09632587	4.00185490
0.10485740	1.08279049	1.11228049	1.10091186	1.35094345	1.68041587	5.43362856	5.00031137	3.88036132
0.11796460	1.07808888	1.10880375	1.09581459	1.31028187	1.61551988	5.22449398	4.64785814	3.55274987
0.13107181	1.07502067	1.10571826	1.09693468	1.28416872	1.57121336	5.02965403	4.36639881	3.37976193
0.14417900	1.07497871	1.10988164	1.09676111	1.25563335	1.49204075	4.72665215	4.09549284	3.08166218
0.15728620	1.07071090	1.10917926	1.09113288	1.22541797	1.42479181	4.36868620	3.77952933	2.85207844
0.17039341	1.06762171	1.11062443	1.09465957	1.18489385	1.35501862	3.96329570	3.49685407	2.55593801
0.18350060	1.07005370	1.10538363	1.08761537	1.14201105	1.29868841	3.52284288	3.10445642	2.30647516
0.19660780	1.06176603	1.10241687	1.08501983	1.11539316	1.25426960	3.00565672	2.69587350	2.00608730
0.20971501	1.07370710	1.10972047	1.08074749	1.08483994	1.16338563	2.46901560	2.23367977	1.67073703
0.23592941	1.06520116	1.10562384	1.07650936	0.99091762	1.01317585	0.94151270	0.94198537	0.86270922
0.26214382	1.06555974	1.10630774	1.08075631	1.00195575	1.00186849	0.91478634	0.92455959	0.85925883
0.28835821	1.06162131	1.10374916	1.07834744	0.99160910	1.01515436	0.89799637	0.90967506	0.85175717
0.31457260	1.06036937	1.10489166	1.07525420	0.98910892	0.99705809	0.88846886	0.89747381	0.86040676
0.34078699	1.06649745	1.10703790	1.07357228	0.98214740	0.99281931	0.88447422	0.89415097	0.85832125
0.36700141	1.05708826	1.10629380	1.07485604	0.98435396	0.97493428	0.89775360	0.88894695	0.87282979
0.39321581	1.06279206	1.10068607	1.07307124	0.99029964	0.97190946	0.89619303	0.89303571	0.90265256
0.41943020	1.05539298	1.10465062	1.07109368	0.98929477	0.96309584	0.90065962	0.90684605	0.88994420
0.47185901	1.05991030	1.10075116	1.07207692	0.98231727	0.96992159	0.93030506	0.91194433	0.89618421
0.52428782	1.05529940	1.09996498	1.07504880	0.98223197	0.95928025	0.91256219	0.89237052	0.91349071
0.57671660	1.04946434	1.09204626	1.06961489	0.97188795	0.97094387	0.94836068	0.90014988	0.91289443
0.62914538	1.04964137	1.09076774	1.06976283	0.97556835	0.97985512	0.97328937	0.92169005	0.94401842
0.68157423	1.04966927	1.08906078	1.06732178	0.97350943	0.97121114	0.95888048	0.94429398	0.94141144
0.73400301	1.04693377	1.08945727	1.06397772	0.97105384	0.96176106	0.96456510	0.98014879	0.95412153
0.78643179	1.04487777	1.09065950	1.06473970	0.97961617	0.96505713	0.91239357	0.94101185	0.95333105
0.83886063	1.04453290	1.08441651	1.06068313	0.97716904	0.96020228	0.87638569	0.91697657	0.92382407
0.94371825	1.04498661	1.08135319	1.06231785	0.99771380	0.99083996	0.87495935	0.92074633	0.90325612
1.04857588	1.03962994	1.07741952	1.06052077	0.99411225	0.97399056	0.92058939	0.90084386	0.90935963
1.15343344	1.03489411	1.07351744	1.05416167	0.98644972	0.97695071	0.89967442	0.87854171	0.95590258
1.25829101	1.03492916	1.07146442	1.04933500	0.98291987	0.95965272	0.93127465	0.88710833	0.93054682
1.36314869	1.03360784	1.06857574	1.04859912	0.99275124	0.93348360	0.88384497	0.87384444	0.92099649
1.46800625	1.02986193	1.06353450	1.04269278	0.98427737	0.95722491	1.00048685	0.90263885	0.95234233
1.57286382	1.02830350	1.05956519	1.04185247	0.98356557	0.94752258	0.96035206	0.89838898	0.92915273
1.67772150	1.02543163	1.05507326	1.03846264	0.97315788	0.95411217	0.91249090	0.87571508	0.91559619
1.88743675	1.02919471	1.05041969	1.03980303	1.01079381	0.99974567	0.96014470	0.95537484	0.98797101
2.09715199	1.02773762	1.04479635	1.03501391	1.00688958	1.00000894	0.99631429	0.95359993	0.96503574
2.30686712	1.02641356	1.03820395	1.02967262	0.99734837	0.99616271	0.97578019	0.95792305	0.97532594
2.51658225	1.02193022	1.03235006	1.02737677	0.99808234	1.01692605	0.99216336	0.93850684	0.96624851
2.72629738	1.02491784	1.02718759	1.02192318	0.99089038	1.00705349	0.99517155	0.97960496	0.95812494
2.93601274	1.01757002	1.02213442	1.01894653	1.00038075	1.00003541	0.98465294	0.93102521	0.96471208
3.14572787	1.02159858	1.01732039	1.01404214	0.99457127	0.97168642	1.00654101	0.97391403	0.98442572
3.35544300	1.01132560	1.01418579	1.00845432	1.00329566	0.98879546	1.00697386	0.88950908	0.97203159
3.77487350	1.00736034	1.00783229	1.00690913	1.00444305	1.00703108	1.00126457	1.00113857	1.00521255
4.19430399	1.00228250	1.00650382	1.00192881	1.00520372	1.00220048	1.00001407	1.00094390	1.00291014
4.61373425	0.99909300	1.00115359	1.00223446	0.99869621	1.00224066	0.99987435	0.99908674	1.00185466
5.03316450	1.00000000	1.00000000	1.00000000	1.00000000	1.00000000	1.00000000	1.00000000	1.00000000
5.45259476	0.00000000	0.00000000	0.00000000	0.00000000	0.00000000	0.00000000	0.00000000	0.00000000
5.87202549	0.00000000	0.00000000	0.00000000	0.00000000	0.00000000	0.00000000	0.00000000	0.00000000
6.29145575	0.00000000	0.00000000	0.00000000	0.00000000	0.00000000	0.00000000	0.00000000	0.00000000
6.71088600	0.00000000	0.00000000	0.00000000	0.00000000	0.00000000	0.00000000	0.00000000	0.00000000
7.54974699	0.00000000	0.00000000	0.00000000	0.00000000	0.00000000	0.00000000	0.00000000	0.00000000
8.38860798	0.00000000	0.00000000	0.00000000	0.00000000	0.00000000	0.00000000	0.00000000	0.00000000
9.22746849	0.00000000	0.00000000	0.00000000	0.00000000	0.00000000	0.00000000	0.00000000	0.00000000
10.06632900	0.00000000	0.00000000	0.00000000	0.00000000	0.00000000	0.00000000	0.00000000	0.00000000
10.90518951	0.00000000	0.00000000	0.00000000	0.00000000	0.00000000	0.00000000	0.00000000	0.00000000
11.74405098	0.00000000	0.00000000	0.00000000	0.00000000	0.00000000	0.00000000	0.00000000	0.00000000
12.58291149	0.00000000	0.00000000	0.00000000	0.00000000	0.00000000	0.00000000	0.00000000	0.00000000
13.42177200	0.00000000	0.00000000	0.00000000	0.00000000	0.00000000	0.00000000	0.00000000	0.00000000
15.09949398	0.00000000	0.00000000	0.00000000	0.00000000	0.00000000	0.00000000	0.00000000	0.00000000
16.77721596	0.00000000	0.00000000	0.00000000	0.00000000	0.00000000	0.00000000	0.00000000	0.00000000
18.45493698	0.00000000	0.00000000	0.00000000	0.00000000	0.00000000	0.00000000	0.00000000	0.00000000
20.13265800	0.00000000	0.00000000	0.00000000	0.00000000	0.00000000	0.00000000	0.00000000	0.00000000
21.81037903	0.00000000	0.00000000	0.00000000	0.00000000	0.00000000	0.00000000	0.00000000	0.00000000
23.48810196	0.00000000	0.00000000	0.00000000	0.00000000	0.00000000	0.00000000	0.00000000	0.00000000
25.16582298	0.00000000	0.00000000	0.00000000	0.00000000	0.00000000	0.00000000	0.00000000	0.00000000
26.84354401	0.00000000	0.00000000	0.00000000	0.00000000	0.00000000	0.00000000	0.00000000	0.00000000
30.19898796	0.00000000	0.00000000	0.00000000	0.00000000	0.00000000	0.00000000	0.00000000	0.00000000
33.55443192	0.00000000	0.00000000	0.00000000	0.00000000	0.00000000	0.00000000	0.00000000	0.00000000
36.90987396	0.00000000	0.00000000	0.00000000	0.00000000	0.00000000	0.00000000	0.00000000	0.00000000
40.26531601	0.00000000	0.00000000	0.00000000	0.00000000	0.00000000	0.00000000	0.00000000	0.00000000
43.62075806	0.00000000	0.00000000	0.00000000	0.00000000	0.00000000	0.00000000	0.00000000	0.00000000
46.97620392	0.00000000	0.00000000	0.00000000	0.00000000	0.00000000	0.00000000	0.00000000	0.00000000
50.33164597	0.00000000	0.00000000	0.00000000	0.00000000	0.00000000	0.00000000	0.00000000	0.00000000
53.68708801	0.00000000	0.00000000	0.00000000	0.00000000	0.00000000	0.00000000	0.00000000	0.00000000
60.39797592	0.00000000	0.00000000	0.00000000	0.00000000	0.00000000	0.00000000	0.00000000	0.00000000
67.10886383	0.00000000	0.00000000	0.00000000	0.00000000	0.00000000	0.00000000	0.00000000	0.00000000
73.81974792	0.00000000	0.00000000	0.00000000	0.00000000	0.00000000	0.00000000	0.00000000	0.00000000
80.53063202	0.00000000	0.00000000	0.00000000	0.00000000	0.00000000	0.00000000	0.00000000	0.00000000
87.24151611	0.00000000	0.00000000	0.00000000	0.00000000	0.00000000	0.00000000	0.00000000	0.00000000
93.95240784	0.00000000	0.00000000	0.00000000	0.00000000	0.00000000	0.00000000	0.00000000	0.00000000
100.66329193	0.00000000	0.00000000	0.00000000	0.00000000	0.00000000	0.00000000	0.00000000	0.00000000
107.37417603	0.00000000	0.00000000	0.00000000	0.00000000	0.00000000	0.00000000	0.00000000	0.00000000
120.79595184	0.00000000	0.00000000	0.00000000	0.00000000	0.00000000	0.00000000	0.00000000	0.00000000
134.21772766	0.00000000	0.00000000	0.00000000	0.00000000	0.00000000	0.00000000	0.00000000	0.00000000
147.63949585	0.00000000	0.00000000	0.00000000	0.00000000	0.00000000	0.00000000	0.00000000	0.00000000
161.06126404	0.00000000	0.00000000	0.00000000	0.00000000	0.00000000	0.00000000	0.00000000	0.00000000
174.48303223	0.00000000	0.00000000	0.00000000	0.00000000	0.00000000	0.00000000	0.00000000	0.00000000
187.90481567	0.00000000	0.00000000	0.00000000	0.00000000	0.00000000	0.00000000	0.00000000	0.00000000
201.32658386	0.00000000	0.00000000	0.00000000	0.00000000	0.00000000	0.00000000	0.00000000	0.00000000
214.74835205	0.00000000	0.00000000	0.00000000	0.00000000	0.00000000	0.00000000	0.00000000	0.00000000
241.59190369	0.00000000	0.00000000	0.00000000	0.00000000	0.00000000	0.00000000	0.00000000	0.00000000
268.43545532	0.00000000	0.00000000	0.00000000	0.00000000	0.00000000	0.00000000	0.00000000	0.00000000
295.27899170	0.00000000	0.00000000	0.00000000	0.00000000	0.00000000	0.00000000	0.00000000	0.00000000
322.12252808	0.00000000	0.00000000	0.00000000	0.00000000	0.00000000	0.00000000	0.00000000	0.00000000
348.96606445	0.00000000	0.00000000	0.00000000	0.00000000	0.00000000	0.00000000	0.00000000	0.00000000
375.80963135	0.00000000	0.00000000	0.00000000	0.00000000	0.00000000	0.00000000	0.00000000	0.00000000
402.65316772	0.00000000	0.00000000	0.00000000	0.00000000	0.00000000	0.00000000	0.00000000	0.00000000
429.49670410	0.00000000	0.00000000	0.00000000	0.00000000	0.00000000	0.00000000	0.00000000	0.00000000
483.18380737	0.00000000	0.00000000	0.00000000	0.00000000	0.00000000	0.00000000	0.00000000	0.00000000
536.87091064	0.00000000	0.00000000	0.00000000	0.00000000	0.00000000	0.00000000	0.00000000	0.00000000
590.55798340	0.00000000	0.00000000	0.00000000	0.00000000	0.00000000	0.00000000	0.00000000	0.00000000
644.24505615	0.00000000	0.00000000	0.00000000	0.00000000	0.00000000	0.00000000	0.00000000	0.00000000
697.93212891	0.00000000	0.00000000	0.00000000	0.00000000	0.00000000	0.00000000	0.00000000	0.00000000
751.61926270	0.00000000	0.00000000	0.00000000	0.00000000	0.00000000	0.00000000	0.00000000	0.00000000
805.30633545	0.00000000	0.00000000	0.00000000	0.00000000	0.00000000	0.00000000	0.00000000	0.00000000
858.99340820	0.00000000	0.00000000	0.00000000	0.00000000	0.00000000	0.00000000	0.00000000	0.00000000
966.36761475	0.00000000	0.00000000	0.00000000	0.00000000	0.00000000	0.00000000	0.00000000	0.00000000
1073.74182129	0.00000000	0.00000000	0.00000000	0.00000000	0.00000000	0.00000000	0.00000000	0.00000000
1181.11596680	0.00000000	0.00000000	0.00000000	0.00000000	0.00000000	0.00000000	0.00000000	0.00000000
1288.49011230	0.00000000	0.00000000	0.00000000	0.00000000	0.00000000	0.00000000	0.00000000	0.00000000
1395.86425781	0.00000000	0.00000000	0.00000000	0.00000000	0.00000000	0.00000000	0.00000000	0.00000000
1503.23852539	0.00000000	0.00000000	0.00000000	0.00000000	0.00000000	0.00000000	0.00000000	0.00000000
1610.61267090	0.00000000	0.00000000	0.00000000	0.00000000	0.00000000	0.00000000	0.00000000	0.00000000
1717.98681641	0.00000000	0.00000000	0.00000000	0.00000000	0.00000000	0.00000000	0.00000000	0.00000000
1932.73522949	0.00000000	0.00000000	0.00000000	0.00000000	0.00000000	0.00000000	0.00000000	0.00000000
2147.48364258	0.00000000	0.00000000	0.00000000	0.00000000	0.00000000	0.00000000	0.00000000	0.00000000
2362.23193359	0.00000000	0.00000000	0.00000000	0.00000000	0.00000000	0.00000000	0.00000000	0.00000000
2576.98022461	0.00000000	0.00000000	0.00000000	0.00000000	0.00000000	0.00000000	0.00000000	0.00000000
2791.72851562	0.00000000	0.00000000	0.00000000	0.00000000	0.00000000	0.00000000	0.00000000	0.00000000
3006.47705078	0.00000000	0.00000000	0.00000000	0.00000000	0.00000000	0.00000000	0.00000000	0.00000000
3221.22534180	0.00000000	0.00000000	0.00000000	0.00000000	0.00000000	0.00000000	0.00000000	0.00000000
3435.97363281	0.00000000	0.00000000	0.00000000	0.00000000	0.00000000	0.00000000	0.00000000	0.00000000
0	0	0	0	0	0	0	0	0
