%4/13/2015 8:16:00 PM
%Duration	ID1		ID2		ID3		ID4		ID5		ID6		ID7		ID8
3000.000000	1.173019	1.516342	1.325607	2.737045	2.641678	11.816025	8.010864	9.670258
%Tau		Tau1		Tau2		Tau3		Tau4		Tau5		Tau6		Tau7		Tau8
%		0.000001	0.000001	0.000002	0.000001	0.000002	0.000019	0.000003	0.000008
%Delaytime	D1		D2		D3		D4		D5		D6		D7		D8
0.00000000	16.36058044	53.03052139	41.33831024	24.93414879	24.58971214	2.34422612	6.45665216	6.88496971
0.00000020	4.09014511	10.60610485	0.00000000	3.11676860	1.85582733	1.66754234	2.39341426	1.91249168
0.00000040	0.00000000	1.51515782	3.93698168	5.19461441	1.39187050	1.42586946	1.78114545	1.82422280
0.00000060	0.00000000	0.00000000	3.93698168	2.07784581	0.46395683	1.35336769	2.28209257	1.73595393
0.00000080	2.04507256	3.03031564	3.93698168	2.07784581	0.00000000	1.42586946	1.39151990	1.47114742
0.00000100	4.09014511	1.51515782	1.96849084	1.03892291	3.24769783	1.49837136	1.55850220	1.64768505
0.00000120	0.00000000	1.51515782	1.96849084	0.51946145	0.92791367	1.52253866	1.78114545	1.17691791
0.00000140	0.00000000	3.03031564	0.00000000	2.07784581	0.92791367	1.40170228	1.50284147	1.52999330
0.00000160	0.00000000	1.51515782	0.00000000	0.51946145	0.92791367	1.54670596	1.78114545	1.61826217
0.00000180	0.00000000	1.51515782	1.96849084	2.07784581	1.39187050	1.49837136	1.78114545	1.91249168
0.00000200	2.04507256	1.51515782	0.00000000	0.51946145	1.39187050	1.54670596	1.39151990	0.97095728
0.00000220	0.00000000	1.51515782	1.96849084	1.03892291	1.85582733	1.25669861	1.50284147	1.11807203
0.00000240	0.00000000	6.06063128	5.90547276	2.07784581	1.85582733	1.61920774	1.39151990	1.20634091
0.00000260	2.04507256	0.00000000	0.00000000	1.55838430	0.92791367	1.32920039	1.28019834	1.08864903
0.00000280	0.00000000	1.51515782	0.00000000	3.63622999	0.92791367	1.45003676	1.39151990	1.23576379
0.00000300	0.00000000	1.51515782	1.96849084	1.03892291	0.92791367	1.01502573	1.44718063	1.17691791
0.00000340	1.02253628	0.75757891	0.98424542	1.29865360	0.92791367	1.36545134	1.39151990	1.75066543
0.00000380	2.04507256	1.51515782	0.00000000	0.77919215	0.69593525	1.60712409	1.47501111	1.33874416
0.00000420	2.04507256	0.75757891	0.98424542	2.07784581	0.46395683	1.52253866	1.80897582	1.27989829
0.00000460	1.02253628	0.75757891	2.95273638	2.33757639	1.39187050	1.28086579	1.64199340	1.52999330
0.00000500	1.02253628	0.75757891	0.00000000	1.29865360	1.15989208	1.36545134	1.53067183	1.41230154
0.00000540	1.02253628	1.51515782	0.98424542	1.29865360	0.92791367	1.38961864	1.02972472	1.39759004
0.00000580	2.04507256	2.27273679	0.00000000	1.55838430	0.69593525	1.77629507	1.78114545	1.51528180
0.00000620	1.02253628	0.75757891	2.95273638	1.81811500	0.23197842	1.52253866	1.41935027	1.35345566
0.00000700	1.53380442	1.89394724	1.47636819	1.81811500	1.27588129	1.41378582	1.22453749	1.46379173
0.00000780	1.53380442	1.89394724	3.93698168	1.68824959	1.97181654	1.29294944	1.51675665	1.24311960
0.00000860	0.51126814	0.75757891	0.49212271	0.90905750	1.73983812	1.46816230	1.32194388	1.36816704
0.00000940	1.02253628	0.00000000	0.98424542	1.03892291	1.73983812	1.40774405	1.15496147	1.41965723
0.00001020	1.02253628	1.89394724	2.95273638	1.42851889	1.27588129	1.39566040	1.41935027	1.39023435
0.00001100	3.57887697	0.75757891	0.98424542	1.29865360	1.62384892	1.26878214	1.22453749	1.37552285
0.00001180	0.51126814	0.37878945	0.49212271	0.77919215	1.85582733	1.29899132	1.41935027	1.38287854
0.00001260	1.53380442	1.51515782	1.47636819	0.77919215	2.08780575	1.29294944	1.33585906	1.28725398
0.00001420	0.76690221	1.13636839	0.00000000	1.29865360	0.86991906	1.35034680	1.30802870	1.39023435
0.00001580	1.27817035	0.94697362	1.23030674	1.16878819	1.33387589	1.27784491	1.34281671	1.37184501
0.00001740	0.51126814	0.94697362	1.47636819	1.42851889	1.50785971	1.26274037	1.39151990	1.34609985
0.00001900	0.76690221	2.65152621	1.47636819	1.10385549	0.98590827	1.32315862	1.27324069	1.29093182
0.00002060	1.53380442	1.89394724	1.23030674	0.90905750	0.98590827	1.29597032	1.31498623	1.16220641
0.00002220	0.76690221	1.89394724	2.21455216	1.10385549	1.33387589	1.29899132	1.32890153	1.23944175
0.00002380	2.04507256	2.08334208	1.47636819	1.36358619	0.81192446	1.20836401	1.28019834	1.34609985
0.00002540	1.53380442	1.32576311	1.23030674	1.88304770	1.04390287	1.23857307	1.21062231	1.18427372
0.00002860	1.02145767	1.32696855	0.49288818	1.29969060	1.15669096	1.18378484	1.19870126	1.28139603
0.00003180	1.14913988	1.04261816	0.98577636	1.16972160	1.33019459	1.20185792	1.21948802	1.21723449
0.00003500	1.40450430	0.56870085	0.61611021	1.00726020	1.12777376	1.20185792	1.09476769	1.21906769
0.00003820	1.27682209	0.94783473	1.10899842	1.07224476	1.06993914	1.12354136	1.19870126	1.18607044
0.00004140	0.76609325	1.13740170	1.35544252	1.13722932	1.12777376	1.03317606	1.19870126	1.17507136
0.00004460	1.65986872	0.94783473	1.23222041	1.23470604	1.33019459	1.16269958	1.10516107	1.09807754
0.00004780	0.76609325	0.75826776	1.23222041	0.55236852	1.04102182	1.07537735	1.04972970	1.12924170
0.00005100	1.02145767	0.94783473	0.86255431	1.20221376	0.78076643	1.05880988	1.09476769	1.06324708
0.00005740	0.57426697	1.04261816	0.80135852	1.13541555	1.14309311	1.07022858	1.08661079	1.09037960
0.00006380	0.82949668	1.09000993	0.92464447	0.98943353	0.99839783	1.08981049	0.98971558	1.09129667
0.00007020	0.95711160	0.75826776	0.86300153	1.11919534	1.12862360	1.04311514	1.06930816	1.02526855
0.00007660	1.14853394	0.99522644	0.86300153	1.02187395	0.88264155	1.02277994	1.06065679	1.01334691
0.00008300	0.76568925	0.94783473	0.73971558	1.02187395	1.08521497	1.03031147	1.03297234	1.07020438
0.00008940	1.46757114	0.80565953	0.80135852	0.98943353	1.05627596	0.98286295	1.03297234	1.03352213
0.00009580	1.08472645	1.23218513	1.23285925	1.02187395	1.04180646	0.97005939	0.96553373	0.96838051
0.00010220	1.65899336	0.90044296	0.80135852	1.10297513	1.09968460	1.03332412	0.99494964	1.01973403
0.00011500	1.05616236	1.08803082	1.33430076	1.12610722	1.06244302	1.00542438	1.00619686	1.01297414
0.00012780	0.67210335	0.92246085	0.93090749	1.05319381	0.91066551	1.02426672	0.98110682	0.97443712
0.00014060	0.86413282	1.01707220	0.86884701	0.97217894	1.07689810	0.98695892	1.03042173	1.01618564
0.00015340	1.05616236	1.06437790	1.17914951	0.88306254	1.04798806	0.99298847	1.03647792	0.96984935
0.00016620	1.08816731	1.01707220	0.96193779	0.95597595	0.91789299	1.00580120	1.00187099	0.98774159
0.00017900	0.83212793	1.01707220	1.17914951	1.10180283	0.84561795	1.01412094	1.03301728	1.02581990
0.00019180	0.99215251	1.15898931	1.39636123	0.98838192	0.93234801	1.03823972	1.00100589	1.03453660
0.00020460	1.08816731	1.13533652	0.74472600	1.16661477	1.24297464	0.99753922	1.02869141	0.99416441
0.00023020	1.01135802	0.94826567	0.83651090	0.95319152	1.01648474	1.01135242	0.98891950	1.02172959
0.00025580	1.12373114	0.92455906	0.91396564	0.94102311	0.94413710	0.98956645	1.01493227	0.99054575
0.00028140	0.96319813	1.00753224	0.83651090	0.93696696	0.91158062	1.01275754	0.99802399	0.99372441
0.00030700	0.91503823	1.01938558	1.14632976	0.96941602	0.95848626	0.99976379	1.03487539	0.99372441
0.00033260	1.07557118	1.03123891	0.99142033	1.03837025	1.09231257	1.00108194	1.00361645	1.01367223
0.00035820	0.83477169	0.97197235	0.85200185	1.00199831	1.05976021	1.02233231	0.98931003	0.98776299
0.00038380	0.96319813	1.07865226	0.99142033	1.04662180	0.98742169	1.00218320	0.97712880	1.01367223
0.00040940	0.94714481	0.97197235	1.33152902	1.08718848	1.01997399	0.98278731	0.99403560	0.98432368
0.00046060	1.02605367	0.97440737	1.19930100	1.00659037	1.07215023	0.99598604	1.01508367	0.99936420
0.00051180	1.09819806	1.09917903	1.00586545	1.02079630	1.00525379	0.97775114	0.99120963	0.98099989
0.00056300	1.01002157	0.95064133	0.92849112	1.00050211	0.94932473	1.01345968	0.97927254	1.00969410
0.00061420	1.04208577	1.01005650	1.09097707	1.00050211	0.96921533	0.99368948	0.95604956	0.98719782
0.00066540	1.07414997	1.08729601	0.94396597	1.07761991	0.98187298	0.99130750	1.04026008	0.99947900
0.00071660	1.05839765	1.01599801	0.93622857	1.05732584	1.01442122	1.02372146	0.99702626	0.99227941
0.00076780	1.14659739	0.84369421	0.95944083	0.97411972	1.02888715	1.00715208	0.98400456	1.01271045
0.00081900	1.03434312	1.08135450	0.98265314	1.00659037	0.99633890	1.02456868	1.00609767	1.01239812
0.00092140	0.99530476	1.04737353	0.95210677	0.97297561	0.99528033	0.99654388	1.02301645	1.00320792
0.00102380	1.07557130	1.08903050	0.97934347	1.03486454	1.01712334	0.99847418	1.00829542	1.00817025
0.00112620	0.95491886	1.09498143	1.04489005	0.96384448	1.01893318	1.02122021	1.00438690	0.99077713
0.00122860	1.10337257	0.96405977	0.91765255	1.00050211	0.92482209	1.00648546	0.97598380	0.98664409
0.00133100	0.84658772	1.02654517	0.99476624	0.99759072	1.00626433	0.99759817	1.00449538	1.00271094
0.00143340	1.05522549	1.03547156	0.96777642	0.98744231	0.94925475	1.00343597	0.99980533	0.99381399
0.00153580	1.01938474	0.98488820	1.09915471	0.98528153	0.98351794	0.99962252	1.00608194	1.00816393
0.00163820	1.05550468	1.00869215	1.01430762	0.99136978	0.99528033	1.00467825	1.00836229	1.00015962
0.00184300	0.96472883	0.99110365	1.01133001	1.00573123	1.01433837	0.99521738	0.99368972	1.01719463
0.00204780	1.00291598	0.99384499	1.03251970	0.96230787	0.99701327	0.99849147	1.00346744	1.00218618
0.00225260	0.95869929	1.01461184	1.00555098	0.97142446	0.99475038	1.00393784	0.99879587	1.00523400
0.00245740	1.02301455	0.97159469	0.97255093	0.98357993	1.00651717	0.99870348	0.99157125	0.99865615
0.00266220	1.04713273	1.02351201	0.93788576	1.03321481	0.98434126	0.99302185	1.00029528	1.00040543
0.00286700	1.03708351	1.03686213	1.00143862	0.97763216	1.00832748	1.00402951	0.99521071	1.00867128
0.00307180	1.07125092	0.95972788	0.97782159	1.02842343	0.99882352	0.99971753	1.01473224	1.01343238
0.00327660	0.96070910	0.94786108	1.05289054	0.98421729	1.01453602	1.00517559	0.99882847	0.99338055
0.00368620	1.00734472	1.03837848	1.01150632	0.99281776	0.98718071	0.99690104	1.00297070	1.00408745
0.00409580	0.92206162	1.01910818	0.95183617	0.99916029	1.00880718	1.00106800	0.98858780	0.99624044
0.00450540	1.04446805	0.97982615	1.02401793	1.00561166	0.98660409	0.99845308	1.01982582	0.99772853
0.00491500	0.98426813	0.97560090	1.07887602	0.99497563	0.98320985	1.00284672	0.99691677	1.00229037
0.00532460	1.02166176	0.99287742	1.09648359	1.02651370	1.04511702	1.00279295	0.99944192	0.99878377
0.00573420	0.99456465	1.05145645	0.98699480	1.00535846	1.01808727	1.00114548	1.00296581	0.99510467
0.00614380	1.01463664	0.96470016	1.05605137	0.99636263	1.01265502	0.99831825	1.00324798	1.00361633
0.00655340	1.08789921	1.02253771	1.03198457	0.99965429	1.01663065	1.00199020	0.99875766	0.99159092
0.00737260	1.06334782	1.02712405	0.96717441	1.00397944	1.00724328	1.00164294	1.00543940	0.99803549
0.00819180	0.98348737	1.00525451	1.02077019	1.00613248	1.01954043	0.99937493	0.99574202	0.99717945
0.00901100	1.00153303	1.01044393	0.97966647	1.00625920	0.99693173	1.00322807	1.00015831	1.00259948
0.00983020	1.02085125	0.99806803	0.96692401	1.01957536	0.99615043	0.99635398	0.99911046	1.00103414
0.01064940	0.98098105	1.01238680	1.01163900	0.99587929	1.00373054	1.00647330	1.00674093	1.01272762
0.01146860	0.99952799	0.99977839	0.97559488	0.99726093	1.00599682	1.00197327	0.99750358	0.99742597
0.01228780	0.99852544	1.02300298	1.00683320	1.00398612	1.00009215	1.00213611	0.99752259	1.00149655
0.01310700	1.01479888	0.95876819	0.99437237	1.00448596	1.00052047	1.00006282	1.00450456	1.00097895
0.01474540	0.99649453	0.99532843	0.98520660	1.00699151	1.00595343	0.99567473	1.00099552	1.00260234
0.01638380	0.99948674	1.00807858	1.00417018	0.99374741	0.99975216	0.99911386	0.99747241	1.00154507
0.01802220	1.01048923	0.99899507	0.98977220	0.99830401	0.99318081	1.00099492	0.99834484	1.00587165
0.01966060	1.01174104	0.98268193	0.98328424	0.98947763	1.00162756	1.00026774	1.00747859	1.00187612
0.02129900	0.99325013	1.01401055	0.99722135	1.00549924	1.00887513	0.99726939	1.00338566	0.99857122
0.02293740	0.98924106	0.98980552	1.00348854	0.98485899	1.00791252	1.00074553	0.99826902	1.00338161
0.02457580	0.98548251	0.98372352	1.00589204	1.00430286	0.99244350	1.00155449	0.99781162	1.00264895
0.02621420	1.01555061	0.99588466	0.99993908	1.00131965	1.01248538	0.99935114	1.00075030	1.00001860
0.02949100	1.02624130	0.99478310	1.00008619	1.00138986	1.00057364	0.99835926	1.00413001	1.00401366
0.03276780	1.01655114	0.98319972	0.99996608	0.99598014	1.00239193	0.99919313	0.99947107	1.00145686
0.03604460	1.00104463	0.98600352	1.01199949	0.99690443	0.99490619	0.99690455	0.99944437	1.00444162
0.03932140	0.99766827	0.98620391	1.00485051	0.99199468	1.00703824	1.00005567	1.00576293	1.00055647
0.04259820	0.99633288	0.99857312	0.99064589	1.00042665	0.99267519	1.00041270	0.99912053	1.00106204
0.04587500	0.96991944	0.99718249	1.00364816	0.99000394	0.98767704	1.00011384	0.99494678	1.00333261
0.04915180	0.98445374	0.99360740	0.99268943	0.99648690	0.99686360	0.99839574	1.00196886	1.00459826
0.05242860	1.00160408	0.99106365	0.97993374	1.00038826	0.99768829	1.00005698	1.00229335	1.00456285
0.05898220	0.99727362	1.01039362	1.01505530	0.99198937	1.00597346	0.99822944	0.99863094	1.00224316
0.06553581	0.98857522	0.99773878	1.00068319	1.00038505	1.00736225	0.99880016	0.99977106	1.00317860
0.07208940	0.99709493	1.00504076	1.00593233	0.99587560	1.00845194	1.00061131	1.00114989	1.00186253
0.07864300	0.99550629	0.99897224	0.99157405	1.00006402	0.99773109	0.99895489	1.00081778	1.00319171
0.08519660	0.98850870	0.99434370	1.00311959	1.00101876	1.00268376	1.00169671	1.00115395	1.00206411
0.09175020	1.00100434	0.99350893	0.99658483	1.00494874	0.99983007	1.00126660	0.99852192	1.00096083
0.09830380	1.01013088	0.99627084	1.00245392	0.99135280	1.00149250	1.00036764	1.00021267	1.00526273
0.10485740	1.00823379	1.01183534	0.99013186	0.99726570	0.99628812	1.00049269	1.00190878	1.00400651
0.11796460	1.00928628	0.98751146	1.00186336	1.00506461	0.99948674	0.99974436	0.99853390	1.00188637
0.13107181	1.00609696	0.99751085	0.99414766	0.99889636	0.99949116	0.99874645	0.99958509	1.00267088
0.14417900	0.99520469	0.99348909	1.00273478	1.00005472	0.99928635	1.00020564	0.99853492	1.00371611
0.15728620	1.00302958	1.00100434	0.99749184	1.00544035	1.00241518	1.00061011	0.99975318	1.00336361
0.17039341	0.99964070	1.00278640	1.00042880	1.00479162	0.99822098	1.00009334	1.00002658	1.00182593
0.18350060	0.99851507	1.00308025	0.99743378	0.99774998	1.00607204	1.00035429	1.00133121	1.00254250
0.19660780	1.00020850	1.00281107	1.00052965	1.00053823	0.99961686	0.99938774	1.00093758	1.00309014
0.20971501	0.99422956	1.00374484	1.01568580	0.99698979	1.00754547	0.99998349	1.00032151	1.00246906
0.23592941	0.99768984	1.00219345	1.00247920	0.99614763	1.00308979	0.99955475	0.99941128	1.00193143
0.26214382	1.00092423	0.99906868	0.99903315	0.99775034	1.00209904	1.00133753	1.00110960	1.00213873
0.28835821	0.99617338	0.99632972	0.99941999	1.00350821	0.99739283	0.99968940	1.00104570	1.00265884
0.31457260	0.99730057	1.00518751	0.99821949	1.00243556	1.00220072	0.99923527	1.00029838	1.00206316
0.34078699	0.99974513	0.99642944	0.99846077	0.99435008	1.00075364	1.00082731	1.00017428	1.00187123
0.36700141	1.01415956	0.99691391	1.00118017	1.00126171	1.00221372	1.00077260	0.99875546	1.00199950
0.39321581	1.00467515	1.00338507	1.00290799	0.99987835	1.00089860	0.99929577	0.99823374	1.00113738
0.41943020	0.99189854	0.99903798	1.00359583	0.99560130	0.99768883	1.00022888	0.99913311	1.00148892
0.47185901	1.00081122	0.99754804	1.00009775	0.99857038	0.99949253	1.00019920	0.99998218	1.00109613
0.52428782	0.99874157	0.99588722	0.99914825	0.99978971	1.00208306	1.00003386	1.00031126	1.00131440
0.57671660	0.99607629	1.00136709	1.00062311	1.00079834	0.99898881	0.99991769	1.00122643	1.00122690
0.62914538	1.00308049	0.99889004	1.00079346	0.99729240	0.99904358	1.00035417	0.99939656	1.00141716
0.68157423	1.00052416	1.00191307	1.00064933	1.00034034	0.99772149	0.99969667	0.99965668	1.00097418
0.73400301	0.99908298	1.00102198	0.99717188	0.99882758	1.00187218	0.99933237	0.99954212	1.00039315
0.78643179	1.00616419	0.99824315	0.99892354	0.99993843	0.99587405	0.99955332	0.99987394	1.00020111
0.83886063	1.00069273	0.99724489	1.00080597	1.00155687	1.00126147	0.99990016	1.00121701	1.00089896
0.94371825	1.00060201	0.99938637	0.99874532	1.00025749	0.99939251	1.00020301	0.99981028	0.99953061
1.04857588	1.00093377	0.99984694	0.99985921	1.00038409	0.99871808	0.99994838	0.99985671	0.99981856
1.15343344	0.99781513	0.99784178	1.00096786	1.00056744	0.99844664	0.99978095	1.00043058	0.99933279
1.25829101	0.99647015	1.00100994	0.99797893	0.99940491	0.99910092	1.00006652	0.99894792	0.99934304
1.36314869	1.00179696	1.00054336	0.99784374	0.99874693	1.00002074	0.99979222	0.99955082	0.99878544
1.46800625	0.99733961	0.99820828	1.00187826	0.99932969	1.00150108	1.00044179	0.99960238	0.99946058
1.57286382	1.00245786	1.00079703	0.99754095	0.99975097	1.00126815	0.99981380	0.99938142	0.99808025
1.67772150	0.99824601	1.00247347	1.00124669	0.99983853	1.00251937	0.99988902	1.00042605	0.99914700
1.88743675	0.99813914	0.99859333	0.99850708	1.00015378	1.00166273	1.00012791	0.99965900	0.99825978
2.09715199	0.99670887	0.99844062	1.00013113	1.00056434	0.99942565	0.99992871	1.00018799	0.99871343
2.30686712	0.99994421	1.00233901	1.00105560	0.99985367	0.99803025	0.99992472	0.99996495	0.99846876
2.51658225	0.99916840	0.99893200	0.99935633	0.99892521	0.99899453	0.99988133	1.00043988	0.99753040
2.72629738	0.99932247	0.99990040	1.00113904	1.00045383	1.00137353	0.99947715	0.99999011	0.99894506
2.93601274	0.99700856	1.00341249	1.00073099	1.00138593	0.99944067	0.99998915	0.99932528	1.00038588
3.14572787	1.00255156	0.99881244	1.00029755	0.99999303	1.00209880	1.00023353	1.00033164	1.00021684
3.35544300	1.00219536	0.99966627	1.00193906	0.99853802	1.00177944	1.00023842	0.99994636	1.00056887
3.77487350	1.00201917	1.00042939	1.00001419	0.99939799	0.99921578	0.99991858	0.99879736	1.00008750
4.19430399	1.00153828	1.00002360	0.99990451	1.00204921	0.99913353	0.99985200	1.00109291	0.99976969
4.61373425	0.99597025	0.99998266	1.00034928	0.99960691	1.00036991	1.00002742	0.99880022	0.99996561
5.03316450	1.00000000	1.00000000	1.00000000	1.00000000	1.00000000	1.00000000	1.00000000	1.00000000
5.45259476	0.00000000	0.00000000	0.00000000	0.00000000	0.00000000	0.00000000	0.00000000	0.00000000
5.87202549	0.00000000	0.00000000	0.00000000	0.00000000	0.00000000	0.00000000	0.00000000	0.00000000
6.29145575	0.00000000	0.00000000	0.00000000	0.00000000	0.00000000	0.00000000	0.00000000	0.00000000
6.71088600	0.00000000	0.00000000	0.00000000	0.00000000	0.00000000	0.00000000	0.00000000	0.00000000
7.54974699	0.00000000	0.00000000	0.00000000	0.00000000	0.00000000	0.00000000	0.00000000	0.00000000
8.38860798	0.00000000	0.00000000	0.00000000	0.00000000	0.00000000	0.00000000	0.00000000	0.00000000
9.22746849	0.00000000	0.00000000	0.00000000	0.00000000	0.00000000	0.00000000	0.00000000	0.00000000
10.06632900	0.00000000	0.00000000	0.00000000	0.00000000	0.00000000	0.00000000	0.00000000	0.00000000
10.90518951	0.00000000	0.00000000	0.00000000	0.00000000	0.00000000	0.00000000	0.00000000	0.00000000
11.74405098	0.00000000	0.00000000	0.00000000	0.00000000	0.00000000	0.00000000	0.00000000	0.00000000
12.58291149	0.00000000	0.00000000	0.00000000	0.00000000	0.00000000	0.00000000	0.00000000	0.00000000
13.42177200	0.00000000	0.00000000	0.00000000	0.00000000	0.00000000	0.00000000	0.00000000	0.00000000
15.09949398	0.00000000	0.00000000	0.00000000	0.00000000	0.00000000	0.00000000	0.00000000	0.00000000
16.77721596	0.00000000	0.00000000	0.00000000	0.00000000	0.00000000	0.00000000	0.00000000	0.00000000
18.45493698	0.00000000	0.00000000	0.00000000	0.00000000	0.00000000	0.00000000	0.00000000	0.00000000
20.13265800	0.00000000	0.00000000	0.00000000	0.00000000	0.00000000	0.00000000	0.00000000	0.00000000
21.81037903	0.00000000	0.00000000	0.00000000	0.00000000	0.00000000	0.00000000	0.00000000	0.00000000
23.48810196	0.00000000	0.00000000	0.00000000	0.00000000	0.00000000	0.00000000	0.00000000	0.00000000
25.16582298	0.00000000	0.00000000	0.00000000	0.00000000	0.00000000	0.00000000	0.00000000	0.00000000
26.84354401	0.00000000	0.00000000	0.00000000	0.00000000	0.00000000	0.00000000	0.00000000	0.00000000
30.19898796	0.00000000	0.00000000	0.00000000	0.00000000	0.00000000	0.00000000	0.00000000	0.00000000
33.55443192	0.00000000	0.00000000	0.00000000	0.00000000	0.00000000	0.00000000	0.00000000	0.00000000
36.90987396	0.00000000	0.00000000	0.00000000	0.00000000	0.00000000	0.00000000	0.00000000	0.00000000
40.26531601	0.00000000	0.00000000	0.00000000	0.00000000	0.00000000	0.00000000	0.00000000	0.00000000
43.62075806	0.00000000	0.00000000	0.00000000	0.00000000	0.00000000	0.00000000	0.00000000	0.00000000
46.97620392	0.00000000	0.00000000	0.00000000	0.00000000	0.00000000	0.00000000	0.00000000	0.00000000
50.33164597	0.00000000	0.00000000	0.00000000	0.00000000	0.00000000	0.00000000	0.00000000	0.00000000
53.68708801	0.00000000	0.00000000	0.00000000	0.00000000	0.00000000	0.00000000	0.00000000	0.00000000
60.39797592	0.00000000	0.00000000	0.00000000	0.00000000	0.00000000	0.00000000	0.00000000	0.00000000
67.10886383	0.00000000	0.00000000	0.00000000	0.00000000	0.00000000	0.00000000	0.00000000	0.00000000
73.81974792	0.00000000	0.00000000	0.00000000	0.00000000	0.00000000	0.00000000	0.00000000	0.00000000
80.53063202	0.00000000	0.00000000	0.00000000	0.00000000	0.00000000	0.00000000	0.00000000	0.00000000
87.24151611	0.00000000	0.00000000	0.00000000	0.00000000	0.00000000	0.00000000	0.00000000	0.00000000
93.95240784	0.00000000	0.00000000	0.00000000	0.00000000	0.00000000	0.00000000	0.00000000	0.00000000
100.66329193	0.00000000	0.00000000	0.00000000	0.00000000	0.00000000	0.00000000	0.00000000	0.00000000
107.37417603	0.00000000	0.00000000	0.00000000	0.00000000	0.00000000	0.00000000	0.00000000	0.00000000
120.79595184	0.00000000	0.00000000	0.00000000	0.00000000	0.00000000	0.00000000	0.00000000	0.00000000
134.21772766	0.00000000	0.00000000	0.00000000	0.00000000	0.00000000	0.00000000	0.00000000	0.00000000
147.63949585	0.00000000	0.00000000	0.00000000	0.00000000	0.00000000	0.00000000	0.00000000	0.00000000
161.06126404	0.00000000	0.00000000	0.00000000	0.00000000	0.00000000	0.00000000	0.00000000	0.00000000
174.48303223	0.00000000	0.00000000	0.00000000	0.00000000	0.00000000	0.00000000	0.00000000	0.00000000
187.90481567	0.00000000	0.00000000	0.00000000	0.00000000	0.00000000	0.00000000	0.00000000	0.00000000
201.32658386	0.00000000	0.00000000	0.00000000	0.00000000	0.00000000	0.00000000	0.00000000	0.00000000
214.74835205	0.00000000	0.00000000	0.00000000	0.00000000	0.00000000	0.00000000	0.00000000	0.00000000
241.59190369	0.00000000	0.00000000	0.00000000	0.00000000	0.00000000	0.00000000	0.00000000	0.00000000
268.43545532	0.00000000	0.00000000	0.00000000	0.00000000	0.00000000	0.00000000	0.00000000	0.00000000
295.27899170	0.00000000	0.00000000	0.00000000	0.00000000	0.00000000	0.00000000	0.00000000	0.00000000
322.12252808	0.00000000	0.00000000	0.00000000	0.00000000	0.00000000	0.00000000	0.00000000	0.00000000
348.96606445	0.00000000	0.00000000	0.00000000	0.00000000	0.00000000	0.00000000	0.00000000	0.00000000
375.80963135	0.00000000	0.00000000	0.00000000	0.00000000	0.00000000	0.00000000	0.00000000	0.00000000
402.65316772	0.00000000	0.00000000	0.00000000	0.00000000	0.00000000	0.00000000	0.00000000	0.00000000
429.49670410	0.00000000	0.00000000	0.00000000	0.00000000	0.00000000	0.00000000	0.00000000	0.00000000
483.18380737	0.00000000	0.00000000	0.00000000	0.00000000	0.00000000	0.00000000	0.00000000	0.00000000
536.87091064	0.00000000	0.00000000	0.00000000	0.00000000	0.00000000	0.00000000	0.00000000	0.00000000
590.55798340	0.00000000	0.00000000	0.00000000	0.00000000	0.00000000	0.00000000	0.00000000	0.00000000
644.24505615	0.00000000	0.00000000	0.00000000	0.00000000	0.00000000	0.00000000	0.00000000	0.00000000
697.93212891	0.00000000	0.00000000	0.00000000	0.00000000	0.00000000	0.00000000	0.00000000	0.00000000
751.61926270	0.00000000	0.00000000	0.00000000	0.00000000	0.00000000	0.00000000	0.00000000	0.00000000
805.30633545	0.00000000	0.00000000	0.00000000	0.00000000	0.00000000	0.00000000	0.00000000	0.00000000
858.99340820	0.00000000	0.00000000	0.00000000	0.00000000	0.00000000	0.00000000	0.00000000	0.00000000
966.36761475	0.00000000	0.00000000	0.00000000	0.00000000	0.00000000	0.00000000	0.00000000	0.00000000
1073.74182129	0.00000000	0.00000000	0.00000000	0.00000000	0.00000000	0.00000000	0.00000000	0.00000000
1181.11596680	0.00000000	0.00000000	0.00000000	0.00000000	0.00000000	0.00000000	0.00000000	0.00000000
1288.49011230	0.00000000	0.00000000	0.00000000	0.00000000	0.00000000	0.00000000	0.00000000	0.00000000
1395.86425781	0.00000000	0.00000000	0.00000000	0.00000000	0.00000000	0.00000000	0.00000000	0.00000000
1503.23852539	0.00000000	0.00000000	0.00000000	0.00000000	0.00000000	0.00000000	0.00000000	0.00000000
1610.61267090	0.00000000	0.00000000	0.00000000	0.00000000	0.00000000	0.00000000	0.00000000	0.00000000
1717.98681641	0.00000000	0.00000000	0.00000000	0.00000000	0.00000000	0.00000000	0.00000000	0.00000000
1932.73522949	0.00000000	0.00000000	0.00000000	0.00000000	0.00000000	0.00000000	0.00000000	0.00000000
2147.48364258	0.00000000	0.00000000	0.00000000	0.00000000	0.00000000	0.00000000	0.00000000	0.00000000
2362.23193359	0.00000000	0.00000000	0.00000000	0.00000000	0.00000000	0.00000000	0.00000000	0.00000000
2576.98022461	0.00000000	0.00000000	0.00000000	0.00000000	0.00000000	0.00000000	0.00000000	0.00000000
2791.72851562	0.00000000	0.00000000	0.00000000	0.00000000	0.00000000	0.00000000	0.00000000	0.00000000
3006.47705078	0.00000000	0.00000000	0.00000000	0.00000000	0.00000000	0.00000000	0.00000000	0.00000000
3221.22534180	0.00000000	0.00000000	0.00000000	0.00000000	0.00000000	0.00000000	0.00000000	0.00000000
3435.97363281	0.00000000	0.00000000	0.00000000	0.00000000	0.00000000	0.00000000	0.00000000	0.00000000
0	0	0	0	0	0	0	0	0
