%12/15/2014 10:14:02 PM
%Duration	ID1		ID2		ID3		ID4		ID5		ID6		ID7		ID8
3000.000000	1.344681	2.164841	2.412796	3.280640	6.475449	8.020401	12.245178	11.987686
%Tau		Tau1		Tau2		Tau3		Tau4		Tau5		Tau6		Tau7		Tau8
%		0.000001	0.000001	0.000001	0.000002	0.000003	0.000008	0.000010	0.000004
%Delaytime	D1		D2		D3		D4		D5		D6		D7		D8
0.00000000	8.45471859	38.54933167	27.33503723	18.85939026	8.89717865	3.48565459	4.52306795	6.97145033
0.00000020	4.22735929	4.62591982	5.08558798	3.07908416	2.15096641	1.71516335	1.57661223	2.07183671
0.00000040	2.11367965	1.54197323	1.90709555	2.30931306	1.27102554	1.10655701	1.44738173	0.89592934
0.00000060	0.00000000	3.85493326	1.27139699	1.15465653	1.36879683	1.10655701	1.36984336	1.56787634
0.00000080	4.22735929	0.00000000	0.00000000	1.15465653	1.46656799	1.38319623	1.36984336	1.17590725
0.00000100	0.00000000	0.77098662	0.63569850	2.30931306	0.78216958	1.65983558	1.78338099	1.25990069
0.00000120	6.34103870	0.00000000	1.27139699	1.53954208	1.75988162	1.38319623	1.60245836	1.34389400
0.00000140	2.11367965	0.77098662	1.90709555	1.92442763	1.27102554	1.43852413	1.47322786	1.45588517
0.00000160	2.11367965	2.31295991	0.63569850	1.53954208	1.07548320	1.54917979	1.34399724	0.89592934
0.00000180	0.00000000	0.00000000	1.90709555	3.07908416	1.56433916	1.49385202	1.44738173	2.01584101
0.00000200	0.00000000	0.77098662	0.00000000	0.38488552	1.07548320	1.65983558	1.26645899	1.48388302
0.00000220	0.00000000	0.77098662	0.63569850	1.15465653	1.46656799	1.43852413	1.36984336	1.31589627
0.00000240	0.00000000	1.54197323	0.63569850	1.15465653	1.75988162	1.54917979	1.31815124	1.39988959
0.00000260	0.00000000	0.00000000	1.90709555	0.38488552	1.46656799	0.88524562	1.24061286	1.59587419
0.00000280	2.11367965	1.54197323	1.27139699	1.15465653	2.05319524	1.16188490	1.21476674	1.87585211
0.00000300	2.11367965	0.77098662	1.27139699	0.38488552	1.07548320	1.32786846	1.75753498	1.59587419
0.00000340	3.17051935	0.38549331	0.95354778	1.15465653	1.51545358	1.63217163	1.34399724	1.49788189
0.00000380	1.05683982	3.46943998	0.95354778	1.53954208	1.56433916	1.49385202	1.56368911	1.41388845
0.00000420	2.11367965	1.92746663	1.58924627	1.15465653	1.75988162	1.35553241	1.40861261	1.48388302
0.00000460	2.11367965	1.92746663	0.00000000	1.53954208	1.90653837	1.46618807	1.55076611	1.35789287
0.00000500	0.00000000	1.15647995	0.63569850	0.76977104	1.31991124	1.10655701	1.77045798	1.44188631
0.00000540	1.05683982	0.00000000	1.90709555	1.15465653	0.83105516	1.30020452	1.36984336	1.39988959
0.00000580	1.05683982	2.31295991	0.95354778	1.34709930	1.27102554	1.52151597	1.48615086	1.46988404
0.00000620	2.11367965	2.31295991	1.90709555	2.30931306	1.12436879	1.13422096	1.21476674	1.45588517
0.00000700	1.05683982	0.38549331	1.11247241	1.05843520	1.34435403	1.28637254	1.54430461	1.34389400
0.00000780	1.58525968	0.96373332	1.11247241	1.53954208	1.46656799	1.43852413	1.36338186	1.32989514
0.00000860	2.11367965	1.15647995	2.22494483	1.34709930	1.22213995	1.60450768	1.30522811	1.10591280
0.00000940	1.05683982	0.57823998	0.63569850	2.50175595	1.17325437	1.30020452	1.23415136	1.29489791
0.00001020	1.05683982	0.57823998	1.74817097	1.44332063	1.24658275	1.24487662	1.42799711	1.28089905
0.00001100	1.58525968	1.15647995	0.79462314	0.57732826	1.27102554	1.20338082	1.49261236	1.33689463
0.00001180	2.11367965	0.77098662	0.63569850	0.96221381	1.31991124	1.49385202	1.25999749	1.21090448
0.00001260	1.05683982	1.15647995	1.11247241	1.15465653	1.02659762	1.63217163	1.36984336	1.11991167
0.00001420	0.52841991	0.96373332	1.03301013	1.29898858	1.33213258	1.21721268	1.34076655	1.29839766
0.00001580	1.05683982	1.06010664	1.27139699	1.20276725	1.17325437	1.27254057	1.36984336	1.27739930
0.00001740	1.05683982	1.25285327	1.50978398	0.96221381	1.12436879	1.12730503	1.28907430	1.23190284
0.00001900	0.52841991	1.25285327	1.27139699	1.05843520	1.36879683	1.15496886	1.18892074	1.15490890
0.00002060	0.26420996	0.57823998	0.63569850	1.53954208	1.22213995	1.12730503	1.18568993	1.28089905
0.00002220	1.32104981	1.25285327	1.19193470	1.68387413	1.41768241	1.09272504	1.11784387	1.18290675
0.00002380	1.58525968	0.96373332	0.87408549	1.34709930	0.96549058	1.16880083	1.16307461	1.16540813
0.00002540	0.00000000	1.15647995	1.27139699	0.91410309	1.45434654	1.19646478	1.23738217	1.18990612
0.00002860	0.79348123	0.87074316	0.86947358	1.35453331	1.14264846	1.07141888	1.15966713	1.16808057
0.00003180	1.19022179	1.35448933	1.30421031	1.20940471	1.21022451	1.16473603	1.04906774	1.15927160
0.00003500	0.66123438	1.20936549	1.10660267	1.04008806	1.16107833	1.16473603	1.11900556	1.05180109
0.00003820	1.45471561	1.64473701	0.79043055	1.11265230	1.13036191	1.14745510	1.10762036	1.12755895
0.00004140	1.05797493	0.87074316	0.98803812	0.96763486	1.05664265	1.10598087	1.13039076	1.04299200
0.00004460	0.66123438	1.16099083	0.94851661	1.23373449	1.19793797	1.13363039	1.07834399	0.98488277
0.00004780	1.19022179	0.96749234	1.02755964	1.13697100	0.92149073	0.97464561	1.11412621	1.13992691
0.00005100	0.26449373	0.82236850	0.82995206	1.23359275	1.14264846	1.10943699	1.05882645	1.10997522
0.00005740	0.46286404	0.82050240	0.90846175	1.10055828	1.07689762	0.98920006	1.02541173	1.01706576
0.00006380	0.72735780	0.86876720	1.16520095	0.84658331	1.00627351	1.06529236	1.03434956	1.03994095
0.00007020	0.66123438	1.18248868	1.04670584	0.91914761	1.13512552	1.01345527	1.02459919	1.01181817
0.00007660	0.99185151	1.08595908	1.34294343	1.02799404	1.10444641	1.07744467	1.01159871	1.03469408
0.00008300	1.25634527	1.15835631	0.96770924	1.16102850	1.08910692	1.00653744	1.08066368	1.01093829
0.00008940	1.19022179	1.11009145	0.96770924	1.19731069	0.98786598	1.02210248	1.00672364	0.92471379
0.00009580	0.59511089	1.23075354	1.20469928	0.87077141	1.08910692	1.02383184	1.02866185	1.04349244
0.00010220	0.59511089	1.15835631	0.77021754	1.02799404	0.98786598	1.03420854	0.97422242	1.05581021
0.00011500	0.85914332	0.99007154	0.94963121	1.03380370	0.97280771	1.01649070	1.00636423	1.00428176
0.00012780	1.02436316	0.94177532	0.93973923	1.01566672	0.97741091	1.01735580	1.01773548	1.03506100
0.00014060	0.99131924	0.94177532	0.98919916	0.99752980	0.99275488	1.00264907	0.99093163	1.02274930
0.00015340	0.95827526	0.90540630	1.02876711	1.11239696	1.00963330	1.00610948	0.99864793	1.02714634
0.00016620	1.12349510	0.98991090	0.93973923	1.01566672	0.98047972	1.03811812	0.99052554	1.01087737
0.00017900	0.92523128	1.11063170	0.82103533	0.91289091	0.97434211	1.00697458	0.97549909	1.00999796
0.00019180	1.22262704	0.82090175	1.05844307	0.97939295	1.05106199	1.04157853	0.99742955	1.01527441
0.00020460	1.02436316	1.08648753	0.98919916	0.96730167	1.03878677	0.99918872	1.01367438	1.02406836
0.00023020	0.93822467	0.96655053	0.95513815	0.99102908	0.99670613	1.00856793	1.01367211	1.00533020
0.00025580	0.97114486	1.00883710	1.12834978	1.05133700	1.00284445	1.00294793	0.99723744	0.99523079
0.00028140	1.02052510	0.99071431	0.93039364	0.99091536	1.01051736	1.00510943	1.03375888	1.00818443
0.00030700	0.85592425	1.05716467	1.08843887	1.05737913	1.00361168	1.01807857	1.00170112	1.01301455
0.00033260	1.08636546	1.07528746	0.91033065	0.92143041	0.96985108	1.00035405	0.99642587	1.02355301
0.00035820	0.88908261	1.09341025	0.95485771	0.95164126	1.02509582	1.03969383	0.99439687	1.00990951
0.00038380	0.80676013	1.08115292	1.01422703	0.96976775	0.98513985	0.97787422	0.99804902	1.01034868
0.00040940	0.87261808	1.11757410	0.89535683	1.00904179	0.97286397	1.01116168	1.02158511	0.99893230
0.00046060	1.02985835	1.01093686	1.04607809	1.04843628	1.00286674	0.98037958	0.99661022	1.01339102
0.00051180	1.25230777	1.09819031	1.03371310	1.00009334	1.02627850	0.97480118	1.00667524	1.01064801
0.00056300	1.06281376	1.00491929	1.02876711	1.02275407	1.02058053	0.99642020	1.02715135	1.01459801
0.00061420	0.90627533	0.94775325	0.98425317	0.93362188	1.02052152	0.97743791	1.00191092	0.99828029
0.00066540	1.02161944	1.00491929	1.06586206	0.93815404	0.99250424	0.99430150	0.99954981	0.99487883
0.00071660	1.08753037	0.98385817	1.02382112	1.02124333	0.98559582	1.00640869	1.00228655	0.99326366
0.00076780	0.93923080	0.99890184	0.97683418	0.97441119	1.01361322	0.99581486	1.01019299	1.01312459
0.00081900	0.91451424	1.03199804	0.99414515	1.07260764	1.02282429	0.99884164	0.98059469	0.99534851
0.00092140	0.99700993	1.00276518	0.97470373	1.02069604	0.99588126	0.98966980	1.01249266	1.00437975
0.00102380	0.97239244	1.01178551	1.04059577	1.01316321	0.98437262	1.00124550	0.99500537	0.99925905
0.00112620	1.07906842	0.97554606	1.01682436	0.99948955	1.02298570	0.98350328	0.98978448	0.99712169
0.00122860	1.01342165	1.01446378	0.96710187	0.96182984	0.98180085	1.00628650	0.99140650	1.00607860
0.00133100	1.10368598	0.96336490	0.98450476	0.99045122	1.03461468	0.98664063	0.99310875	0.99862534
0.00143340	0.83289307	1.08209479	1.09513724	0.97840011	0.99745470	0.98783064	1.01170230	1.00942159
0.00153580	1.02573037	1.00694931	0.97083110	1.01380026	1.00743115	1.01303756	0.99761146	1.01364148
0.00163820	1.00111282	0.97689110	0.99569231	1.00001359	1.00812340	1.00600564	1.01427770	0.99868017
0.00184300	1.00877893	1.06665957	0.99101645	0.97527558	0.99676335	0.99711323	1.00170374	1.00565803
0.00204780	1.00494695	0.99299312	0.98138243	0.99523294	0.98845977	1.00746059	1.00213015	1.00232327
0.00225260	1.01109970	1.00126183	0.98897201	0.99899846	0.99030024	0.99668026	1.00093913	1.00412774
0.00245740	1.09753156	1.00351691	0.99145371	0.98416191	0.99225658	1.00638855	1.00431836	1.00420260
0.00266220	0.96828949	1.00969398	1.01130760	0.98717505	0.98650324	0.99062985	1.00116718	1.00118589
0.00286700	1.06675959	1.02715206	1.01751196	0.98981154	1.01360250	0.99576020	0.99429578	0.99436539
0.00307180	0.92726028	0.97000456	1.01937330	1.00977349	0.99125916	1.00265598	0.99981540	0.99676901
0.00327660	1.06060529	0.99825501	1.01875281	0.97474587	0.99313861	0.98856223	1.00500524	1.00394511
0.00368620	0.99389493	0.97724676	1.01215088	0.99022675	1.00557148	0.99857569	1.00489199	1.00169504
0.00409580	0.98057467	0.99605441	1.00285947	1.01170015	1.01440239	1.00732815	1.00819242	0.99593377
0.00450540	1.00209200	0.99643058	1.04126048	1.01784444	1.00347126	1.00274694	1.00107479	0.99986368
0.00491500	1.00338495	1.00282514	0.99927372	0.99708194	1.00715721	1.00594282	1.00003374	0.99720722
0.00532460	0.99211103	0.94414526	0.99989343	1.03569198	0.99059182	1.00298607	1.00262761	1.00827885
0.00573420	0.94803995	0.97176182	1.00918901	0.97817147	1.00307512	0.99701601	1.00404084	1.00404382
0.00614380	1.05155563	0.99170119	0.99663156	1.00668740	0.99690479	1.00447428	1.00794542	1.00825143
0.00655340	1.02695787	0.98869151	0.99850720	1.00039840	0.99855810	1.00466824	1.00603509	0.99988443
0.00737260	1.01269579	1.00898278	0.98844844	1.03180909	1.00661445	0.99735940	0.99986428	1.00597107
0.00819180	0.98317605	0.96499020	0.98236161	0.99184740	0.99594766	0.99625820	1.00500333	1.00386143
0.00901100	1.01188397	1.00682485	0.99947906	0.98546106	0.99874955	1.00619304	1.00152361	0.99911833
0.00983020	0.99803656	1.02233171	1.02586699	1.00679338	1.00474286	0.99833894	1.00150537	1.00147867
0.01064940	1.01806962	0.98807913	0.99684888	0.99226320	1.00231910	1.00257945	1.00657034	1.00112617
0.01146860	1.01523244	0.98880315	0.99732304	0.99725658	1.00814760	0.99495941	1.00063205	0.99961513
0.01228780	1.01903224	1.01378143	0.97606379	1.01051915	1.01011181	1.00121582	1.00147784	1.00314629
0.01310700	1.04242158	1.01350069	1.02401805	1.00550532	1.00377476	1.00118876	1.00488245	1.00233090
0.01474540	1.01718223	1.00066257	1.00664771	1.00644243	0.99871820	1.00232136	1.00066769	1.00522995
0.01638380	0.99092489	1.00672495	0.98911792	0.99235743	1.00193179	0.99759585	1.00404429	0.99990988
0.01802220	1.00687015	1.01377833	1.00176108	1.00253820	1.00021660	1.00222433	1.00082803	1.00215840
0.01966060	0.99375170	0.98736542	0.99629629	1.01193559	0.99710584	1.00053942	1.00075734	0.99933702
0.02129900	1.01760554	0.99773526	0.98003030	0.99418241	0.99809378	1.00193942	1.00122237	1.00297248
0.02293740	1.01018536	0.99835283	1.02296829	0.99971241	1.00070786	0.99934691	1.00102365	1.00386918
0.02457580	0.99088472	1.01156783	0.99128580	1.00684988	1.00191438	1.00130475	1.00663924	0.99812394
0.02621420	1.01787758	1.01229918	0.99957556	1.00003409	1.00083911	0.99775326	1.00202191	1.00312781
0.02949100	0.97384304	0.99332488	1.00735652	1.00293159	0.99822479	0.99710679	1.00179541	1.00176942
0.03276780	1.00388038	0.99272072	1.00743675	1.00714612	0.99779469	0.99908990	1.00347650	1.00248766
0.03604460	1.02824473	1.00001454	1.00857460	0.99604028	1.00334764	0.99926639	1.00352645	1.00256205
0.03932140	0.98386467	1.00686300	0.99060875	1.00502849	1.00264227	0.99873948	1.00127172	1.00082707
0.04259820	1.00366902	0.99375594	1.00845838	1.00524259	1.00348997	0.99926823	1.00351906	0.99947321
0.04587500	0.98874861	0.98857963	1.00511777	1.01011264	1.00213206	0.99867129	1.00084925	1.00218296
0.04915180	1.02321017	1.00719237	1.00319564	0.99313408	1.00363803	0.99959898	1.00475991	1.00210690
0.05242860	1.02578127	0.99846756	0.99789906	1.00930882	0.99914181	1.00157118	1.00198507	1.00339162
0.05898220	0.99965078	1.00860035	0.99272311	1.00586414	1.00269747	1.00106370	1.00312829	1.00223196
0.06553581	1.01156986	0.99729967	0.99540043	1.00558960	1.00099921	1.00169301	1.00204456	1.00117290
0.07208940	0.99700761	1.00361502	0.99868375	1.00299346	1.00267434	1.00105453	1.00244904	1.00198662
0.07864300	1.00261652	0.99130279	1.00294578	0.99521494	0.99958116	1.00293994	1.00329483	1.00230479
0.08519660	0.99676448	0.99252903	0.99684548	1.01047993	1.00297928	1.00115812	1.00283527	1.00191498
0.09175020	0.98867166	1.00859475	1.00438166	1.00724506	0.99906427	0.99921799	1.00227892	1.00238132
0.09830380	0.99237156	1.00464535	0.99600720	1.00235152	1.00054061	1.00178576	1.00389922	1.00259495
0.10485740	0.99033761	0.99567103	1.00446153	1.00712585	1.00298333	1.00094736	1.00270152	1.00299621
0.11796460	0.99309409	1.00035441	1.00258923	1.00485194	1.00152016	0.99977994	1.00212252	1.00199914
0.13107181	1.00207722	1.00022495	1.00043929	1.00087738	1.00245190	1.00051618	1.00284922	1.00207925
0.14417900	0.99167448	1.00100923	0.99951023	1.00729299	1.00350881	1.00115991	1.00236690	1.00203943
0.15728620	1.00321794	1.01034629	1.00485730	1.00615966	1.00376606	0.99873787	1.00298643	1.00181603
0.17039341	1.00004208	1.00194275	1.00386906	1.00437093	1.00081134	1.00001764	1.00138271	1.00132489
0.18350060	0.99871409	1.00026762	1.00024939	1.00739264	1.00024104	1.00156319	1.00206649	1.00396442
0.19660780	1.00048172	0.99341106	1.00353765	1.00483000	1.00103140	1.00158083	1.00370789	1.00312841
0.20971501	1.00285769	1.00161529	1.00702238	1.00705218	1.00106955	0.99951428	1.00458026	1.00315690
0.23592941	1.00173557	1.00447881	1.00090122	1.00397098	1.00090587	0.99944508	1.00266302	1.00245476
0.26214382	1.00240731	0.99986619	1.00010967	1.00314307	1.00102162	1.00095320	1.00223839	1.00185692
0.28835821	0.98749900	0.99717289	0.99815965	1.00532234	1.00176978	1.00034976	1.00258744	1.00198519
0.31457260	0.98881954	1.00282598	0.99863720	1.00513780	1.00172293	1.00007236	1.00336337	1.00252879
0.34078699	0.99017304	1.00008893	0.99845159	1.00755715	0.99968362	1.00020576	1.00266206	1.00107360
0.36700141	0.99783474	0.99822110	1.00305510	1.00290108	0.99981809	1.00125766	1.00264227	1.00252271
0.39321581	1.00358903	1.00043559	1.00092196	1.00595891	1.00133920	0.99988836	1.00205112	1.00158525
0.41943020	1.00727046	0.99856073	1.00171506	1.00642133	1.00094068	0.99987710	1.00176275	1.00218379
0.47185901	1.00537479	0.99819851	0.99776697	1.00331390	1.00099456	1.00101078	1.00131464	1.00182819
0.52428782	0.99628413	1.00408888	0.99991041	1.00533819	1.00009406	0.99985397	1.00240505	1.00185740
0.57671660	0.99793077	1.00003922	0.99761081	1.00442731	0.99990940	0.99982381	1.00178957	1.00188720
0.62914538	1.00299990	1.00053954	1.00001740	1.00117612	1.00140107	0.99990028	1.00174546	1.00152993
0.68157423	0.99815941	1.00336134	0.99928468	1.00335455	1.00013649	1.00038397	1.00102115	1.00094998
0.73400301	0.99640638	0.99733788	0.99908978	1.00567186	0.99987435	1.00074184	1.00141430	1.00153089
0.78643179	0.99899596	1.00141740	0.99873686	1.00312459	1.00085509	1.00053382	1.00120389	1.00093353
0.83886063	1.00261939	0.99950987	1.00023103	1.00273287	1.00004244	1.00018358	1.00077820	1.00167513
0.94371825	0.99731010	0.99910033	0.99742377	1.00387108	0.99895585	0.99966598	1.00060248	1.00098407
1.04857588	1.00010753	0.99783754	0.99911863	1.00365186	0.99932927	1.00046039	0.99991018	1.00127733
1.15343344	0.99616212	1.00029755	0.99969316	1.00125504	0.99913287	1.00037241	0.99974638	1.00125492
1.25829101	1.00156057	0.99919373	1.00117671	1.00141132	0.99826437	1.00011694	0.99968398	1.00072098
1.36314869	1.00082338	0.99985957	1.00136220	1.00206089	0.99912590	0.99985778	0.99903995	1.00048125
1.46800625	1.00016010	1.00102580	1.00094414	1.00244069	0.99979424	1.00057328	0.99874818	1.00054228
1.57286382	0.99921697	0.99960124	1.00144923	0.99990475	0.99966025	1.00013804	1.00019979	1.00024724
1.67772150	0.99750972	0.99934810	1.00011265	1.00264597	1.00077152	0.99941695	0.99893337	1.00086796
1.88743675	1.00133586	0.99904013	0.99969053	1.00076497	0.99944174	1.00012112	0.99936110	1.00033736
2.09715199	1.00048876	0.99895388	0.99927408	1.00124395	1.00021219	1.00001132	0.99989665	1.00072837
2.30686712	1.00146210	1.00052750	0.99910754	1.00117159	1.00088823	0.99990368	0.99980205	1.00080180
2.51658225	0.99850279	1.00044644	0.99990827	1.00139737	0.99999696	1.00040233	1.00121653	1.00089681
2.72629738	1.00369024	1.00184000	0.99961740	1.00089550	1.00070524	1.00056231	1.00164032	1.00044417
2.93601274	0.99609423	0.99988228	1.00197113	1.00072062	1.00071466	1.00018692	1.00193882	1.00064468
3.14572787	1.00107014	1.00244772	1.00232518	1.00185394	1.00057185	1.00062919	1.00259662	1.00090504
3.35544300	0.99936163	1.00099528	0.99973053	1.00066376	1.00096047	1.00001121	1.00251770	1.00140810
3.77487350	0.99795383	1.00170410	0.99872607	1.00022328	1.00161231	1.00052643	1.00163043	1.00059867
4.19430399	0.99905193	0.99846554	0.99917555	0.99905568	0.99997747	1.00011170	1.00073123	1.00034320
4.61373425	1.00063133	0.99935287	1.00047076	1.00012815	0.99950135	1.00000608	0.99988323	1.00004303
5.03316450	1.00000000	1.00000000	1.00000000	1.00000000	1.00000000	1.00000000	1.00000000	1.00000000
5.45259476	0.00000000	0.00000000	0.00000000	0.00000000	0.00000000	0.00000000	0.00000000	0.00000000
5.87202549	0.00000000	0.00000000	0.00000000	0.00000000	0.00000000	0.00000000	0.00000000	0.00000000
6.29145575	0.00000000	0.00000000	0.00000000	0.00000000	0.00000000	0.00000000	0.00000000	0.00000000
6.71088600	0.00000000	0.00000000	0.00000000	0.00000000	0.00000000	0.00000000	0.00000000	0.00000000
7.54974699	0.00000000	0.00000000	0.00000000	0.00000000	0.00000000	0.00000000	0.00000000	0.00000000
8.38860798	0.00000000	0.00000000	0.00000000	0.00000000	0.00000000	0.00000000	0.00000000	0.00000000
9.22746849	0.00000000	0.00000000	0.00000000	0.00000000	0.00000000	0.00000000	0.00000000	0.00000000
10.06632900	0.00000000	0.00000000	0.00000000	0.00000000	0.00000000	0.00000000	0.00000000	0.00000000
10.90518951	0.00000000	0.00000000	0.00000000	0.00000000	0.00000000	0.00000000	0.00000000	0.00000000
11.74405098	0.00000000	0.00000000	0.00000000	0.00000000	0.00000000	0.00000000	0.00000000	0.00000000
12.58291149	0.00000000	0.00000000	0.00000000	0.00000000	0.00000000	0.00000000	0.00000000	0.00000000
13.42177200	0.00000000	0.00000000	0.00000000	0.00000000	0.00000000	0.00000000	0.00000000	0.00000000
15.09949398	0.00000000	0.00000000	0.00000000	0.00000000	0.00000000	0.00000000	0.00000000	0.00000000
16.77721596	0.00000000	0.00000000	0.00000000	0.00000000	0.00000000	0.00000000	0.00000000	0.00000000
18.45493698	0.00000000	0.00000000	0.00000000	0.00000000	0.00000000	0.00000000	0.00000000	0.00000000
20.13265800	0.00000000	0.00000000	0.00000000	0.00000000	0.00000000	0.00000000	0.00000000	0.00000000
21.81037903	0.00000000	0.00000000	0.00000000	0.00000000	0.00000000	0.00000000	0.00000000	0.00000000
23.48810196	0.00000000	0.00000000	0.00000000	0.00000000	0.00000000	0.00000000	0.00000000	0.00000000
25.16582298	0.00000000	0.00000000	0.00000000	0.00000000	0.00000000	0.00000000	0.00000000	0.00000000
26.84354401	0.00000000	0.00000000	0.00000000	0.00000000	0.00000000	0.00000000	0.00000000	0.00000000
30.19898796	0.00000000	0.00000000	0.00000000	0.00000000	0.00000000	0.00000000	0.00000000	0.00000000
33.55443192	0.00000000	0.00000000	0.00000000	0.00000000	0.00000000	0.00000000	0.00000000	0.00000000
36.90987396	0.00000000	0.00000000	0.00000000	0.00000000	0.00000000	0.00000000	0.00000000	0.00000000
40.26531601	0.00000000	0.00000000	0.00000000	0.00000000	0.00000000	0.00000000	0.00000000	0.00000000
43.62075806	0.00000000	0.00000000	0.00000000	0.00000000	0.00000000	0.00000000	0.00000000	0.00000000
46.97620392	0.00000000	0.00000000	0.00000000	0.00000000	0.00000000	0.00000000	0.00000000	0.00000000
50.33164597	0.00000000	0.00000000	0.00000000	0.00000000	0.00000000	0.00000000	0.00000000	0.00000000
53.68708801	0.00000000	0.00000000	0.00000000	0.00000000	0.00000000	0.00000000	0.00000000	0.00000000
60.39797592	0.00000000	0.00000000	0.00000000	0.00000000	0.00000000	0.00000000	0.00000000	0.00000000
67.10886383	0.00000000	0.00000000	0.00000000	0.00000000	0.00000000	0.00000000	0.00000000	0.00000000
73.81974792	0.00000000	0.00000000	0.00000000	0.00000000	0.00000000	0.00000000	0.00000000	0.00000000
80.53063202	0.00000000	0.00000000	0.00000000	0.00000000	0.00000000	0.00000000	0.00000000	0.00000000
87.24151611	0.00000000	0.00000000	0.00000000	0.00000000	0.00000000	0.00000000	0.00000000	0.00000000
93.95240784	0.00000000	0.00000000	0.00000000	0.00000000	0.00000000	0.00000000	0.00000000	0.00000000
100.66329193	0.00000000	0.00000000	0.00000000	0.00000000	0.00000000	0.00000000	0.00000000	0.00000000
107.37417603	0.00000000	0.00000000	0.00000000	0.00000000	0.00000000	0.00000000	0.00000000	0.00000000
120.79595184	0.00000000	0.00000000	0.00000000	0.00000000	0.00000000	0.00000000	0.00000000	0.00000000
134.21772766	0.00000000	0.00000000	0.00000000	0.00000000	0.00000000	0.00000000	0.00000000	0.00000000
147.63949585	0.00000000	0.00000000	0.00000000	0.00000000	0.00000000	0.00000000	0.00000000	0.00000000
161.06126404	0.00000000	0.00000000	0.00000000	0.00000000	0.00000000	0.00000000	0.00000000	0.00000000
174.48303223	0.00000000	0.00000000	0.00000000	0.00000000	0.00000000	0.00000000	0.00000000	0.00000000
187.90481567	0.00000000	0.00000000	0.00000000	0.00000000	0.00000000	0.00000000	0.00000000	0.00000000
201.32658386	0.00000000	0.00000000	0.00000000	0.00000000	0.00000000	0.00000000	0.00000000	0.00000000
214.74835205	0.00000000	0.00000000	0.00000000	0.00000000	0.00000000	0.00000000	0.00000000	0.00000000
241.59190369	0.00000000	0.00000000	0.00000000	0.00000000	0.00000000	0.00000000	0.00000000	0.00000000
268.43545532	0.00000000	0.00000000	0.00000000	0.00000000	0.00000000	0.00000000	0.00000000	0.00000000
295.27899170	0.00000000	0.00000000	0.00000000	0.00000000	0.00000000	0.00000000	0.00000000	0.00000000
322.12252808	0.00000000	0.00000000	0.00000000	0.00000000	0.00000000	0.00000000	0.00000000	0.00000000
348.96606445	0.00000000	0.00000000	0.00000000	0.00000000	0.00000000	0.00000000	0.00000000	0.00000000
375.80963135	0.00000000	0.00000000	0.00000000	0.00000000	0.00000000	0.00000000	0.00000000	0.00000000
402.65316772	0.00000000	0.00000000	0.00000000	0.00000000	0.00000000	0.00000000	0.00000000	0.00000000
429.49670410	0.00000000	0.00000000	0.00000000	0.00000000	0.00000000	0.00000000	0.00000000	0.00000000
483.18380737	0.00000000	0.00000000	0.00000000	0.00000000	0.00000000	0.00000000	0.00000000	0.00000000
536.87091064	0.00000000	0.00000000	0.00000000	0.00000000	0.00000000	0.00000000	0.00000000	0.00000000
590.55798340	0.00000000	0.00000000	0.00000000	0.00000000	0.00000000	0.00000000	0.00000000	0.00000000
644.24505615	0.00000000	0.00000000	0.00000000	0.00000000	0.00000000	0.00000000	0.00000000	0.00000000
697.93212891	0.00000000	0.00000000	0.00000000	0.00000000	0.00000000	0.00000000	0.00000000	0.00000000
751.61926270	0.00000000	0.00000000	0.00000000	0.00000000	0.00000000	0.00000000	0.00000000	0.00000000
805.30633545	0.00000000	0.00000000	0.00000000	0.00000000	0.00000000	0.00000000	0.00000000	0.00000000
858.99340820	0.00000000	0.00000000	0.00000000	0.00000000	0.00000000	0.00000000	0.00000000	0.00000000
966.36761475	0.00000000	0.00000000	0.00000000	0.00000000	0.00000000	0.00000000	0.00000000	0.00000000
1073.74182129	0.00000000	0.00000000	0.00000000	0.00000000	0.00000000	0.00000000	0.00000000	0.00000000
1181.11596680	0.00000000	0.00000000	0.00000000	0.00000000	0.00000000	0.00000000	0.00000000	0.00000000
1288.49011230	0.00000000	0.00000000	0.00000000	0.00000000	0.00000000	0.00000000	0.00000000	0.00000000
1395.86425781	0.00000000	0.00000000	0.00000000	0.00000000	0.00000000	0.00000000	0.00000000	0.00000000
1503.23852539	0.00000000	0.00000000	0.00000000	0.00000000	0.00000000	0.00000000	0.00000000	0.00000000
1610.61267090	0.00000000	0.00000000	0.00000000	0.00000000	0.00000000	0.00000000	0.00000000	0.00000000
1717.98681641	0.00000000	0.00000000	0.00000000	0.00000000	0.00000000	0.00000000	0.00000000	0.00000000
1932.73522949	0.00000000	0.00000000	0.00000000	0.00000000	0.00000000	0.00000000	0.00000000	0.00000000
2147.48364258	0.00000000	0.00000000	0.00000000	0.00000000	0.00000000	0.00000000	0.00000000	0.00000000
2362.23193359	0.00000000	0.00000000	0.00000000	0.00000000	0.00000000	0.00000000	0.00000000	0.00000000
2576.98022461	0.00000000	0.00000000	0.00000000	0.00000000	0.00000000	0.00000000	0.00000000	0.00000000
2791.72851562	0.00000000	0.00000000	0.00000000	0.00000000	0.00000000	0.00000000	0.00000000	0.00000000
3006.47705078	0.00000000	0.00000000	0.00000000	0.00000000	0.00000000	0.00000000	0.00000000	0.00000000
3221.22534180	0.00000000	0.00000000	0.00000000	0.00000000	0.00000000	0.00000000	0.00000000	0.00000000
3435.97363281	0.00000000	0.00000000	0.00000000	0.00000000	0.00000000	0.00000000	0.00000000	0.00000000
0	0	0	0	0	0	0	0	0
