%12/15/2014 10:21:49 PM
%Duration	ID1		ID2		ID3		ID4		ID5		ID6		ID7		ID8
3000.000000	0.000000	0.000000	0.000000	0.000000	0.000000	0.000000	0.000000	0.000000
%Tau		Tau1		Tau2		Tau3		Tau4		Tau5		Tau6		Tau7		Tau8
%		0.000001	0.000179	0.000333	0.000001	0.000192	0.000281	0.000179	0.000077
%Delaytime	D1		D2		D3		D4		D5		D6		D7		D8
0.00000000	19.10475540	2405.87792969	1420.30993652	74.24784088	57.07991028	61.18164825	40.19625473	29.32010078
0.00000020	0.00000000	2648.27734375	1482.25085449	42.18627167	56.12914658	61.83829880	38.71331787	28.02986717
0.00000040	3.82095122	2643.10156250	1466.65734863	35.43647003	55.48398209	63.33274078	38.64353561	27.61848831
0.00000060	11.46285343	2548.21215820	1474.88732910	26.99921417	56.46870422	61.95151138	39.63797379	27.16971016
0.00000080	3.82095122	2605.14575195	1491.78027344	21.93686104	55.61980820	62.44966125	38.01546860	27.43149757
0.00000100	3.82095122	2620.67309570	1475.32043457	19.40568542	54.56717300	62.90252304	37.94568253	27.22580719
0.00000120	11.46285343	2543.89892578	1478.35253906	10.96843052	54.87277603	61.86093903	38.24227142	27.28190422
0.00000140	3.82095122	2617.22265625	1462.75903320	10.12470531	55.00859833	61.63451004	38.18992996	26.60873985
0.00000160	0.00000000	2574.09106445	1479.21887207	3.37490177	54.66904068	62.94780731	37.43973923	26.44044685
0.00000180	3.82095122	2589.61840820	1466.22424316	4.21862745	54.19365692	61.86093903	36.67210388	26.88922501
0.00000200	11.46285343	2571.50317383	1464.92480469	3.37490177	53.68431854	62.22322845	37.26527786	26.38434982
0.00000220	3.82095122	2551.66259766	1461.45947266	3.37490177	53.85409927	62.13265610	36.88145828	26.02906799
0.00000240	0.00000000	2631.88745117	1468.39001465	1.68745089	53.88805389	61.02314758	36.04403687	26.08516502
0.00000260	0.00000000	2521.47070312	1464.92480469	5.90607834	53.00519943	61.52129364	36.32317734	25.61768913
0.00000280	7.64190245	2573.22851562	1456.26171875	2.53117633	53.20893478	61.79301071	36.23594666	25.65508842
0.00000300	0.00000000	2600.83276367	1450.19750977	0.84372544	53.24289322	61.00050354	36.09637451	25.72988319
0.00000340	5.73142672	2563.73950195	1457.56115723	0.42186272	52.47888184	61.36279297	35.17172241	25.44004822
0.00000380	0.00000000	2551.23144531	1444.99975586	2.95303917	52.42794800	61.05710983	34.70067215	25.00997162
0.00000420	1.91047561	2553.81933594	1451.28039551	3.37490177	51.90163422	61.52129364	34.31685257	24.93517494
0.00000460	0.00000000	2542.17382812	1438.50244141	0.84372544	51.30740356	60.51367569	33.50559998	24.37420273
0.00000500	3.82095122	2550.36865234	1441.31787109	2.10931373	51.37531662	61.12503815	33.41836929	24.48639679
0.00000540	1.91047561	2533.97875977	1434.38745117	3.37490177	50.56037521	61.05710983	32.55477905	24.08436775
0.00000580	1.91047561	2526.21508789	1430.05590820	1.68745089	50.33966064	60.61557007	32.72924042	24.14046478
0.00000620	1.91047561	2528.80297852	1426.37414551	2.10931373	49.64356232	61.00050354	32.13606644	23.84127998
0.00000700	1.91047561	2518.45141602	1420.85144043	2.32024503	49.17667007	60.61557007	31.95724297	23.30368233
0.00000780	2.86571336	2509.17822266	1411.32202148	2.74210763	48.87106705	60.42876434	31.29864502	23.02319717
0.00000860	0.00000000	2500.33618164	1405.58276367	2.74210763	48.36172867	60.67783737	30.70983315	22.60714340
0.00000940	5.73142672	2488.69067383	1396.70312500	2.95303917	47.76749802	60.29290771	30.04687500	22.42015266
0.00001020	0.95523781	2482.43652344	1389.77258301	3.37490177	47.35153961	60.24761963	29.71975708	22.15369225
0.00001100	0.95523781	2470.79101562	1382.62561035	2.95303917	47.08837891	59.93627548	29.64561081	21.85918236
0.00001180	2.86571336	2464.10571289	1378.18579102	2.10931373	46.80824280	60.19101334	29.42317009	21.58337021
0.00001260	1.91047561	2453.75415039	1368.43981934	1.68745089	46.29890442	59.65889740	29.30540657	21.52259827
0.00001420	2.86571336	2437.25634766	1356.79882812	1.58198524	45.50518417	59.52021027	29.13312531	21.18134117
0.00001580	2.86571336	2417.52368164	1341.63842773	2.42571068	44.82182312	59.34755707	28.86488914	20.62270737
0.00001740	1.43285668	2400.48657227	1328.96875000	1.68745089	43.98141479	59.23717117	28.62282181	20.34923363
0.00001900	2.86571336	2383.55737305	1315.32434082	2.63664198	43.07733536	58.92300034	28.51814270	19.93785477
0.00002060	0.95523781	2367.27539062	1302.00488281	2.10931373	42.39821625	58.62863922	28.23682213	19.57088661
0.00002220	1.91047561	2349.16015625	1288.03576660	2.42571068	41.72334290	58.43051147	28.13868713	19.43999290
0.00002380	3.34333229	2333.63281250	1278.50634766	3.37490177	41.00602341	58.18143845	27.89661980	19.44233131
0.00002540	0.95523781	2318.64453125	1274.33728027	2.21477938	40.42877579	58.00878525	27.63492393	19.42129326
0.00002860	1.96781147	2172.59082031	1213.51013184	2.50110078	36.91613770	54.87667465	26.00417519	18.41967583
0.00003180	1.74916577	2143.28808594	1207.29223633	1.52027690	35.59698105	54.47200012	25.68569756	18.03199768
0.00003500	2.62374854	2115.21508789	1201.64440918	1.47123575	34.13461685	54.06867218	25.32676125	17.50102425
0.00003820	3.49833155	2086.98828125	1196.46289062	6.71864319	32.77000046	53.71525574	25.12862015	16.82564354
0.00004140	1.74916577	2059.01757812	1192.00683594	9.80823803	31.37021255	53.19052505	25.50415421	16.22651100
0.00004460	1.74916577	2033.71093750	1187.08435059	2.55014181	29.94218445	52.86678696	26.74072075	15.59557915
0.00004780	1.31187427	2008.71154785	1183.79406738	1.71644163	28.41935921	52.37308121	27.49178886	14.99241638
0.00005100	0.87458289	1983.40478516	1179.10485840	2.10877109	28.03008080	51.97919846	26.57577515	14.35037613
0.00005740	2.52487350	1935.81127930	1177.32531738	1.92454350	27.31945610	51.32791138	24.40062904	13.13842773
0.00006380	1.75643373	1881.03002930	1167.72375488	1.70248079	26.58717728	50.46156693	23.33045959	11.87960243
0.00007020	1.97598791	1824.39953613	1156.49365234	1.89986980	25.70276451	49.58301926	23.17840576	10.69331646
0.00007660	1.53687954	1769.31005859	1144.54699707	1.82584894	24.83356285	48.68345642	23.49865723	10.04102612
0.00008300	1.86621082	1713.21887207	1131.61010742	1.70248079	23.95422173	47.82863617	23.62623787	9.26263046
0.00008940	1.64665663	1656.92236328	1118.16528320	1.87519622	23.11443329	46.89585495	22.42490387	7.95079660
0.00009580	1.53687954	1602.50061035	1104.17321777	2.02323794	22.16510963	46.04171371	21.71826744	6.53573418
0.00010220	2.30531931	1548.10461426	1089.58190918	1.94921708	21.75434303	45.24451447	21.29491043	5.47778559
0.00011500	1.44403529	1449.35998535	1066.92944336	1.45340073	23.28724861	43.79923630	20.38536644	5.01009130
0.00012780	1.77727413	1345.39111328	1037.78234863	1.68942297	24.91112137	42.27104187	21.38201332	5.71463966
0.00014060	1.66619456	1242.41748047	1008.00616455	1.63973415	26.65222359	40.74557114	18.46093369	6.44527245
0.00015340	1.27741575	1139.92187500	978.19726562	1.67700076	27.36222267	39.22623444	17.09191704	7.16608810
0.00016620	2.16605282	1037.25842285	948.40795898	1.92544532	27.58546829	37.68850708	15.97342968	7.92016935
0.00017900	1.77727413	932.85015869	918.17980957	1.99997866	24.78879547	36.15418243	15.93577194	9.16540813
0.00019180	2.16605282	823.71203613	887.59124756	1.92544532	22.56450653	34.43594360	13.68415165	9.71959591
0.00020460	2.22159266	714.10864258	856.35412598	1.44097841	20.25815773	32.81749725	12.39908028	9.98157883
0.00023020	1.59841943	499.50790405	796.51678467	1.69462585	15.10749245	29.52137947	10.28094101	11.16116619
0.00025580	2.21535325	289.10513306	733.30773926	1.68837261	11.73890209	26.17394829	8.94625473	10.10504246
0.00028140	2.01905608	90.50196838	670.63812256	1.77591789	9.74097633	22.90051651	9.10581493	8.69800663
0.00030700	1.79471660	0.70943648	605.41290283	1.88222277	10.87168407	19.71441650	7.43157387	7.17522955
0.00033260	2.04709864	0.76801383	542.25646973	1.96976805	10.88882446	16.73322487	7.24560070	5.59714413
0.00035820	1.71058929	0.63133341	479.80718994	1.90098250	9.38590336	13.92156696	5.44435453	3.88532043
0.00038380	2.21535325	0.62482482	419.25900269	1.71963882	6.99708939	11.07504654	4.56602907	2.76954317
0.00040940	1.87884390	0.66387635	440.80560303	1.87596953	4.11455059	8.12889004	5.55869579	2.53673983
0.00046060	1.98809922	0.68675286	346.00900269	1.66220307	2.58587027	3.31120920	5.72623873	1.87102842
0.00051180	1.77659929	0.69329333	260.15545654	1.98584569	2.47498465	1.60196269	5.33036423	1.63171411
0.00056300	1.86119926	0.69656360	178.63650513	1.66848743	1.51650703	1.94355452	5.10197973	1.43142390
0.00061420	1.93169928	0.71291488	120.58979797	1.58993340	1.12879372	1.86605263	4.44355536	1.19260538
0.00066540	1.97399914	0.75215787	95.82180786	1.63078153	1.12892234	1.82691550	3.06357789	1.17971539
0.00071660	1.84709930	0.83050370	92.18543243	1.78474736	1.12673557	1.91123128	2.30770254	1.16703784
0.00076780	2.04449916	0.69971567	87.80461121	1.69362473	1.14075696	1.84509575	2.01954532	1.16120148
0.00081900	1.46639943	0.66047931	80.91315460	1.85073280	1.07794583	1.76176214	1.46879625	1.11889279
0.00092140	1.91928780	43.04833984	56.15704346	1.87910795	1.11306870	1.59057438	1.14338398	1.15215290
0.00102380	1.74931395	127.52595520	18.27832413	1.67930412	1.12037241	1.15058970	1.14225447	1.10667741
0.00112620	1.89804113	148.09622192	1.75532103	1.89337969	1.15197861	1.15180981	1.12667358	1.16901946
0.00122860	1.83430088	83.01725769	1.60630202	1.77286303	1.12369573	1.07799029	1.11218905	1.16536093
0.00133100	1.89095891	10.72431087	0.90524995	1.79506350	1.15090585	1.07455134	1.14316857	1.11447799
0.00143340	1.77056074	1.85176849	1.04331088	1.78396320	1.21883428	1.07852173	1.11533093	1.13824701
0.00153580	1.89804113	1.15592623	0.70187873	1.74749112	1.22670174	1.07826281	1.11175621	1.12802184
0.00163820	1.77764297	1.36968207	0.97304040	1.81092095	1.21060932	1.06509876	1.17496908	1.12887573
0.00184300	1.80612302	1.92250240	1.13128698	1.85250890	1.09984887	1.18637979	1.16342545	1.10875654
0.00204780	1.84887147	1.55173993	0.99890232	1.78830338	1.11723888	1.16942954	1.18418074	1.12734771
0.00225260	1.66719043	4.36307907	0.77056020	1.73878360	1.22072411	1.12111902	1.16648567	1.15174890
0.00245740	1.78474879	1.65105128	0.66308844	1.80028403	1.18692493	1.11511028	1.13953173	1.13802636
0.00266220	1.88093281	0.69683468	0.69877404	1.81545937	1.17072058	1.14498985	1.15872288	1.14925385
0.00286700	1.80256069	1.07835579	0.67421097	1.78510857	1.18863773	1.10418987	1.16582751	1.14593065
0.00307180	1.76275349	1.91008842	0.66715771	1.74756932	1.14552653	1.06457889	1.16493070	1.15313780
0.00327660	1.95149267	1.00718272	0.70574331	1.84310675	1.12136757	1.09979343	1.16061342	1.15802205
0.00368620	1.86137986	0.72756612	0.89301252	1.83814228	1.12540448	1.14829135	1.13158953	1.12851667
0.00409580	1.89131331	1.52074611	1.11534929	1.77826381	1.17188323	1.15794480	1.14444971	1.13816309
0.00450540	1.86006296	0.86460769	0.94502395	1.80573416	1.19545543	1.12840438	1.15553486	1.13529003
0.00491500	1.76769376	0.70555639	1.29844356	1.82252586	1.15159583	1.13644421	1.13836610	1.15162659
0.00532460	1.65921116	2.28945041	1.20866382	1.81649232	1.23208773	1.10712349	1.11519945	1.19756258
0.00573420	1.84077168	0.95912772	1.14224660	1.80412328	1.09748328	1.16383851	1.13308179	1.11072147
0.00614380	1.83048940	1.48436439	1.46973872	1.79779005	1.14874113	1.14755929	1.14365780	1.12060654
0.00655340	1.77237988	0.92674160	0.79830456	1.82563162	1.09136581	1.10143626	1.10793018	1.16710401
0.00737260	1.93062460	0.76421863	1.11090326	1.87450635	1.10035074	1.09071934	1.16108453	1.14982545
0.00819180	1.79124415	1.14331651	0.94571424	1.81738734	1.12552583	1.10469139	1.14712346	1.13130128
0.00901100	1.81326258	1.61259210	1.34764624	1.81748724	1.10999668	1.10059273	1.13070261	1.16246235
0.00983020	1.69817793	2.05147147	1.36098564	1.84025633	1.11354327	1.11400151	1.11581564	1.16182566
0.01064940	1.69848096	2.51021647	1.20861256	1.78178000	1.14971375	1.17566085	1.13168252	1.14246583
0.01146860	1.86630774	0.83242434	0.88097918	1.81222081	1.15098166	1.09444368	1.19893181	1.13391638
0.01228780	1.82943714	1.15487158	0.93736410	1.82040942	1.13203180	1.07379782	1.12363398	1.17888999
0.01310700	1.88465524	0.73338413	1.33970988	1.86478305	1.15461266	1.13026345	1.18432164	1.14828777
0.01474540	1.84835351	1.63122261	1.51972139	1.82089341	1.13274777	1.14374483	1.14114559	1.13594294
0.01638380	1.85109258	0.72080791	1.02866578	1.80970204	1.11327231	1.16566348	1.15133810	1.16183352
0.01802220	1.83720076	1.15811098	1.02251816	1.80594492	1.13508260	1.08290613	1.14261663	1.14323664
0.01966060	1.81602013	1.40712106	1.18872452	1.82037687	1.11078787	1.07770157	1.13552260	1.15349817
0.02129900	1.81746554	0.95621532	0.68318915	1.79021084	1.12030697	1.11516714	1.16189623	1.15655875
0.02293740	1.77170742	1.17319417	1.01959217	1.82838666	1.13745904	1.09073424	1.13104868	1.14813483
0.02457580	1.86334443	0.95617777	1.03312325	1.82665777	1.13905668	1.11704206	1.11575377	1.15443885
0.02621420	1.80350745	1.63269210	1.35446954	1.81265926	1.18493068	1.11096132	1.13975799	1.18439865
0.02949100	1.82782495	0.82763720	1.09981143	1.81246841	1.12983549	1.10555208	1.16796136	1.14763999
0.03276780	1.83023322	1.40903115	1.10642302	1.80300283	1.12018108	1.08208239	1.11474550	1.13954651
0.03604460	1.82462156	1.28401530	0.93796939	1.82642210	1.12488592	1.08804703	1.12739575	1.14928830
0.03932140	1.81078684	1.16904187	1.18772674	1.80720115	1.14289558	1.10907221	1.11610281	1.15607309
0.04259820	1.78633225	1.05616391	1.02192116	1.81498814	1.13812542	1.08975840	1.15466607	1.15658474
0.04587500	1.83907449	1.39234483	1.35526669	1.83005404	1.11711073	1.11485481	1.12064171	1.15953696
0.04915180	1.83986056	1.16448748	1.35113895	1.81220996	1.11843514	1.12734365	1.13711047	1.15443432
0.05242860	1.78766525	0.81832170	1.01948619	1.79294240	1.12834740	1.12445581	1.14119482	1.14125693
0.05898220	1.78681350	1.17024255	1.10225511	1.80647731	1.13159144	1.12089097	1.12648833	1.13816202
0.06553581	1.80395710	1.16520536	1.14428639	1.79138362	1.12271690	1.11097050	1.14317310	1.14553928
0.07208940	1.79772758	1.27847970	0.84516531	1.78763759	1.12251031	1.11445451	1.13063240	1.14553952
0.07864300	1.79424095	1.33357918	1.26707721	1.79280794	1.13287389	1.10190570	1.12264705	1.15227830
0.08519660	1.74647403	1.22400546	0.97255939	1.79776931	1.11701226	1.09528100	1.11782038	1.13952732
0.09175020	1.79425585	1.17074168	1.13503957	1.78014445	1.11974382	1.10022700	1.12666357	1.15542972
0.09830380	1.79287863	1.54965615	1.09270835	1.79638565	1.12991154	1.10124862	1.12676287	1.14386356
0.10485740	1.76867485	1.09901106	1.13366508	1.77575028	1.10711753	1.08825862	1.13543153	1.13021028
0.11796460	1.78644276	1.32174182	1.13023627	1.77620316	1.13568532	1.10649955	1.11933684	1.13379657
0.13107181	1.79509115	1.28427887	1.02613294	1.76732397	1.11120641	1.09994733	1.11879396	1.13905525
0.14417900	1.78126156	1.22361898	0.99997216	1.75759637	1.11030638	1.09895551	1.11885679	1.13169909
0.15728620	1.76069021	1.30604172	1.08170426	1.75702369	1.09990478	1.07970083	1.10617399	1.12915277
0.17039341	1.76845515	0.96752906	1.09826469	1.76304352	1.09673965	1.08759952	1.11156428	1.12847888
0.18350060	1.75614285	1.30629587	0.95491874	1.74325895	1.10392725	1.09005523	1.11129069	1.12844586
0.19660780	1.73874378	1.04595459	1.15645492	1.73610461	1.10974419	1.08321869	1.09659100	1.12644506
0.20971501	1.73635769	1.24813485	0.98871559	1.73869574	1.09887636	1.08529079	1.09413016	1.12223589
0.23592941	1.73944569	1.02204883	0.99369180	1.73013711	1.08731961	1.05845809	1.09064376	1.11109769
0.26214382	1.72329974	1.11951923	1.08115602	1.72665942	1.08674765	1.05809319	1.08046150	1.10578310
0.28835821	1.71703815	0.99093014	1.04656041	1.71860397	1.08628583	1.06053448	1.09257185	1.09921193
0.31457260	1.69820011	1.11006212	1.02976322	1.71206856	1.08120656	1.05248404	1.07757199	1.09833205
0.34078699	1.70656216	1.15654981	1.04520130	1.70176864	1.06513906	1.05532539	1.06995833	1.09290719
0.36700141	1.69601476	1.20756841	1.00956714	1.69492805	1.06787717	1.05125332	1.06668901	1.08154142
0.39321581	1.68867409	1.01967990	1.04400253	1.68750286	1.05170965	1.03929150	1.06566393	1.07711101
0.41943020	1.66600561	1.15082037	1.05363095	1.67621636	1.04263222	1.03851438	1.05488622	1.07674181
0.47185901	1.65461171	1.00440907	1.07826483	1.65926659	1.03595829	1.02284729	1.04846871	1.05592346
0.52428782	1.64224672	1.03091180	0.95911729	1.64917529	1.01960099	1.01412177	1.03159797	1.05018258
0.57671660	1.62785745	0.95938563	1.13052642	1.63104165	1.01792908	0.99912423	1.01792872	1.03866506
0.62914538	1.61646867	0.93716002	1.03619385	1.62090313	1.00807273	0.98517573	1.01156700	1.02591741
0.68157423	1.58864331	1.01326096	1.02004814	1.60500753	0.99936980	0.98391050	1.00490189	1.01710522
0.73400301	1.58117807	0.97135592	1.09323680	1.57891667	0.99209112	0.97186267	0.99360925	1.00761914
0.78643179	1.57709122	1.04018283	1.03425276	1.56769252	0.98611832	0.96280307	0.98131895	0.99736482
0.83886063	1.55378056	0.92002124	1.01162517	1.54425371	0.96811390	0.94722116	0.97401941	0.98519903
0.94371825	1.51337206	0.94521868	0.96590412	1.50035644	1.00234354	0.99730730	0.99915785	0.99772614
1.04857588	1.47790635	0.96527547	0.84457183	1.46776342	1.00386691	0.99475771	1.00053608	0.99516326
1.15343344	1.44726336	0.88466901	0.87302059	1.43213654	1.00865567	1.00594699	1.00008333	0.99715775
1.25829101	1.41816628	0.87325472	0.83983099	1.40737367	1.01002467	1.00178170	1.00131905	0.99885315
1.36314869	1.37428498	0.85594404	0.79652190	1.37914920	1.00071180	0.99663252	1.00205851	0.99509048
1.46800625	1.34124959	0.82732821	0.84769410	1.34475744	1.00353551	0.99380857	1.00071597	0.99553472
1.57286382	1.31231177	0.82827961	0.78216487	1.30891907	1.00230300	0.98836273	0.99653649	0.99928266
1.67772150	1.26981604	0.84168422	0.81046760	1.27678037	0.99740469	1.00401890	0.99569309	0.99663872
1.88743675	1.17457533	0.73414314	0.71983182	1.18361413	0.99774653	0.99709684	0.99790078	0.99839097
2.09715199	1.05908978	0.66816121	0.70784402	1.11806452	0.99967647	0.99972576	0.99852854	1.00184429
2.30686712	0.98478329	0.64005756	0.64553112	1.05070484	1.00223279	1.00397587	1.00243437	0.99802810
2.51658225	0.91510779	0.98838145	0.93650150	0.99376655	0.99982631	0.99896204	0.99625248	0.99716628
2.72629738	0.92558008	1.00854576	0.96795511	0.98969960	1.00483203	1.00561321	1.00091386	1.00060368
2.93601274	0.88082361	1.04590380	1.02083957	0.93567371	1.00304830	1.00845110	0.99961478	1.00624835
3.14572787	0.87092328	0.98601401	0.99974906	0.90430313	1.00790906	1.00598502	1.01185250	1.00688541
3.35544300	0.00000000	0.00000000	0.00000000	0.00000000	1.00785553	0.99441093	1.00934410	0.99986005
3.77487350	0.00000000	0.00000000	0.00000000	0.00000000	1.00976241	1.00004065	1.00282431	0.99245769
4.19430399	0.00000000	0.00000000	0.00000000	0.00000000	0.98557770	0.98889649	0.99960399	0.98164296
4.61373425	0.00000000	0.00000000	0.00000000	0.00000000	1.00475502	1.01023293	0.98937428	1.03321838
5.03316450	0.00000000	0.00000000	0.00000000	0.00000000	0.00000000	0.00000000	0.00000000	0.00000000
5.45259476	0.00000000	0.00000000	0.00000000	0.00000000	0.00000000	0.00000000	0.00000000	0.00000000
5.87202549	0.00000000	0.00000000	0.00000000	0.00000000	0.00000000	0.00000000	0.00000000	0.00000000
6.29145575	0.00000000	0.00000000	0.00000000	0.00000000	0.00000000	0.00000000	0.00000000	0.00000000
6.71088600	0.00000000	0.00000000	0.00000000	0.00000000	0.00000000	0.00000000	0.00000000	0.00000000
7.54974699	0.00000000	0.00000000	0.00000000	0.00000000	0.00000000	0.00000000	0.00000000	0.00000000
8.38860798	0.00000000	0.00000000	0.00000000	0.00000000	0.00000000	0.00000000	0.00000000	0.00000000
9.22746849	0.00000000	0.00000000	0.00000000	0.00000000	0.00000000	0.00000000	0.00000000	0.00000000
10.06632900	0.00000000	0.00000000	0.00000000	0.00000000	0.00000000	0.00000000	0.00000000	0.00000000
10.90518951	0.00000000	0.00000000	0.00000000	0.00000000	0.00000000	0.00000000	0.00000000	0.00000000
11.74405098	0.00000000	0.00000000	0.00000000	0.00000000	0.00000000	0.00000000	0.00000000	0.00000000
12.58291149	0.00000000	0.00000000	0.00000000	0.00000000	0.00000000	0.00000000	0.00000000	0.00000000
13.42177200	0.00000000	0.00000000	0.00000000	0.00000000	0.00000000	0.00000000	0.00000000	0.00000000
15.09949398	0.00000000	0.00000000	0.00000000	0.00000000	0.00000000	0.00000000	0.00000000	0.00000000
16.77721596	0.00000000	0.00000000	0.00000000	0.00000000	0.00000000	0.00000000	0.00000000	0.00000000
18.45493698	0.00000000	0.00000000	0.00000000	0.00000000	0.00000000	0.00000000	0.00000000	0.00000000
20.13265800	0.00000000	0.00000000	0.00000000	0.00000000	0.00000000	0.00000000	0.00000000	0.00000000
21.81037903	0.00000000	0.00000000	0.00000000	0.00000000	0.00000000	0.00000000	0.00000000	0.00000000
23.48810196	0.00000000	0.00000000	0.00000000	0.00000000	0.00000000	0.00000000	0.00000000	0.00000000
25.16582298	0.00000000	0.00000000	0.00000000	0.00000000	0.00000000	0.00000000	0.00000000	0.00000000
26.84354401	0.00000000	0.00000000	0.00000000	0.00000000	0.00000000	0.00000000	0.00000000	0.00000000
30.19898796	0.00000000	0.00000000	0.00000000	0.00000000	0.00000000	0.00000000	0.00000000	0.00000000
33.55443192	0.00000000	0.00000000	0.00000000	0.00000000	0.00000000	0.00000000	0.00000000	0.00000000
36.90987396	0.00000000	0.00000000	0.00000000	0.00000000	0.00000000	0.00000000	0.00000000	0.00000000
40.26531601	0.00000000	0.00000000	0.00000000	0.00000000	0.00000000	0.00000000	0.00000000	0.00000000
43.62075806	0.00000000	0.00000000	0.00000000	0.00000000	0.00000000	0.00000000	0.00000000	0.00000000
46.97620392	0.00000000	0.00000000	0.00000000	0.00000000	0.00000000	0.00000000	0.00000000	0.00000000
50.33164597	0.00000000	0.00000000	0.00000000	0.00000000	0.00000000	0.00000000	0.00000000	0.00000000
53.68708801	0.00000000	0.00000000	0.00000000	0.00000000	0.00000000	0.00000000	0.00000000	0.00000000
60.39797592	0.00000000	0.00000000	0.00000000	0.00000000	0.00000000	0.00000000	0.00000000	0.00000000
67.10886383	0.00000000	0.00000000	0.00000000	0.00000000	0.00000000	0.00000000	0.00000000	0.00000000
73.81974792	0.00000000	0.00000000	0.00000000	0.00000000	0.00000000	0.00000000	0.00000000	0.00000000
80.53063202	0.00000000	0.00000000	0.00000000	0.00000000	0.00000000	0.00000000	0.00000000	0.00000000
87.24151611	0.00000000	0.00000000	0.00000000	0.00000000	0.00000000	0.00000000	0.00000000	0.00000000
93.95240784	0.00000000	0.00000000	0.00000000	0.00000000	0.00000000	0.00000000	0.00000000	0.00000000
100.66329193	0.00000000	0.00000000	0.00000000	0.00000000	0.00000000	0.00000000	0.00000000	0.00000000
107.37417603	0.00000000	0.00000000	0.00000000	0.00000000	0.00000000	0.00000000	0.00000000	0.00000000
120.79595184	0.00000000	0.00000000	0.00000000	0.00000000	0.00000000	0.00000000	0.00000000	0.00000000
134.21772766	0.00000000	0.00000000	0.00000000	0.00000000	0.00000000	0.00000000	0.00000000	0.00000000
147.63949585	0.00000000	0.00000000	0.00000000	0.00000000	0.00000000	0.00000000	0.00000000	0.00000000
161.06126404	0.00000000	0.00000000	0.00000000	0.00000000	0.00000000	0.00000000	0.00000000	0.00000000
174.48303223	0.00000000	0.00000000	0.00000000	0.00000000	0.00000000	0.00000000	0.00000000	0.00000000
187.90481567	0.00000000	0.00000000	0.00000000	0.00000000	0.00000000	0.00000000	0.00000000	0.00000000
201.32658386	0.00000000	0.00000000	0.00000000	0.00000000	0.00000000	0.00000000	0.00000000	0.00000000
214.74835205	0.00000000	0.00000000	0.00000000	0.00000000	0.00000000	0.00000000	0.00000000	0.00000000
241.59190369	0.00000000	0.00000000	0.00000000	0.00000000	0.00000000	0.00000000	0.00000000	0.00000000
268.43545532	0.00000000	0.00000000	0.00000000	0.00000000	0.00000000	0.00000000	0.00000000	0.00000000
295.27899170	0.00000000	0.00000000	0.00000000	0.00000000	0.00000000	0.00000000	0.00000000	0.00000000
322.12252808	0.00000000	0.00000000	0.00000000	0.00000000	0.00000000	0.00000000	0.00000000	0.00000000
348.96606445	0.00000000	0.00000000	0.00000000	0.00000000	0.00000000	0.00000000	0.00000000	0.00000000
375.80963135	0.00000000	0.00000000	0.00000000	0.00000000	0.00000000	0.00000000	0.00000000	0.00000000
402.65316772	0.00000000	0.00000000	0.00000000	0.00000000	0.00000000	0.00000000	0.00000000	0.00000000
429.49670410	0.00000000	0.00000000	0.00000000	0.00000000	0.00000000	0.00000000	0.00000000	0.00000000
483.18380737	0.00000000	0.00000000	0.00000000	0.00000000	0.00000000	0.00000000	0.00000000	0.00000000
536.87091064	0.00000000	0.00000000	0.00000000	0.00000000	0.00000000	0.00000000	0.00000000	0.00000000
590.55798340	0.00000000	0.00000000	0.00000000	0.00000000	0.00000000	0.00000000	0.00000000	0.00000000
644.24505615	0.00000000	0.00000000	0.00000000	0.00000000	0.00000000	0.00000000	0.00000000	0.00000000
697.93212891	0.00000000	0.00000000	0.00000000	0.00000000	0.00000000	0.00000000	0.00000000	0.00000000
751.61926270	0.00000000	0.00000000	0.00000000	0.00000000	0.00000000	0.00000000	0.00000000	0.00000000
805.30633545	0.00000000	0.00000000	0.00000000	0.00000000	0.00000000	0.00000000	0.00000000	0.00000000
858.99340820	0.00000000	0.00000000	0.00000000	0.00000000	0.00000000	0.00000000	0.00000000	0.00000000
966.36761475	0.00000000	0.00000000	0.00000000	0.00000000	0.00000000	0.00000000	0.00000000	0.00000000
1073.74182129	0.00000000	0.00000000	0.00000000	0.00000000	0.00000000	0.00000000	0.00000000	0.00000000
1181.11596680	0.00000000	0.00000000	0.00000000	0.00000000	0.00000000	0.00000000	0.00000000	0.00000000
1288.49011230	0.00000000	0.00000000	0.00000000	0.00000000	0.00000000	0.00000000	0.00000000	0.00000000
1395.86425781	0.00000000	0.00000000	0.00000000	0.00000000	0.00000000	0.00000000	0.00000000	0.00000000
1503.23852539	0.00000000	0.00000000	0.00000000	0.00000000	0.00000000	0.00000000	0.00000000	0.00000000
1610.61267090	0.00000000	0.00000000	0.00000000	0.00000000	0.00000000	0.00000000	0.00000000	0.00000000
1717.98681641	0.00000000	0.00000000	0.00000000	0.00000000	0.00000000	0.00000000	0.00000000	0.00000000
1932.73522949	0.00000000	0.00000000	0.00000000	0.00000000	0.00000000	0.00000000	0.00000000	0.00000000
2147.48364258	0.00000000	0.00000000	0.00000000	0.00000000	0.00000000	0.00000000	0.00000000	0.00000000
2362.23193359	0.00000000	0.00000000	0.00000000	0.00000000	0.00000000	0.00000000	0.00000000	0.00000000
2576.98022461	0.00000000	0.00000000	0.00000000	0.00000000	0.00000000	0.00000000	0.00000000	0.00000000
2791.72851562	0.00000000	0.00000000	0.00000000	0.00000000	0.00000000	0.00000000	0.00000000	0.00000000
3006.47705078	0.00000000	0.00000000	0.00000000	0.00000000	0.00000000	0.00000000	0.00000000	0.00000000
3221.22534180	0.00000000	0.00000000	0.00000000	0.00000000	0.00000000	0.00000000	0.00000000	0.00000000
3435.97363281	0.00000000	0.00000000	0.00000000	0.00000000	0.00000000	0.00000000	0.00000000	0.00000000
0	0	0	0	0	0	0	0	0
