%12/21/2014 12:04:42 PM
%Duration	ID1		ID2		ID3		ID4		ID5		ID6		ID7		ID8
3000.000000	2.079010	2.288818	4.596710	1.888275	12.788773	15.125275	19.636154	18.291473
%Tau		Tau1		Tau2		Tau3		Tau4		Tau5		Tau6		Tau7		Tau8
%		0.000002	0.000001	0.000001	0.000001	0.000012	0.000016	0.000019	0.000010
%Delaytime	D1		D2		D3		D4		D5		D6		D7		D8
0.00000000	10.97804642	29.29415703	14.86985874	33.69878387	4.51105642	2.56603718	3.40216732	4.63712168
0.00000020	2.35243869	4.27206469	4.90985918	3.26117253	1.36752498	1.44252908	1.67899168	2.01419377
0.00000040	3.13658476	2.44117975	2.10422540	2.17411494	1.82928669	1.38704717	1.70550203	1.61135507
0.00000060	2.35243869	1.22058988	1.96394360	0.00000000	1.18992436	1.49801099	1.34319329	1.37860382
0.00000080	1.56829238	1.22058988	1.12225354	5.43528748	1.77600658	1.49801099	1.45807171	1.58449912
0.00000100	3.13658476	0.00000000	1.40281689	1.08705747	1.65168607	1.40091765	1.64364445	1.27118015
0.00000120	0.78414619	0.61029494	1.68338025	3.26117253	1.43856525	1.48414052	1.32551968	1.41441166
0.00000140	0.78414619	1.22058988	1.12225354	1.08705747	1.31424487	1.38704717	1.40505087	1.34279585
0.00000160	0.78414619	1.22058988	0.70140845	1.08705747	1.54512572	1.63671565	1.35203016	1.19956434
0.00000180	0.00000000	3.05147481	1.12225354	2.17411494	1.36752498	1.65058613	1.31668293	1.32489192
0.00000200	2.35243869	0.61029494	0.56112677	1.08705747	1.65168607	1.56736326	1.35203016	1.47707546
0.00000220	1.56829238	1.22058988	0.56112677	1.08705747	1.47408545	1.65058613	1.55527651	1.42336369
0.00000240	1.56829238	0.61029494	1.26253521	0.00000000	1.52736557	1.52575195	1.36086690	1.37860382
0.00000260	0.00000000	1.22058988	1.96394360	1.08705747	1.29648471	1.42865860	1.44039810	1.36965179
0.00000280	3.92073107	0.61029494	1.68338025	2.17411494	1.29648471	1.49801099	1.22831488	1.44126761
0.00000300	0.00000000	1.22058988	1.54309857	6.52234507	1.49184549	1.41478813	1.28133571	1.42336369
0.00000340	0.78414619	2.13603234	1.26253521	0.00000000	1.44744527	1.49801099	1.41388774	1.43679166
0.00000380	2.35243869	1.83088481	1.33267605	0.54352874	1.48296547	1.28995383	1.41388774	1.54421532
0.00000420	2.35243869	0.91544241	0.91183096	1.08705747	1.38528514	1.35930622	1.44039810	1.37412775
0.00000460	1.17621934	0.30514747	1.33267605	1.63058627	1.40304518	1.23447204	1.40063250	1.38307977
0.00000500	0.78414619	1.52573740	1.68338025	0.00000000	1.38528514	1.47027004	1.38295889	1.43679166
0.00000540	1.96036553	1.52573740	1.12225354	1.08705747	1.34976494	1.33156526	1.46690845	1.49497938
0.00000580	0.39207309	1.22058988	1.68338025	1.63058627	1.46520543	1.41478813	1.49341893	1.45021951
0.00000620	0.78414619	2.44117975	1.96394360	1.08705747	1.24320459	1.53962243	1.37412214	1.33384395
0.00000700	0.98018277	1.83088481	1.22746480	2.17411494	1.37640512	1.34196818	1.29017258	1.33608186
0.00000780	1.96036553	1.67831111	1.22746480	0.54352874	1.37196505	1.34196818	1.43818891	1.32489192
0.00000860	1.56829238	1.06801617	1.47295773	1.08705747	1.30536485	1.25874531	1.41388774	1.37636578
0.00000940	0.58810967	1.83088481	1.05211270	1.35882187	1.30980480	1.33156526	1.42493367	1.38979375
0.00001020	1.37225580	1.52573740	1.71845067	2.17411494	1.28316474	1.27261579	1.45586252	1.29803598
0.00001100	0.78414619	0.61029494	1.61323941	2.17411494	1.44300532	1.27955103	1.35644853	1.32041597
0.00001180	1.76432896	1.22058988	0.77154928	1.08705747	1.20768440	1.22406912	1.40284169	1.38307977
0.00001260	1.37225580	1.52573740	1.68338025	0.54352874	1.31868482	1.38357961	1.32331049	1.25999010
0.00001420	0.68612790	1.67831111	1.45542252	0.67941093	1.34088492	1.26741433	1.27581275	1.27677512
0.00001580	2.05838370	1.29687679	1.15732396	0.95117527	1.36530507	1.24140728	1.25261617	1.28684604
0.00001740	0.88216448	1.14430308	1.38528168	1.49470401	1.22322452	1.35410476	1.26918507	1.26446617
0.00001900	1.76432896	1.14430308	1.01704228	1.22293973	1.25208461	1.30209053	1.26918507	1.27229905
0.00002060	0.98018277	0.38143435	1.36774647	0.81529313	1.28316474	1.17032111	1.29127717	1.18949342
0.00002220	0.98018277	1.06801617	1.20992959	0.40764657	1.24098456	1.16685343	1.22831488	1.23537219
0.00002380	1.07820106	1.14430308	0.99950701	0.27176437	1.19880438	1.22406912	1.21837354	1.25999010
0.00002540	0.68612790	0.99172932	1.08718312	0.81529313	1.15884423	1.22580290	1.16645730	1.22082531
0.00002860	1.45928323	1.59465861	1.11799908	0.95282465	1.25404942	1.21044886	1.19307899	1.16909754
0.00003180	1.11878383	1.40481830	1.10926473	1.36117804	1.17339253	1.16037321	1.12444818	1.18752170
0.00003500	0.92421269	1.02513766	1.21407712	0.68058902	1.16344845	1.16382670	1.11566341	1.11996639
0.00003820	0.68099886	1.13904190	1.19660842	0.88476574	1.12919688	1.14828598	1.18429422	1.13839066
0.00004140	1.41064048	1.51872253	1.03931808	0.74864793	1.17891693	1.10511732	1.12554622	1.13561893
0.00004460	0.97285551	1.02513766	1.24019468	1.08894253	1.12367249	1.08266962	1.07723010	1.08090365
0.00004780	1.02149832	1.21497798	1.11792195	1.08894253	1.08831608	1.07144582	1.09315252	1.09262836
0.00005100	1.07014108	1.25294602	1.10045445	1.02088356	1.11701572	1.03950095	1.06734729	1.06136262
0.00005740	1.04786599	1.04502344	1.02806067	0.98818582	1.05229855	1.08036077	1.06701970	1.08355856
0.00006380	1.02349699	1.14002562	1.01493645	0.81780899	1.02850831	1.03415823	1.05905688	1.04784000
0.00007020	1.26718676	1.40603149	1.01931119	1.36301494	1.07110929	1.04840767	1.06592143	1.01240039
0.00007660	1.34029365	0.91202044	1.02368593	1.09041190	1.00693130	1.03502190	1.03269720	1.03137589
0.00008300	0.99912798	0.95002133	1.08055735	1.09041190	1.02684855	1.01300013	1.05409622	1.02746916
0.00008940	1.19407976	1.02602303	1.13742876	1.05633652	0.98480093	1.04320335	1.04338777	1.01853955
0.00009580	1.14534187	1.00702262	1.01056170	0.88595968	1.03902030	1.01945496	1.03185558	1.00626123
0.00010220	0.80417615	1.14002562	1.04118478	1.36301494	1.02574205	0.98750257	0.99780816	1.01602805
0.00011500	0.98823148	1.14101052	0.94288373	1.48513949	1.00509357	1.03849638	1.03229296	1.01425934
0.00012780	0.84182686	0.97936738	0.91881937	0.87059897	1.02584279	1.01795566	1.00361824	1.00001729
0.00014060	1.19563818	0.95084214	1.03476560	0.97302240	1.00730681	1.01622581	1.00183463	0.99694544
0.00015340	1.00043190	1.03641796	0.99757534	0.97302240	1.01200998	1.01536095	0.99605495	0.99736434
0.00016620	0.93942994	1.04592633	1.03695333	1.07544577	1.00398695	1.01992369	1.01443946	1.00699866
0.00017900	0.98823148	1.11248529	0.97344381	0.95595181	1.02113962	0.99181473	1.02829647	0.98619407
0.00019180	1.03703308	1.04592633	0.99531895	0.99009299	1.00149703	1.02965379	1.00291491	0.98718870
0.00020460	1.06143379	0.99838424	0.97781885	0.99009299	1.01228666	1.00433385	1.00487041	0.97895050
0.00023020	1.05567789	0.96399415	1.00795674	1.09935451	1.02247059	0.99148631	1.01617455	0.99849880
0.00025580	1.17772162	0.85002440	1.00686347	1.09083235	1.00151229	1.00079203	1.01507604	1.00184989
0.00028140	1.06788230	1.00673282	1.00249064	0.89482343	1.01951265	0.99094528	0.99564648	0.99766099
0.00030700	0.99465609	0.93550169	1.03747392	1.16753149	0.99156719	1.00295615	1.00477767	0.99451929
0.00033260	0.99465609	0.82153195	0.99046510	0.98856682	1.00112152	0.98650891	0.98987943	1.00575960
0.00035820	1.19602823	0.98298913	1.03310096	1.04822171	1.02685130	1.02122068	0.98624063	1.00191975
0.00038380	1.02516699	1.01148152	0.98609215	1.07378805	1.00068152	1.01223981	1.00443447	0.99725950
0.00040940	1.05567789	0.92125553	0.97188020	1.08231020	1.00372767	0.99484068	1.00930905	1.01701760
0.00046060	0.97954232	0.98787999	0.98006845	1.00096405	0.99900472	1.00582147	1.00230277	1.00813830
0.00051180	1.04076374	0.95700878	0.98116291	0.93281335	1.01406276	1.01495290	0.99767911	0.98375601
0.00056300	1.01321411	1.02825010	1.02986538	0.97966701	0.99406797	1.00478327	1.01218557	0.99563271
0.00061420	1.04688585	1.04012370	1.03971529	1.03078008	0.98705947	0.99207139	1.00489795	0.99035811
0.00066540	1.00096977	1.03774893	0.99922115	1.00096405	0.99439359	0.99791348	1.00109959	1.00295115
0.00071660	1.04076374	0.97125703	1.04197609	0.96262932	0.99736875	0.99547929	0.99779952	1.00158882
0.00076780	1.04093373	0.93801105	1.01516056	0.91151625	1.01155794	0.98647833	1.00092769	0.99399132
0.00081900	0.99501020	0.92613751	0.96700203	1.02652061	0.99737304	1.00000143	0.98786479	1.00757968
0.00092140	0.99306226	1.02231336	1.04124117	1.05430377	0.99440581	0.99619818	0.99625808	1.00251412
0.00102380	0.97167319	0.98180193	1.00401497	1.04155016	0.99884498	0.99893332	0.99052393	1.00597191
0.00112620	0.96556205	1.01385593	0.96021932	0.98203295	1.00467789	1.01133597	1.00261188	0.99254280
0.00122860	1.01139569	1.03522527	0.99142367	0.95652562	1.01325870	1.00421393	0.99522489	1.00551772
0.00133100	0.93806189	0.97230446	0.99970442	1.00328910	1.00186539	1.00616372	0.99990875	0.99463880
0.00143340	1.02209020	0.96993011	1.02563906	1.00734639	0.99793094	1.00085068	1.00309515	1.00055838
0.00153580	0.98389548	0.97335160	0.96603423	0.89046019	0.99787182	1.00998199	1.00015056	0.99549454
0.00163820	0.95028418	1.00540102	1.00887227	1.02009761	1.00174689	1.00129461	1.00197625	1.00488865
0.00184300	1.04618335	1.00809169	1.00472224	1.01005483	0.99646395	0.99480242	1.00207293	0.99691808
0.00204780	1.00119448	0.97429091	0.99375510	1.02706635	0.99564260	0.99312478	0.99982494	0.99800926
0.00225260	1.02330768	0.97606993	0.99471521	0.94945157	0.99585766	0.99548155	1.00464833	1.00012183
0.00245740	0.98534209	0.95175713	0.99341255	0.96433657	1.01098883	1.00113165	1.00191784	1.00062823
0.00266220	1.02118659	1.04693735	0.97901726	0.95157802	1.01168847	1.00004673	0.99873960	0.99965924
0.00286700	1.02118659	0.99592513	0.99930888	1.00154912	0.99983042	1.00135112	0.99846405	0.99982512
0.00307180	1.01432276	1.03507411	1.00369656	1.04620421	1.00478709	0.99377936	1.00353765	0.99631613
0.00327660	0.98474008	0.98392034	1.00109136	1.03238237	0.99556506	1.00143516	1.00350344	0.99795723
0.00368620	1.01761973	0.97209686	0.99156177	0.98890156	0.99831682	0.99923968	0.99901998	1.00116539
0.00409580	0.98329610	0.96822518	1.00705707	1.00005460	1.00003898	0.99441874	0.99964851	1.00302207
0.00450540	0.99891001	1.02585721	0.99958307	0.99986207	0.99745375	1.00231302	1.00200534	0.99715519
0.00491500	1.01376224	1.01811719	1.01479983	1.00430334	1.00093532	0.99998909	1.00016987	0.99996841
0.00532460	0.98900849	1.00859094	0.98731196	0.98818022	1.00446737	1.00157344	0.99632359	0.99619007
0.00573420	0.99015099	1.00263703	0.98882014	1.00203383	1.00008953	0.99925661	1.00042713	0.99824762
0.00614380	1.00271833	1.02898359	1.00835741	1.00077844	1.00065637	0.99740010	1.00291634	0.99713379
0.00655340	0.98465896	0.98820525	1.00472403	1.00237203	0.99988711	0.99998057	1.00165021	1.00321376
0.00737260	0.99519986	0.99670935	1.00410974	1.02781653	1.00164938	0.99916309	1.00136995	0.99992931
0.00819180	0.99936807	0.99866128	0.99852091	1.01435459	0.99811214	0.99961025	1.00183141	1.00088143
0.00901100	0.98181856	0.99254000	0.99547040	1.03099477	1.00455523	1.00323403	0.99980372	1.00166762
0.00983020	1.00345516	0.97252494	0.99564129	1.01633680	1.00009716	1.00062811	1.00288832	0.99946630
0.01064940	1.00250185	1.01658249	1.00112832	0.98484272	0.99936944	1.00195110	0.99508536	1.00110197
0.01146860	1.00113976	1.01523924	1.00369918	0.98601794	1.00322282	0.99982005	1.00028074	0.99880892
0.01228780	0.99738204	1.01285756	0.99653220	0.96866298	1.00160956	1.00319481	0.99993891	0.99755085
0.01310700	0.98594415	1.00853419	1.00616372	1.01242793	1.00014055	0.99986100	0.99745214	1.00002754
0.01474540	0.98643857	0.99401510	0.99515879	0.97719431	1.00244713	1.00122833	1.00015295	0.99982023
0.01638380	1.00602186	1.01671839	0.99743479	1.01350451	0.99919802	1.00056231	0.99924070	0.99837065
0.01802220	1.00139749	1.00051248	0.99462754	1.00051761	0.99886459	0.99935782	0.99940765	0.99962831
0.01966060	1.00562513	0.99455529	1.00788224	0.99847037	0.99918580	0.99913573	1.00090933	1.00084865
0.02129900	1.00368881	1.01120901	1.00142682	1.01621103	1.00269151	1.00024259	1.00198030	1.00091851
0.02293740	0.99050647	0.99823421	1.00211263	1.00122786	0.99954885	0.99914503	1.00090182	1.00098181
0.02457580	0.98633784	1.01002920	1.00572240	0.99539363	0.99986136	1.00082064	1.00061691	1.00062382
0.02621420	0.99867368	0.98713851	0.99668229	0.99094343	0.99664778	0.99896491	0.99937528	1.00063252
0.02949100	0.99594682	0.99886310	1.00031650	0.99915910	1.00048947	1.00059104	1.00003278	1.00126529
0.03276780	1.00812340	1.00559902	1.00077057	1.01712263	0.99907780	1.00072014	1.00128400	0.99942225
0.03604460	0.99248201	0.99674743	1.00248134	1.01838350	1.00053489	0.99911237	0.99892336	1.00159025
0.03932140	0.99282640	0.99951959	0.99532145	0.98802936	0.99727905	0.99966687	1.00089431	1.00062740
0.04259820	1.00615680	0.99751890	1.00598216	1.00156224	1.00101745	0.99908268	0.99991566	0.99957997
0.04587500	1.00216913	0.99500018	1.00280070	0.99450564	1.00089741	1.00081372	0.99945086	1.00178170
0.04915180	0.99751204	1.01162839	0.99495262	0.99970227	0.99979585	0.99987566	0.99894416	1.00152516
0.05242860	1.01261199	1.00348711	1.00607955	0.98404539	0.99903977	0.99887520	1.00086021	1.00099671
0.05898220	0.99507040	0.99857563	1.00093901	1.00148273	0.99952126	1.00081360	1.00053835	1.00067270
0.06553581	1.00839722	0.99536866	0.99818248	1.00146234	0.99987805	1.00117588	1.00092578	0.99989712
0.07208940	1.00122619	1.00410080	0.99877858	1.00046599	0.99908555	1.00116634	1.00076616	1.00014412
0.07864300	0.99368238	0.99161398	1.00587213	1.00617301	1.00115931	1.00034845	0.99972045	1.00111032
0.08519660	1.00256693	0.98683244	1.00133848	0.98873055	1.00146854	1.00116479	1.00056124	1.00099373
0.09175020	0.99539900	1.00143564	0.99735069	0.99569386	1.00106573	0.99947572	1.00020278	1.00015259
0.09830380	1.00076818	1.00246191	1.00074339	1.00830650	1.00042832	1.00189745	1.00046015	1.00039053
0.10485740	1.00123036	0.99968493	0.99935824	0.99905580	1.00032282	1.00040376	0.99926931	1.00184965
0.11796460	0.99999470	0.99728209	0.99981678	1.00349343	1.00006354	1.00084841	0.99960017	1.00078332
0.13107181	0.99975508	0.99876070	0.99909991	0.99659163	0.99958885	1.00081289	1.00023246	1.00066662
0.14417900	0.99221915	1.00212240	0.99928647	0.99516183	0.99980927	1.00125992	1.00010312	1.00052273
0.15728620	1.00551975	0.99816144	1.00129831	1.00518692	1.00030732	1.00023496	0.99988347	1.00124192
0.17039341	0.99698681	1.00305438	0.99852550	1.00272799	1.00029778	1.00056982	0.99961275	1.00008285
0.18350060	1.00231493	0.99824327	0.99939299	0.99434298	0.99955910	1.00104618	1.00108099	1.00086057
0.19660780	1.00040364	1.00327814	0.99772710	0.99231768	0.99863499	1.00016487	0.99996382	1.00054526
0.20971501	0.99607480	1.00098562	0.99805331	1.00181460	0.99974322	1.00107169	1.00043499	1.00083721
0.23592941	1.00175500	0.99675143	1.00124514	1.00000012	1.00054085	1.00049698	1.00088632	1.00060070
0.26214382	1.00168562	1.00004232	1.00205278	1.00325274	1.00004017	1.00053537	1.00014341	1.00056672
0.28835821	0.99845839	0.99789423	0.99951679	1.00121570	0.99923170	1.00077796	0.99989772	1.00011146
0.31457260	1.00062513	1.00474656	1.00044453	1.00191116	1.00067806	0.99979812	1.00074601	1.00044250
0.34078699	1.00135183	0.99914271	0.99983007	0.99750102	1.00025153	1.00017250	0.99985307	1.00016725
0.36700141	1.00416815	1.00049806	0.99955529	1.00473142	0.99998951	1.00026894	1.00050318	1.00008988
0.39321581	0.99605542	0.99909103	1.00086570	1.00005293	0.99912822	1.00082099	0.99989325	1.00035799
0.41943020	1.00207865	1.00035977	1.00031853	1.00509524	0.99955404	1.00086010	0.99991572	1.00001776
0.47185901	0.99773383	0.99964452	1.00018752	0.99909872	1.00091684	1.00036430	1.00025320	0.99977297
0.52428782	0.99952561	0.99992412	1.00023603	1.00167894	0.99992156	1.00023448	1.00035238	1.00012898
0.57671660	0.99777561	0.99988264	1.00139511	1.00337672	1.00000775	1.00035918	1.00035751	1.00031257
0.62914538	0.99849480	0.99757981	1.00016427	0.99657291	1.00043869	1.00050271	1.00001061	0.99973893
0.68157423	1.00219846	0.99517441	0.99889630	1.00294030	1.00008893	1.00017595	1.00035334	1.00010026
0.73400301	0.99934328	0.99847704	0.99984777	1.00245380	1.00027072	1.00033784	1.00039971	1.00000191
0.78643179	0.99951822	1.00137758	0.99892831	0.99926382	0.99958932	1.00072873	0.99977320	0.99991709
0.83886063	0.99980557	1.00220823	1.00079870	1.00186813	1.00041628	0.99996656	1.00018883	0.99990678
0.94371825	0.99973100	0.99998844	0.99931651	1.00103128	0.99975657	0.99999583	1.00015664	0.99999386
1.04857588	1.00031114	0.99908882	1.00074625	1.00118339	0.99958122	1.00009418	1.00017226	0.99973410
1.15343344	0.99827003	1.00013983	0.99973893	1.00177705	1.00035524	1.00032794	0.99984342	1.00013733
1.25829101	1.00025809	1.00056374	1.00006759	1.00010574	0.99971354	1.00024426	0.99988884	1.00006700
1.36314869	1.00122046	1.00021839	1.00081873	0.99809480	0.99979889	1.00013566	1.00016093	1.00012505
1.46800625	0.99991506	0.99864769	0.99916619	1.00019586	1.00010765	0.99976552	1.00011289	1.00020051
1.57286382	1.00064600	1.00011659	1.00082242	0.99672788	0.99991953	0.99988550	1.00041866	0.99998236
1.67772150	1.00097346	1.00155890	1.00004292	1.00259972	0.99975944	0.99974585	0.99990433	1.00018466
1.88743675	0.99868500	0.99935794	1.00005305	0.99772203	0.99976903	0.99989712	1.00032580	1.00014114
2.09715199	0.99954522	1.00046897	0.99929726	1.00039303	1.00017405	0.99958080	1.00011277	1.00023842
2.30686712	0.99882203	1.00061917	0.99994361	0.99558055	0.99974501	0.99976039	1.00011086	0.99998659
2.51658225	0.99904782	1.00111485	1.00075340	0.99692410	1.00056422	0.99965388	1.00004065	0.99989694
2.72629738	0.99945629	0.99886972	0.99980503	1.00026262	0.99973220	0.99960613	1.00000727	1.00001538
2.93601274	1.00008059	0.99853379	1.00011778	0.99890810	1.00017250	1.00024092	1.00012136	1.00032103
3.14572787	1.00289845	0.99870396	0.99994206	0.99931842	1.00051022	0.99977273	1.00014102	1.00033331
3.35544300	1.00068533	1.00183010	0.99899435	0.99877125	0.99954069	0.99991554	0.99973500	1.00028884
3.77487350	0.99896359	0.99999052	1.00006402	1.00140083	1.00021672	0.99978143	1.00007665	1.00038040
4.19430399	1.00078297	0.99887311	1.00030231	0.99849659	0.99991632	1.00033081	0.99985075	0.99990368
4.61373425	0.99985540	1.00081611	0.99981123	1.00209355	1.00006688	0.99961400	0.99991560	0.99997330
5.03316450	1.00000000	1.00000000	1.00000000	1.00000000	1.00000000	1.00000000	1.00000000	1.00000000
5.45259476	0.00000000	0.00000000	0.00000000	0.00000000	0.00000000	0.00000000	0.00000000	0.00000000
5.87202549	0.00000000	0.00000000	0.00000000	0.00000000	0.00000000	0.00000000	0.00000000	0.00000000
6.29145575	0.00000000	0.00000000	0.00000000	0.00000000	0.00000000	0.00000000	0.00000000	0.00000000
6.71088600	0.00000000	0.00000000	0.00000000	0.00000000	0.00000000	0.00000000	0.00000000	0.00000000
7.54974699	0.00000000	0.00000000	0.00000000	0.00000000	0.00000000	0.00000000	0.00000000	0.00000000
8.38860798	0.00000000	0.00000000	0.00000000	0.00000000	0.00000000	0.00000000	0.00000000	0.00000000
9.22746849	0.00000000	0.00000000	0.00000000	0.00000000	0.00000000	0.00000000	0.00000000	0.00000000
10.06632900	0.00000000	0.00000000	0.00000000	0.00000000	0.00000000	0.00000000	0.00000000	0.00000000
10.90518951	0.00000000	0.00000000	0.00000000	0.00000000	0.00000000	0.00000000	0.00000000	0.00000000
11.74405098	0.00000000	0.00000000	0.00000000	0.00000000	0.00000000	0.00000000	0.00000000	0.00000000
12.58291149	0.00000000	0.00000000	0.00000000	0.00000000	0.00000000	0.00000000	0.00000000	0.00000000
13.42177200	0.00000000	0.00000000	0.00000000	0.00000000	0.00000000	0.00000000	0.00000000	0.00000000
15.09949398	0.00000000	0.00000000	0.00000000	0.00000000	0.00000000	0.00000000	0.00000000	0.00000000
16.77721596	0.00000000	0.00000000	0.00000000	0.00000000	0.00000000	0.00000000	0.00000000	0.00000000
18.45493698	0.00000000	0.00000000	0.00000000	0.00000000	0.00000000	0.00000000	0.00000000	0.00000000
20.13265800	0.00000000	0.00000000	0.00000000	0.00000000	0.00000000	0.00000000	0.00000000	0.00000000
21.81037903	0.00000000	0.00000000	0.00000000	0.00000000	0.00000000	0.00000000	0.00000000	0.00000000
23.48810196	0.00000000	0.00000000	0.00000000	0.00000000	0.00000000	0.00000000	0.00000000	0.00000000
25.16582298	0.00000000	0.00000000	0.00000000	0.00000000	0.00000000	0.00000000	0.00000000	0.00000000
26.84354401	0.00000000	0.00000000	0.00000000	0.00000000	0.00000000	0.00000000	0.00000000	0.00000000
30.19898796	0.00000000	0.00000000	0.00000000	0.00000000	0.00000000	0.00000000	0.00000000	0.00000000
33.55443192	0.00000000	0.00000000	0.00000000	0.00000000	0.00000000	0.00000000	0.00000000	0.00000000
36.90987396	0.00000000	0.00000000	0.00000000	0.00000000	0.00000000	0.00000000	0.00000000	0.00000000
40.26531601	0.00000000	0.00000000	0.00000000	0.00000000	0.00000000	0.00000000	0.00000000	0.00000000
43.62075806	0.00000000	0.00000000	0.00000000	0.00000000	0.00000000	0.00000000	0.00000000	0.00000000
46.97620392	0.00000000	0.00000000	0.00000000	0.00000000	0.00000000	0.00000000	0.00000000	0.00000000
50.33164597	0.00000000	0.00000000	0.00000000	0.00000000	0.00000000	0.00000000	0.00000000	0.00000000
53.68708801	0.00000000	0.00000000	0.00000000	0.00000000	0.00000000	0.00000000	0.00000000	0.00000000
60.39797592	0.00000000	0.00000000	0.00000000	0.00000000	0.00000000	0.00000000	0.00000000	0.00000000
67.10886383	0.00000000	0.00000000	0.00000000	0.00000000	0.00000000	0.00000000	0.00000000	0.00000000
73.81974792	0.00000000	0.00000000	0.00000000	0.00000000	0.00000000	0.00000000	0.00000000	0.00000000
80.53063202	0.00000000	0.00000000	0.00000000	0.00000000	0.00000000	0.00000000	0.00000000	0.00000000
87.24151611	0.00000000	0.00000000	0.00000000	0.00000000	0.00000000	0.00000000	0.00000000	0.00000000
93.95240784	0.00000000	0.00000000	0.00000000	0.00000000	0.00000000	0.00000000	0.00000000	0.00000000
100.66329193	0.00000000	0.00000000	0.00000000	0.00000000	0.00000000	0.00000000	0.00000000	0.00000000
107.37417603	0.00000000	0.00000000	0.00000000	0.00000000	0.00000000	0.00000000	0.00000000	0.00000000
120.79595184	0.00000000	0.00000000	0.00000000	0.00000000	0.00000000	0.00000000	0.00000000	0.00000000
134.21772766	0.00000000	0.00000000	0.00000000	0.00000000	0.00000000	0.00000000	0.00000000	0.00000000
147.63949585	0.00000000	0.00000000	0.00000000	0.00000000	0.00000000	0.00000000	0.00000000	0.00000000
161.06126404	0.00000000	0.00000000	0.00000000	0.00000000	0.00000000	0.00000000	0.00000000	0.00000000
174.48303223	0.00000000	0.00000000	0.00000000	0.00000000	0.00000000	0.00000000	0.00000000	0.00000000
187.90481567	0.00000000	0.00000000	0.00000000	0.00000000	0.00000000	0.00000000	0.00000000	0.00000000
201.32658386	0.00000000	0.00000000	0.00000000	0.00000000	0.00000000	0.00000000	0.00000000	0.00000000
214.74835205	0.00000000	0.00000000	0.00000000	0.00000000	0.00000000	0.00000000	0.00000000	0.00000000
241.59190369	0.00000000	0.00000000	0.00000000	0.00000000	0.00000000	0.00000000	0.00000000	0.00000000
268.43545532	0.00000000	0.00000000	0.00000000	0.00000000	0.00000000	0.00000000	0.00000000	0.00000000
295.27899170	0.00000000	0.00000000	0.00000000	0.00000000	0.00000000	0.00000000	0.00000000	0.00000000
322.12252808	0.00000000	0.00000000	0.00000000	0.00000000	0.00000000	0.00000000	0.00000000	0.00000000
348.96606445	0.00000000	0.00000000	0.00000000	0.00000000	0.00000000	0.00000000	0.00000000	0.00000000
375.80963135	0.00000000	0.00000000	0.00000000	0.00000000	0.00000000	0.00000000	0.00000000	0.00000000
402.65316772	0.00000000	0.00000000	0.00000000	0.00000000	0.00000000	0.00000000	0.00000000	0.00000000
429.49670410	0.00000000	0.00000000	0.00000000	0.00000000	0.00000000	0.00000000	0.00000000	0.00000000
483.18380737	0.00000000	0.00000000	0.00000000	0.00000000	0.00000000	0.00000000	0.00000000	0.00000000
536.87091064	0.00000000	0.00000000	0.00000000	0.00000000	0.00000000	0.00000000	0.00000000	0.00000000
590.55798340	0.00000000	0.00000000	0.00000000	0.00000000	0.00000000	0.00000000	0.00000000	0.00000000
644.24505615	0.00000000	0.00000000	0.00000000	0.00000000	0.00000000	0.00000000	0.00000000	0.00000000
697.93212891	0.00000000	0.00000000	0.00000000	0.00000000	0.00000000	0.00000000	0.00000000	0.00000000
751.61926270	0.00000000	0.00000000	0.00000000	0.00000000	0.00000000	0.00000000	0.00000000	0.00000000
805.30633545	0.00000000	0.00000000	0.00000000	0.00000000	0.00000000	0.00000000	0.00000000	0.00000000
858.99340820	0.00000000	0.00000000	0.00000000	0.00000000	0.00000000	0.00000000	0.00000000	0.00000000
966.36761475	0.00000000	0.00000000	0.00000000	0.00000000	0.00000000	0.00000000	0.00000000	0.00000000
1073.74182129	0.00000000	0.00000000	0.00000000	0.00000000	0.00000000	0.00000000	0.00000000	0.00000000
1181.11596680	0.00000000	0.00000000	0.00000000	0.00000000	0.00000000	0.00000000	0.00000000	0.00000000
1288.49011230	0.00000000	0.00000000	0.00000000	0.00000000	0.00000000	0.00000000	0.00000000	0.00000000
1395.86425781	0.00000000	0.00000000	0.00000000	0.00000000	0.00000000	0.00000000	0.00000000	0.00000000
1503.23852539	0.00000000	0.00000000	0.00000000	0.00000000	0.00000000	0.00000000	0.00000000	0.00000000
1610.61267090	0.00000000	0.00000000	0.00000000	0.00000000	0.00000000	0.00000000	0.00000000	0.00000000
1717.98681641	0.00000000	0.00000000	0.00000000	0.00000000	0.00000000	0.00000000	0.00000000	0.00000000
1932.73522949	0.00000000	0.00000000	0.00000000	0.00000000	0.00000000	0.00000000	0.00000000	0.00000000
2147.48364258	0.00000000	0.00000000	0.00000000	0.00000000	0.00000000	0.00000000	0.00000000	0.00000000
2362.23193359	0.00000000	0.00000000	0.00000000	0.00000000	0.00000000	0.00000000	0.00000000	0.00000000
2576.98022461	0.00000000	0.00000000	0.00000000	0.00000000	0.00000000	0.00000000	0.00000000	0.00000000
2791.72851562	0.00000000	0.00000000	0.00000000	0.00000000	0.00000000	0.00000000	0.00000000	0.00000000
3006.47705078	0.00000000	0.00000000	0.00000000	0.00000000	0.00000000	0.00000000	0.00000000	0.00000000
3221.22534180	0.00000000	0.00000000	0.00000000	0.00000000	0.00000000	0.00000000	0.00000000	0.00000000
3435.97363281	0.00000000	0.00000000	0.00000000	0.00000000	0.00000000	0.00000000	0.00000000	0.00000000
0	0	0	0	0	0	0	0	0
