%12/21/2014 12:04:26 PM
%Duration	ID1		ID2		ID3		ID4		ID5		ID6		ID7		ID8
3000.000000	2.346039	2.641678	5.922318	1.697540	16.107559	17.461777	23.899078	23.250580
%Tau		Tau1		Tau2		Tau3		Tau4		Tau5		Tau6		Tau7		Tau8
%		0.000003	0.000003	0.000002	0.000001	0.000016	0.000021	0.000024	0.000021
%Delaytime	D1		D2		D3		D4		D5		D6		D7		D8
0.00000000	8.21465302	28.12401962	14.34476852	24.52490425	4.59521675	2.43697524	3.10033703	3.96548557
0.00000020	2.73821759	3.01328778	2.54503965	10.03291607	1.76855385	1.66866779	1.66677415	1.79374659
0.00000040	2.73821759	2.00885844	2.08230519	3.34430528	1.43600523	1.35654294	1.47471786	1.49822509
0.00000060	2.05366325	2.00885844	1.27251983	3.34430528	1.42088938	1.54861975	1.52959108	1.26455700
0.00000080	1.36910880	2.00885844	1.50388706	2.22953677	1.43600523	1.20048046	1.45414042	1.47760725
0.00000100	3.42277193	3.01328778	1.85093796	2.22953677	1.45112109	1.44057655	1.36497140	1.33328283
0.00000120	2.05366325	1.50664389	1.50388706	1.11476839	1.79878557	1.50060058	1.47471786	1.47760725
0.00000140	2.05366325	3.01328778	1.50388706	0.00000000	1.36042607	1.23649490	1.50215447	1.56007838
0.00000160	0.68455440	1.50664389	0.69410169	1.11476839	1.46623695	1.64465821	1.56388688	1.47760725
0.00000180	0.68455440	0.50221461	1.27251983	2.22953677	1.46623695	1.56062460	1.48843622	1.34015548
0.00000200	0.68455440	2.00885844	1.61957073	3.34430528	1.52670038	1.40456212	1.56388688	1.46386206
0.00000220	0.68455440	1.50664389	1.50388706	2.22953677	1.37554193	1.51260543	1.39240801	1.40888143
0.00000240	0.68455440	2.51107311	1.27251983	0.00000000	1.52670038	1.53661501	1.47471786	1.53946066
0.00000260	2.73821759	0.50221461	1.85093796	0.00000000	1.57204783	1.64465821	1.56388688	1.40888143
0.00000280	2.05366325	0.50221461	0.57841808	1.11476839	1.33019435	1.57262945	1.43356299	1.47073472
0.00000300	0.68455440	1.50664389	1.73525429	1.11476839	1.28484678	1.62064862	1.21407008	1.56007838
0.00000340	1.02683163	2.25996590	1.15683615	0.55738419	1.48891068	1.44057655	1.39240801	1.44324434
0.00000380	1.36910880	0.25110731	1.44604528	0.55738419	1.49646866	1.48859572	1.44728124	1.48447990
0.00000420	2.73821759	2.76218057	0.86762714	1.11476839	1.60227954	1.47659099	1.53645027	1.45698953
0.00000460	2.39594030	1.25553656	1.27251983	1.67215264	1.27728891	1.51260543	1.27923203	1.48104358
0.00000500	1.02683163	1.00442922	1.33036160	0.55738419	1.45112109	1.54261744	1.24493623	1.30579245
0.00000540	2.39594030	0.25110731	1.27251983	0.55738419	1.29240477	1.54261744	1.38554883	1.39857244
0.00000580	2.05366325	2.76218057	1.27251983	1.67215264	1.46623695	1.52461016	1.39240801	1.39513624
0.00000620	0.00000000	0.75332195	1.73525429	1.11476839	1.37554193	1.35654294	1.49186575	1.48791623
0.00000700	1.36910880	1.12998295	1.27251983	1.11476839	1.36420500	1.34153688	1.37868977	1.35561883
0.00000780	0.51341581	1.75775123	1.21467805	1.95084465	1.36420500	1.32953215	1.42155945	1.47417104
0.00000860	1.19797015	0.75332195	1.33036160	1.11476839	1.44734216	1.41956818	1.40441155	1.44668067
0.00000940	1.54024744	2.38551950	1.07007349	1.39346051	1.38687873	1.49459815	1.35811222	1.32641029
0.00001020	1.54024744	1.38109028	1.44604528	2.50822902	1.35664713	1.35654294	1.33410525	1.30235624
0.00001100	0.85569298	1.12998295	0.95438987	1.67215264	1.20926762	1.26950812	1.38726366	1.23534846
0.00001180	0.85569298	1.12998295	1.38820338	1.39346051	1.46623695	1.28751528	1.40784109	1.42949915
0.00001260	1.54024744	1.12998295	1.07007349	1.39346051	1.41333151	1.38055253	1.36840105	1.25596619
0.00001420	2.13923240	1.63219750	1.37374294	1.11476839	1.26784146	1.34453809	1.29466510	1.35390067
0.00001580	1.36910880	1.75775123	1.43158484	0.83607632	1.36987340	1.41056454	1.32124436	1.34960532
0.00001740	0.68455440	1.06720603	0.98331076	0.69673026	1.23949933	1.23949611	1.31095564	1.31696045
0.00001900	1.11240089	1.44386709	1.31590116	1.81149864	1.32074690	1.25900388	1.25951195	1.27486587
0.00002060	0.68455440	1.19275975	1.24359894	0.69673026	1.22438347	1.26950812	1.24579358	1.27744305
0.00002220	1.19797015	1.38109028	1.15683615	1.67215264	1.21682549	1.18997622	1.26465631	1.28345656
0.00002380	1.62581670	1.12998295	1.18575716	0.97542232	1.14880419	1.26200509	1.24579358	1.22933495
0.00002540	0.85569298	1.19275975	1.28698027	1.39346051	1.31885743	1.24549842	1.20978308	1.19926727
0.00002860	1.19432008	1.13057435	1.35126066	0.97504234	1.12549210	1.21229267	1.17712605	1.22638071
0.00003180	1.40759146	1.00495493	1.19869900	0.48752117	1.13588715	1.20177054	1.14569581	1.16863823
0.00003500	1.23697436	1.22478878	1.23502326	0.90539646	1.18502700	1.18147802	1.13923752	1.08461010
0.00003820	1.15166581	0.91074038	1.02434278	1.11433411	1.14628208	1.15141499	1.15215409	1.14018047
0.00004140	1.40759146	0.91074038	1.04613733	0.97504234	1.10848212	1.14540231	1.08326590	1.12294412
0.00004460	1.19432008	1.35040820	1.16237473	1.18397999	1.01492739	1.09504676	1.07465494	1.13070047
0.00004780	0.85308576	0.97355008	1.00254822	1.25362587	1.08391225	1.15442121	1.09575188	1.10786247
0.00005100	1.19432008	1.25619364	1.16237473	1.74114704	1.07540727	1.08151829	1.08025205	1.09795153
0.00005740	1.10816658	1.09916949	1.08568406	0.76789886	1.06321239	1.10264444	1.04396760	1.08354890
0.00006380	1.00161207	0.87933558	0.99127674	1.18675280	1.03301013	1.07485306	1.04461372	1.07450140
0.00007020	0.83112490	1.33470571	1.06389773	0.94242132	1.04244828	1.03541923	1.03449070	1.06308436
0.00007660	1.10816658	1.08346701	1.06389773	1.11694372	1.06085277	1.02527916	1.03384459	1.05705261
0.00008300	1.06554472	0.95784765	1.06026661	0.90751684	1.03017867	1.07560420	1.05258298	1.04951298
0.00008940	1.04423392	0.95784765	1.10383928	1.04713476	0.99572927	0.99185425	1.00326002	1.01549268
0.00009580	0.87374669	0.97355008	1.03484929	1.01223028	1.03772926	1.01739240	1.02542889	1.05040693
0.00010220	0.98030120	1.02065730	1.07115984	0.80280334	1.02404380	0.99972081	1.00281382	1.02972615
0.00011500	1.06554472	0.88672268	1.02862608	1.04918015	0.99841535	1.00541162	1.00927246	1.01921654
0.00012780	1.00161207	1.11443448	1.02136946	1.08415282	1.01540565	0.99847728	1.00841141	1.01394403
0.00014060	0.91636848	0.98886436	0.98327219	1.06666648	1.02437270	0.99265033	1.00163054	1.02803993
0.00015340	0.86309129	0.82405365	0.97238725	0.94426215	1.00573063	0.98851508	0.99441910	1.01209927
0.00016620	0.98030120	0.97316813	0.98690051	1.22404349	1.01965320	1.02404070	0.99258935	1.00854838
0.00017900	0.85243583	1.00456059	1.01229870	1.08415282	1.00053918	1.00693572	0.99140543	1.00994718
0.00019180	1.00161207	0.98886436	0.98508638	1.10163915	1.03050816	1.00543201	0.99635649	0.99649704
0.00020460	0.91636848	0.84759802	0.95968819	1.08415282	1.00148308	1.00825155	1.01551509	1.00488997
0.00023020	0.97940540	0.99593079	1.01779389	0.95430911	1.01495934	1.01686847	1.00916493	0.99950290
0.00025580	0.88359398	0.95279992	1.02596533	1.15567708	1.00950444	0.99205989	1.01061606	1.01053011
0.00028140	1.05392540	1.05866659	1.07953346	1.01559496	1.00454485	0.98266274	0.98841947	0.99611402
0.00030700	0.97940540	1.02729869	0.99509555	0.87551296	1.01918733	0.99448305	1.00061953	0.99912632
0.00033260	1.12312245	0.94103694	1.03958428	0.98932964	1.01316500	0.99985957	1.00839710	1.01456451
0.00035820	0.94746828	1.05082464	1.00871456	0.98932964	0.99167365	1.00530994	1.01097679	1.00870121
0.00038380	0.80919731	1.07042956	0.96876550	0.92804372	1.00832355	0.99309361	1.02025890	1.00945437
0.00040940	0.87840497	1.11748135	0.96513373	0.97181934	0.97785777	0.99534893	1.01407838	1.01838374
0.00046060	1.02950203	0.99893582	1.00616014	1.00148380	1.00459766	0.99961227	1.00551927	0.99667865
0.00051180	0.95235586	0.96360999	0.98803109	1.05833650	1.00849771	0.98466742	1.00181448	1.00981987
0.00056300	1.04812348	0.94790965	1.05012298	1.05396330	0.99040186	1.00008225	1.00296128	1.00668800
0.00061420	1.13591051	0.99108565	1.00162780	1.14142907	0.99450183	0.99632251	1.01546073	1.00985813
0.00066540	1.06674492	0.95968491	0.99489200	0.96212411	1.00637984	1.00654113	1.01116109	1.01008451
0.00071660	0.96299666	1.00272977	1.00577009	1.00566065	1.01016188	0.98788315	0.99708962	1.01287436
0.00076780	0.98693860	1.05571163	1.00259733	1.14120626	1.00482059	0.99336171	0.99603105	1.00128412
0.00081900	0.98959881	1.02641153	0.98446715	1.07540977	1.00089777	0.99965924	1.00027657	1.00702178
0.00092140	1.07503211	1.01450348	1.00291061	0.97666764	1.00362372	1.00581884	1.00258720	1.00081301
0.00102380	0.95647222	0.96152169	1.00789237	0.98977727	1.00507069	0.99500322	0.99721128	1.00445676
0.00112620	0.99910051	1.02333379	0.97754920	0.96792787	0.99387866	1.00635004	0.99925345	1.00345075
0.00122860	1.02989662	0.99095601	0.98411602	0.99414712	1.00659966	1.01234412	1.00233042	0.99377316
0.00133100	0.99243987	1.00469208	1.01445913	1.04877067	0.99020982	1.00146401	1.00175381	0.99640894
0.00143340	0.96446502	0.93404967	1.01060963	1.02036643	0.99570262	0.99766266	0.99850017	1.00847888
0.00153580	0.98311490	1.04590011	0.99922478	0.94607848	0.99499214	1.00798750	0.99450135	1.00796819
0.00163820	0.98711133	0.99095601	1.00980341	0.99633211	1.00976300	1.00979424	0.99657482	1.00573921
0.00184300	1.07533836	0.99144661	1.00277281	0.96208990	1.00070357	1.00138247	1.00151348	1.00089037
0.00204780	0.97394168	0.95955938	1.02642763	0.96208990	0.99992090	1.00750959	1.00034416	1.00344014
0.00225260	1.01011837	1.01793754	0.99846905	0.99157506	1.00823116	0.99654198	1.00251913	1.00401306
0.00245740	0.95392919	1.01954257	0.99183786	0.98939097	0.99819517	1.00601470	1.00464690	0.99923861
0.00266220	1.02464008	1.00740850	0.98470312	0.99157506	0.99991626	0.99900669	0.99752486	0.99957752
0.00286700	0.96393543	1.01918530	0.99223995	0.95116949	1.00439799	1.00175297	1.00267994	1.00415897
0.00307180	0.97194046	0.96986139	0.99587607	1.02433634	0.99563932	1.00637484	0.99687463	1.00945854
0.00327660	0.98676682	1.00616372	0.99213815	1.06583393	0.99446481	0.99565089	0.99316436	0.99576598
0.00368620	1.00111127	0.98619282	1.00998867	0.99310613	0.99758524	1.00450182	0.99846238	1.00110245
0.00409580	1.01460969	0.98289442	1.00184083	1.00202250	1.00215638	0.99642599	0.99611193	1.00108039
0.00450540	1.01209497	0.99601477	0.99386281	1.01020002	1.00270891	1.00115013	1.00106764	1.00010693
0.00491500	1.03195918	0.99735379	0.99759722	0.96277022	1.00303996	0.99960321	1.00050414	1.00697482
0.00532460	0.97557348	1.03323984	1.00020003	0.98403186	0.99982059	1.00329018	0.99576467	1.00313592
0.00573420	1.01994801	0.98512298	0.99554235	0.96931231	1.00381124	0.99671394	1.00252986	0.99987566
0.00614380	1.00842440	0.96956539	1.00754225	0.97967052	1.00453532	1.00023878	0.99875724	0.99888533
0.00655340	0.99622971	1.00262713	1.00674343	0.99692154	0.99753159	0.99871683	0.99606472	1.00026000
0.00737260	1.01285517	1.00773072	0.99887389	1.01154470	0.99480265	1.00219667	0.99963075	1.00063479
0.00819180	0.97848833	1.00000715	1.00374758	1.00929153	0.99983615	0.99995375	1.00257003	1.00164092
0.00901100	0.98937196	0.99263716	1.00620604	0.99649501	1.00074303	0.99960971	1.00166917	0.99887180
0.00983020	0.98803675	1.00097966	0.99494243	0.99501795	1.00247681	1.00173867	1.00136065	1.00121129
0.01064940	0.99304372	1.00023603	1.00508976	1.02324986	1.00104415	1.00287592	1.00029731	0.99966520
0.01146860	0.99123913	1.00773072	1.00185919	0.99412304	0.99948591	1.00373793	1.00186801	1.00474727
0.01228780	0.99474293	1.01101196	1.00634086	0.97261816	1.00168860	0.99899220	1.00290728	1.00116181
0.01310700	1.00093043	1.01431072	0.99569410	1.01201415	0.99867874	1.00132179	1.00063658	1.00011635
0.01474540	1.00186121	0.98530817	1.00248408	0.99921751	0.99991244	0.99929726	1.00105906	1.00114894
0.01638380	0.99942601	1.00263441	0.99649417	0.99287659	1.00016642	1.00039709	1.00186574	1.00079572
0.01802220	1.01863956	1.01588321	1.00345719	0.99382973	0.99888474	1.00108302	0.99904776	1.00644779
0.01966060	1.01317680	1.01409554	1.00570726	1.00785422	0.99887127	1.00316036	1.00024366	1.00180292
0.02129900	0.99887067	0.99305874	1.00362158	0.99143595	1.00090098	0.99994016	0.99922782	1.00346315
0.02293740	0.99469757	0.97786295	0.99576318	1.00567567	0.99998981	1.00076854	0.99957395	1.00106084
0.02457580	1.00131929	0.99832034	1.00081599	1.00608408	0.99995857	0.99970001	1.00184715	1.00238883
0.02621420	1.00608861	1.00987113	0.99365109	0.98898458	1.00272071	0.99832892	1.00094187	1.00218630
0.02949100	1.01013803	0.98899066	0.99979597	0.99926496	1.00022948	1.00218749	1.00030112	1.00224268
0.03276780	1.00155544	0.99990487	0.99755675	0.99707931	0.99980640	1.00043797	1.00039029	1.00258720
0.03604460	1.00946712	1.01147282	1.00691319	1.01680911	1.00100863	0.99872172	1.00140715	1.00150073
0.03932140	0.99837184	1.00409675	0.99616742	1.00728142	0.99868548	1.00104308	1.00194263	1.00100195
0.04259820	1.00479639	0.99433792	1.00370157	0.99414450	1.00150251	0.99878818	0.99954683	1.00271094
0.04587500	0.99520177	1.00371563	0.99741644	1.00345576	1.00073087	0.99888343	1.00042927	1.00214577
0.04915180	1.00393319	1.01069200	0.99607122	0.98819208	0.99870819	1.00069308	1.00095606	1.00091672
0.05242860	0.98705167	1.00436795	1.00361192	1.00363481	1.00009573	1.00103486	1.00223315	1.00013566
0.05898220	1.00189662	0.99927968	0.99784565	0.99320728	1.00008225	0.99997342	1.00095224	1.00362039
0.06553581	1.00176466	0.99885619	1.00358880	1.00079966	1.00134313	0.99932623	1.00103676	1.00198293
0.07208940	0.99936175	0.99290389	0.99868900	1.00422168	1.00227237	0.99912864	1.00127733	1.00209594
0.07864300	0.99877828	0.99406868	0.99917179	0.99538624	1.00170577	1.00064838	1.00050914	1.00241470
0.08519660	1.00629246	1.00280476	1.00249982	0.99963921	1.00090706	1.00055873	1.00023687	1.00234020
0.09175020	1.00421691	1.00153112	1.00379431	0.99507344	0.99994105	1.00207007	1.00089860	1.00217843
0.09830380	0.99795312	0.99737835	1.00208962	1.00988078	0.99983066	0.99923390	0.99995226	1.00150096
0.10485740	1.00514066	1.00273299	1.00214922	0.99949068	1.00192106	1.00048578	1.00093687	1.00247884
0.11796460	1.00359333	0.99895847	1.00201321	1.00376940	1.00000393	1.00020611	1.00112164	1.00231755
0.13107181	0.99950171	0.99973625	1.00094783	0.99746090	1.00059366	1.00017250	1.00092244	1.00166130
0.14417900	1.00455689	1.00127125	1.00091600	0.99738425	1.00006318	1.00023019	0.99978811	1.00206399
0.15728620	0.99293435	1.00216889	1.00066566	0.99573344	1.00069535	0.99974734	1.00070035	1.00275040
0.17039341	0.99884313	0.99911124	0.99932110	0.99656063	0.99977046	1.00030899	1.00041509	1.00235307
0.18350060	0.99752730	1.00060213	1.00038409	1.00382626	1.00000656	0.99955165	1.00053716	1.00243032
0.19660780	0.99832124	1.00165677	1.00278592	0.99904466	0.99943984	0.99963212	1.00083470	1.00195026
0.20971501	1.00271618	0.99522102	1.00162530	1.00072563	1.00173712	0.99978203	1.00058711	1.00232410
0.23592941	1.00263691	0.99816585	1.00124395	1.00086868	0.99959821	1.00031793	1.00084317	1.00223017
0.26214382	1.00106525	0.99781531	0.99995881	0.99569970	0.99980068	0.99987769	1.00012231	1.00203955
0.28835821	0.99926317	1.00039792	0.99988633	1.00470901	1.00053930	1.00094116	1.00053346	1.00161672
0.31457260	0.99975264	1.00115144	0.99878955	0.99898654	1.00097167	1.00018179	1.00061679	1.00220788
0.34078699	1.00392473	0.99926776	1.00032008	1.00270689	1.00060332	0.99970388	1.00057924	1.00199211
0.36700141	0.99859583	1.00208247	1.00272465	0.99692535	1.00024199	0.99974215	1.00036466	1.00215423
0.39321581	1.00295496	0.99893653	1.00143313	1.00258505	1.00080025	1.00014246	1.00021636	1.00204945
0.41943020	1.00007164	1.00489461	0.99959904	0.99577129	1.00011659	1.00043714	1.00066555	1.00209105
0.47185901	1.00124073	0.99967206	1.00058055	0.99760783	1.00106835	1.00023353	1.00020504	1.00209224
0.52428782	1.00194418	0.99916518	1.00038052	1.00038898	1.00027800	1.00058949	1.00040424	1.00209606
0.57671660	1.00200498	1.00130522	1.00100505	1.00084710	1.00053191	1.00019193	1.00014186	1.00203443
0.62914538	1.00029910	0.99995083	1.00021446	1.00248158	1.00037014	1.00025749	1.00028980	1.00172305
0.68157423	1.00083518	0.99991149	1.00011694	0.99794853	1.00033092	1.00002074	1.00054014	1.00195050
0.73400301	1.00227857	1.00105536	1.00158751	0.99812871	0.99977899	1.00016141	1.00047004	1.00141132
0.78643179	0.99900997	0.99993211	1.00121713	1.00066507	1.00066149	0.99998134	1.00042868	1.00168502
0.83886063	1.00303102	1.00106597	0.99946636	0.99915010	1.00097466	0.99976766	0.99999332	1.00148463
0.94371825	0.99980175	1.00052631	1.00117064	1.00188768	1.00061607	1.00017059	1.00035524	1.00131035
1.04857588	1.00162065	1.00135529	1.00041580	1.00100636	0.99976581	0.99989945	1.00056517	1.00117159
1.15343344	1.00041759	0.99982244	1.00087345	1.00022960	1.00009537	1.00024951	1.00034618	1.00086808
1.25829101	0.99828941	1.00020874	0.99993807	1.00218773	1.00028491	1.00018561	1.00020957	1.00125539
1.36314869	1.00010180	0.99994802	0.99948895	0.99968219	1.00043797	0.99944741	1.00058317	1.00070524
1.46800625	1.00072050	1.00100636	1.00009751	0.99804312	1.00018966	1.00011575	1.00032449	1.00065398
1.57286382	1.00143361	0.99934262	0.99940062	1.00018334	1.00000024	0.99986231	1.00015080	1.00051236
1.67772150	1.00071204	0.99880731	1.00008929	0.99708205	1.00038862	1.00016820	1.00005162	1.00039840
1.88743675	0.99862736	0.99945486	0.99957061	1.00091565	0.99982291	0.99975961	1.00027037	1.00049543
2.09715199	0.99952352	0.99905956	0.99942201	0.99898946	1.00023425	1.00004327	1.00010622	1.00029588
2.30686712	0.99993533	0.99898517	0.99961096	0.99898404	1.00024319	1.00040019	1.00025880	1.00021374
2.51658225	0.99856555	1.00012755	0.99943250	1.00110245	0.99981230	1.00004005	1.00044203	1.00028467
2.72629738	0.99935383	0.99953377	0.99906486	1.00055289	1.00009120	1.00013006	0.99987483	1.00017285
2.93601274	0.99891782	0.99889618	0.99931592	0.99849468	1.00019121	1.00022423	0.99988830	1.00024855
3.14572787	0.99911940	1.00054860	0.99886954	0.99947053	1.00017762	1.00025678	0.99999940	1.00013542
3.35544300	1.00006878	0.99950868	0.99918664	0.99897420	1.00004113	0.99997741	0.99972761	0.99994314
3.77487350	1.00007963	0.99978226	0.99940801	1.00028968	0.99993539	1.00013292	1.00000918	1.00003064
4.19430399	0.99932706	1.00036347	0.99944216	0.99945801	0.99993193	0.99996156	1.00011110	0.99997509
4.61373425	0.99998313	0.99947208	0.99997205	0.99868637	0.99998778	0.99982959	0.99992400	1.00001299
5.03316450	1.00000000	1.00000000	1.00000000	1.00000000	1.00000000	1.00000000	1.00000000	1.00000000
5.45259476	0.00000000	0.00000000	0.00000000	0.00000000	0.00000000	0.00000000	0.00000000	0.00000000
5.87202549	0.00000000	0.00000000	0.00000000	0.00000000	0.00000000	0.00000000	0.00000000	0.00000000
6.29145575	0.00000000	0.00000000	0.00000000	0.00000000	0.00000000	0.00000000	0.00000000	0.00000000
6.71088600	0.00000000	0.00000000	0.00000000	0.00000000	0.00000000	0.00000000	0.00000000	0.00000000
7.54974699	0.00000000	0.00000000	0.00000000	0.00000000	0.00000000	0.00000000	0.00000000	0.00000000
8.38860798	0.00000000	0.00000000	0.00000000	0.00000000	0.00000000	0.00000000	0.00000000	0.00000000
9.22746849	0.00000000	0.00000000	0.00000000	0.00000000	0.00000000	0.00000000	0.00000000	0.00000000
10.06632900	0.00000000	0.00000000	0.00000000	0.00000000	0.00000000	0.00000000	0.00000000	0.00000000
10.90518951	0.00000000	0.00000000	0.00000000	0.00000000	0.00000000	0.00000000	0.00000000	0.00000000
11.74405098	0.00000000	0.00000000	0.00000000	0.00000000	0.00000000	0.00000000	0.00000000	0.00000000
12.58291149	0.00000000	0.00000000	0.00000000	0.00000000	0.00000000	0.00000000	0.00000000	0.00000000
13.42177200	0.00000000	0.00000000	0.00000000	0.00000000	0.00000000	0.00000000	0.00000000	0.00000000
15.09949398	0.00000000	0.00000000	0.00000000	0.00000000	0.00000000	0.00000000	0.00000000	0.00000000
16.77721596	0.00000000	0.00000000	0.00000000	0.00000000	0.00000000	0.00000000	0.00000000	0.00000000
18.45493698	0.00000000	0.00000000	0.00000000	0.00000000	0.00000000	0.00000000	0.00000000	0.00000000
20.13265800	0.00000000	0.00000000	0.00000000	0.00000000	0.00000000	0.00000000	0.00000000	0.00000000
21.81037903	0.00000000	0.00000000	0.00000000	0.00000000	0.00000000	0.00000000	0.00000000	0.00000000
23.48810196	0.00000000	0.00000000	0.00000000	0.00000000	0.00000000	0.00000000	0.00000000	0.00000000
25.16582298	0.00000000	0.00000000	0.00000000	0.00000000	0.00000000	0.00000000	0.00000000	0.00000000
26.84354401	0.00000000	0.00000000	0.00000000	0.00000000	0.00000000	0.00000000	0.00000000	0.00000000
30.19898796	0.00000000	0.00000000	0.00000000	0.00000000	0.00000000	0.00000000	0.00000000	0.00000000
33.55443192	0.00000000	0.00000000	0.00000000	0.00000000	0.00000000	0.00000000	0.00000000	0.00000000
36.90987396	0.00000000	0.00000000	0.00000000	0.00000000	0.00000000	0.00000000	0.00000000	0.00000000
40.26531601	0.00000000	0.00000000	0.00000000	0.00000000	0.00000000	0.00000000	0.00000000	0.00000000
43.62075806	0.00000000	0.00000000	0.00000000	0.00000000	0.00000000	0.00000000	0.00000000	0.00000000
46.97620392	0.00000000	0.00000000	0.00000000	0.00000000	0.00000000	0.00000000	0.00000000	0.00000000
50.33164597	0.00000000	0.00000000	0.00000000	0.00000000	0.00000000	0.00000000	0.00000000	0.00000000
53.68708801	0.00000000	0.00000000	0.00000000	0.00000000	0.00000000	0.00000000	0.00000000	0.00000000
60.39797592	0.00000000	0.00000000	0.00000000	0.00000000	0.00000000	0.00000000	0.00000000	0.00000000
67.10886383	0.00000000	0.00000000	0.00000000	0.00000000	0.00000000	0.00000000	0.00000000	0.00000000
73.81974792	0.00000000	0.00000000	0.00000000	0.00000000	0.00000000	0.00000000	0.00000000	0.00000000
80.53063202	0.00000000	0.00000000	0.00000000	0.00000000	0.00000000	0.00000000	0.00000000	0.00000000
87.24151611	0.00000000	0.00000000	0.00000000	0.00000000	0.00000000	0.00000000	0.00000000	0.00000000
93.95240784	0.00000000	0.00000000	0.00000000	0.00000000	0.00000000	0.00000000	0.00000000	0.00000000
100.66329193	0.00000000	0.00000000	0.00000000	0.00000000	0.00000000	0.00000000	0.00000000	0.00000000
107.37417603	0.00000000	0.00000000	0.00000000	0.00000000	0.00000000	0.00000000	0.00000000	0.00000000
120.79595184	0.00000000	0.00000000	0.00000000	0.00000000	0.00000000	0.00000000	0.00000000	0.00000000
134.21772766	0.00000000	0.00000000	0.00000000	0.00000000	0.00000000	0.00000000	0.00000000	0.00000000
147.63949585	0.00000000	0.00000000	0.00000000	0.00000000	0.00000000	0.00000000	0.00000000	0.00000000
161.06126404	0.00000000	0.00000000	0.00000000	0.00000000	0.00000000	0.00000000	0.00000000	0.00000000
174.48303223	0.00000000	0.00000000	0.00000000	0.00000000	0.00000000	0.00000000	0.00000000	0.00000000
187.90481567	0.00000000	0.00000000	0.00000000	0.00000000	0.00000000	0.00000000	0.00000000	0.00000000
201.32658386	0.00000000	0.00000000	0.00000000	0.00000000	0.00000000	0.00000000	0.00000000	0.00000000
214.74835205	0.00000000	0.00000000	0.00000000	0.00000000	0.00000000	0.00000000	0.00000000	0.00000000
241.59190369	0.00000000	0.00000000	0.00000000	0.00000000	0.00000000	0.00000000	0.00000000	0.00000000
268.43545532	0.00000000	0.00000000	0.00000000	0.00000000	0.00000000	0.00000000	0.00000000	0.00000000
295.27899170	0.00000000	0.00000000	0.00000000	0.00000000	0.00000000	0.00000000	0.00000000	0.00000000
322.12252808	0.00000000	0.00000000	0.00000000	0.00000000	0.00000000	0.00000000	0.00000000	0.00000000
348.96606445	0.00000000	0.00000000	0.00000000	0.00000000	0.00000000	0.00000000	0.00000000	0.00000000
375.80963135	0.00000000	0.00000000	0.00000000	0.00000000	0.00000000	0.00000000	0.00000000	0.00000000
402.65316772	0.00000000	0.00000000	0.00000000	0.00000000	0.00000000	0.00000000	0.00000000	0.00000000
429.49670410	0.00000000	0.00000000	0.00000000	0.00000000	0.00000000	0.00000000	0.00000000	0.00000000
483.18380737	0.00000000	0.00000000	0.00000000	0.00000000	0.00000000	0.00000000	0.00000000	0.00000000
536.87091064	0.00000000	0.00000000	0.00000000	0.00000000	0.00000000	0.00000000	0.00000000	0.00000000
590.55798340	0.00000000	0.00000000	0.00000000	0.00000000	0.00000000	0.00000000	0.00000000	0.00000000
644.24505615	0.00000000	0.00000000	0.00000000	0.00000000	0.00000000	0.00000000	0.00000000	0.00000000
697.93212891	0.00000000	0.00000000	0.00000000	0.00000000	0.00000000	0.00000000	0.00000000	0.00000000
751.61926270	0.00000000	0.00000000	0.00000000	0.00000000	0.00000000	0.00000000	0.00000000	0.00000000
805.30633545	0.00000000	0.00000000	0.00000000	0.00000000	0.00000000	0.00000000	0.00000000	0.00000000
858.99340820	0.00000000	0.00000000	0.00000000	0.00000000	0.00000000	0.00000000	0.00000000	0.00000000
966.36761475	0.00000000	0.00000000	0.00000000	0.00000000	0.00000000	0.00000000	0.00000000	0.00000000
1073.74182129	0.00000000	0.00000000	0.00000000	0.00000000	0.00000000	0.00000000	0.00000000	0.00000000
1181.11596680	0.00000000	0.00000000	0.00000000	0.00000000	0.00000000	0.00000000	0.00000000	0.00000000
1288.49011230	0.00000000	0.00000000	0.00000000	0.00000000	0.00000000	0.00000000	0.00000000	0.00000000
1395.86425781	0.00000000	0.00000000	0.00000000	0.00000000	0.00000000	0.00000000	0.00000000	0.00000000
1503.23852539	0.00000000	0.00000000	0.00000000	0.00000000	0.00000000	0.00000000	0.00000000	0.00000000
1610.61267090	0.00000000	0.00000000	0.00000000	0.00000000	0.00000000	0.00000000	0.00000000	0.00000000
1717.98681641	0.00000000	0.00000000	0.00000000	0.00000000	0.00000000	0.00000000	0.00000000	0.00000000
1932.73522949	0.00000000	0.00000000	0.00000000	0.00000000	0.00000000	0.00000000	0.00000000	0.00000000
2147.48364258	0.00000000	0.00000000	0.00000000	0.00000000	0.00000000	0.00000000	0.00000000	0.00000000
2362.23193359	0.00000000	0.00000000	0.00000000	0.00000000	0.00000000	0.00000000	0.00000000	0.00000000
2576.98022461	0.00000000	0.00000000	0.00000000	0.00000000	0.00000000	0.00000000	0.00000000	0.00000000
2791.72851562	0.00000000	0.00000000	0.00000000	0.00000000	0.00000000	0.00000000	0.00000000	0.00000000
3006.47705078	0.00000000	0.00000000	0.00000000	0.00000000	0.00000000	0.00000000	0.00000000	0.00000000
3221.22534180	0.00000000	0.00000000	0.00000000	0.00000000	0.00000000	0.00000000	0.00000000	0.00000000
3435.97363281	0.00000000	0.00000000	0.00000000	0.00000000	0.00000000	0.00000000	0.00000000	0.00000000
0	0	0	0	0	0	0	0	0
