%12/19/2014 2:38:19 PM
%Duration	ID1		ID2		ID3		ID4		ID5		ID6		ID7		ID8
3000.000000	3.099442	3.423691	4.081726	5.550385	16.975403	21.991730	22.192001	23.412704
%Tau		Tau1		Tau2		Tau3		Tau4		Tau5		Tau6		Tau7		Tau8
%		0.000003	0.000001	0.000002	0.000003	0.000019	0.000029	0.000024	0.000029
%Delaytime	D1		D2		D3		D4		D5		D6		D7		D8
0.00000000	7.41451597	26.96102715	17.90004349	10.05737400	3.88896680	2.06869721	2.90656567	3.74597526
0.00000020	0.70614439	3.17188549	3.06184959	2.05473232	1.80250525	1.58194482	1.71592438	1.71066201
0.00000040	2.11843324	3.80626273	2.11974192	1.51401329	1.39508963	1.49270689	1.48479986	1.44220042
0.00000060	1.41228878	1.90313137	2.35526896	1.40586948	1.34570599	1.78475833	1.52682245	1.37976754
0.00000080	1.76536095	0.95156568	2.11974192	1.62215710	1.41978157	1.54138219	1.54783380	1.64198577
0.00000100	1.05921662	0.95156568	1.64868820	0.75700665	1.53089488	1.28989351	1.37974322	1.61701262
0.00000120	0.70614439	1.26875424	1.64868820	1.62215710	1.48151112	1.69552040	1.35873199	1.41722727
0.00000140	0.70614439	1.58594275	0.94210756	1.08143806	1.20990074	1.53326964	1.65289044	1.40474069
0.00000160	1.41228878	2.53750849	1.17763448	1.08143806	1.48151112	1.40346897	1.47079229	1.31109130
0.00000180	0.35307220	2.53750849	1.17763448	1.40586948	1.27163041	1.48459435	1.56884515	1.57330954
0.00000200	1.76536095	1.26875424	2.35526896	1.62215710	1.40743554	1.33045614	1.56884515	1.42971385
0.00000220	2.11843324	1.26875424	1.88421512	1.08143806	1.60497046	1.28178096	1.23266399	1.46093035
0.00000240	2.11843324	1.26875424	1.41316128	1.94658852	1.58027852	1.37101889	1.35172820	1.62325597
0.00000260	2.11843324	1.26875424	0.23552689	1.83844471	1.48151112	1.57383227	1.36573577	1.65447235
0.00000280	1.05921662	0.95156568	0.94210756	1.51401329	1.69139194	1.52515709	1.31670928	1.35479438
0.00000300	2.11843324	2.22031999	0.94210756	2.48730755	1.48151112	1.59816992	1.41476214	1.37976754
0.00000340	1.76536095	0.79297137	0.94210756	1.56808519	1.38891673	1.41969407	1.41476214	1.47341692
0.00000380	0.88268048	1.58594275	2.11974192	0.75700665	1.43830037	1.41158152	1.46028662	1.55145800
0.00000420	1.05921662	1.74453712	1.53092480	1.56808519	1.30866814	1.29394972	1.38324511	1.47029531
0.00000460	1.23575270	0.95156568	1.88421512	0.97329426	1.38274372	1.33045614	1.27118480	1.41098404
0.00000500	1.23575270	0.79297137	0.94210756	1.35179758	1.45064628	1.37507510	1.36223388	1.41410565
0.00000540	1.05921662	1.58594275	1.76645160	1.73030090	1.37657082	1.31828737	1.34822631	1.46717358
0.00000580	1.41228878	0.79297137	0.94210756	1.18958187	1.35187888	1.35885012	1.46378851	1.27050996
0.00000620	0.52960831	0.79297137	0.70658064	1.35179758	1.41360855	1.40346897	1.41476214	1.39537573
0.00000700	1.50055683	1.26875424	1.29539788	1.35179758	1.45990574	1.39332831	1.42701876	1.35011184
0.00000780	1.14748466	1.18945706	1.17763448	1.48697734	1.42286801	1.37507510	1.43927538	1.42659223
0.00000860	1.23575270	0.95156568	1.23651612	1.43290544	1.30866814	1.38927209	1.46028662	1.38601077
0.00000940	1.14748466	1.18945706	0.94210756	1.05440211	1.32101405	1.38115954	1.42176592	1.44844377
0.00001020	1.14748466	1.58594275	0.82434410	1.59512115	1.37965727	1.30003417	1.43577349	1.37196338
0.00001100	1.32402074	0.87226856	1.23651612	1.43290544	1.33953297	1.35885012	1.41126025	1.35011184
0.00001180	1.76536095	1.18945706	1.17763448	1.18958187	1.38583016	1.45214427	1.39550173	1.45780873
0.00001260	1.67709291	0.47578284	1.11875272	1.27068973	1.24693859	1.40346897	1.25017345	1.36884177
0.00001420	1.32402074	1.38769996	0.97154838	1.28420770	1.32718706	1.40448308	1.36398482	1.31889546
0.00001580	1.01508260	1.26875424	1.08931184	1.44642341	1.28860605	1.35073757	1.32546401	1.33918607
0.00001740	1.14748466	0.91191709	0.79490322	1.00033021	1.24848175	1.35783601	1.25455081	1.33216238
0.00001900	1.41228878	1.30840278	1.20707524	1.23013580	1.31021142	1.32538581	1.27731311	1.30328715
0.00002060	1.19161868	1.50664568	1.03043008	1.33827960	1.28243303	1.25744331	1.27293575	1.28767896
0.00002220	1.23575270	1.07051134	1.32483876	1.23013580	1.26700068	1.33856869	1.22916210	1.29860473
0.00002380	0.88268048	1.46699715	1.00098932	1.20309985	1.27317369	1.30510449	1.27468669	1.33060157
0.00002540	1.41228878	0.79297137	1.32483876	1.16254592	1.29477906	1.32437181	1.26943386	1.25412130
0.00002860	1.10310864	1.02808261	1.08251429	1.20341492	1.22236204	1.22709894	1.24862063	1.25934708
0.00003180	1.19135737	0.98854101	0.93622857	1.08103383	1.17056048	1.21124887	1.23237622	1.20415032
0.00003500	1.05898428	1.02808261	1.11177146	1.08783269	1.18602359	1.28231835	1.19944847	1.14973652
0.00003820	1.23548174	1.00831187	1.27268577	1.16262126	1.23705196	1.19130850	1.16913688	1.17792213
0.00004140	1.08104646	0.85014528	0.96548569	1.20341492	1.16205573	1.20253682	1.17221010	1.11607051
0.00004460	1.10310864	0.94899935	1.19954288	1.11502850	1.15277779	1.14936340	1.17923450	1.14973652
0.00004780	1.05898428	1.04785347	1.02400005	1.10822964	1.14040732	1.10385931	1.13620961	1.15991473
0.00005100	1.01485991	1.08739507	0.92159998	0.97904944	1.07623529	1.12175417	1.14630735	1.09884596
0.00005740	1.18317866	1.27601242	1.14255822	1.06044328	1.11753035	1.15489614	1.08511031	1.09694707
0.00006380	1.02837026	1.04850638	1.01072466	1.03325236	1.10632026	1.14876258	1.06117237	1.08227408
0.00007020	0.87356186	0.98915696	0.85691869	1.10122955	1.12255561	1.07950461	1.08642793	1.08990407
0.00007660	1.13894773	1.04850638	0.97410417	1.07403862	1.05413532	1.09994984	1.06358814	1.09009969
0.00008300	1.28269839	1.27601242	0.90086323	1.07743752	1.05258918	1.05905950	1.04887402	1.06662297
0.00008940	1.07260120	1.05839789	0.95213187	1.06724095	1.01818573	1.05495286	1.02625382	1.05957997
0.00009580	1.18317866	0.91002440	0.97410417	1.03665125	1.05877399	1.07846439	1.04492104	1.05547154
0.00010220	0.97308153	1.01883161	1.01804876	0.98226953	1.04833698	1.07309759	1.01856744	1.04647219
0.00011500	1.08954668	1.10176575	0.98937100	0.96836859	1.03258061	1.04580832	1.04540443	1.03434181
0.00012780	1.08401597	1.01283395	0.97471368	1.09895420	1.05209243	1.05576348	1.03684449	1.02514863
0.00014060	0.87384963	1.03753722	1.00036407	1.00737464	1.01789844	1.03470445	1.01665187	1.02819538
0.00015340	0.98999417	1.22528207	1.09563684	0.97515225	1.00495493	1.00968874	1.01566422	1.01088440
0.00016620	0.97893280	1.07212174	1.00036407	1.04474843	1.00456858	1.03993726	1.02894306	1.00715327
0.00017900	1.10060811	1.04247785	1.00036407	1.01082802	0.99780703	1.02833998	1.01533496	1.00796509
0.00019180	0.83513474	1.07706249	1.02235007	1.00913191	1.02311444	1.00855684	1.01103938	1.01803887
0.00020460	1.16144574	1.17587554	1.06632209	1.01082802	1.01171649	1.00919509	1.02761030	1.01697791
0.00023020	1.09399307	1.06135917	0.99598747	1.02480793	1.01550639	1.01575005	1.01702905	0.99468064
0.00025580	0.94166493	0.95522326	1.04175889	1.05278039	0.99676150	0.99345630	1.00293899	0.99424040
0.00028140	0.92504728	1.01693010	0.94472337	1.01294088	0.99647164	1.01266932	1.01316357	1.00170970
0.00030700	0.93335611	0.97003287	1.02345037	0.99937844	0.99086756	1.00427711	0.99971616	0.99774772
0.00033260	1.01367462	1.03914464	1.01795781	1.02141726	1.02799177	1.00260079	0.99603873	1.00249243
0.00035820	1.01090503	0.97003287	0.94289255	1.00700724	0.98767900	1.00812399	1.01460624	0.99812448
0.00038380	0.95540792	1.04654944	0.96852458	1.03074145	0.99482906	1.00836241	1.00954092	0.98780376
0.00040940	0.93602288	0.95769149	1.04725146	1.02989376	1.00816298	1.00521791	0.99933195	0.99954295
0.00046060	1.00596964	1.01459551	1.06525147	0.99169278	1.00459790	1.00651610	1.00754464	1.00176477
0.00051180	1.05592132	0.98987943	0.97816116	1.01244128	1.01010120	0.99704832	1.00005639	1.00280142
0.00056300	1.05592132	0.99358684	0.99007881	0.97052085	1.01494956	1.00234854	1.00234854	0.99716878
0.00061420	1.04343343	0.96887076	1.00382984	0.99465680	0.99363953	1.00316346	0.99325377	1.00073802
0.00066540	1.06563413	1.05166960	1.02858186	0.99465680	0.99916339	1.00891078	1.00105572	1.01755750
0.00071660	0.98238146	1.00841653	1.03335035	0.99967736	1.00008059	1.00392985	0.99270523	0.99200046
0.00076780	0.98793161	1.03189671	0.95908111	0.96792138	1.00683928	0.99925286	1.00543618	1.00025892
0.00081900	0.98931915	1.00100160	1.01858878	0.98274082	0.98863924	1.00061059	1.00325370	0.99660647
0.00092140	0.99523246	0.96544719	0.95538217	0.99328798	1.00381994	1.00879240	1.00121498	0.99264520
0.00102380	1.01227665	1.02111042	0.98253077	0.96972424	1.01232445	0.99333680	1.00319910	1.00137341
0.00112620	0.98396605	0.96792108	0.95225668	0.99028444	0.99971378	1.00498509	0.99220777	1.00338066
0.00122860	0.97637051	0.98462003	0.99766779	1.01527703	0.99664783	0.99826241	0.99780196	1.00558102
0.00133100	1.03506327	1.02369058	1.02069402	0.99965662	1.00522852	0.99999851	0.99730980	1.00439775
0.00143340	1.04634082	1.01936078	0.96977395	1.03171182	1.00238311	1.00143254	0.99293494	1.00272536
0.00153580	0.94274276	0.99162930	0.99757856	0.97900522	0.99841172	1.00417328	0.99418175	1.00671065
0.00163820	1.01388013	0.99224788	0.98565346	0.99025571	0.99773294	1.00382268	0.99755502	1.00370574
0.00184300	0.97896349	1.00163114	0.99079221	1.00253594	1.00136864	1.00231457	0.99789792	0.99558759
0.00204780	0.99713635	0.99307281	0.98634124	1.02333367	1.00158560	1.00659406	1.00156450	1.00299132
0.00225260	0.97713155	0.98348242	0.99947894	1.01378369	0.99739105	1.00372159	1.00583291	1.00136387
0.00245740	0.97230279	0.99296969	0.99305141	1.00922084	0.99506009	1.00035274	1.00088918	0.99853998
0.00266220	1.01265728	1.02019131	1.00361085	1.01881504	0.98896956	0.99938077	0.99938411	0.99734485
0.00286700	1.00701475	1.00390077	1.01678646	0.99918568	0.99663532	0.99938577	1.00078964	1.00159717
0.00307180	0.95616663	0.96615773	1.00370073	1.00226271	0.99954861	1.00382423	1.00366437	0.99566323
0.00327660	1.00631106	1.01194429	0.99681348	0.99186444	1.00662899	1.00157166	1.00015557	0.99806911
0.00368620	1.01043952	0.98503393	0.99739951	0.99697196	1.00164533	1.00530756	1.00060678	0.99798703
0.00409580	0.98920888	1.00059664	0.98786110	1.01940513	0.99539971	1.00219250	0.99932677	0.99810147
0.00450540	0.98972672	0.97663301	1.00958109	0.98279071	0.99749047	1.00286889	0.99998808	1.00167692
0.00491500	0.99484146	1.01059616	1.01677334	1.00326502	1.00205433	0.99928343	1.00005484	1.00253916
0.00532460	0.99121630	1.00518453	0.99631375	1.00443113	1.00061500	0.99980670	1.00418866	0.99929601
0.00573420	0.97637051	0.99106240	0.98576581	1.00979328	0.99716711	1.00380862	1.00442886	0.99960512
0.00614380	1.00347269	1.00688529	0.99243182	1.00448418	0.99800301	1.00582445	1.00179410	0.99938965
0.00655340	1.00543392	0.99492830	0.99421883	0.99217182	1.00092149	1.00533795	1.00163841	0.99738073
0.00737260	0.99445552	0.99204206	1.01170361	1.00416434	1.00369978	1.00396037	1.00128245	0.99743044
0.00819180	0.99767292	1.00136685	1.00864506	0.99675053	0.99903107	1.00058794	0.99990696	1.00230062
0.00901100	1.00100088	1.00270748	1.01429379	0.99408275	0.99694031	0.99428254	1.00067639	0.99830186
0.00983020	1.00667655	0.99325305	0.98973817	1.00057220	0.99837017	1.00118089	0.99933112	1.00253797
0.01064940	0.99341953	0.99582905	0.99647653	1.00352502	0.99920517	1.00175416	1.00201261	0.99987066
0.01146860	1.00895929	0.99711663	1.00430381	1.01058984	1.00192404	1.00123489	0.99962944	0.99821848
0.01228780	1.02061403	1.01087201	0.99541461	0.99739063	0.99863279	0.99684954	0.99975985	1.00122893
0.01310700	0.98737633	1.00298977	0.99845278	1.01376474	0.99748164	1.00254536	1.00475895	1.00203598
0.01474540	1.00219607	1.00253236	1.00621819	1.00569594	0.99719089	1.00218344	0.99964970	0.99971384
0.01638380	1.00381947	1.00696278	1.00166309	1.00634527	0.99932170	0.99936658	1.00206816	1.00135529
0.01802220	0.99791288	1.00078762	1.00413823	1.00126827	1.00366497	1.00028908	1.00123262	1.00172937
0.01966060	1.00609922	0.99476111	1.00564861	0.99902129	0.99881250	1.00176382	0.99956316	1.00088882
0.02129900	0.99521971	1.00241935	1.00216722	1.00041962	1.00133324	1.00201106	0.99951547	0.99773538
0.02293740	0.99967664	0.99847448	0.99710047	1.00046980	1.00022054	1.00080383	0.99929804	1.00032091
0.02457580	0.99829733	0.99357557	0.99575120	0.99761844	1.00256145	1.00118470	1.00302029	1.00170267
0.02621420	1.00243533	0.99895084	0.99722320	1.00341022	0.99967730	1.00020158	1.00009060	0.99840981
0.02949100	0.99913037	1.00558674	1.00566673	0.99594539	1.00272894	1.00151944	0.99961048	0.99999768
0.03276780	0.99453706	1.00621736	1.00115001	1.00165176	0.99991107	1.00322425	1.00113523	1.00050950
0.03604460	0.99763870	1.00545537	1.00219989	1.00309610	1.00274086	1.00190890	1.00185454	1.00030518
0.03932140	0.99714267	0.99690133	0.99945259	0.99800539	1.00361705	1.00208795	1.00041246	0.99942434
0.04259820	1.00102460	1.00167251	0.99663603	1.00549090	1.00024092	1.00121439	1.00153685	1.00099170
0.04587500	1.00017202	1.00156641	0.99745816	0.99352252	0.99980640	1.00106990	1.00075102	0.99929076
0.04915180	0.99012870	0.99667722	1.00368094	0.99957830	1.00232542	1.00157726	1.00208437	1.00095713
0.05242860	1.00575018	0.99253786	0.99048769	1.00225520	0.99729836	1.00244677	1.00017190	1.00069511
0.05898220	1.00120449	0.99786186	1.00127792	0.99848402	1.00126827	1.00154912	1.00125933	0.99981922
0.06553581	0.99240029	1.00005496	1.00342274	0.99824357	1.00149941	1.00137639	0.99980688	0.99999642
0.07208940	0.99982774	0.99667031	1.00275135	1.00046408	1.00119615	1.00081182	0.99965167	1.00036371
0.07864300	0.99608451	0.99923223	1.00155926	0.99831343	0.99943560	1.00255251	1.00040698	0.99992454
0.08519660	0.99890393	1.00359881	0.99532175	1.00200617	1.00178063	1.00112772	1.00001895	1.00028980
0.09175020	0.99665296	1.00086868	1.00189531	0.99887896	1.00173163	1.00073493	1.00011921	1.00049543
0.09830380	1.00121105	0.99513012	0.99781692	1.00256622	0.99911875	1.00129724	1.00064790	1.00144684
0.10485740	0.99775660	1.00342846	1.00417650	0.99949616	1.00197494	1.00225031	0.99980807	0.99929011
0.11796460	0.99737406	1.00259626	0.99892974	1.00090969	1.00061631	1.00144124	0.99988645	1.00007796
0.13107181	0.99828500	0.99875838	1.00086904	1.00082278	1.00096917	1.00140238	1.00068045	1.00052989
0.14417900	1.00249505	0.99805558	0.99912512	1.00215685	1.00038242	1.00237739	1.00043344	1.00049675
0.15728620	1.00155640	1.00154400	1.00227702	0.99909610	0.99974197	1.00141335	0.99989241	1.00040627
0.17039341	1.00685680	1.00034666	1.00061440	1.00164914	1.00049400	1.00153375	1.00012267	1.00044191
0.18350060	1.00006354	0.99872583	1.00294185	1.00122583	1.00090694	1.00188589	1.00061405	1.00043261
0.19660780	1.00123525	0.99758023	0.99922156	1.00135326	1.00070751	1.00110316	1.00025976	0.99982667
0.20971501	0.99901867	1.00521827	1.00025070	1.00156796	1.00018346	1.00112033	1.00024581	0.99981725
0.23592941	0.99938703	1.00344121	0.99872154	0.99895173	1.00080287	1.00152886	1.00031435	1.00020087
0.26214382	0.99845248	1.00050795	0.99949467	1.00053549	1.00013399	1.00100529	1.00028229	0.99994206
0.28835821	1.00346875	0.99918675	1.00167894	1.00108433	1.00053704	1.00152063	1.00022995	1.00028074
0.31457260	0.99875301	0.99966252	1.00133085	0.99938911	0.99937409	1.00056744	0.99918526	1.00055516
0.34078699	1.00446844	1.00350964	1.00148165	0.99954063	1.00014818	1.00122237	0.99966979	1.00038290
0.36700141	1.00000584	1.00463235	0.99997491	1.00107014	1.00056124	1.00179684	1.00053751	1.00015616
0.39321581	1.00027263	0.99999827	0.99943733	1.00119829	0.99982631	1.00164497	1.00033998	1.00011170
0.41943020	0.99651307	0.99804586	1.00078762	0.99896681	0.99992079	1.00172007	1.00041592	1.00021911
0.47185901	1.00308633	0.99910080	1.00010765	1.00084651	1.00014400	1.00067580	1.00012219	1.00058746
0.52428782	1.00149357	1.00056636	0.99847734	1.00075328	1.00029302	1.00113404	1.00040352	1.00023949
0.57671660	0.99921179	1.00041616	1.00241721	0.99971104	1.00014603	1.00120080	1.00028205	1.00006735
0.62914538	1.00084364	1.00107324	1.00098014	0.99963975	1.00004530	1.00087404	1.00029302	0.99995726
0.68157423	0.99972838	1.00020921	1.00041199	1.00026369	0.99974364	1.00094593	0.99982101	1.00071120
0.73400301	0.99929702	1.00053382	0.99996644	1.00105906	0.99989039	1.00060177	1.00015676	1.00054491
0.78643179	1.00014913	1.00058270	0.99902457	0.99951953	0.99992585	1.00124955	1.00034726	0.99993432
0.83886063	1.00138581	0.99874169	1.00039780	0.99975723	0.99997622	1.00097263	0.99951720	1.00057328
0.94371825	0.99970347	0.99970716	0.99879372	0.99947977	0.99986094	1.00094414	1.00034189	1.00012851
1.04857588	0.99862468	1.00109863	0.99931824	1.00037563	1.00021052	1.00069797	0.99983424	1.00017178
1.15343344	1.00010967	0.99966556	0.99937952	0.99970222	1.00007546	1.00116980	1.00034750	1.00015426
1.25829101	0.99970943	0.99957639	0.99932748	1.00073731	1.00021124	1.00047565	1.00010121	1.00009990
1.36314869	0.99876112	0.99934077	0.99957693	1.00002909	1.00023019	1.00071192	0.99997234	1.00017619
1.46800625	0.99914527	0.99912250	0.99927634	0.99891162	1.00019574	1.00082982	1.00028348	1.00014436
1.57286382	0.99884915	0.99929368	0.99984866	1.00112224	1.00060260	1.00094390	1.00032079	1.00033033
1.67772150	0.99964339	0.99839610	0.99916095	0.99969655	1.00082505	1.00097048	1.00028753	1.00019681
1.88743675	0.99963593	1.00052667	0.99979383	0.99972707	1.00052655	1.00040913	1.00011635	1.00012839
2.09715199	0.99930173	1.00032699	0.99952960	0.99942511	0.99982947	1.00054681	1.00002837	1.00007308
2.30686712	0.99996001	1.00028801	0.99900168	0.99942493	0.99957061	1.00019705	1.00003481	1.00024509
2.51658225	1.00053144	0.99987674	1.00063741	0.99944490	0.99958241	0.99996257	1.00013709	0.99994278
2.72629738	0.99989200	1.00105214	0.99902833	0.99977082	1.00023556	1.00024438	1.00041318	0.99994409
2.93601274	1.00123918	1.00044572	0.99982929	1.00023508	1.00001705	1.00019407	1.00030935	1.00001097
3.14572787	1.00107300	0.99959707	1.00113046	0.99983126	0.99980766	1.00043583	0.99958789	1.00037444
3.35544300	1.00045252	0.99941194	1.00054276	0.99964267	1.00040889	1.00004685	1.00024712	1.00011015
3.77487350	0.99999422	1.00025535	1.00176656	0.99926907	1.00012660	0.99998391	0.99996984	0.99987698
4.19430399	1.00022602	0.99919206	0.99937594	1.00019503	0.99985665	1.00015402	1.00032878	0.99994254
4.61373425	0.99985051	1.00082433	0.99944222	1.00053823	0.99997127	0.99996835	0.99971002	1.00003922
5.03316450	1.00000000	1.00000000	1.00000000	1.00000000	1.00000000	1.00000000	1.00000000	1.00000000
5.45259476	0.00000000	0.00000000	0.00000000	0.00000000	0.00000000	0.00000000	0.00000000	0.00000000
5.87202549	0.00000000	0.00000000	0.00000000	0.00000000	0.00000000	0.00000000	0.00000000	0.00000000
6.29145575	0.00000000	0.00000000	0.00000000	0.00000000	0.00000000	0.00000000	0.00000000	0.00000000
6.71088600	0.00000000	0.00000000	0.00000000	0.00000000	0.00000000	0.00000000	0.00000000	0.00000000
7.54974699	0.00000000	0.00000000	0.00000000	0.00000000	0.00000000	0.00000000	0.00000000	0.00000000
8.38860798	0.00000000	0.00000000	0.00000000	0.00000000	0.00000000	0.00000000	0.00000000	0.00000000
9.22746849	0.00000000	0.00000000	0.00000000	0.00000000	0.00000000	0.00000000	0.00000000	0.00000000
10.06632900	0.00000000	0.00000000	0.00000000	0.00000000	0.00000000	0.00000000	0.00000000	0.00000000
10.90518951	0.00000000	0.00000000	0.00000000	0.00000000	0.00000000	0.00000000	0.00000000	0.00000000
11.74405098	0.00000000	0.00000000	0.00000000	0.00000000	0.00000000	0.00000000	0.00000000	0.00000000
12.58291149	0.00000000	0.00000000	0.00000000	0.00000000	0.00000000	0.00000000	0.00000000	0.00000000
13.42177200	0.00000000	0.00000000	0.00000000	0.00000000	0.00000000	0.00000000	0.00000000	0.00000000
15.09949398	0.00000000	0.00000000	0.00000000	0.00000000	0.00000000	0.00000000	0.00000000	0.00000000
16.77721596	0.00000000	0.00000000	0.00000000	0.00000000	0.00000000	0.00000000	0.00000000	0.00000000
18.45493698	0.00000000	0.00000000	0.00000000	0.00000000	0.00000000	0.00000000	0.00000000	0.00000000
20.13265800	0.00000000	0.00000000	0.00000000	0.00000000	0.00000000	0.00000000	0.00000000	0.00000000
21.81037903	0.00000000	0.00000000	0.00000000	0.00000000	0.00000000	0.00000000	0.00000000	0.00000000
23.48810196	0.00000000	0.00000000	0.00000000	0.00000000	0.00000000	0.00000000	0.00000000	0.00000000
25.16582298	0.00000000	0.00000000	0.00000000	0.00000000	0.00000000	0.00000000	0.00000000	0.00000000
26.84354401	0.00000000	0.00000000	0.00000000	0.00000000	0.00000000	0.00000000	0.00000000	0.00000000
30.19898796	0.00000000	0.00000000	0.00000000	0.00000000	0.00000000	0.00000000	0.00000000	0.00000000
33.55443192	0.00000000	0.00000000	0.00000000	0.00000000	0.00000000	0.00000000	0.00000000	0.00000000
36.90987396	0.00000000	0.00000000	0.00000000	0.00000000	0.00000000	0.00000000	0.00000000	0.00000000
40.26531601	0.00000000	0.00000000	0.00000000	0.00000000	0.00000000	0.00000000	0.00000000	0.00000000
43.62075806	0.00000000	0.00000000	0.00000000	0.00000000	0.00000000	0.00000000	0.00000000	0.00000000
46.97620392	0.00000000	0.00000000	0.00000000	0.00000000	0.00000000	0.00000000	0.00000000	0.00000000
50.33164597	0.00000000	0.00000000	0.00000000	0.00000000	0.00000000	0.00000000	0.00000000	0.00000000
53.68708801	0.00000000	0.00000000	0.00000000	0.00000000	0.00000000	0.00000000	0.00000000	0.00000000
60.39797592	0.00000000	0.00000000	0.00000000	0.00000000	0.00000000	0.00000000	0.00000000	0.00000000
67.10886383	0.00000000	0.00000000	0.00000000	0.00000000	0.00000000	0.00000000	0.00000000	0.00000000
73.81974792	0.00000000	0.00000000	0.00000000	0.00000000	0.00000000	0.00000000	0.00000000	0.00000000
80.53063202	0.00000000	0.00000000	0.00000000	0.00000000	0.00000000	0.00000000	0.00000000	0.00000000
87.24151611	0.00000000	0.00000000	0.00000000	0.00000000	0.00000000	0.00000000	0.00000000	0.00000000
93.95240784	0.00000000	0.00000000	0.00000000	0.00000000	0.00000000	0.00000000	0.00000000	0.00000000
100.66329193	0.00000000	0.00000000	0.00000000	0.00000000	0.00000000	0.00000000	0.00000000	0.00000000
107.37417603	0.00000000	0.00000000	0.00000000	0.00000000	0.00000000	0.00000000	0.00000000	0.00000000
120.79595184	0.00000000	0.00000000	0.00000000	0.00000000	0.00000000	0.00000000	0.00000000	0.00000000
134.21772766	0.00000000	0.00000000	0.00000000	0.00000000	0.00000000	0.00000000	0.00000000	0.00000000
147.63949585	0.00000000	0.00000000	0.00000000	0.00000000	0.00000000	0.00000000	0.00000000	0.00000000
161.06126404	0.00000000	0.00000000	0.00000000	0.00000000	0.00000000	0.00000000	0.00000000	0.00000000
174.48303223	0.00000000	0.00000000	0.00000000	0.00000000	0.00000000	0.00000000	0.00000000	0.00000000
187.90481567	0.00000000	0.00000000	0.00000000	0.00000000	0.00000000	0.00000000	0.00000000	0.00000000
201.32658386	0.00000000	0.00000000	0.00000000	0.00000000	0.00000000	0.00000000	0.00000000	0.00000000
214.74835205	0.00000000	0.00000000	0.00000000	0.00000000	0.00000000	0.00000000	0.00000000	0.00000000
241.59190369	0.00000000	0.00000000	0.00000000	0.00000000	0.00000000	0.00000000	0.00000000	0.00000000
268.43545532	0.00000000	0.00000000	0.00000000	0.00000000	0.00000000	0.00000000	0.00000000	0.00000000
295.27899170	0.00000000	0.00000000	0.00000000	0.00000000	0.00000000	0.00000000	0.00000000	0.00000000
322.12252808	0.00000000	0.00000000	0.00000000	0.00000000	0.00000000	0.00000000	0.00000000	0.00000000
348.96606445	0.00000000	0.00000000	0.00000000	0.00000000	0.00000000	0.00000000	0.00000000	0.00000000
375.80963135	0.00000000	0.00000000	0.00000000	0.00000000	0.00000000	0.00000000	0.00000000	0.00000000
402.65316772	0.00000000	0.00000000	0.00000000	0.00000000	0.00000000	0.00000000	0.00000000	0.00000000
429.49670410	0.00000000	0.00000000	0.00000000	0.00000000	0.00000000	0.00000000	0.00000000	0.00000000
483.18380737	0.00000000	0.00000000	0.00000000	0.00000000	0.00000000	0.00000000	0.00000000	0.00000000
536.87091064	0.00000000	0.00000000	0.00000000	0.00000000	0.00000000	0.00000000	0.00000000	0.00000000
590.55798340	0.00000000	0.00000000	0.00000000	0.00000000	0.00000000	0.00000000	0.00000000	0.00000000
644.24505615	0.00000000	0.00000000	0.00000000	0.00000000	0.00000000	0.00000000	0.00000000	0.00000000
697.93212891	0.00000000	0.00000000	0.00000000	0.00000000	0.00000000	0.00000000	0.00000000	0.00000000
751.61926270	0.00000000	0.00000000	0.00000000	0.00000000	0.00000000	0.00000000	0.00000000	0.00000000
805.30633545	0.00000000	0.00000000	0.00000000	0.00000000	0.00000000	0.00000000	0.00000000	0.00000000
858.99340820	0.00000000	0.00000000	0.00000000	0.00000000	0.00000000	0.00000000	0.00000000	0.00000000
966.36761475	0.00000000	0.00000000	0.00000000	0.00000000	0.00000000	0.00000000	0.00000000	0.00000000
1073.74182129	0.00000000	0.00000000	0.00000000	0.00000000	0.00000000	0.00000000	0.00000000	0.00000000
1181.11596680	0.00000000	0.00000000	0.00000000	0.00000000	0.00000000	0.00000000	0.00000000	0.00000000
1288.49011230	0.00000000	0.00000000	0.00000000	0.00000000	0.00000000	0.00000000	0.00000000	0.00000000
1395.86425781	0.00000000	0.00000000	0.00000000	0.00000000	0.00000000	0.00000000	0.00000000	0.00000000
1503.23852539	0.00000000	0.00000000	0.00000000	0.00000000	0.00000000	0.00000000	0.00000000	0.00000000
1610.61267090	0.00000000	0.00000000	0.00000000	0.00000000	0.00000000	0.00000000	0.00000000	0.00000000
1717.98681641	0.00000000	0.00000000	0.00000000	0.00000000	0.00000000	0.00000000	0.00000000	0.00000000
1932.73522949	0.00000000	0.00000000	0.00000000	0.00000000	0.00000000	0.00000000	0.00000000	0.00000000
2147.48364258	0.00000000	0.00000000	0.00000000	0.00000000	0.00000000	0.00000000	0.00000000	0.00000000
2362.23193359	0.00000000	0.00000000	0.00000000	0.00000000	0.00000000	0.00000000	0.00000000	0.00000000
2576.98022461	0.00000000	0.00000000	0.00000000	0.00000000	0.00000000	0.00000000	0.00000000	0.00000000
2791.72851562	0.00000000	0.00000000	0.00000000	0.00000000	0.00000000	0.00000000	0.00000000	0.00000000
3006.47705078	0.00000000	0.00000000	0.00000000	0.00000000	0.00000000	0.00000000	0.00000000	0.00000000
3221.22534180	0.00000000	0.00000000	0.00000000	0.00000000	0.00000000	0.00000000	0.00000000	0.00000000
3435.97363281	0.00000000	0.00000000	0.00000000	0.00000000	0.00000000	0.00000000	0.00000000	0.00000000
0	0	0	0	0	0	0	0	0
