%12/20/2014 11:42:27 AM
%Duration	ID1		ID2		ID3		ID4		ID5		ID6		ID7		ID8
3000.000000	32.854080	21.095276	48.904419	20.370483	91.247559	776.166931	402.917877	428.867340
%Tau		Tau1		Tau2		Tau3		Tau4		Tau5		Tau6		Tau7		Tau8
%		0.144179	0.157286	0.288358	0.196608	0.288358	0.576717	0.419430	0.340787
%Delaytime	D1		D2		D3		D4		D5		D6		D7		D8
0.00000000	12.14701366	13.25835896	5.33351517	11.11492538	4.72147608	7.59495878	7.20998383	10.71353149
0.00000020	11.69967365	10.26268673	4.77513504	7.88879681	4.92336226	7.91266775	6.70948267	10.13813019
0.00000040	10.39206314	9.64635181	4.65491915	8.32706356	4.91640091	7.91690016	6.93897533	9.75111580
0.00000060	10.11677647	10.10501957	4.62929964	7.69401169	4.91106844	7.93481684	6.84787035	9.65692234
0.00000080	10.42647362	10.20535278	4.59382582	7.59661913	4.91154242	7.96797037	7.06813669	9.95588493
0.00000100	9.84148979	9.50301838	4.62470102	7.41400814	4.90689135	7.89390421	6.96665287	9.68968487
0.00000120	9.70384693	9.38835144	4.67462683	7.75488186	4.91038704	7.91393709	6.86516857	9.72449589
0.00000140	10.11677647	9.76101875	4.62338734	7.40183401	4.91382360	7.92028570	6.92052364	9.71630478
0.00000160	9.70384693	9.00135040	4.59316874	7.64531517	4.90532160	7.91915703	6.89745903	9.75316334
0.00000180	10.01354408	9.48868465	4.74425983	7.62096739	4.89210939	7.93129015	6.73600721	10.05007935
0.00000200	10.52970600	9.94735241	4.67725420	7.60879326	4.90108538	7.94709063	6.91245127	9.82483292
0.00000220	10.66734982	9.47435188	4.53404617	7.52357483	4.89363480	7.88050175	6.99548340	9.88216877
0.00000240	10.94263554	9.63201809	4.62273026	7.64531517	4.89110184	7.90857649	6.83518457	9.69378090
0.00000260	10.35765266	9.70368576	4.62404394	7.17052650	4.90013742	7.93312407	6.69910383	9.56068039
0.00000280	10.04795456	9.04435062	4.65360546	6.95139360	4.88169670	7.85524845	6.74869251	9.47262955
0.00000300	9.66943645	10.16235256	4.63718224	7.23139715	4.90360308	7.86949778	6.79597521	9.58115768
0.00000340	10.82219791	9.59618473	4.56853437	7.54792309	4.88292599	7.87760973	6.63798285	9.71528149
0.00000380	10.15118790	9.31668472	4.58430052	7.24965811	4.87796402	7.85461378	6.70314026	9.71323395
0.00000420	10.23721409	9.82551861	4.54291487	8.08966923	4.87109137	7.80213261	6.68987799	9.53815556
0.00000460	9.63502502	9.58185196	4.57674599	7.59053230	4.86873627	7.84706593	6.59704304	9.54020309
0.00000500	10.18559837	9.29518414	4.55506754	7.46270418	4.86736584	7.86914492	6.58897066	9.61084938
0.00000540	10.70176029	9.22351742	4.60926342	7.49313974	4.86281872	7.79338598	6.58435774	9.30574226
0.00000580	10.01354408	9.39551830	4.57050514	7.37748575	4.85158396	7.83768415	6.48863983	9.54737091
0.00000620	9.92751694	9.75385189	4.51696634	7.23139715	4.84665155	7.80241489	6.45519590	9.43986702
0.00000700	9.66083336	9.53526878	4.49183941	7.53879213	4.83038425	7.76446486	6.48921633	9.24738312
0.00000780	9.99633884	9.31310081	4.43682241	7.20096207	4.81740522	7.71790886	6.39263344	9.37638760
0.00000860	9.74686050	8.87235069	4.43304539	7.35009432	4.79162169	7.67780733	6.22426224	9.24277592
0.00000940	9.93612003	9.33818436	4.42220592	7.30444145	4.78328991	7.66405201	6.24819136	9.08305550
0.00001020	9.64362812	9.22351742	4.39773607	7.19183111	4.76740408	7.62236357	6.12248945	9.10148525
0.00001100	10.17699528	9.04076767	4.39363003	7.03052473	4.74967432	7.57894659	6.03080797	8.84296417
0.00001180	9.83288765	9.03718376	4.37063789	7.14313507	4.72834873	7.52851105	6.01956415	8.94278908
0.00001260	9.71245003	8.80784988	4.29886961	7.10661268	4.70998573	7.53013325	5.91980982	8.70935154
0.00001420	9.50168324	9.03360081	4.26060438	6.90269709	4.67267466	7.46227455	5.70386791	8.54656029
0.00001580	9.34253311	8.72722530	4.21002150	6.79160881	4.63012171	7.35630703	5.65254927	8.38504887
0.00001740	9.12746620	8.53372478	4.14063454	6.95291519	4.60008478	7.29661322	5.51646805	8.30621243
0.00001900	9.47157383	8.43159962	4.09481478	6.97726345	4.55727100	7.19882822	5.44165230	8.08787727
0.00002060	9.12316418	8.20405769	4.05219698	6.74443436	4.52020073	7.11204720	5.31321144	8.00571346
0.00002220	9.11026096	8.42801666	4.01302862	6.90574074	4.48737192	7.05697393	5.28207445	7.80811071
0.00002380	8.81346703	8.03384876	3.94520164	6.92552376	4.44570208	6.98306656	5.12451458	7.86083889
0.00002540	8.80486488	8.16643238	3.93863249	6.77943468	4.40794849	6.91048145	5.08271027	7.65018272
0.00002860	8.95169067	7.85240126	3.91323829	6.84615707	4.29957056	7.20910406	4.95948839	5.94291639
0.00003180	8.88520432	7.84528494	3.84820604	6.92522669	4.22950220	7.07459927	4.83421278	5.83640909
0.00003500	8.77827072	7.51536036	3.78824687	6.81484270	4.16884184	6.94714355	4.78023243	5.73409843
0.00003820	8.49105644	7.45065117	3.72809744	6.80544853	4.11073685	6.83158875	4.72555780	5.67396879
0.00004140	8.37725544	7.35404348	3.68749046	6.62382364	4.05791855	6.72455835	4.71009636	5.59123993
0.00004460	8.34987164	7.22918224	3.65318608	6.60346889	4.01183367	6.63761616	4.62690783	5.51736164
0.00004780	8.44115257	7.25378990	3.61484838	6.57763433	3.96564651	6.55354929	4.65766621	5.48191214
0.00005100	8.33846188	7.18816948	3.58528423	6.49778223	3.92424273	6.49205589	4.63090611	5.43142986
0.00005740	8.12527370	7.11036110	3.52281189	6.39538193	3.85838366	6.32150364	4.65107059	5.49313211
0.00006380	7.94181824	7.08222437	3.45323467	6.28375053	3.79902434	6.23087978	4.62285280	5.46336508
0.00007020	7.75949526	6.95424891	3.41028643	6.25994110	3.75009489	6.17065907	4.58337593	5.49250221
0.00007660	7.83423615	6.92293596	3.39772916	6.20139313	3.71445179	6.11287880	4.60979223	5.42142010
0.00008300	7.60095310	6.89797592	3.35928941	6.08104944	3.68419051	6.06580400	4.61725140	5.39437199
0.00008940	7.73571396	6.80267477	3.32831693	6.03187037	3.65991616	6.03614330	4.62429428	5.38390446
0.00009580	7.47638464	6.86030960	3.31067419	5.90814161	3.63974214	6.00935555	4.58576012	5.35932398
0.00010220	7.57603931	6.81901217	3.29076934	5.82383442	3.62388873	5.99590969	4.55925083	5.34927416
0.00011500	7.59596729	6.71431971	3.26613688	5.80462027	3.59874678	5.92590141	4.59049749	5.50939083
0.00012780	7.45645714	6.69035292	3.24863720	5.66422510	3.57719350	5.91045475	4.58709383	5.50979042
0.00014060	7.39964104	6.65847254	3.22652292	5.65469694	3.55636477	5.89322090	4.59340906	5.48396492
0.00015340	7.35295010	6.60579109	3.20478153	5.60005569	3.54207253	5.88372946	4.56735706	5.47924566
0.00016620	7.36251354	6.65621185	3.19459963	5.56085634	3.53275371	5.85671902	4.54021120	5.49747992
0.00017900	7.22550678	6.60503340	3.19257998	5.44457579	3.52740240	5.86166382	4.56807804	5.49540043
0.00019180	7.23563290	6.62885332	3.18852997	5.40479660	3.51655674	5.85498714	4.55973005	5.49394512
0.00020460	7.15293646	6.66593409	3.18386889	5.37971306	3.50862670	5.84712887	4.56276703	5.48034573
0.00023020	7.14983273	6.57234526	3.14543843	5.29526520	3.50412321	5.80848932	4.57852697	5.56707191
0.00025580	7.33119440	6.59152174	3.15267015	5.21256590	3.50249577	5.82812929	4.55740213	5.58855152
0.00028140	7.34265709	6.48717928	3.13853312	5.25281143	3.49360704	5.84589624	4.54085159	5.56582308
0.00030700	7.42105818	6.59554958	3.12741113	5.21189737	3.48491621	5.83715963	4.52812767	5.54833508
0.00033260	7.26258135	6.61197329	3.11527824	5.16749287	3.48280382	5.81768179	4.55846834	5.56973028
0.00035820	7.14874601	6.52985096	3.10505199	5.17457056	3.49602580	5.82091045	4.57956171	5.59680557
0.00038380	7.09908295	6.57316780	3.13234353	5.10602474	3.50134969	5.84179449	4.61868191	5.59191942
0.00040940	7.14846706	6.62378359	3.11544251	5.06502104	3.50359249	5.83366251	4.58130836	5.57918930
0.00046060	7.17928886	6.62447596	3.12084961	5.10430527	3.50842905	5.77941847	4.55768633	5.67615843
0.00051180	7.12222862	6.57511473	3.13740277	5.13817215	3.50016546	5.80328941	4.57734013	5.64295340
0.00056300	7.16141367	6.48864412	3.13295794	5.13377476	3.50170660	5.81698608	4.56241465	5.73078108
0.00061420	7.10064411	6.47924900	3.12495732	5.17307091	3.50224423	5.82578087	4.57192326	5.75049067
0.00066540	7.10694933	6.52063131	3.11508346	5.12407017	3.50619268	5.83577156	4.55199146	5.78197575
0.00071660	7.20007372	6.55596304	3.12299085	5.15927076	3.51531982	5.79769135	4.57406664	5.69223166
0.00076780	7.22871685	6.60207367	3.13814378	5.14275360	3.51203704	5.76649475	4.56019545	5.65835094
0.00081900	7.34121370	6.62450027	3.14238906	5.14386511	3.50860214	5.75552893	4.56238556	5.67838764
0.00092140	7.28485107	6.45063877	3.11060452	5.12736702	3.49942541	5.72322083	4.56012011	5.77936935
0.00102380	7.21807957	6.50153971	3.12870669	5.09134674	3.50134110	5.72170210	4.57608223	5.79843950
0.00112620	7.22051382	6.49853230	3.13001084	5.13951063	3.50051522	5.75611639	4.55533934	5.83242846
0.00122860	7.31041145	6.52896547	3.10912776	5.17985344	3.50778437	5.71240997	4.55676031	5.82627344
0.00133100	7.25291109	6.51495600	3.08368587	5.18179512	3.49811482	5.71934080	4.56169939	5.80239677
0.00143340	7.31465721	6.51304340	3.09957814	5.18487930	3.51275897	5.73932695	4.55090523	5.80566120
0.00153580	7.06329632	6.51606750	3.09413862	5.15830898	3.51118326	5.70561123	4.57254076	5.81836843
0.00163820	7.00396490	6.56715536	3.12392688	5.07945299	3.50375414	5.74205112	4.57908010	5.86527205
0.00184300	7.01423788	6.51884317	3.10885692	5.07630062	3.51846695	5.70954943	4.55089855	5.89853287
0.00204780	7.12628269	6.48330164	3.11436176	5.07227612	3.50888538	5.69599581	4.55889893	5.90838575
0.00225260	7.16002321	6.49083328	3.11368251	5.07937574	3.50750279	5.69787025	4.57343626	5.88842678
0.00245740	7.07053089	6.49679279	3.11508250	5.10663128	3.51387787	5.73532295	4.56201553	5.87223339
0.00266220	7.04492664	6.50228214	3.12238812	5.08830023	3.50634027	5.71421051	4.55534363	5.87394953
0.00286700	7.09775877	6.53500748	3.10484529	5.10058546	3.52008796	5.69979048	4.55674267	5.85777473
0.00307180	7.09595013	6.51604652	3.10153198	5.12099409	3.51211286	5.73059273	4.55662489	5.86429834
0.00327660	7.04944134	6.54596806	3.09963202	5.08230829	3.51094484	5.73994255	4.55980253	5.89930296
0.00368620	7.06049156	6.50398302	3.09169984	5.14939356	3.51508045	5.67341423	4.55641365	5.99050426
0.00409580	6.96102381	6.53022909	3.11212587	5.11594296	3.51197362	5.67189741	4.56252384	5.95671844
0.00450540	7.03717518	6.48583460	3.09098339	5.04829025	3.50714684	5.66412449	4.56926489	5.97209787
0.00491500	6.99783421	6.52157688	3.10027266	5.10854912	3.51294470	5.66325760	4.55894279	5.97170115
0.00532460	6.97462273	6.52004099	3.09666824	5.12409306	3.51296210	5.67508554	4.55601406	5.97282505
0.00573420	7.03609514	6.53618383	3.10016322	5.05462790	3.51050329	5.68767881	4.56113863	5.94171572
0.00614380	6.97526979	6.49610376	3.09915805	5.10512447	3.51222634	5.69474554	4.55844450	5.97854233
0.00655340	6.97030401	6.47793865	3.10785437	5.11387205	3.51457548	5.70246649	4.56631899	5.99302197
0.00737260	7.03914022	6.48294115	3.11042953	5.05876303	3.51744103	5.64554310	4.56312752	6.05980444
0.00819180	6.99458027	6.49255753	3.10483479	5.04112244	3.51452303	5.63707066	4.56952143	6.06296539
0.00901100	6.98945665	6.46963120	3.10649133	5.08614492	3.51690173	5.64805794	4.56456804	6.06252384
0.00983020	7.01072168	6.49733448	3.10935116	5.05563974	3.51653957	5.66135454	4.56454802	6.04246235
0.01064940	7.00986242	6.48247480	3.09633708	5.08734083	3.51125979	5.65171528	4.56957579	6.05007839
0.01146860	7.03303432	6.48869658	3.10373259	5.07985640	3.52311420	5.64609766	4.55552053	6.04074001
0.01228780	7.00709152	6.46578074	3.08314300	5.03392172	3.51238346	5.65287685	4.56881523	6.03574848
0.01310700	7.07084227	6.47340536	3.09634519	5.03951883	3.50739336	5.64118767	4.56308937	6.02798939
0.01474540	7.01829529	6.45304489	3.09011340	5.05028963	3.50946784	5.61284447	4.56975985	6.09344387
0.01638380	6.95407915	6.43833637	3.08397794	5.05455494	3.51091194	5.63048124	4.56868410	6.10409784
0.01802220	6.92354822	6.41756058	3.09198046	5.03424501	3.50749683	5.62876844	4.56681585	6.09198189
0.01966060	6.91392374	6.41424370	3.09182692	5.03248310	3.50529122	5.60455465	4.56548405	6.09229755
0.02129900	6.95231533	6.38564110	3.08316731	5.00491381	3.50407887	5.62753773	4.56234360	6.08349800
0.02293740	6.93914986	6.37775898	3.07791424	5.00041342	3.50316668	5.61367130	4.55883455	6.07443380
0.02457580	6.94433641	6.36458158	3.07197022	4.98985720	3.50034833	5.62881517	4.56189013	6.06712294
0.02621420	6.92901516	6.35411978	3.07678747	4.96223974	3.49267006	5.60777998	4.56283951	6.06545019
0.02949100	6.84479570	6.31819534	3.07104158	4.93853569	3.49330568	5.58768892	4.55705833	6.12052488
0.03276780	6.78496647	6.29366684	3.06218743	4.93679953	3.48762274	5.58843136	4.55401182	6.09647226
0.03604460	6.75242186	6.25097036	3.05814767	4.90408516	3.47455072	5.58094692	4.55161428	6.09243870
0.03932140	6.73319817	6.20536184	3.05071664	4.86761045	3.46613955	5.57839394	4.55136871	6.07110453
0.04259820	6.65257788	6.17425346	3.04102111	4.87128782	3.46222711	5.57641506	4.54845953	6.05597353
0.04587500	6.61151505	6.12385798	3.03763819	4.83474684	3.45450044	5.57240677	4.54765987	6.04870081
0.04915180	6.58725786	6.08197689	3.03416109	4.82333231	3.43992805	5.56259632	4.54329062	6.02369595
0.05242860	6.51574802	6.02470589	3.01877952	4.81419992	3.42683697	5.56176662	4.53811455	6.01335907
0.05898220	6.36899900	5.92339706	3.00858927	4.75590372	3.41148973	5.52371979	4.53110790	6.03809500
0.06553581	6.23958302	5.82973051	2.99100304	4.71479511	3.38610125	5.50677872	4.52560616	6.02001047
0.07208940	6.11861134	5.71493292	2.97361493	4.66049862	3.36161232	5.49243212	4.52017546	5.97584677
0.07864300	5.96844816	5.60978460	2.96549106	4.61241722	3.33249831	5.47118044	4.51361942	5.93973637
0.08519660	5.82336378	5.48582840	2.95258951	4.54105520	3.30564904	5.45507956	4.50468826	5.90374994
0.09175020	5.69408989	5.37612247	2.93482852	4.50697470	3.27439713	5.43080711	4.49172497	5.85896683
0.09830380	5.56040716	5.25774288	2.92235136	4.44981718	3.24188137	5.40669870	4.48418808	5.81487751
0.10485740	5.41522646	5.15668726	2.90747786	4.39120531	3.21142936	5.39103603	4.47633886	5.78105879
0.11796460	5.15778065	4.95167875	2.88623810	4.29247046	3.14651632	5.35258150	4.45541573	5.68151093
0.13107181	4.92047882	4.75229549	2.85546637	4.17463684	3.08034492	5.31440973	4.43323946	5.63181353
0.14417900	4.69119072	4.54468584	2.82992530	4.05617237	3.01534319	5.28021526	4.41674757	5.59249258
0.15728620	4.47338820	4.32114506	2.79228926	3.94114947	2.95125914	5.24273586	4.39294386	5.54552650
0.17039341	4.28859568	4.09782600	2.75448680	3.83997774	2.88706923	5.20180178	4.37328529	5.50052881
0.18350060	4.10760975	3.88517594	2.71434665	3.74023604	2.82501912	5.15575171	4.34665298	5.45541286
0.19660780	3.94100451	3.67224360	2.67698312	3.64186859	2.76554728	5.11035585	4.31703758	5.42436028
0.20971501	3.79706931	3.45525241	2.63642621	3.55247378	2.70974970	5.07139587	4.28598022	5.38726997
0.23592941	3.57050228	3.09450841	2.56198764	3.38186431	2.60585093	5.03626299	4.21398258	5.25285769
0.26214382	3.35422254	2.79203892	2.49009848	3.21352506	2.51664710	4.94815493	4.13548994	5.12895441
0.28835821	3.16998863	2.53753376	2.41445446	3.01335669	2.44752812	4.86390877	4.04088879	4.95757055
0.31457260	3.00615072	2.33577919	2.33563423	2.80070376	2.39329505	4.77144432	3.93371677	4.72682142
0.34078699	2.85909534	2.16445827	2.25135374	2.60185552	2.35127544	4.67469597	3.81371617	4.44863892
0.36700141	2.73496771	2.01712918	2.17058253	2.42514467	2.31726956	4.56522655	3.66976786	4.09303904
0.39321581	2.62988853	1.89913154	2.09631944	2.27353120	2.29005837	4.45647478	3.51538396	3.75900102
0.41943020	2.54662204	1.79652381	2.02242732	2.13592362	2.26552439	4.33167934	3.37215328	3.42541289
0.47185901	2.47966671	1.66442001	1.88774681	1.91561699	2.24120498	4.17516994	3.02462220	2.71310449
0.52428782	2.47286916	1.56013596	1.76156080	1.73253131	2.20724297	3.87458420	2.88891745	2.46866560
0.57671660	2.48257279	1.46031725	1.63744223	1.58198643	2.14140511	3.57050490	2.78312945	2.29763293
0.62914538	2.46645236	1.33806825	1.50955820	1.44782352	2.02749872	3.26841307	2.71232748	2.13806891
0.68157423	2.46898651	1.19882143	1.38841009	1.34106028	1.88543737	2.96069431	2.65566921	2.01261973
0.73400301	2.46072936	1.05291045	1.28718293	1.24657178	1.72827578	2.63523364	2.60006595	1.90495706
0.78643179	2.37615108	0.92528671	1.20880949	1.14141095	1.56504512	2.32526207	2.53855419	1.84226048
0.83886063	2.20747161	0.81903410	1.15220499	1.01498985	1.40595865	2.06266236	2.47632599	1.79745412
0.94371825	1.86970580	0.64544344	1.13128412	0.74064809	1.13046503	1.45956492	2.18147135	1.61162555
1.04857588	1.59516561	0.52698028	1.08763206	0.60180241	0.83862698	1.08703315	1.84349382	1.42002046
1.15343344	1.32104528	0.44856140	1.03306937	0.51173627	0.59773189	0.78383625	1.46786499	1.14633739
1.25829101	1.08675134	0.39917347	0.96768081	0.44341710	0.51334524	0.54590935	1.19382727	1.01217437
1.36314869	0.91924167	0.37483230	0.94644362	0.39985782	0.53664416	0.41299424	1.03181541	0.89585674
1.46800625	0.93401772	0.35026717	0.95946157	0.36914614	0.45782086	0.34741628	0.91424203	0.82212317
1.57286382	0.91917598	0.31603819	0.96334970	0.34319192	0.33026007	0.32118413	0.84493917	0.77543348
1.67772150	0.82335174	0.28418115	0.96708173	0.32462525	0.26005954	0.30587840	0.83686894	0.79530835
1.88743675	0.78365672	0.27532572	1.03036511	0.29236975	0.22456983	0.30658799	0.80293494	0.85908884
2.09715199	0.75854152	0.25944543	0.92074847	0.29082409	0.17641979	0.27205497	0.77168220	0.84757382
2.30686712	0.73223090	0.24508615	0.67543542	0.28632426	0.14370231	0.24394354	0.73700339	0.80291677
2.51658225	0.75119686	0.23219347	0.52585071	0.23479438	0.12795843	0.22254287	0.70043129	0.76448828
2.72629738	0.64541203	0.18966456	0.46015999	0.18622610	0.11230554	0.17948501	0.60972029	0.67375654
2.93601274	0.44387007	0.15918070	0.45278370	0.15427434	0.19431247	0.13123113	0.46686503	0.53778768
3.14572787	0.38900927	0.14906885	0.47481662	0.14858852	0.17938110	0.11628231	0.40019366	0.48274988
3.35544300	0.38115701	0.14587992	0.60093290	0.15531786	0.48168615	0.11841999	0.40587100	0.49572441
3.77487350	0.47301129	0.13880207	1.05884755	0.22979847	0.89153934	0.16015612	0.51192898	0.54091305
4.19430399	0.69611746	0.22837868	1.01625323	0.67107642	0.97413516	0.35587025	0.74744791	0.70330483
4.61373425	0.93738568	0.46728235	0.98044997	1.04533136	1.03131390	0.75336188	1.00404108	1.01622903
5.03316450	1.00000000	1.00000000	1.00000000	1.00000000	1.00000000	1.00000000	1.00000000	1.00000000
5.45259476	0.00000000	0.00000000	0.00000000	0.00000000	0.00000000	0.00000000	0.00000000	0.00000000
5.87202549	0.00000000	0.00000000	0.00000000	0.00000000	0.00000000	0.00000000	0.00000000	0.00000000
6.29145575	0.00000000	0.00000000	0.00000000	0.00000000	0.00000000	0.00000000	0.00000000	0.00000000
6.71088600	0.00000000	0.00000000	0.00000000	0.00000000	0.00000000	0.00000000	0.00000000	0.00000000
7.54974699	0.00000000	0.00000000	0.00000000	0.00000000	0.00000000	0.00000000	0.00000000	0.00000000
8.38860798	0.00000000	0.00000000	0.00000000	0.00000000	0.00000000	0.00000000	0.00000000	0.00000000
9.22746849	0.00000000	0.00000000	0.00000000	0.00000000	0.00000000	0.00000000	0.00000000	0.00000000
10.06632900	0.00000000	0.00000000	0.00000000	0.00000000	0.00000000	0.00000000	0.00000000	0.00000000
10.90518951	0.00000000	0.00000000	0.00000000	0.00000000	0.00000000	0.00000000	0.00000000	0.00000000
11.74405098	0.00000000	0.00000000	0.00000000	0.00000000	0.00000000	0.00000000	0.00000000	0.00000000
12.58291149	0.00000000	0.00000000	0.00000000	0.00000000	0.00000000	0.00000000	0.00000000	0.00000000
13.42177200	0.00000000	0.00000000	0.00000000	0.00000000	0.00000000	0.00000000	0.00000000	0.00000000
15.09949398	0.00000000	0.00000000	0.00000000	0.00000000	0.00000000	0.00000000	0.00000000	0.00000000
16.77721596	0.00000000	0.00000000	0.00000000	0.00000000	0.00000000	0.00000000	0.00000000	0.00000000
18.45493698	0.00000000	0.00000000	0.00000000	0.00000000	0.00000000	0.00000000	0.00000000	0.00000000
20.13265800	0.00000000	0.00000000	0.00000000	0.00000000	0.00000000	0.00000000	0.00000000	0.00000000
21.81037903	0.00000000	0.00000000	0.00000000	0.00000000	0.00000000	0.00000000	0.00000000	0.00000000
23.48810196	0.00000000	0.00000000	0.00000000	0.00000000	0.00000000	0.00000000	0.00000000	0.00000000
25.16582298	0.00000000	0.00000000	0.00000000	0.00000000	0.00000000	0.00000000	0.00000000	0.00000000
26.84354401	0.00000000	0.00000000	0.00000000	0.00000000	0.00000000	0.00000000	0.00000000	0.00000000
30.19898796	0.00000000	0.00000000	0.00000000	0.00000000	0.00000000	0.00000000	0.00000000	0.00000000
33.55443192	0.00000000	0.00000000	0.00000000	0.00000000	0.00000000	0.00000000	0.00000000	0.00000000
36.90987396	0.00000000	0.00000000	0.00000000	0.00000000	0.00000000	0.00000000	0.00000000	0.00000000
40.26531601	0.00000000	0.00000000	0.00000000	0.00000000	0.00000000	0.00000000	0.00000000	0.00000000
43.62075806	0.00000000	0.00000000	0.00000000	0.00000000	0.00000000	0.00000000	0.00000000	0.00000000
46.97620392	0.00000000	0.00000000	0.00000000	0.00000000	0.00000000	0.00000000	0.00000000	0.00000000
50.33164597	0.00000000	0.00000000	0.00000000	0.00000000	0.00000000	0.00000000	0.00000000	0.00000000
53.68708801	0.00000000	0.00000000	0.00000000	0.00000000	0.00000000	0.00000000	0.00000000	0.00000000
60.39797592	0.00000000	0.00000000	0.00000000	0.00000000	0.00000000	0.00000000	0.00000000	0.00000000
67.10886383	0.00000000	0.00000000	0.00000000	0.00000000	0.00000000	0.00000000	0.00000000	0.00000000
73.81974792	0.00000000	0.00000000	0.00000000	0.00000000	0.00000000	0.00000000	0.00000000	0.00000000
80.53063202	0.00000000	0.00000000	0.00000000	0.00000000	0.00000000	0.00000000	0.00000000	0.00000000
87.24151611	0.00000000	0.00000000	0.00000000	0.00000000	0.00000000	0.00000000	0.00000000	0.00000000
93.95240784	0.00000000	0.00000000	0.00000000	0.00000000	0.00000000	0.00000000	0.00000000	0.00000000
100.66329193	0.00000000	0.00000000	0.00000000	0.00000000	0.00000000	0.00000000	0.00000000	0.00000000
107.37417603	0.00000000	0.00000000	0.00000000	0.00000000	0.00000000	0.00000000	0.00000000	0.00000000
120.79595184	0.00000000	0.00000000	0.00000000	0.00000000	0.00000000	0.00000000	0.00000000	0.00000000
134.21772766	0.00000000	0.00000000	0.00000000	0.00000000	0.00000000	0.00000000	0.00000000	0.00000000
147.63949585	0.00000000	0.00000000	0.00000000	0.00000000	0.00000000	0.00000000	0.00000000	0.00000000
161.06126404	0.00000000	0.00000000	0.00000000	0.00000000	0.00000000	0.00000000	0.00000000	0.00000000
174.48303223	0.00000000	0.00000000	0.00000000	0.00000000	0.00000000	0.00000000	0.00000000	0.00000000
187.90481567	0.00000000	0.00000000	0.00000000	0.00000000	0.00000000	0.00000000	0.00000000	0.00000000
201.32658386	0.00000000	0.00000000	0.00000000	0.00000000	0.00000000	0.00000000	0.00000000	0.00000000
214.74835205	0.00000000	0.00000000	0.00000000	0.00000000	0.00000000	0.00000000	0.00000000	0.00000000
241.59190369	0.00000000	0.00000000	0.00000000	0.00000000	0.00000000	0.00000000	0.00000000	0.00000000
268.43545532	0.00000000	0.00000000	0.00000000	0.00000000	0.00000000	0.00000000	0.00000000	0.00000000
295.27899170	0.00000000	0.00000000	0.00000000	0.00000000	0.00000000	0.00000000	0.00000000	0.00000000
322.12252808	0.00000000	0.00000000	0.00000000	0.00000000	0.00000000	0.00000000	0.00000000	0.00000000
348.96606445	0.00000000	0.00000000	0.00000000	0.00000000	0.00000000	0.00000000	0.00000000	0.00000000
375.80963135	0.00000000	0.00000000	0.00000000	0.00000000	0.00000000	0.00000000	0.00000000	0.00000000
402.65316772	0.00000000	0.00000000	0.00000000	0.00000000	0.00000000	0.00000000	0.00000000	0.00000000
429.49670410	0.00000000	0.00000000	0.00000000	0.00000000	0.00000000	0.00000000	0.00000000	0.00000000
483.18380737	0.00000000	0.00000000	0.00000000	0.00000000	0.00000000	0.00000000	0.00000000	0.00000000
536.87091064	0.00000000	0.00000000	0.00000000	0.00000000	0.00000000	0.00000000	0.00000000	0.00000000
590.55798340	0.00000000	0.00000000	0.00000000	0.00000000	0.00000000	0.00000000	0.00000000	0.00000000
644.24505615	0.00000000	0.00000000	0.00000000	0.00000000	0.00000000	0.00000000	0.00000000	0.00000000
697.93212891	0.00000000	0.00000000	0.00000000	0.00000000	0.00000000	0.00000000	0.00000000	0.00000000
751.61926270	0.00000000	0.00000000	0.00000000	0.00000000	0.00000000	0.00000000	0.00000000	0.00000000
805.30633545	0.00000000	0.00000000	0.00000000	0.00000000	0.00000000	0.00000000	0.00000000	0.00000000
858.99340820	0.00000000	0.00000000	0.00000000	0.00000000	0.00000000	0.00000000	0.00000000	0.00000000
966.36761475	0.00000000	0.00000000	0.00000000	0.00000000	0.00000000	0.00000000	0.00000000	0.00000000
1073.74182129	0.00000000	0.00000000	0.00000000	0.00000000	0.00000000	0.00000000	0.00000000	0.00000000
1181.11596680	0.00000000	0.00000000	0.00000000	0.00000000	0.00000000	0.00000000	0.00000000	0.00000000
1288.49011230	0.00000000	0.00000000	0.00000000	0.00000000	0.00000000	0.00000000	0.00000000	0.00000000
1395.86425781	0.00000000	0.00000000	0.00000000	0.00000000	0.00000000	0.00000000	0.00000000	0.00000000
1503.23852539	0.00000000	0.00000000	0.00000000	0.00000000	0.00000000	0.00000000	0.00000000	0.00000000
1610.61267090	0.00000000	0.00000000	0.00000000	0.00000000	0.00000000	0.00000000	0.00000000	0.00000000
1717.98681641	0.00000000	0.00000000	0.00000000	0.00000000	0.00000000	0.00000000	0.00000000	0.00000000
1932.73522949	0.00000000	0.00000000	0.00000000	0.00000000	0.00000000	0.00000000	0.00000000	0.00000000
2147.48364258	0.00000000	0.00000000	0.00000000	0.00000000	0.00000000	0.00000000	0.00000000	0.00000000
2362.23193359	0.00000000	0.00000000	0.00000000	0.00000000	0.00000000	0.00000000	0.00000000	0.00000000
2576.98022461	0.00000000	0.00000000	0.00000000	0.00000000	0.00000000	0.00000000	0.00000000	0.00000000
2791.72851562	0.00000000	0.00000000	0.00000000	0.00000000	0.00000000	0.00000000	0.00000000	0.00000000
3006.47705078	0.00000000	0.00000000	0.00000000	0.00000000	0.00000000	0.00000000	0.00000000	0.00000000
3221.22534180	0.00000000	0.00000000	0.00000000	0.00000000	0.00000000	0.00000000	0.00000000	0.00000000
3435.97363281	0.00000000	0.00000000	0.00000000	0.00000000	0.00000000	0.00000000	0.00000000	0.00000000
0	0	0	0	0	0	0	0	0
