%12/15/2014 11:26:31 AM
%Duration	ID1		ID2		ID3		ID4		ID5		ID6		ID7		ID8
3000.000000	1.268387	2.069473	2.527237	3.232956	3.719330	12.674332	11.663437	13.856888
%Tau		Tau1		Tau2		Tau3		Tau4		Tau5		Tau6		Tau7		Tau8
%		0.000001	0.000001	0.000001	0.000005	0.000003	0.000016	0.000016	0.000019
%Delaytime	D1		D2		D3		D4		D5		D6		D7		D8
0.00000000	17.91067123	41.29723740	23.42139053	21.74927330	17.59288025	2.60381150	3.98237777	5.81461287
0.00000020	1.99007452	5.63144112	3.34591293	2.68141723	2.55380511	1.26794302	1.89857543	1.95396209
0.00000040	5.97022343	2.81572056	1.67295647	2.68141723	1.98629284	1.26794302	1.41235483	1.59153366
0.00000060	1.99007452	2.81572056	2.23060870	2.08554673	0.56751227	1.63021243	1.34289479	1.32365179
0.00000080	0.00000000	0.93857354	0.55765218	1.19174099	1.98629284	1.74342167	1.66704178	1.41819835
0.00000100	3.98014903	0.93857354	1.67295647	1.48967624	1.70253670	1.40379405	1.08820784	1.40244055
0.00000120	0.00000000	0.00000000	0.55765218	2.08554673	1.41878057	1.44907773	1.55127501	1.43395603
0.00000140	1.99007452	1.87714708	1.67295647	1.19174099	1.70253670	1.44907773	1.59758174	1.51274490
0.00000160	0.00000000	0.00000000	3.90356517	1.78761160	0.56751227	1.72077978	1.27343476	1.37092507
0.00000180	0.00000000	0.93857354	0.55765218	1.78761160	1.13502455	1.42643583	1.48181498	1.57577586
0.00000200	0.00000000	0.00000000	0.55765218	1.78761160	1.41878057	1.56228685	1.43550825	1.54426038
0.00000220	7.96029806	0.93857354	1.67295647	2.38348198	1.13502455	1.87927270	1.57442844	1.43395603
0.00000240	3.98014903	1.87714708	0.00000000	0.89380580	1.13502455	1.53964508	1.04190111	1.37092507
0.00000260	3.98014903	0.93857354	1.11530435	2.08554673	0.85126835	1.35851038	1.41235483	1.48122931
0.00000280	0.00000000	0.93857354	1.11530435	1.78761160	1.41878057	1.24530113	1.59758174	1.32365179
0.00000300	1.99007452	0.00000000	0.55765218	2.08554673	1.70253670	1.42643583	1.62073505	1.33940947
0.00000340	0.00000000	1.40786028	1.67295647	1.34070861	1.13502455	1.44907773	1.45866156	1.43395603
0.00000380	2.98511171	1.87714708	1.11530435	1.78761160	1.27690256	1.51700318	1.47023821	1.33940947
0.00000420	0.00000000	0.46928677	1.95178258	0.74483812	1.56065869	1.49436140	1.60915840	1.64668584
0.00000460	1.99007452	0.93857354	1.67295647	1.34070861	0.85126835	1.44907773	1.31974149	1.35516727
0.00000500	2.98511171	1.40786028	0.83647823	1.63864386	0.70939028	1.52832413	1.45866156	1.58365476
0.00000540	0.00000000	2.34643388	1.11530435	1.04277337	2.27004910	1.50568235	1.48181498	1.58365476
0.00000580	0.00000000	1.87714708	1.11530435	2.08554673	1.13502455	1.42643583	1.43550825	1.48122931
0.00000620	1.99007452	1.40786028	0.55765218	2.08554673	1.13502455	1.30190575	1.34289479	1.44183493
0.00000700	2.98511171	1.64250374	1.11530435	1.34070861	1.63159776	1.26794302	1.40077817	1.53638148
0.00000780	0.49751863	0.70393014	0.83647823	1.11725724	1.48971963	1.51134276	1.27343476	1.41819835
0.00000860	2.48759317	0.70393014	1.67295647	1.71312773	1.63159776	1.51700318	1.29079974	1.46153212
0.00000940	0.49751863	1.40786028	2.37002182	1.63864386	1.70253670	1.47738004	1.49917996	1.41425884
0.00001020	0.00000000	1.40786028	1.53354347	1.26622486	1.06408548	1.51700318	1.62652349	1.47728992
0.00001100	0.99503726	2.34643388	0.69706523	1.26622486	1.48971963	1.33586848	1.47602665	1.41031945
0.00001180	1.49255586	1.64250374	1.81236959	1.63864386	0.99314642	1.14341283	1.39498985	1.25668132
0.00001260	0.99503726	0.93857354	1.39413047	2.45796585	1.63159776	1.27926397	1.53969836	1.27243900
0.00001420	0.49751863	1.75982535	1.46383691	2.01106310	0.99314642	1.37266147	1.34289479	1.47138071
0.00001580	1.49255586	1.29053867	1.39413047	1.19174099	1.45425010	1.30473602	1.31974149	1.39653134
0.00001740	1.24379659	1.40786028	1.81236959	1.15449917	1.41878057	1.39813352	1.34578896	1.39259195
0.00001900	1.74131513	0.82125187	0.83647823	0.89380580	1.06408548	1.45190799	1.28501141	1.26062071
0.00002060	1.24379659	1.75982535	1.11530435	1.08001530	1.17049396	1.30190575	1.28211725	1.32365179
0.00002220	0.74627793	1.29053867	1.74266303	1.52691817	1.24143302	1.36700106	1.25896382	1.29410601
0.00002380	1.74131513	1.17321694	1.25471735	1.45243442	0.92220742	1.19718730	1.27922308	1.31380320
0.00002540	0.74627793	1.17321694	1.39413047	1.15449917	1.70253670	1.29341507	1.38341320	1.24289322
0.00002860	1.12350821	1.04875767	1.15269804	1.41576290	1.40768063	1.32050014	1.24768698	1.25732708
0.00003180	0.99867398	1.28181493	0.69860482	1.24810672	1.15821826	1.27374423	1.22615039	1.23866355
0.00003500	0.74900550	1.16528630	1.39720964	1.13633597	1.35422444	1.25390840	1.27640247	1.23571670
0.00003820	0.87383974	1.68966508	1.29241896	1.13633597	1.22949326	1.15897977	1.17159104	1.22788692
0.00004140	1.37317669	1.39834356	1.01297700	1.17359293	1.15821826	1.26099265	1.30224633	1.21315217
0.00004460	0.62417126	1.39834356	0.52395362	1.32262063	1.22949326	1.25107467	1.19172513	1.21806371
0.00004780	0.87383974	0.93222904	1.11776769	1.04319370	1.15821826	1.17598188	1.13860011	1.16010749
0.00005100	0.49933699	1.16528630	1.25748873	1.09907913	0.98003083	1.23548937	1.19603264	1.18073606
0.00005740	1.56124234	1.17154062	1.30519783	1.06085992	1.09434235	1.13829637	1.09079099	1.09823895
0.00006380	1.49879265	0.64434731	1.21818471	1.02363682	1.12103367	1.12057686	1.13528383	1.14246333
0.00007020	1.18654418	1.02509797	1.07896352	1.16322362	0.97868019	1.10143995	1.14246011	1.10217011
0.00007660	1.06164479	0.96652102	1.18337941	1.12600052	0.96978307	1.14538407	1.10302150	1.08104062
0.00008300	1.12409449	0.96652102	0.88753456	1.10738885	0.96978307	1.11632419	1.07000983	1.05401456
0.00008940	1.74859154	1.08367503	1.11376882	1.26558733	1.05875397	1.10002232	1.09369206	1.06037807
0.00009580	0.81184602	0.87865543	1.02675569	1.11669469	0.86301798	1.08868194	1.02979279	1.04858518
0.00010220	0.56204724	1.11296356	0.74831343	1.07016575	0.90750343	1.10640132	1.03840435	1.02991307
0.00011500	1.28021872	0.83397752	1.00879717	1.08161759	0.98660553	1.03086972	1.05420625	1.07082891
0.00012780	0.68694663	0.92176461	0.96531457	0.97020632	0.98216134	1.03689206	1.02690828	1.06394255
0.00014060	0.74939632	1.28754425	0.86095625	0.95163780	0.99104965	1.04397702	0.99386328	0.99507898
0.00015340	1.06164479	1.06807649	0.99140418	1.00270128	0.92883128	1.03656662	1.06821442	1.02065694
0.00016620	0.65572178	1.15565717	1.12185204	0.90057433	1.00438213	0.99086696	1.03085923	1.03221619
0.00017900	1.15531933	0.99474287	1.09576249	1.01198554	0.99993801	0.96642298	1.01577353	0.98794669
0.00019180	1.24899387	1.17028570	0.94792151	1.03519619	0.98216134	1.00432885	1.01394928	0.99261957
0.00020460	1.06164479	1.05325723	0.91313541	1.06769121	1.00882638	1.02948141	1.02364695	0.99163580
0.00023020	0.81057674	0.93622857	1.06576478	1.04806638	1.04427695	1.03350270	0.98746663	1.02357996
0.00025580	0.85734075	0.98742855	1.00486398	0.99229342	0.97539908	1.00711620	1.01210380	0.99972147
0.00028140	1.15351295	1.00205719	1.05271459	0.97602630	1.04427695	0.98973376	1.00401127	1.02544844
0.00030700	0.79498869	1.00937140	0.97441357	1.00158894	1.05538619	1.01966131	0.98348278	1.01743090
0.00033260	1.10674894	1.06788576	0.98746371	0.96208310	0.94651479	1.02978384	1.00542188	1.00122046
0.00035820	1.10674894	1.03149843	1.07881498	0.92722499	0.98206466	1.02004385	1.00704026	1.00530219
0.00038380	0.99763286	1.00955176	1.02661431	0.94813985	1.01317084	0.99985546	0.99445230	0.98759198
0.00040940	1.01322091	1.10465443	1.03082240	0.98067403	1.00206149	1.01473105	0.99301368	0.98636210
0.00046060	0.92531461	1.00661290	0.97427940	0.99714190	0.96692449	1.02154434	0.99112755	0.99477220
0.00051180	1.04195082	0.97366917	0.94600791	1.07849383	1.00795221	1.01245785	1.00258303	0.98832101
0.00056300	0.91000003	0.91144216	0.98297828	0.97283423	1.02791166	1.00296116	1.01590049	0.99370474
0.00061420	0.89444447	0.92608380	0.95253205	1.01700115	0.98456943	1.00838721	1.01410079	0.98541051
0.00066540	1.01888883	1.02857530	1.10911274	0.99491769	0.98567814	0.99821037	0.99565446	0.99650782
0.00071660	1.23666668	1.06883979	1.09388959	1.02397490	1.00563562	1.00357580	1.00372469	1.00588441
0.00076780	1.10444450	0.98831081	0.91133767	1.00179052	0.98567814	1.00552273	1.00354481	0.98407477
0.00081900	1.19777775	1.06517947	1.00907505	0.95297945	0.98124313	0.99631888	1.00576615	0.99666905
0.00092140	1.04140854	1.01482117	0.99412572	1.04652607	0.99833059	1.00080466	1.01977038	1.00295866
0.00102380	1.04918015	1.02399671	0.95279443	1.01216602	0.97560346	0.99918556	0.99878305	1.01355660
0.00112620	0.90540361	0.96527290	1.04959667	0.97421360	0.95952821	1.00267768	0.99557263	0.99319792
0.00122860	1.01420748	0.97261339	0.94070059	0.92064059	0.97384477	0.98607385	0.99536484	1.00340378
0.00133100	0.98337662	1.02032650	0.98746371	1.04991460	1.02428293	1.00124669	0.99043471	1.00371838
0.00143340	0.95616859	1.02766693	0.97441357	0.99983543	0.96165091	0.99405789	1.00599599	1.01046133
0.00153580	1.10386944	0.90838420	0.96136338	1.00381052	1.00931776	1.00217509	1.01022363	0.99112469
0.00163820	1.15051186	0.98545921	0.96462590	1.03631246	0.98049599	0.99902004	1.00088584	1.00477850
0.00184300	1.02525616	0.98959440	1.01966786	0.99949807	0.97934926	0.99798179	1.00156295	0.99218702
0.00204780	1.03109252	1.01626563	1.00662303	0.97908825	1.00488067	0.99031568	1.00603211	0.99750412
0.00225260	0.86961961	1.02012706	1.01898408	0.96587026	0.98018181	0.99292451	0.99779207	1.00651205
0.00245740	1.04276538	1.04956269	0.96518171	0.98725218	0.98138845	1.00467479	1.00260997	1.00603795
0.00266220	0.93017101	0.99953204	0.98963732	1.00805521	1.00295651	0.99375367	1.00032508	0.99708235
0.00286700	1.02163136	1.00045156	1.02496207	1.00951326	1.04726887	0.99938548	1.01009560	0.99708277
0.00307180	0.99633378	0.96275073	1.02482104	1.02825975	0.98138845	1.00394619	0.99901390	0.99481857
0.00327660	0.95936048	1.03282011	0.97700328	0.97607416	0.99970621	0.99165308	0.99909300	1.00343776
0.00368620	1.02630234	1.02656555	0.97482306	1.00721967	1.01203239	1.00516343	1.00581396	1.00174880
0.00409580	1.00228930	1.00152743	1.00662851	0.98781073	0.99026674	0.99188787	1.01199460	1.00065005
0.00450540	0.95689160	1.02297640	1.00227904	0.98382390	0.99272114	0.99880844	0.99913740	0.99560171
0.00491500	0.96977323	1.00244796	1.03272521	1.01140773	0.97816312	1.00340044	1.00029778	0.99842924
0.00532460	1.02834415	0.99784535	1.00418198	1.00161803	0.98804855	0.99712127	0.99816799	0.99848288
0.00573420	1.01668048	0.99462354	0.98692006	1.01789963	0.99826711	0.99841601	1.00708723	0.99928957
0.00614380	1.05847526	1.01257372	0.98705596	1.00408638	1.00698209	0.99304914	1.00267005	0.99901283
0.00655340	0.99166775	0.98432142	0.97672886	0.97199762	1.00314093	1.00348902	0.99705327	0.99976534
0.00737260	1.04539049	1.01135933	1.00078011	0.99074024	1.00461543	0.99864691	0.99322760	1.00123370
0.00819180	1.01628447	1.01135933	0.99915117	0.99696690	1.01107109	0.99694926	1.00200248	1.00340939
0.00901100	0.99591029	1.00565004	1.00336409	1.00980365	0.98142409	0.99770683	1.00205886	0.99906939
0.00983020	1.00538886	0.99459386	0.99738586	0.98639113	0.99396557	0.99529564	1.00201941	0.99879277
0.01064940	1.02770925	0.98612493	0.98161834	0.99368471	0.99378610	1.00174463	0.99977970	0.99983799
0.01146860	1.00583565	1.02895987	0.99738872	0.99578202	0.99312145	0.99938846	0.99736190	1.00277829
0.01228780	1.01795995	1.01380897	0.99466848	0.99021077	0.99692118	1.00084341	1.00177693	1.00443923
0.01310700	1.00341082	1.03365588	1.00405061	0.97890449	1.00257599	1.00129092	0.99786377	0.99953777
0.01474540	0.98329765	0.98693126	0.99596709	0.98936421	0.99690807	0.99814671	0.99822003	1.00082338
0.01638380	0.98670745	1.02097344	1.00085950	0.99653018	1.00357044	1.00310481	1.00082779	1.00224268
0.01802220	1.01555681	1.02092624	0.99161011	1.00432527	0.99659133	0.99691898	1.00046229	1.00166726
0.01966060	1.00975573	1.00637567	0.99446577	1.00220990	0.99607736	0.99988574	1.00223744	1.00293303
0.02129900	0.99422848	0.99238503	1.00153756	0.99716800	1.00531900	0.99610585	0.99754816	0.99670357
0.02293740	1.02506447	0.99151677	0.98345143	0.99643850	1.01647294	1.00295889	1.00077236	0.99718642
0.02457580	1.01676953	0.98570192	0.98732787	1.00135434	0.99261081	1.00102603	1.00202882	1.00050092
0.02621420	1.00490344	0.99709135	1.01364303	0.99524420	0.99154276	0.99927169	1.00201237	0.99970043
0.02949100	0.97373843	1.00310314	1.00132978	0.99577117	0.99989009	1.00195968	0.99933678	0.99914479
0.03276780	1.00882494	1.00540233	0.99354887	0.99738383	0.99898314	0.99943739	0.99883217	1.00022566
0.03604460	1.00383031	1.00101984	1.00137138	1.00092828	1.00382876	0.99954039	1.00031424	1.00354230
0.03932140	1.00530517	1.00470495	1.00796521	1.00100946	0.99789715	0.99894464	1.00026059	1.00104415
0.04259820	0.98548275	0.99826819	0.99524647	1.00742459	0.99886781	0.99997276	1.00058198	0.99967074
0.04587500	0.99593687	1.00048888	1.01931214	1.00302398	0.99775851	0.99866045	0.99986857	1.00334871
0.04915180	0.99956626	1.00307369	0.98929983	0.99554271	1.00082147	0.99897164	1.00164509	0.99838161
0.05242860	1.00465167	0.99605381	1.00734508	1.00042212	1.00694227	0.99974644	0.99717462	1.00133669
0.05898220	0.99812466	0.99706507	1.00054944	1.00622487	0.99489999	1.00027215	1.00197804	1.00003231
0.06553581	0.99643409	0.98981392	1.00084043	1.00011897	0.99881864	0.99800384	1.00293398	1.00037229
0.07208940	1.00007796	1.00295758	1.00015974	0.99552476	1.00039983	1.00016344	1.00127637	1.00030088
0.07864300	1.00584364	0.99261242	0.99742103	1.00476289	1.00132513	1.00140488	1.00067890	1.00187922
0.08519660	0.99638981	0.99987006	0.99166763	0.99736977	0.99960214	1.00167465	1.00081456	1.00080764
0.09175020	1.00051260	1.01161563	1.00153995	1.00057447	0.99612075	0.99848533	1.00027394	0.99861032
0.09830380	1.00144231	0.99544102	1.00306582	0.99936146	1.00236523	0.99868274	1.00103009	0.99983972
0.10485740	1.01538968	1.00167453	1.00311887	0.99848557	0.99999565	0.99881113	1.00132132	1.00036335
0.11796460	0.99684018	1.00116563	1.00367963	1.00100112	0.99928916	0.99928087	0.99787724	1.00032449
0.13107181	1.00206566	0.99538022	1.00037062	1.00062966	0.99802643	1.00047421	0.99909830	0.99966007
0.14417900	0.99929637	1.00015783	1.00209486	0.99863368	0.99952167	0.99869698	0.99981415	1.00071251
0.15728620	0.98913831	0.99580920	1.00173783	0.99909240	0.99616688	1.00023866	0.99980712	0.99903846
0.17039341	0.99851596	1.00021577	0.99997526	1.00122476	0.99628985	1.00069141	1.00014400	0.99895567
0.18350060	1.00940883	0.99877131	1.00043869	0.99949139	1.00155783	0.99963242	0.99860042	0.99984396
0.19660780	1.00352156	0.99719304	0.99910527	0.99630028	0.99801248	1.00023544	1.00069559	1.00024474
0.20971501	1.00827169	0.99921232	0.99911690	0.99876863	1.00228107	1.00208986	0.99982643	0.99868745
0.23592941	1.00285316	0.99629402	0.99938804	0.99820483	0.99993598	0.99987793	0.99974120	1.00072026
0.26214382	0.99570107	1.00193632	0.99873102	0.99944288	0.99994850	1.00026309	1.00083041	0.99978423
0.28835821	0.99357414	1.00861478	0.99927461	1.00081849	0.99991316	0.99993330	1.00034046	0.99956101
0.31457260	1.00658381	1.00435317	1.00251031	1.00043833	1.00043607	0.99972183	0.99991548	1.00020432
0.34078699	0.99914640	1.00315154	1.00127304	1.00001705	1.00124776	0.99950629	1.00070620	1.00002062
0.36700141	1.00385404	0.99658936	0.99854016	1.00116527	0.99836314	0.99982500	1.00024033	1.00077283
0.39321581	1.00027299	0.99440432	1.00061643	0.99923629	0.99924064	1.00011444	0.99963719	0.99987495
0.41943020	0.99799651	1.00065625	1.00061011	1.00361907	0.99954206	0.99910235	1.00095582	0.99924701
0.47185901	0.99739754	0.99486691	0.99991649	0.99744564	1.00038111	0.99972898	1.00085390	0.99988979
0.52428782	1.00098181	0.99825561	0.99786466	0.99909794	0.99919426	1.00040507	1.00034785	1.00043559
0.57671660	1.00251758	0.99915475	1.00040698	1.00068069	0.99977553	0.99973470	1.00050724	0.99957037
0.62914538	1.00000870	1.00205159	0.99979454	0.99903202	0.99982703	0.99993128	0.99943817	1.00024092
0.68157423	1.00187206	0.99697655	0.99832648	1.00278568	1.00047195	1.00030303	0.99986565	1.00025392
0.73400301	0.99948144	0.99838048	1.00142944	0.99981999	0.99898458	1.00027847	0.99945891	1.00031960
0.78643179	0.99694055	1.00159335	0.99908280	1.00007832	1.00036097	0.99991864	0.99991184	1.00006080
0.83886063	0.99923736	1.00151205	0.99805057	1.00124562	0.99898368	0.99957442	1.00027132	0.99964535
0.94371825	1.00182557	0.99757302	0.99997979	0.99904060	1.00021684	0.99981874	1.00004673	0.99965686
1.04857588	1.00120723	1.00114608	0.99949038	1.00034642	1.00041270	1.00020504	0.99978793	0.99998665
1.15343344	1.00069356	1.00349200	0.99907857	0.99984884	0.99986619	0.99991596	1.00013292	1.00040555
1.25829101	0.99847609	0.99498069	0.99950111	0.99948812	0.99943817	1.00009751	0.99872261	1.00038695
1.36314869	0.99866670	1.00312090	0.99976271	1.00015950	1.00020301	0.99999595	0.99961591	1.00009000
1.46800625	0.99366611	1.00165582	1.00057054	1.00091708	0.99950737	0.99976724	1.00014508	1.00008941
1.57286382	1.00081027	0.99515879	0.99834311	0.99889290	0.99893451	0.99987024	1.00012529	0.99941957
1.67772150	0.99482465	1.00092375	1.00039911	0.99946952	1.00085950	0.99995446	0.99916363	0.99969494
1.88743675	1.00066507	1.00012732	0.99817741	1.00068140	1.00069356	0.99994940	0.99936891	0.99998593
2.09715199	1.00116003	0.99895376	1.00011814	0.99962473	0.99996823	0.99987394	1.00006402	1.00007081
2.30686712	1.00082958	1.00021744	0.99984366	1.00001490	0.99872547	1.00005078	0.99988592	0.99975663
2.51658225	1.00172365	1.00158250	0.99999547	0.99970162	1.00023043	0.99963343	0.99984372	1.00001824
2.72629738	0.99837655	0.99824411	1.00360012	1.00001049	1.00037098	1.00005960	0.99957240	0.99952883
2.93601274	0.99892020	0.99969780	0.99903828	1.00077426	0.99991280	1.00029743	1.00034893	0.99955904
3.14572787	0.99997777	1.00002706	1.00005090	0.99847639	0.99937660	0.99995601	1.00078726	1.00005603
3.35544300	0.99783313	1.00165021	0.99963081	1.00071251	1.00056958	0.99989039	0.99973267	1.00035262
3.77487350	0.99853373	0.99961680	1.00060213	0.99985474	0.99987948	1.00007510	1.00031137	0.99974918
4.19430399	0.99850893	0.99979377	0.99992615	1.00018704	0.99967420	1.00007343	0.99991047	0.99992263
4.61373425	1.00401175	1.00065506	0.99991947	1.00020015	1.00039923	1.00000513	0.99997658	0.99971867
5.03316450	1.00000000	1.00000000	1.00000000	1.00000000	1.00000000	1.00000000	1.00000000	1.00000000
5.45259476	0.00000000	0.00000000	0.00000000	0.00000000	0.00000000	0.00000000	0.00000000	0.00000000
5.87202549	0.00000000	0.00000000	0.00000000	0.00000000	0.00000000	0.00000000	0.00000000	0.00000000
6.29145575	0.00000000	0.00000000	0.00000000	0.00000000	0.00000000	0.00000000	0.00000000	0.00000000
6.71088600	0.00000000	0.00000000	0.00000000	0.00000000	0.00000000	0.00000000	0.00000000	0.00000000
7.54974699	0.00000000	0.00000000	0.00000000	0.00000000	0.00000000	0.00000000	0.00000000	0.00000000
8.38860798	0.00000000	0.00000000	0.00000000	0.00000000	0.00000000	0.00000000	0.00000000	0.00000000
9.22746849	0.00000000	0.00000000	0.00000000	0.00000000	0.00000000	0.00000000	0.00000000	0.00000000
10.06632900	0.00000000	0.00000000	0.00000000	0.00000000	0.00000000	0.00000000	0.00000000	0.00000000
10.90518951	0.00000000	0.00000000	0.00000000	0.00000000	0.00000000	0.00000000	0.00000000	0.00000000
11.74405098	0.00000000	0.00000000	0.00000000	0.00000000	0.00000000	0.00000000	0.00000000	0.00000000
12.58291149	0.00000000	0.00000000	0.00000000	0.00000000	0.00000000	0.00000000	0.00000000	0.00000000
13.42177200	0.00000000	0.00000000	0.00000000	0.00000000	0.00000000	0.00000000	0.00000000	0.00000000
15.09949398	0.00000000	0.00000000	0.00000000	0.00000000	0.00000000	0.00000000	0.00000000	0.00000000
16.77721596	0.00000000	0.00000000	0.00000000	0.00000000	0.00000000	0.00000000	0.00000000	0.00000000
18.45493698	0.00000000	0.00000000	0.00000000	0.00000000	0.00000000	0.00000000	0.00000000	0.00000000
20.13265800	0.00000000	0.00000000	0.00000000	0.00000000	0.00000000	0.00000000	0.00000000	0.00000000
21.81037903	0.00000000	0.00000000	0.00000000	0.00000000	0.00000000	0.00000000	0.00000000	0.00000000
23.48810196	0.00000000	0.00000000	0.00000000	0.00000000	0.00000000	0.00000000	0.00000000	0.00000000
25.16582298	0.00000000	0.00000000	0.00000000	0.00000000	0.00000000	0.00000000	0.00000000	0.00000000
26.84354401	0.00000000	0.00000000	0.00000000	0.00000000	0.00000000	0.00000000	0.00000000	0.00000000
30.19898796	0.00000000	0.00000000	0.00000000	0.00000000	0.00000000	0.00000000	0.00000000	0.00000000
33.55443192	0.00000000	0.00000000	0.00000000	0.00000000	0.00000000	0.00000000	0.00000000	0.00000000
36.90987396	0.00000000	0.00000000	0.00000000	0.00000000	0.00000000	0.00000000	0.00000000	0.00000000
40.26531601	0.00000000	0.00000000	0.00000000	0.00000000	0.00000000	0.00000000	0.00000000	0.00000000
43.62075806	0.00000000	0.00000000	0.00000000	0.00000000	0.00000000	0.00000000	0.00000000	0.00000000
46.97620392	0.00000000	0.00000000	0.00000000	0.00000000	0.00000000	0.00000000	0.00000000	0.00000000
50.33164597	0.00000000	0.00000000	0.00000000	0.00000000	0.00000000	0.00000000	0.00000000	0.00000000
53.68708801	0.00000000	0.00000000	0.00000000	0.00000000	0.00000000	0.00000000	0.00000000	0.00000000
60.39797592	0.00000000	0.00000000	0.00000000	0.00000000	0.00000000	0.00000000	0.00000000	0.00000000
67.10886383	0.00000000	0.00000000	0.00000000	0.00000000	0.00000000	0.00000000	0.00000000	0.00000000
73.81974792	0.00000000	0.00000000	0.00000000	0.00000000	0.00000000	0.00000000	0.00000000	0.00000000
80.53063202	0.00000000	0.00000000	0.00000000	0.00000000	0.00000000	0.00000000	0.00000000	0.00000000
87.24151611	0.00000000	0.00000000	0.00000000	0.00000000	0.00000000	0.00000000	0.00000000	0.00000000
93.95240784	0.00000000	0.00000000	0.00000000	0.00000000	0.00000000	0.00000000	0.00000000	0.00000000
100.66329193	0.00000000	0.00000000	0.00000000	0.00000000	0.00000000	0.00000000	0.00000000	0.00000000
107.37417603	0.00000000	0.00000000	0.00000000	0.00000000	0.00000000	0.00000000	0.00000000	0.00000000
120.79595184	0.00000000	0.00000000	0.00000000	0.00000000	0.00000000	0.00000000	0.00000000	0.00000000
134.21772766	0.00000000	0.00000000	0.00000000	0.00000000	0.00000000	0.00000000	0.00000000	0.00000000
147.63949585	0.00000000	0.00000000	0.00000000	0.00000000	0.00000000	0.00000000	0.00000000	0.00000000
161.06126404	0.00000000	0.00000000	0.00000000	0.00000000	0.00000000	0.00000000	0.00000000	0.00000000
174.48303223	0.00000000	0.00000000	0.00000000	0.00000000	0.00000000	0.00000000	0.00000000	0.00000000
187.90481567	0.00000000	0.00000000	0.00000000	0.00000000	0.00000000	0.00000000	0.00000000	0.00000000
201.32658386	0.00000000	0.00000000	0.00000000	0.00000000	0.00000000	0.00000000	0.00000000	0.00000000
214.74835205	0.00000000	0.00000000	0.00000000	0.00000000	0.00000000	0.00000000	0.00000000	0.00000000
241.59190369	0.00000000	0.00000000	0.00000000	0.00000000	0.00000000	0.00000000	0.00000000	0.00000000
268.43545532	0.00000000	0.00000000	0.00000000	0.00000000	0.00000000	0.00000000	0.00000000	0.00000000
295.27899170	0.00000000	0.00000000	0.00000000	0.00000000	0.00000000	0.00000000	0.00000000	0.00000000
322.12252808	0.00000000	0.00000000	0.00000000	0.00000000	0.00000000	0.00000000	0.00000000	0.00000000
348.96606445	0.00000000	0.00000000	0.00000000	0.00000000	0.00000000	0.00000000	0.00000000	0.00000000
375.80963135	0.00000000	0.00000000	0.00000000	0.00000000	0.00000000	0.00000000	0.00000000	0.00000000
402.65316772	0.00000000	0.00000000	0.00000000	0.00000000	0.00000000	0.00000000	0.00000000	0.00000000
429.49670410	0.00000000	0.00000000	0.00000000	0.00000000	0.00000000	0.00000000	0.00000000	0.00000000
483.18380737	0.00000000	0.00000000	0.00000000	0.00000000	0.00000000	0.00000000	0.00000000	0.00000000
536.87091064	0.00000000	0.00000000	0.00000000	0.00000000	0.00000000	0.00000000	0.00000000	0.00000000
590.55798340	0.00000000	0.00000000	0.00000000	0.00000000	0.00000000	0.00000000	0.00000000	0.00000000
644.24505615	0.00000000	0.00000000	0.00000000	0.00000000	0.00000000	0.00000000	0.00000000	0.00000000
697.93212891	0.00000000	0.00000000	0.00000000	0.00000000	0.00000000	0.00000000	0.00000000	0.00000000
751.61926270	0.00000000	0.00000000	0.00000000	0.00000000	0.00000000	0.00000000	0.00000000	0.00000000
805.30633545	0.00000000	0.00000000	0.00000000	0.00000000	0.00000000	0.00000000	0.00000000	0.00000000
858.99340820	0.00000000	0.00000000	0.00000000	0.00000000	0.00000000	0.00000000	0.00000000	0.00000000
966.36761475	0.00000000	0.00000000	0.00000000	0.00000000	0.00000000	0.00000000	0.00000000	0.00000000
1073.74182129	0.00000000	0.00000000	0.00000000	0.00000000	0.00000000	0.00000000	0.00000000	0.00000000
1181.11596680	0.00000000	0.00000000	0.00000000	0.00000000	0.00000000	0.00000000	0.00000000	0.00000000
1288.49011230	0.00000000	0.00000000	0.00000000	0.00000000	0.00000000	0.00000000	0.00000000	0.00000000
1395.86425781	0.00000000	0.00000000	0.00000000	0.00000000	0.00000000	0.00000000	0.00000000	0.00000000
1503.23852539	0.00000000	0.00000000	0.00000000	0.00000000	0.00000000	0.00000000	0.00000000	0.00000000
1610.61267090	0.00000000	0.00000000	0.00000000	0.00000000	0.00000000	0.00000000	0.00000000	0.00000000
1717.98681641	0.00000000	0.00000000	0.00000000	0.00000000	0.00000000	0.00000000	0.00000000	0.00000000
1932.73522949	0.00000000	0.00000000	0.00000000	0.00000000	0.00000000	0.00000000	0.00000000	0.00000000
2147.48364258	0.00000000	0.00000000	0.00000000	0.00000000	0.00000000	0.00000000	0.00000000	0.00000000
2362.23193359	0.00000000	0.00000000	0.00000000	0.00000000	0.00000000	0.00000000	0.00000000	0.00000000
2576.98022461	0.00000000	0.00000000	0.00000000	0.00000000	0.00000000	0.00000000	0.00000000	0.00000000
2791.72851562	0.00000000	0.00000000	0.00000000	0.00000000	0.00000000	0.00000000	0.00000000	0.00000000
3006.47705078	0.00000000	0.00000000	0.00000000	0.00000000	0.00000000	0.00000000	0.00000000	0.00000000
3221.22534180	0.00000000	0.00000000	0.00000000	0.00000000	0.00000000	0.00000000	0.00000000	0.00000000
3435.97363281	0.00000000	0.00000000	0.00000000	0.00000000	0.00000000	0.00000000	0.00000000	0.00000000
0	0	0	0	0	0	0	0	0
