%5/28/2015 8:09:40 AM
%Duration	ID1		ID2		ID3		ID4		ID5		ID6		ID7		ID8
3000.000000	27.713776	27.198792	25.606155	25.568008	29.268265	19.712448	27.389526	134.210587
%Tau		Tau1		Tau2		Tau3		Tau4		Tau5		Tau6		Tau7		Tau8
%		0.000017	0.000016	0.000013	0.000009	0.000017	0.000014	0.000017	0.000384
%Delaytime	D1		D2		D3		D4		D5		D6		D7		D8
0.00000000	2.05338502	3.97350335	3.79099631	3.51066089	3.02777219	2.18072128	2.50090814	1.85812068
0.00000020	1.66811073	1.62231791	1.71521974	1.83013153	1.80305541	1.72530961	1.56085050	1.50303066
0.00000040	1.52416217	1.50005627	1.44737768	1.53591418	1.54601610	1.47133005	1.34800720	1.44122458
0.00000060	1.50722694	1.56588948	1.67401326	1.50599372	1.51199615	1.64648831	1.54754782	1.47704852
0.00000080	1.49452567	1.47184205	1.19498801	1.40625906	1.50821614	1.49760377	1.46773160	1.46031749
0.00000100	1.34634316	1.67404401	1.50403655	1.23172343	1.33811665	1.49760377	1.33913875	1.44476759
0.00000120	1.61307156	1.46243727	1.56069553	1.51596725	1.48175621	1.39250875	1.48546851	1.47350538
0.00000140	1.43948638	1.50475860	1.51433814	1.43617952	1.52333617	1.48884583	1.37461269	1.46641934
0.00000160	1.54533100	1.45303261	1.43192518	1.28657746	1.52333617	1.43629837	1.53867936	1.45795548
0.00000180	1.56649995	1.57059181	1.38041711	1.37135196	1.39481640	1.29617167	1.36574411	1.48216617
0.00000200	1.45218778	1.55648470	1.37526631	1.45612645	1.49309623	1.64648831	1.52537656	1.43276060
0.00000220	1.36751211	1.43422306	1.34951222	1.64063561	1.30787671	1.37499297	1.40121806	1.46327007
0.00000240	1.46065533	1.26964009	1.33921063	1.45113969	1.49687624	1.56766713	1.34357297	1.42587137
0.00000260	1.27860272	1.39190173	1.46283007	1.41623259	1.45529628	1.35747707	1.47216582	1.45047581
0.00000280	1.56649995	1.46713972	1.35981393	1.40127230	1.43261635	1.49760377	1.42338920	1.47567058
0.00000300	1.30823910	1.49065149	1.38556790	1.27161729	1.41371644	1.41002464	1.66283786	1.46484470
0.00000340	1.45642161	1.47184205	1.37269092	1.45861983	1.39859641	1.44067729	1.51872528	1.45746338
0.00000380	1.34634316	1.53062165	1.46283007	1.47108662	1.41371644	1.45381415	1.45886314	1.43964982
0.00000420	1.31670666	1.52121699	1.33148444	1.46609986	1.42505634	1.36185610	1.33692169	1.47458804
0.00000460	1.47335672	1.49065149	1.44737768	1.41623259	1.44206631	1.48008800	1.43447483	1.44073248
0.00000500	1.40561616	1.38719940	1.43450069	1.34392488	1.45718634	1.44505632	1.41673791	1.46740353
0.00000540	1.29977155	1.40600884	1.45510387	1.39877892	1.42127633	1.35309815	1.44112611	1.44388175
0.00000580	1.36327839	1.41071129	1.38556790	1.42869937	1.42694640	1.37499297	1.37239552	1.45126307
0.00000620	1.42466819	1.25788414	1.36754012	1.50848711	1.44017637	1.49760377	1.38348114	1.44811380
0.00000700	1.34422636	1.35898519	1.35852623	1.36137843	1.39670646	1.38156140	1.34689867	1.45716810
0.00000780	1.28918707	1.31431258	1.26066077	1.29655087	1.41182637	1.37499297	1.34357297	1.43714023
0.00000860	1.33152497	1.28257167	1.38299251	1.36387181	1.34945655	1.41002464	1.32140183	1.46036673
0.00000940	1.31035602	1.41071129	1.33663523	1.30153763	1.32394159	1.43629837	1.27040815	1.43674648
0.00001020	1.25108302	1.32724416	1.28126407	1.24169683	1.37497151	1.39031935	1.28260231	1.43753386
0.00001100	1.34740162	1.24847949	1.39071870	1.24169683	1.36646652	1.29398227	1.33027029	1.43418765
0.00001180	1.27436888	1.30608344	1.26967466	1.38381875	1.33433664	1.30274010	1.24823701	1.43492579
0.00001260	1.30718076	1.28374720	1.28126407	1.22923005	1.25873685	1.16042399	1.31364191	1.43458140
0.00001420	1.27542734	1.22202861	1.21172810	1.24107349	1.27149427	1.23267674	1.28537369	1.42562532
0.00001580	1.23520637	1.28551066	1.20335805	1.22548997	1.24314427	1.27427685	1.25710547	1.41115797
0.00001740	1.24790776	1.20674586	1.23168743	1.22860670	1.25590181	1.22282410	1.20722032	1.41797340
0.00001900	1.21192062	1.19087541	1.24585223	1.15941572	1.20581698	1.21078205	1.15345526	1.41411054
0.00002060	1.20556986	1.24025035	1.16859007	1.14196217	1.19542193	1.17027664	1.15678084	1.40815628
0.00002220	1.17169964	1.15678322	1.18275476	1.14757228	1.18360949	1.12977123	1.17618060	1.39708436
0.00002380	1.15053070	1.12327886	1.12867129	1.16190910	1.17179704	1.14728713	1.16121507	1.40596652
0.00002540	1.16587818	1.10975945	1.12995899	1.13385868	1.12596464	1.19326615	1.15456378	1.39546049
0.00002860	1.11630118	1.07524455	1.13392925	1.12387609	1.11438012	1.09551728	1.13010240	1.38414383
0.00003180	1.11048567	1.09284747	1.10949528	1.11145413	1.13438904	1.07084346	1.11211157	1.39287281
0.00003500	1.10229123	1.11191726	1.10820937	1.09499502	1.12308991	1.05713570	1.12401319	1.38158512
0.00003820	1.11787379	1.08228564	1.08023882	1.09530556	1.09437120	1.07961631	1.09190643	1.37491632
0.00004140	1.07558012	1.06702983	1.09309888	1.09313178	1.08660293	1.08729267	1.12069178	1.36510992
0.00004460	1.06870735	1.07289743	1.06770039	1.03754354	1.05294085	1.07358491	1.07862091	1.35874379
0.00004780	1.02482772	1.06292248	1.05162537	1.03723300	1.06188607	1.09113073	1.05979967	1.35639322
0.00005100	1.07399416	1.04590631	1.03747940	1.03785408	1.04611433	1.05768406	1.07114780	1.35283399
0.00005740	1.05514240	1.04616356	1.05802679	1.05563772	1.06936991	1.01476693	1.04553103	1.34784508
0.00006380	1.04323924	1.01815832	1.03520787	1.04476774	1.05441129	1.04762495	1.05494654	1.33680391
0.00007020	1.03556836	1.03003490	1.02267349	1.00610137	1.04027700	1.00162363	1.03237712	1.33392286
0.00007660	1.01004291	1.03693926	1.03151178	1.03546393	1.02779186	1.04981554	1.03750026	1.32753932
0.00008300	1.00594294	1.03238082	1.01544213	1.03639567	1.02378714	1.01752269	1.03265405	1.32227266
0.00008940	1.01493633	1.02666247	1.02492321	1.00161111	1.01517737	1.00684357	1.00565386	1.31884444
0.00009580	1.01586223	1.02504957	1.00628245	1.01077306	1.01187944	1.02436817	1.00205386	1.31382513
0.00010220	1.01863956	1.01815832	1.03858244	1.01433158	1.02165544	1.01889181	0.98959219	1.30968392
0.00011500	1.01329851	1.01045537	1.01135767	1.01994491	1.02145362	1.00046194	1.01520085	1.29796994
0.00012780	1.01295555	1.02982366	1.02059937	1.00169146	1.00690603	1.00938034	1.00055528	1.28962052
0.00014060	1.01911938	1.01384294	0.99681211	1.00347793	1.00887418	1.00472438	1.00048614	1.28356123
0.00015340	1.00880051	1.01142192	0.99118674	1.00650728	1.00822639	1.01076722	1.01168942	1.28096342
0.00016620	1.00925136	1.00071049	0.99271363	0.98025322	1.01835632	0.99406028	1.00352001	1.26869512
0.00017900	1.00012326	1.01259577	1.02138937	0.99586582	1.00928640	1.01307774	0.99875528	1.26342010
0.00019180	1.00210762	0.99990344	1.02475107	0.99984020	1.01488149	0.99897295	0.99116397	1.25822425
0.00020460	1.00931752	1.01193547	1.00104487	1.00426769	1.00634170	1.00308108	1.00127220	1.25145328
0.00023020	1.00498009	1.00920820	1.00532806	1.00902164	0.99868411	0.99412757	1.00630414	1.23729157
0.00025580	0.99726248	0.99815714	1.00169730	0.99768114	1.00858867	0.99186879	1.01045752	1.22836936
0.00028140	1.00231540	1.00237930	1.00074577	0.99904197	0.99593139	1.00827873	1.00370824	1.21850002
0.00030700	1.00030923	0.99389827	0.99544001	1.00728500	0.99826008	0.99823439	1.00626957	1.20875490
0.00033260	1.01182294	0.99202579	1.00795412	0.99904197	1.01320529	0.98955870	0.99841267	1.19985592
0.00035820	1.00054073	0.99533010	1.01171923	1.00615740	1.00863624	0.98983252	0.99316382	1.19059205
0.00038380	0.98568535	1.00919545	0.99972820	1.00635183	0.99529415	0.99934685	0.99875879	1.18113756
0.00040940	1.00619841	1.00623429	1.00808835	1.00023437	0.99494040	0.98962718	0.99422461	1.17619812
0.00046060	1.00370634	1.00137317	0.99373704	1.00256467	0.99454606	1.00074029	1.00488496	1.16158342
0.00051180	1.00069785	1.00289083	0.99906719	0.99558145	1.00369275	1.01613510	1.00506794	1.14947903
0.00056300	1.00223517	1.00535929	0.99775976	1.00822508	1.01175618	0.99474663	1.00416791	1.13619316
0.00061420	1.00568998	1.00255442	0.99354982	0.99896604	1.00898373	1.00353193	0.98876476	1.12902081
0.00066540	0.99693358	0.99568450	1.00561774	0.99479043	0.99788237	0.99774361	0.99461961	1.11891365
0.00071660	0.99977219	0.99730670	1.00445795	0.99366874	0.99705994	0.99942183	0.99989820	1.11162722
0.00076780	0.99740380	1.00443375	1.00353920	0.99884921	0.99909502	1.00178516	0.99894631	1.10582983
0.00081900	1.00301206	0.99439871	1.00960672	1.00576067	1.00334215	1.00180209	0.99684501	1.09819412
0.00092140	1.00709617	0.99971527	0.99948269	1.00083137	1.00381672	1.00186884	1.00044894	1.08847272
0.00102380	1.00314319	0.99638677	1.00421953	1.00313044	1.00459433	0.99787939	0.99882770	1.07876122
0.00112620	1.00743210	1.00659025	0.99762213	0.99386603	1.00233448	1.00864923	1.00960612	1.07166481
0.00122860	0.99996257	1.00065148	0.99869454	1.00213182	0.99854362	1.00441957	0.99675375	1.06563950
0.00133100	0.99555033	0.99145764	0.99727327	1.00206339	1.00095034	1.00661087	0.99972594	1.05779326
0.00143340	0.99971151	1.00651681	1.00018990	1.00273466	1.00278699	0.99587590	1.00155485	1.05434942
0.00153580	1.00283492	0.99960285	0.99525946	0.99638236	0.99961287	0.99647510	0.99578840	1.05345786
0.00163820	1.00083113	1.00054264	0.99766672	0.99540633	0.99751073	0.99154413	1.00268054	1.04839873
0.00184300	0.99747610	0.99940473	0.99987036	1.00360072	1.00018287	0.99982435	1.00012958	1.04132152
0.00204780	0.99812162	1.00073826	0.99931830	1.00036383	1.00254214	1.00177515	1.00696266	1.03584099
0.00225260	0.99896842	1.00175381	1.00027597	1.00580621	1.00348842	1.00150144	1.00234628	1.02813721
0.00245740	0.99633324	1.00371039	0.99789345	0.99691600	1.00184023	1.00034666	0.99840635	1.02204382
0.00266220	1.00423670	1.00046504	0.99747401	0.99768150	0.99923247	1.00169778	1.00042760	1.01678538
0.00286700	0.99647337	0.99718755	0.99797708	0.99705547	0.99987131	0.99787390	0.99761474	1.01743913
0.00307180	0.99987334	0.99988556	0.99624598	0.99921089	1.00344419	1.00623202	0.99768913	1.01552093
0.00327660	1.00250173	1.00164688	0.99906945	0.99922246	0.99772352	1.00053442	0.99926144	1.01320839
0.00368620	0.99954516	0.99994618	1.00166774	1.00040174	0.99710590	0.99933851	1.00254250	1.01403499
0.00409580	1.00075090	1.00022292	1.00237799	0.99893624	0.99965048	1.00356531	1.00051415	1.00977981
0.00450540	0.99881893	0.99790370	1.00251484	0.99871832	1.00334632	1.00000477	1.00298095	1.00812101
0.00491500	0.99868870	1.00217021	1.00075102	0.99832314	0.99825203	1.00182128	0.99882829	1.00695288
0.00532460	0.99790752	1.00305891	0.99611014	0.99868292	1.00022840	0.99899596	1.00032711	1.00587273
0.00573420	0.99959767	1.00190043	1.00173616	1.00240576	1.00320804	0.99834293	0.99746144	1.00554836
0.00614380	1.00021183	1.00126171	1.00139606	0.99619168	1.00122499	0.99837697	0.99798936	0.99724287
0.00655340	1.00202644	1.00019157	1.00010717	1.00017953	1.00244248	1.00079536	1.00065577	0.99535257
0.00737260	1.00033998	0.99844468	1.00195467	0.99887687	0.99842155	0.99914837	1.00025260	0.99744338
0.00819180	1.00199091	1.00115979	1.00046766	0.99869639	1.00096333	1.00063074	1.00019646	0.99807066
0.00901100	1.00104511	1.00141275	0.99773669	1.00021899	0.99843526	1.00261772	1.00157213	0.99958605
0.00983020	0.99772805	0.99939680	1.00157428	0.99982905	1.00017643	1.00163805	1.00100636	0.99730951
0.01064940	1.00025487	1.00108993	1.00053751	1.00156581	0.99855721	0.99937195	1.00094318	0.99731696
0.01146860	0.99865836	1.00006080	0.99867404	1.00106061	1.00155127	1.00068414	0.99861640	1.00052428
0.01228780	0.99915862	0.99804497	1.00119877	0.99784493	1.00064552	0.99746943	0.99740088	0.99886858
0.01310700	1.00069559	1.00262415	0.99882191	0.99945682	1.00154638	1.00088263	1.00195050	0.99468297
0.01474540	0.99986726	0.99801344	1.00044262	0.99893576	0.99845153	0.99910772	1.00058925	0.99635899
0.01638380	0.99945676	1.00104952	0.99840403	0.99955511	1.00029433	0.99973261	0.99945194	0.99863577
0.01802220	0.99887121	1.00146163	1.00104868	0.99967462	1.00073242	1.00038433	1.00122631	0.99359834
0.01966060	1.00125039	0.99980897	1.00061941	0.99943328	1.00034690	0.99928367	1.00041795	0.99566525
0.02129900	0.99879718	1.00092518	0.99946487	0.99922454	1.00009227	1.00187325	1.00040734	0.99881220
0.02293740	0.99882394	1.00016236	1.00010657	0.99977022	1.00013101	1.00304043	0.99974233	0.99802625
0.02457580	0.99969542	0.99952167	0.99940753	0.99829018	0.99841809	0.99987721	1.00246024	0.99999142
0.02621420	1.00083768	1.00126123	1.00031233	1.00017154	1.00113857	0.99996978	0.99804741	1.00322008
0.02949100	0.99907482	1.00101089	0.99981558	1.00032294	0.99994755	0.99954981	1.00016832	1.00128388
0.03276780	1.00037014	0.99987024	1.00073206	1.00036705	0.99954838	1.00011480	1.00095797	1.00140202
0.03604460	1.00182235	1.00001967	1.00000501	0.99882388	0.99917769	0.99874812	1.00020921	1.00151384
0.03932140	1.00025952	1.00155401	1.00005507	1.00020111	0.99879009	0.99951202	1.00059319	0.99974406
0.04259820	1.00063407	0.99987888	1.00059390	1.00064588	1.00050652	0.99955398	0.99820745	0.99988014
0.04587500	0.99934769	0.99991131	1.00080538	1.00011706	1.00051200	0.99966127	0.99911362	0.99752587
0.04915180	0.99982429	1.00081384	0.99974686	1.00134361	0.99963284	1.00078511	1.00030708	0.99735755
0.05242860	0.99969518	0.99917972	1.00050592	0.99893600	0.99954790	1.00019038	1.00013113	0.99709761
0.05898220	1.00082791	1.00078416	1.00057757	0.99982679	0.99950165	1.00002229	0.99959397	0.99945152
0.06553581	1.00012493	1.00031030	0.99925798	0.99976355	1.00107729	0.99992543	1.00064766	1.00007141
0.07208940	1.00071692	1.00068128	1.00068545	1.00024438	1.00040376	0.99952090	1.00013888	0.99900877
0.07864300	1.00003541	1.00057876	1.00009012	1.00033820	1.00065839	0.99999070	0.99971569	0.99715137
0.08519660	1.00034773	1.00047934	1.00000811	0.99973458	1.00072265	0.99925560	0.99975032	0.99864894
0.09175020	1.00062585	0.99964327	1.00068974	0.99985951	1.00103712	0.99922967	0.99913102	0.99942845
0.09830380	0.99976194	1.00062037	0.99989837	1.00043404	0.99947113	0.99968058	0.99950945	1.00183690
0.10485740	0.99989790	1.00162303	1.00110674	1.00094604	0.99994016	0.99949688	0.99940264	1.00268960
0.11796460	1.00045025	1.00065529	1.00033295	0.99950582	1.00030184	1.00011826	1.00019360	1.00218296
0.13107181	0.99990380	1.00029290	1.00033689	0.99972081	0.99989611	0.99964857	1.00083363	0.99817938
0.14417900	0.99999589	1.00063050	1.00042212	1.00013161	0.99985331	1.00021279	1.00100374	1.00282848
0.15728620	0.99968094	1.00016820	0.99998009	0.99985659	1.00002658	0.99942172	1.00041771	0.99869496
0.17039341	0.99955624	1.00081062	1.00018167	1.00002456	1.00021613	1.00040030	1.00035191	0.99871886
0.18350060	1.00039184	1.00050139	1.00111914	0.99968469	0.99983644	1.00023758	1.00027573	1.00106871
0.19660780	0.99972391	0.99989295	0.99946731	0.99971217	0.99982750	0.99991310	0.99999905	0.99938631
0.20971501	1.00049591	1.00085878	0.99944723	0.99989325	1.00080776	1.00137424	1.00090384	1.00193250
0.23592941	1.00006390	1.00069058	1.00023949	1.00016487	0.99991399	0.99971533	0.99976188	0.99931580
0.26214382	1.00012314	1.00034094	1.00021243	0.99976224	0.99991405	0.99942791	0.99989587	1.00075722
0.28835821	0.99997318	1.00086641	1.00044382	0.99951845	1.00094533	0.99949110	1.00060093	0.99910402
0.31457260	1.00016618	1.00074482	0.99995941	0.99997765	1.00011134	1.00024498	0.99992150	1.00050676
0.34078699	0.99981743	0.99998719	1.00015056	1.00036073	0.99988043	1.00044584	1.00026679	1.00056338
0.36700141	1.00000560	1.00026095	1.00028694	0.99974358	1.00048792	1.00034821	1.00064254	1.00179398
0.39321581	0.99985987	1.00106990	1.00016880	1.00019741	1.00056016	0.99974722	1.00020659	1.00046313
0.41943020	1.00011110	1.00076997	1.00041807	1.00011802	0.99973583	0.99947828	0.99991965	1.00154591
0.47185901	1.00020504	1.00068235	1.00004351	0.99993950	1.00015020	1.00013959	1.00028896	1.00049269
0.52428782	0.99989432	1.00074208	0.99998170	0.99988598	0.99998176	0.99996251	1.00021338	1.00129700
0.57671660	1.00036454	0.99998122	1.00027156	0.99994433	1.00037050	0.99966753	1.00028443	0.99906832
0.62914538	1.00029719	1.00032270	1.00027788	0.99994826	0.99998856	0.99973065	1.00018239	0.99991739
0.68157423	1.00010884	1.00038850	1.00027716	1.00001860	1.00021255	1.00029397	1.00005221	0.99977618
0.73400301	0.99985367	1.00016046	1.00018573	1.00013006	1.00003982	0.99993527	1.00011516	1.00015020
0.78643179	0.99977273	1.00027168	0.99975467	0.99980557	1.00028634	0.99961442	1.00028920	0.99871403
0.83886063	1.00001693	1.00018120	1.00012147	1.00016654	0.99996638	0.99997163	1.00002229	1.00253320
0.94371825	1.00027978	1.00045359	1.00018215	0.99996859	0.99983889	0.99996299	1.00011814	0.99896270
1.04857588	0.99980509	1.00014937	1.00001240	1.00007713	1.00014734	0.99989527	1.00000536	0.99988067
1.15343344	1.00015247	1.00006115	0.99999666	1.00000226	0.99994624	1.00019467	1.00008166	0.99943572
1.25829101	0.99989289	1.00032389	1.00016999	1.00002909	0.99970663	0.99989462	1.00001502	0.99974245
1.36314869	1.00015247	1.00009894	1.00000703	0.99979877	1.00006938	1.00002205	1.00008667	0.99998981
1.46800625	1.00014508	1.00018132	1.00003362	1.00000954	0.99972910	0.99983561	0.99997610	0.99901062
1.57286382	1.00025034	1.00009859	1.00031722	1.00003445	0.99974996	0.99992841	1.00006473	0.99995011
1.67772150	0.99958378	0.99982703	1.00019228	1.00007355	0.99976850	0.99972361	0.99995810	0.99925196
1.88743675	0.99984246	0.99977493	1.00009692	1.00006616	0.99973547	1.00005364	0.99984139	0.99948496
2.09715199	0.99997109	0.99958217	1.00000978	0.99994284	0.99997145	1.00017512	1.00004196	0.99964416
2.30686712	1.00025475	0.99966532	1.00015938	1.00007617	0.99983066	1.00004351	0.99992913	0.99994522
2.51658225	0.99970061	0.99985760	1.00017369	0.99983180	0.99984652	0.99983054	0.99989969	0.99933863
2.72629738	1.00009036	1.00003791	1.00017095	1.00017035	1.00026894	0.99995351	1.00007796	1.00001502
2.93601274	0.99987304	1.00014091	0.99995613	0.99980396	1.00007772	1.00015187	0.99976897	0.99915248
3.14572787	0.99973416	1.00003040	0.99999493	0.99993598	1.00021815	1.00006533	0.99977714	0.99963087
3.35544300	1.00005400	1.00005078	1.00011337	0.99998689	1.00004363	0.99993193	0.99979281	0.99968129
3.77487350	1.00013232	1.00001156	0.99983829	0.99996483	0.99998480	0.99995989	0.99992490	1.00022006
4.19430399	0.99995494	1.00010347	0.99999583	1.00004303	0.99996990	1.00000870	1.00002897	0.99998349
4.61373425	1.00009477	1.00008142	1.00001252	1.00002432	0.99999607	0.99999321	1.00000906	1.00026560
5.03316450	1.00000000	1.00000000	1.00000000	1.00000000	1.00000000	1.00000000	1.00000000	1.00000000
5.45259476	0.00000000	0.00000000	0.00000000	0.00000000	0.00000000	0.00000000	0.00000000	0.00000000
5.87202549	0.00000000	0.00000000	0.00000000	0.00000000	0.00000000	0.00000000	0.00000000	0.00000000
6.29145575	0.00000000	0.00000000	0.00000000	0.00000000	0.00000000	0.00000000	0.00000000	0.00000000
6.71088600	0.00000000	0.00000000	0.00000000	0.00000000	0.00000000	0.00000000	0.00000000	0.00000000
7.54974699	0.00000000	0.00000000	0.00000000	0.00000000	0.00000000	0.00000000	0.00000000	0.00000000
8.38860798	0.00000000	0.00000000	0.00000000	0.00000000	0.00000000	0.00000000	0.00000000	0.00000000
9.22746849	0.00000000	0.00000000	0.00000000	0.00000000	0.00000000	0.00000000	0.00000000	0.00000000
10.06632900	0.00000000	0.00000000	0.00000000	0.00000000	0.00000000	0.00000000	0.00000000	0.00000000
10.90518951	0.00000000	0.00000000	0.00000000	0.00000000	0.00000000	0.00000000	0.00000000	0.00000000
11.74405098	0.00000000	0.00000000	0.00000000	0.00000000	0.00000000	0.00000000	0.00000000	0.00000000
12.58291149	0.00000000	0.00000000	0.00000000	0.00000000	0.00000000	0.00000000	0.00000000	0.00000000
13.42177200	0.00000000	0.00000000	0.00000000	0.00000000	0.00000000	0.00000000	0.00000000	0.00000000
15.09949398	0.00000000	0.00000000	0.00000000	0.00000000	0.00000000	0.00000000	0.00000000	0.00000000
16.77721596	0.00000000	0.00000000	0.00000000	0.00000000	0.00000000	0.00000000	0.00000000	0.00000000
18.45493698	0.00000000	0.00000000	0.00000000	0.00000000	0.00000000	0.00000000	0.00000000	0.00000000
20.13265800	0.00000000	0.00000000	0.00000000	0.00000000	0.00000000	0.00000000	0.00000000	0.00000000
21.81037903	0.00000000	0.00000000	0.00000000	0.00000000	0.00000000	0.00000000	0.00000000	0.00000000
23.48810196	0.00000000	0.00000000	0.00000000	0.00000000	0.00000000	0.00000000	0.00000000	0.00000000
25.16582298	0.00000000	0.00000000	0.00000000	0.00000000	0.00000000	0.00000000	0.00000000	0.00000000
26.84354401	0.00000000	0.00000000	0.00000000	0.00000000	0.00000000	0.00000000	0.00000000	0.00000000
30.19898796	0.00000000	0.00000000	0.00000000	0.00000000	0.00000000	0.00000000	0.00000000	0.00000000
33.55443192	0.00000000	0.00000000	0.00000000	0.00000000	0.00000000	0.00000000	0.00000000	0.00000000
36.90987396	0.00000000	0.00000000	0.00000000	0.00000000	0.00000000	0.00000000	0.00000000	0.00000000
40.26531601	0.00000000	0.00000000	0.00000000	0.00000000	0.00000000	0.00000000	0.00000000	0.00000000
43.62075806	0.00000000	0.00000000	0.00000000	0.00000000	0.00000000	0.00000000	0.00000000	0.00000000
46.97620392	0.00000000	0.00000000	0.00000000	0.00000000	0.00000000	0.00000000	0.00000000	0.00000000
50.33164597	0.00000000	0.00000000	0.00000000	0.00000000	0.00000000	0.00000000	0.00000000	0.00000000
53.68708801	0.00000000	0.00000000	0.00000000	0.00000000	0.00000000	0.00000000	0.00000000	0.00000000
60.39797592	0.00000000	0.00000000	0.00000000	0.00000000	0.00000000	0.00000000	0.00000000	0.00000000
67.10886383	0.00000000	0.00000000	0.00000000	0.00000000	0.00000000	0.00000000	0.00000000	0.00000000
73.81974792	0.00000000	0.00000000	0.00000000	0.00000000	0.00000000	0.00000000	0.00000000	0.00000000
80.53063202	0.00000000	0.00000000	0.00000000	0.00000000	0.00000000	0.00000000	0.00000000	0.00000000
87.24151611	0.00000000	0.00000000	0.00000000	0.00000000	0.00000000	0.00000000	0.00000000	0.00000000
93.95240784	0.00000000	0.00000000	0.00000000	0.00000000	0.00000000	0.00000000	0.00000000	0.00000000
100.66329193	0.00000000	0.00000000	0.00000000	0.00000000	0.00000000	0.00000000	0.00000000	0.00000000
107.37417603	0.00000000	0.00000000	0.00000000	0.00000000	0.00000000	0.00000000	0.00000000	0.00000000
120.79595184	0.00000000	0.00000000	0.00000000	0.00000000	0.00000000	0.00000000	0.00000000	0.00000000
134.21772766	0.00000000	0.00000000	0.00000000	0.00000000	0.00000000	0.00000000	0.00000000	0.00000000
147.63949585	0.00000000	0.00000000	0.00000000	0.00000000	0.00000000	0.00000000	0.00000000	0.00000000
161.06126404	0.00000000	0.00000000	0.00000000	0.00000000	0.00000000	0.00000000	0.00000000	0.00000000
174.48303223	0.00000000	0.00000000	0.00000000	0.00000000	0.00000000	0.00000000	0.00000000	0.00000000
187.90481567	0.00000000	0.00000000	0.00000000	0.00000000	0.00000000	0.00000000	0.00000000	0.00000000
201.32658386	0.00000000	0.00000000	0.00000000	0.00000000	0.00000000	0.00000000	0.00000000	0.00000000
214.74835205	0.00000000	0.00000000	0.00000000	0.00000000	0.00000000	0.00000000	0.00000000	0.00000000
241.59190369	0.00000000	0.00000000	0.00000000	0.00000000	0.00000000	0.00000000	0.00000000	0.00000000
268.43545532	0.00000000	0.00000000	0.00000000	0.00000000	0.00000000	0.00000000	0.00000000	0.00000000
295.27899170	0.00000000	0.00000000	0.00000000	0.00000000	0.00000000	0.00000000	0.00000000	0.00000000
322.12252808	0.00000000	0.00000000	0.00000000	0.00000000	0.00000000	0.00000000	0.00000000	0.00000000
348.96606445	0.00000000	0.00000000	0.00000000	0.00000000	0.00000000	0.00000000	0.00000000	0.00000000
375.80963135	0.00000000	0.00000000	0.00000000	0.00000000	0.00000000	0.00000000	0.00000000	0.00000000
402.65316772	0.00000000	0.00000000	0.00000000	0.00000000	0.00000000	0.00000000	0.00000000	0.00000000
429.49670410	0.00000000	0.00000000	0.00000000	0.00000000	0.00000000	0.00000000	0.00000000	0.00000000
483.18380737	0.00000000	0.00000000	0.00000000	0.00000000	0.00000000	0.00000000	0.00000000	0.00000000
536.87091064	0.00000000	0.00000000	0.00000000	0.00000000	0.00000000	0.00000000	0.00000000	0.00000000
590.55798340	0.00000000	0.00000000	0.00000000	0.00000000	0.00000000	0.00000000	0.00000000	0.00000000
644.24505615	0.00000000	0.00000000	0.00000000	0.00000000	0.00000000	0.00000000	0.00000000	0.00000000
697.93212891	0.00000000	0.00000000	0.00000000	0.00000000	0.00000000	0.00000000	0.00000000	0.00000000
751.61926270	0.00000000	0.00000000	0.00000000	0.00000000	0.00000000	0.00000000	0.00000000	0.00000000
805.30633545	0.00000000	0.00000000	0.00000000	0.00000000	0.00000000	0.00000000	0.00000000	0.00000000
858.99340820	0.00000000	0.00000000	0.00000000	0.00000000	0.00000000	0.00000000	0.00000000	0.00000000
966.36761475	0.00000000	0.00000000	0.00000000	0.00000000	0.00000000	0.00000000	0.00000000	0.00000000
1073.74182129	0.00000000	0.00000000	0.00000000	0.00000000	0.00000000	0.00000000	0.00000000	0.00000000
1181.11596680	0.00000000	0.00000000	0.00000000	0.00000000	0.00000000	0.00000000	0.00000000	0.00000000
1288.49011230	0.00000000	0.00000000	0.00000000	0.00000000	0.00000000	0.00000000	0.00000000	0.00000000
1395.86425781	0.00000000	0.00000000	0.00000000	0.00000000	0.00000000	0.00000000	0.00000000	0.00000000
1503.23852539	0.00000000	0.00000000	0.00000000	0.00000000	0.00000000	0.00000000	0.00000000	0.00000000
1610.61267090	0.00000000	0.00000000	0.00000000	0.00000000	0.00000000	0.00000000	0.00000000	0.00000000
1717.98681641	0.00000000	0.00000000	0.00000000	0.00000000	0.00000000	0.00000000	0.00000000	0.00000000
1932.73522949	0.00000000	0.00000000	0.00000000	0.00000000	0.00000000	0.00000000	0.00000000	0.00000000
2147.48364258	0.00000000	0.00000000	0.00000000	0.00000000	0.00000000	0.00000000	0.00000000	0.00000000
2362.23193359	0.00000000	0.00000000	0.00000000	0.00000000	0.00000000	0.00000000	0.00000000	0.00000000
2576.98022461	0.00000000	0.00000000	0.00000000	0.00000000	0.00000000	0.00000000	0.00000000	0.00000000
2791.72851562	0.00000000	0.00000000	0.00000000	0.00000000	0.00000000	0.00000000	0.00000000	0.00000000
3006.47705078	0.00000000	0.00000000	0.00000000	0.00000000	0.00000000	0.00000000	0.00000000	0.00000000
3221.22534180	0.00000000	0.00000000	0.00000000	0.00000000	0.00000000	0.00000000	0.00000000	0.00000000
3435.97363281	0.00000000	0.00000000	0.00000000	0.00000000	0.00000000	0.00000000	0.00000000	0.00000000
0	0	0	0	0	0	0	0	0
