%5/28/2015 2:38:16 PM
%Duration	ID1		ID2		ID3		ID4		ID5		ID6		ID7		ID8
3000.000000	37.431717	37.879944	34.408569	36.134720	28.009415	34.456253	38.471222	161.418915
%Tau		Tau1		Tau2		Tau3		Tau4		Tau5		Tau6		Tau7		Tau8
%		0.000045	0.000035	0.000029	0.000038	0.000038	0.000041	0.000041	0.000230
%Delaytime	D1		D2		D3		D4		D5		D6		D7		D8
0.00000000	1.83093190	3.11021519	3.23858237	3.08473611	2.95420098	1.77365780	2.41410947	1.67213559
0.00000020	1.55145073	1.64594829	1.67949367	1.61321890	1.58402193	1.44311249	1.55143058	1.51769650
0.00000040	1.50303662	1.43831229	1.59304917	1.60776889	1.39789939	1.55866897	1.49113572	1.47783732
0.00000060	1.40400779	1.57024765	1.40472353	1.56144333	1.43353987	1.43773782	1.45635033	1.45492125
0.00000080	1.42601418	1.47724402	1.58069992	1.41701663	1.43353987	1.45117462	1.42156494	1.44224441
0.00000100	1.36659694	1.43614936	1.57452524	1.49876761	1.36621892	1.41623890	1.45403135	1.46954858
0.00000120	1.50743794	1.48373270	1.46029508	1.51239276	1.42957985	1.48611021	1.35199404	1.44395089
0.00000140	1.39960659	1.42100930	1.50351727	1.50966775	1.39789939	1.48342288	1.51664507	1.44882667
0.00000160	1.45902383	1.49887276	1.36150134	1.40884149	1.38601923	1.50492179	1.53055930	1.44907045
0.00000180	1.37760019	1.48589551	1.40781081	1.43881691	1.39789939	1.43773782	1.36358917	1.45638406
0.00000200	1.36879766	1.47508121	1.42942202	1.42246675	1.51670098	1.51029646	1.42388391	1.45906568
0.00000220	1.52064168	1.47075546	1.29975522	1.39521635	1.33453846	1.36249173	1.36358917	1.45760298
0.00000240	1.40400779	1.48156977	1.39854896	1.39794147	1.52066112	1.47536087	1.45403135	1.47478998
0.00000260	1.42161298	1.43182361	1.34606481	1.34344077	1.40185940	1.40280211	1.40069366	1.44480419
0.00000280	1.41501105	1.42100930	1.37385046	1.45789206	1.48502052	1.52373326	1.45635033	1.43627155
0.00000300	1.49423409	1.42749786	1.36150134	1.42519176	1.57610178	1.42430103	1.43316007	1.43761241
0.00000340	1.42931521	1.35179722	1.44022751	1.47969234	1.49294066	1.50223446	1.38909853	1.44431651
0.00000380	1.48213053	1.44804525	1.38774335	1.37069106	1.36225891	1.45520556	1.40417218	1.43419945
0.00000420	1.43811774	1.37558889	1.40317988	1.38431621	1.45532012	1.45654929	1.45403135	1.44200063
0.00000460	1.41611135	1.41884637	1.35995758	1.41701663	1.39591932	1.42698836	1.40881026	1.44687629
0.00000500	1.44802058	1.43614936	1.44794583	1.47696733	1.42957985	1.42833197	1.44475520	1.44047689
0.00000540	1.44361937	1.39721763	1.31673539	1.42927933	1.46324027	1.46326768	1.44823372	1.43389463
0.00000580	1.45902383	1.34963441	1.39391804	1.44562948	1.36621892	1.42161357	1.38098192	1.43608880
0.00000620	1.42491388	1.32908702	1.36304498	1.47969234	1.41769969	1.52642071	1.37634385	1.44212246
0.00000700	1.40620852	1.42263138	1.33371556	1.35093462	1.38601923	1.47267342	1.42156494	1.44261003
0.00000780	1.39740598	1.33665717	1.42942202	1.38159120	1.41274953	1.43706596	1.47722161	1.43544877
0.00000860	1.40620852	1.36747813	1.33140004	1.38090992	1.38799918	1.40683317	1.36532843	1.43532693
0.00000940	1.38255167	1.38369966	1.37230682	1.38159120	1.42363977	1.40548944	1.41402805	1.43947124
0.00001020	1.44637012	1.39721763	1.35764217	1.39385390	1.36819899	1.38533425	1.40823042	1.43941033
0.00001100	1.44637012	1.41397989	1.27351308	1.39044762	1.39690936	1.37055373	1.42388391	1.43462598
0.00001180	1.42161298	1.31665051	1.32368183	1.41429162	1.38205910	1.42026997	1.44881344	1.42856181
0.00001260	1.37870049	1.35828590	1.37616599	1.39589763	1.38502920	1.39742732	1.40069366	1.43063402
0.00001420	1.38310182	1.33827925	1.32754099	1.34786892	1.33156848	1.37962365	1.34300780	1.42251289
0.00001580	1.32753563	1.30124009	1.32561135	1.36217535	1.34245861	1.37122560	1.37170577	1.41941977
0.00001740	1.35229278	1.31205440	1.33410144	1.32709062	1.32463837	1.33763361	1.33286202	1.41827703
0.00001900	1.33001137	1.33152032	1.28547645	1.30563092	1.33998358	1.37727213	1.32300615	1.41999876
0.00002060	1.34926689	1.34179389	1.30322838	1.28723693	1.31622326	1.30471349	1.33981907	1.41873419
0.00002220	1.29122508	1.28123343	1.25498927	1.33969390	1.34542859	1.29060483	1.29575753	1.40799224
0.00002380	1.27059412	1.28907382	1.26116383	1.30733407	1.30731308	1.34401608	1.30155516	1.40307081
0.00002540	1.27141929	1.27771878	1.25846255	1.29064333	1.23801219	1.30437756	1.27024829	1.40159285
0.00002860	1.27369070	1.23567784	1.21117210	1.27668345	1.25556946	1.26643944	1.28826439	1.38812697
0.00003180	1.27918184	1.24189615	1.23961341	1.25280738	1.22860253	1.27533913	1.23892164	1.38578594
0.00003500	1.24157774	1.22594488	1.20846343	1.23984611	1.22118044	1.21875060	1.24528849	1.38526750
0.00003820	1.21248448	1.21134555	1.19337213	1.21220660	1.20608890	1.23487079	1.23342299	1.36819184
0.00004140	1.22140777	1.18025422	1.18524611	1.17332315	1.20856297	1.19876838	1.19377530	1.35817230
0.00004460	1.16553354	1.19647574	1.18621349	1.18287349	1.19644022	1.18936491	1.16338825	1.35874689
0.00004780	1.18338037	1.14078164	1.14519608	1.18321455	1.18134868	1.16249800	1.19059181	1.35378778
0.00005100	1.15194261	1.15322816	1.15796566	1.16087365	1.14943361	1.16854310	1.16657162	1.34721482
0.00005740	1.15111732	1.13881743	1.11566520	1.15294397	1.11127126	1.13913274	1.13860309	1.33002186
0.00006380	1.14685953	1.12793875	1.11595535	1.14313555	1.07862329	1.12168372	1.13404322	1.32056785
0.00007020	1.10098505	1.09469450	1.08210921	1.11118770	1.08802187	1.11052644	1.10690093	1.30650496
0.00007660	1.09610927	1.07151818	1.07563007	1.10658717	1.08171487	1.11170089	1.08757555	1.30216789
0.00008300	1.08250237	1.06727040	1.06934440	1.07472456	1.06638026	1.09081244	1.07933390	1.29172015
0.00008940	1.08469999	1.07126617	1.04080629	1.08349955	1.06947184	1.08207762	1.07383299	1.28393579
0.00009580	1.05544496	1.06768501	1.05134678	1.04601419	1.03682387	1.08182597	1.06920063	1.27998531
0.00010220	1.04802823	1.04565692	1.04370725	1.05802655	1.05809450	1.06773269	1.05740261	1.27430522
0.00011500	1.05473697	1.04195642	1.01471746	1.03453922	1.03923523	1.05336761	1.05373156	1.25787020
0.00012780	1.03675306	1.03888381	1.04089320	1.03804290	1.02657735	1.03612888	1.04852521	1.24295211
0.00014060	1.03133941	1.01609242	1.02427983	1.03791511	1.01644135	1.04309154	1.02953625	1.23199463
0.00015340	1.03129613	1.02298045	1.03084791	1.03092754	1.01607049	1.02643991	1.02504480	1.22318435
0.00016620	1.02095687	1.01326478	1.03364897	1.01034820	1.01223862	1.00576186	1.02634883	1.21284902
0.00017900	1.02909076	1.00706065	1.01391733	1.01955140	1.01625597	1.02086151	1.01699483	1.20963109
0.00019180	1.02191782	1.00847876	1.00826669	1.02755165	1.02157116	1.00820422	1.00937963	1.19882953
0.00020460	1.01680410	0.98534930	1.00952244	1.01132810	1.00147295	1.00551975	1.00666308	1.19100857
0.00023020	1.01135039	1.01228261	1.00062394	1.00972950	0.99696130	1.00961268	1.01146400	1.17736137
0.00025580	1.00679171	1.00641012	1.01326632	1.00639641	1.00816703	1.00929976	1.00258327	1.16286147
0.00028140	1.01073253	1.00759149	1.00617564	1.01184714	1.00470603	1.01032734	1.00294530	1.15171230
0.00030700	1.00549519	1.00896752	1.00342214	1.00192499	0.99568272	1.00631225	1.00492775	1.14276195
0.00033260	1.00893807	0.99700183	0.99927807	1.00253284	1.00630128	1.00201333	1.00849462	1.13348961
0.00035820	1.00802803	1.00169349	0.99847442	1.00193667	1.00463259	1.00542974	1.00160515	1.12405050
0.00038380	0.99763113	1.00436854	1.00069642	0.99536705	1.00666034	1.00040817	0.99414551	1.11898446
0.00040940	0.99640340	0.99957561	1.00498176	0.99504763	1.00926781	0.99335051	0.99808377	1.11058068
0.00046060	0.99578571	0.99382144	1.00586498	1.00313902	1.00402594	0.99586141	1.00052524	1.09980142
0.00051180	1.00064576	0.99518716	1.00208092	0.99609905	1.00044680	1.00227237	1.00150371	1.08651924
0.00056300	0.99752033	0.99952966	1.00416410	0.99626839	0.99859911	0.99782354	1.00117755	1.07879996
0.00061420	1.00086915	1.00246310	1.00394344	1.00307310	0.99622202	0.99154997	0.99719238	1.06974840
0.00066540	0.99301225	1.00267458	0.99196571	1.00439477	0.99948812	0.99851030	1.00553513	1.06131113
0.00071660	0.99373358	1.00808835	1.00145864	1.00009394	0.99634570	1.00900400	1.00555325	1.05277121
0.00076780	0.99665320	1.00310540	0.99472797	1.00069046	0.99800384	0.99998009	0.99802595	1.04768443
0.00081900	0.99510759	1.00445449	1.00991416	0.99680090	1.00023031	1.01117504	1.00017273	1.04016888
0.00092140	0.99828678	1.00086021	1.01144290	0.99788386	1.00612962	0.99982053	1.00028646	1.03430128
0.00102380	1.00252068	0.99930024	1.00414956	1.00177884	1.00378966	0.99874628	1.00389147	1.02675378
0.00112620	1.00436878	1.00132442	0.99914545	1.00628901	1.00343764	0.99861169	1.00515962	1.02072525
0.00122860	1.00123119	0.99765110	0.99905014	0.99945158	1.00846219	0.99767202	1.00460267	1.01922536
0.00133100	1.00442064	0.99943924	0.99712986	1.00035715	1.00327528	0.99992216	1.00462496	1.01592755
0.00143340	0.99987715	0.99543655	1.00400400	1.00396693	0.99623555	1.00088644	1.01046300	1.01274014
0.00153580	0.99570346	0.99843097	1.00143802	1.00824249	0.99298632	1.00137556	1.00049412	1.01076138
0.00163820	0.99638700	0.99921095	0.99955148	1.00116742	1.00539875	1.00214899	1.00025463	1.00628376
0.00184300	0.99988842	0.99847013	1.00046647	1.00408947	1.00081134	0.99672312	0.99934065	1.00688183
0.00204780	1.00094795	0.99979365	1.00036943	1.00329280	0.99811548	1.00047898	0.99538583	1.00700915
0.00225260	0.99910891	0.99992639	1.00281811	0.99584013	0.99948078	0.99436319	0.99945039	1.00344491
0.00245740	0.99930876	0.99919206	1.00185359	1.00247681	1.00102007	0.99740106	1.00061655	1.00165153
0.00266220	1.00272655	0.99929750	0.99798179	0.99418098	1.00422597	1.00276792	0.99910647	1.00247991
0.00286700	1.00039792	1.00115156	1.00482690	0.99754059	1.00066411	1.00274515	0.99946851	1.00268185
0.00307180	1.00096095	1.00132716	1.00437641	1.00204635	1.00107777	1.00233984	0.99724126	1.00193655
0.00327660	0.99893737	1.00627851	0.99916983	1.00345349	1.00349057	0.99919796	0.99520183	1.00127399
0.00368620	0.99965703	0.99651593	1.00216842	0.99956858	1.00032532	0.99997997	1.00084221	1.00319219
0.00409580	0.99883533	1.00080788	0.99967736	1.00289786	1.00162423	1.00069845	0.99777162	1.00129223
0.00450540	1.00205314	0.99855894	1.00012124	1.00479543	1.00310302	0.99897486	0.99880183	1.00155067
0.00491500	0.99976236	1.00044334	0.99971175	0.99740142	0.99972606	1.00096035	1.00268149	1.00200701
0.00532460	1.00118685	0.99754608	0.99958867	0.99612540	1.00155663	0.99969941	0.99816668	1.00140083
0.00573420	1.00113070	1.00136101	1.00269008	0.99938446	1.00046456	0.99783504	0.99827087	1.00183129
0.00614380	1.00147629	0.99946290	1.00077009	0.99820995	0.99850821	0.99914163	0.99906379	0.99790132
0.00655340	1.00024509	0.99814785	0.99886662	1.00351727	1.00143123	0.99919677	1.00091934	0.99705613
0.00737260	0.99851555	0.99980491	0.99973434	1.00171053	1.00194895	1.00165761	0.99958664	0.99868119
0.00819180	1.00118780	1.00150990	1.00100625	1.00223720	1.00168502	0.99981350	1.00029504	0.99915326
0.00901100	0.99998468	0.99847382	0.99800730	1.00134754	1.00257337	0.99938720	1.00048745	0.99812168
0.00983020	0.99894607	0.99841762	0.99898940	0.99899751	1.00082159	0.99922371	1.00214994	1.00115967
0.01064940	0.99929130	1.00132203	1.00111353	1.00202632	0.99799973	1.00208104	1.00068521	0.99871349
0.01146860	1.00157046	0.99944884	0.99934733	1.00064743	1.00272775	1.00119305	0.99776751	0.99910557
0.01228780	1.00076628	0.99882334	0.99926215	1.00063872	0.99760813	1.00054681	0.99869794	0.99931997
0.01310700	0.99931741	1.00082505	0.99908215	0.99856865	0.99784690	1.00079489	1.00189054	1.00594580
0.01474540	0.99830574	1.00179923	0.99968362	1.00061142	1.00058818	0.99859941	1.00178289	1.00246227
0.01638380	1.00015783	1.00003791	0.99942911	1.00012934	0.99868697	0.99865174	0.99836534	0.99998122
0.01802220	1.00225854	1.00075686	1.00029624	1.00106013	1.00038469	1.00135398	1.00096607	0.99700016
0.01966060	1.00056756	1.00004673	0.99963486	1.00175810	1.00188434	0.99928731	1.00060046	1.00166333
0.02129900	1.00136578	1.00254607	1.00082684	1.00092721	0.99885809	1.00058007	0.99977463	1.00131476
0.02293740	1.00133455	0.99994361	0.99948728	1.00016892	1.00206804	1.00150335	0.99908435	1.00223255
0.02457580	1.00022840	0.99955028	1.00128257	1.00126088	1.00275946	1.00089622	1.00076973	1.00418377
0.02621420	1.00084984	1.00075352	1.00050366	0.99967569	1.00092900	1.00144696	1.00192022	0.99932778
0.02949100	1.00028431	0.99988592	1.00009739	0.99958968	1.00054073	1.00057769	0.99982738	0.99869621
0.03276780	1.00074518	1.00008869	0.99978298	1.00063181	1.00019479	1.00017989	1.00022066	1.00135839
0.03604460	1.00104880	0.99990582	0.99929804	1.00039661	0.99928707	0.99995327	0.99828565	1.00249672
0.03932140	0.99941117	1.00144172	1.00063157	1.00133038	0.99948007	0.99945259	0.99995762	0.99905270
0.04259820	1.00043738	1.00040579	1.00026941	1.00067830	1.00021374	0.99961305	1.00028181	1.00167441
0.04587500	0.99991751	1.00059366	0.99977720	1.00093114	1.00105405	1.00044382	0.99926841	1.00216675
0.04915180	0.99989015	0.99989355	0.99978107	0.99967748	1.00081205	1.00068116	1.00113642	1.00264013
0.05242860	1.00081456	1.00114095	1.00069880	1.00149143	1.00010550	0.99924701	1.00035965	1.00366211
0.05898220	1.00056863	1.00035644	1.00030696	1.00178504	1.00047421	0.99947715	1.00112736	0.99940580
0.06553581	1.00074255	1.00006449	0.99959499	1.00152755	0.99946719	0.99977612	1.00042009	1.00022805
0.07208940	1.00010872	1.00020242	0.99985862	0.99968690	1.00122392	0.99920821	0.99978590	1.00093722
0.07864300	1.00031579	0.99976003	0.99973321	1.00098467	1.00085139	1.00065970	1.00007319	1.00135469
0.08519660	1.00059569	1.00090623	0.99956560	1.00063586	0.99913377	1.00013483	1.00083411	0.99982548
0.09175020	1.00024641	0.99991715	1.00088108	1.00073755	0.99997211	0.99926132	0.99934459	0.99953961
0.09830380	1.00043678	1.00060380	0.99992776	1.00009394	1.00104368	0.99936330	0.99921840	1.00005043
0.10485740	1.00015998	1.00022316	0.99967521	1.00076425	0.99979579	1.00003791	0.99964511	1.00012136
0.11796460	1.00005519	1.00025892	0.99998617	1.00044215	1.00002646	1.00000191	1.00070477	1.00005698
0.13107181	1.00011361	1.00022447	0.99965292	1.00014889	0.99945962	0.99990237	0.99979961	0.99832356
0.14417900	0.99979901	1.00007105	0.99976742	0.99946290	1.00020003	0.99985194	1.00018966	0.99997610
0.15728620	1.00020635	0.99997336	0.99990243	0.99993181	1.00050151	1.00016236	1.00018644	0.99975592
0.17039341	0.99982005	1.00021613	0.99948639	1.00030112	1.00039232	1.00010335	1.00036418	1.00087345
0.18350060	1.00074911	1.00010049	0.99996388	1.00054276	0.99980158	0.99984485	1.00060713	0.99900317
0.19660780	0.99950320	1.00018656	0.99923348	1.00012672	1.00083756	0.99988025	1.00048435	1.00061154
0.20971501	1.00029683	1.00033021	0.99927998	0.99951494	0.99981105	0.99974370	0.99990731	1.00060904
0.23592941	0.99984765	0.99950367	1.00022435	0.99988592	0.99993706	0.99989384	1.00056171	0.99947274
0.26214382	1.00001681	0.99978513	0.99991137	0.99998736	0.99994135	0.99999958	1.00020480	1.00122964
0.28835821	0.99999028	1.00011623	1.00005960	0.99963486	0.99983013	1.00014150	0.99975169	0.99985373
0.31457260	1.00033629	1.00001478	1.00007343	0.99982661	1.00001919	1.00017488	0.99997914	1.00145006
0.34078699	1.00017226	0.99988562	0.99991506	0.99967641	0.99963790	1.00007129	1.00017369	0.99996036
0.36700141	1.00002897	0.99986672	1.00040042	0.99960166	0.99938583	1.00011623	0.99995071	1.00001752
0.39321581	1.00041950	1.00034308	0.99998689	0.99971211	1.00010109	1.00018275	1.00017107	1.00031161
0.41943020	1.00040352	1.00064981	0.99968296	0.99995089	1.00034797	1.00031173	1.00012338	1.00027478
0.47185901	1.00014126	1.00000739	1.00034857	0.99951524	1.00015867	1.00007534	1.00010276	1.00079811
0.52428782	1.00010037	1.00006676	1.00015581	0.99933231	1.00005662	0.99972606	1.00006473	1.00023317
0.57671660	1.00014734	0.99999076	0.99983203	0.99957150	1.00045657	1.00020301	1.00003576	0.99946231
0.62914538	0.99997580	1.00022054	1.00000083	0.99989676	0.99972314	1.00000179	0.99992222	0.99950403
0.68157423	1.00027645	0.99988490	0.99943995	0.99990356	0.99974954	0.99997735	0.99992138	0.99877018
0.73400301	0.99994642	1.00013673	0.99983627	0.99982184	1.00022507	0.99989384	0.99982429	1.00042725
0.78643179	0.99972749	1.00003004	1.00031531	0.99980825	1.00011659	1.00013900	1.00040901	1.00053763
0.83886063	1.00000405	0.99979436	1.00024104	1.00000572	1.00006819	1.00020647	1.00008976	0.99899948
0.94371825	0.99988025	1.00004411	0.99984425	1.00028062	0.99946445	0.99987185	1.00012243	0.99865502
1.04857588	1.00005424	0.99997485	0.99987429	1.00035214	0.99987614	0.99998641	1.00013447	1.00032139
1.15343344	1.00007153	1.00032401	0.99997646	1.00048447	0.99972999	0.99992055	0.99990880	0.99911231
1.25829101	0.99995100	0.99999899	1.00011075	1.00011969	0.99996632	1.00010931	0.99993241	1.00036371
1.36314869	0.99995035	0.99982458	0.99998969	0.99939030	0.99975473	0.99972260	0.99985021	0.99968290
1.46800625	0.99996030	0.99969155	0.99981153	0.99973792	0.99967873	1.00033760	0.99993283	1.00023365
1.57286382	0.99959439	0.99998873	1.00012064	1.00008929	1.00025392	0.99996996	0.99987161	1.00066411
1.67772150	0.99967825	1.00012803	1.00016224	0.99975365	0.99992526	0.99991626	0.99978906	1.00029957
1.88743675	0.99982536	0.99997580	0.99994916	1.00002146	0.99991566	1.00009286	1.00001776	1.00030673
2.09715199	0.99973965	0.99989170	0.99996185	1.00025713	1.00000978	1.00002301	0.99993175	0.99989361
2.30686712	0.99997586	1.00013423	0.99988168	0.99998426	1.00022388	0.99997973	0.99994236	1.00013709
2.51658225	0.99999726	0.99976945	1.00001907	0.99936426	1.00005364	1.00009513	1.00004053	0.99933553
2.72629738	0.99994761	1.00007761	0.99986988	1.00010157	0.99991071	0.99996912	1.00020182	1.00021183
2.93601274	1.00004601	1.00004101	1.00005436	0.99999714	0.99993992	1.00022602	0.99996692	0.99927884
3.14572787	1.00003612	0.99988002	1.00001729	1.00031018	0.99980247	0.99974245	0.99982804	1.00027108
3.35544300	1.00008380	1.00004148	1.00009310	1.00014186	0.99992138	1.00015771	0.99992114	0.99979746
3.77487350	0.99984986	1.00020790	1.00004303	0.99975932	0.99982166	0.99995476	0.99999183	1.00027847
4.19430399	1.00004888	1.00005007	1.00002801	0.99988097	1.00007403	1.00005424	0.99983388	0.99987388
4.61373425	1.00000584	1.00000000	0.99996543	1.00027347	0.99970138	0.99999613	1.00039673	0.99988800
5.03316450	1.00000000	1.00000000	1.00000000	1.00000000	1.00000000	1.00000000	1.00000000	1.00000000
5.45259476	0.00000000	0.00000000	0.00000000	0.00000000	0.00000000	0.00000000	0.00000000	0.00000000
5.87202549	0.00000000	0.00000000	0.00000000	0.00000000	0.00000000	0.00000000	0.00000000	0.00000000
6.29145575	0.00000000	0.00000000	0.00000000	0.00000000	0.00000000	0.00000000	0.00000000	0.00000000
6.71088600	0.00000000	0.00000000	0.00000000	0.00000000	0.00000000	0.00000000	0.00000000	0.00000000
7.54974699	0.00000000	0.00000000	0.00000000	0.00000000	0.00000000	0.00000000	0.00000000	0.00000000
8.38860798	0.00000000	0.00000000	0.00000000	0.00000000	0.00000000	0.00000000	0.00000000	0.00000000
9.22746849	0.00000000	0.00000000	0.00000000	0.00000000	0.00000000	0.00000000	0.00000000	0.00000000
10.06632900	0.00000000	0.00000000	0.00000000	0.00000000	0.00000000	0.00000000	0.00000000	0.00000000
10.90518951	0.00000000	0.00000000	0.00000000	0.00000000	0.00000000	0.00000000	0.00000000	0.00000000
11.74405098	0.00000000	0.00000000	0.00000000	0.00000000	0.00000000	0.00000000	0.00000000	0.00000000
12.58291149	0.00000000	0.00000000	0.00000000	0.00000000	0.00000000	0.00000000	0.00000000	0.00000000
13.42177200	0.00000000	0.00000000	0.00000000	0.00000000	0.00000000	0.00000000	0.00000000	0.00000000
15.09949398	0.00000000	0.00000000	0.00000000	0.00000000	0.00000000	0.00000000	0.00000000	0.00000000
16.77721596	0.00000000	0.00000000	0.00000000	0.00000000	0.00000000	0.00000000	0.00000000	0.00000000
18.45493698	0.00000000	0.00000000	0.00000000	0.00000000	0.00000000	0.00000000	0.00000000	0.00000000
20.13265800	0.00000000	0.00000000	0.00000000	0.00000000	0.00000000	0.00000000	0.00000000	0.00000000
21.81037903	0.00000000	0.00000000	0.00000000	0.00000000	0.00000000	0.00000000	0.00000000	0.00000000
23.48810196	0.00000000	0.00000000	0.00000000	0.00000000	0.00000000	0.00000000	0.00000000	0.00000000
25.16582298	0.00000000	0.00000000	0.00000000	0.00000000	0.00000000	0.00000000	0.00000000	0.00000000
26.84354401	0.00000000	0.00000000	0.00000000	0.00000000	0.00000000	0.00000000	0.00000000	0.00000000
30.19898796	0.00000000	0.00000000	0.00000000	0.00000000	0.00000000	0.00000000	0.00000000	0.00000000
33.55443192	0.00000000	0.00000000	0.00000000	0.00000000	0.00000000	0.00000000	0.00000000	0.00000000
36.90987396	0.00000000	0.00000000	0.00000000	0.00000000	0.00000000	0.00000000	0.00000000	0.00000000
40.26531601	0.00000000	0.00000000	0.00000000	0.00000000	0.00000000	0.00000000	0.00000000	0.00000000
43.62075806	0.00000000	0.00000000	0.00000000	0.00000000	0.00000000	0.00000000	0.00000000	0.00000000
46.97620392	0.00000000	0.00000000	0.00000000	0.00000000	0.00000000	0.00000000	0.00000000	0.00000000
50.33164597	0.00000000	0.00000000	0.00000000	0.00000000	0.00000000	0.00000000	0.00000000	0.00000000
53.68708801	0.00000000	0.00000000	0.00000000	0.00000000	0.00000000	0.00000000	0.00000000	0.00000000
60.39797592	0.00000000	0.00000000	0.00000000	0.00000000	0.00000000	0.00000000	0.00000000	0.00000000
67.10886383	0.00000000	0.00000000	0.00000000	0.00000000	0.00000000	0.00000000	0.00000000	0.00000000
73.81974792	0.00000000	0.00000000	0.00000000	0.00000000	0.00000000	0.00000000	0.00000000	0.00000000
80.53063202	0.00000000	0.00000000	0.00000000	0.00000000	0.00000000	0.00000000	0.00000000	0.00000000
87.24151611	0.00000000	0.00000000	0.00000000	0.00000000	0.00000000	0.00000000	0.00000000	0.00000000
93.95240784	0.00000000	0.00000000	0.00000000	0.00000000	0.00000000	0.00000000	0.00000000	0.00000000
100.66329193	0.00000000	0.00000000	0.00000000	0.00000000	0.00000000	0.00000000	0.00000000	0.00000000
107.37417603	0.00000000	0.00000000	0.00000000	0.00000000	0.00000000	0.00000000	0.00000000	0.00000000
120.79595184	0.00000000	0.00000000	0.00000000	0.00000000	0.00000000	0.00000000	0.00000000	0.00000000
134.21772766	0.00000000	0.00000000	0.00000000	0.00000000	0.00000000	0.00000000	0.00000000	0.00000000
147.63949585	0.00000000	0.00000000	0.00000000	0.00000000	0.00000000	0.00000000	0.00000000	0.00000000
161.06126404	0.00000000	0.00000000	0.00000000	0.00000000	0.00000000	0.00000000	0.00000000	0.00000000
174.48303223	0.00000000	0.00000000	0.00000000	0.00000000	0.00000000	0.00000000	0.00000000	0.00000000
187.90481567	0.00000000	0.00000000	0.00000000	0.00000000	0.00000000	0.00000000	0.00000000	0.00000000
201.32658386	0.00000000	0.00000000	0.00000000	0.00000000	0.00000000	0.00000000	0.00000000	0.00000000
214.74835205	0.00000000	0.00000000	0.00000000	0.00000000	0.00000000	0.00000000	0.00000000	0.00000000
241.59190369	0.00000000	0.00000000	0.00000000	0.00000000	0.00000000	0.00000000	0.00000000	0.00000000
268.43545532	0.00000000	0.00000000	0.00000000	0.00000000	0.00000000	0.00000000	0.00000000	0.00000000
295.27899170	0.00000000	0.00000000	0.00000000	0.00000000	0.00000000	0.00000000	0.00000000	0.00000000
322.12252808	0.00000000	0.00000000	0.00000000	0.00000000	0.00000000	0.00000000	0.00000000	0.00000000
348.96606445	0.00000000	0.00000000	0.00000000	0.00000000	0.00000000	0.00000000	0.00000000	0.00000000
375.80963135	0.00000000	0.00000000	0.00000000	0.00000000	0.00000000	0.00000000	0.00000000	0.00000000
402.65316772	0.00000000	0.00000000	0.00000000	0.00000000	0.00000000	0.00000000	0.00000000	0.00000000
429.49670410	0.00000000	0.00000000	0.00000000	0.00000000	0.00000000	0.00000000	0.00000000	0.00000000
483.18380737	0.00000000	0.00000000	0.00000000	0.00000000	0.00000000	0.00000000	0.00000000	0.00000000
536.87091064	0.00000000	0.00000000	0.00000000	0.00000000	0.00000000	0.00000000	0.00000000	0.00000000
590.55798340	0.00000000	0.00000000	0.00000000	0.00000000	0.00000000	0.00000000	0.00000000	0.00000000
644.24505615	0.00000000	0.00000000	0.00000000	0.00000000	0.00000000	0.00000000	0.00000000	0.00000000
697.93212891	0.00000000	0.00000000	0.00000000	0.00000000	0.00000000	0.00000000	0.00000000	0.00000000
751.61926270	0.00000000	0.00000000	0.00000000	0.00000000	0.00000000	0.00000000	0.00000000	0.00000000
805.30633545	0.00000000	0.00000000	0.00000000	0.00000000	0.00000000	0.00000000	0.00000000	0.00000000
858.99340820	0.00000000	0.00000000	0.00000000	0.00000000	0.00000000	0.00000000	0.00000000	0.00000000
966.36761475	0.00000000	0.00000000	0.00000000	0.00000000	0.00000000	0.00000000	0.00000000	0.00000000
1073.74182129	0.00000000	0.00000000	0.00000000	0.00000000	0.00000000	0.00000000	0.00000000	0.00000000
1181.11596680	0.00000000	0.00000000	0.00000000	0.00000000	0.00000000	0.00000000	0.00000000	0.00000000
1288.49011230	0.00000000	0.00000000	0.00000000	0.00000000	0.00000000	0.00000000	0.00000000	0.00000000
1395.86425781	0.00000000	0.00000000	0.00000000	0.00000000	0.00000000	0.00000000	0.00000000	0.00000000
1503.23852539	0.00000000	0.00000000	0.00000000	0.00000000	0.00000000	0.00000000	0.00000000	0.00000000
1610.61267090	0.00000000	0.00000000	0.00000000	0.00000000	0.00000000	0.00000000	0.00000000	0.00000000
1717.98681641	0.00000000	0.00000000	0.00000000	0.00000000	0.00000000	0.00000000	0.00000000	0.00000000
1932.73522949	0.00000000	0.00000000	0.00000000	0.00000000	0.00000000	0.00000000	0.00000000	0.00000000
2147.48364258	0.00000000	0.00000000	0.00000000	0.00000000	0.00000000	0.00000000	0.00000000	0.00000000
2362.23193359	0.00000000	0.00000000	0.00000000	0.00000000	0.00000000	0.00000000	0.00000000	0.00000000
2576.98022461	0.00000000	0.00000000	0.00000000	0.00000000	0.00000000	0.00000000	0.00000000	0.00000000
2791.72851562	0.00000000	0.00000000	0.00000000	0.00000000	0.00000000	0.00000000	0.00000000	0.00000000
3006.47705078	0.00000000	0.00000000	0.00000000	0.00000000	0.00000000	0.00000000	0.00000000	0.00000000
3221.22534180	0.00000000	0.00000000	0.00000000	0.00000000	0.00000000	0.00000000	0.00000000	0.00000000
3435.97363281	0.00000000	0.00000000	0.00000000	0.00000000	0.00000000	0.00000000	0.00000000	0.00000000
1	1	1	1	1	1	1	1	1
