%5/28/2015 6:15:33 PM
%Duration	ID1		ID2		ID3		ID4		ID5		ID6		ID7		ID8
3000.000000	17.700195	16.040802	11.854172	13.761520	11.520386	14.953613	14.476776	120.038986
%Tau		Tau1		Tau2		Tau3		Tau4		Tau5		Tau6		Tau7		Tau8
%		0.000009	0.000014	0.000003	0.000006	0.000009	0.000012	0.000010	0.000089
%Delaytime	D1		D2		D3		D4		D5		D6		D7		D8
0.00000000	2.64270759	6.08279133	7.38797569	6.86099958	5.37651682	2.32765508	4.26550579	1.91397309
0.00000020	1.96766818	2.00653124	2.48189807	2.34718418	1.79217231	1.93400741	1.50991356	1.50279903
0.00000040	1.72350502	1.54834688	1.64497900	1.60240459	1.32867944	1.50612974	1.41554403	1.44894361
0.00000060	1.47934175	1.42195129	1.35638618	1.21873021	1.69947374	1.40343904	1.17018306	1.45784152
0.00000080	1.45061672	1.46934962	1.67383826	1.53469729	1.48317707	1.48901463	1.71752667	1.43817258
0.00000100	1.26390362	1.31135499	1.78927541	1.69268084	1.60677516	1.35209370	1.18905699	1.44683623
0.00000120	1.49370432	1.34295392	1.32752693	1.69268084	1.85397136	1.33497858	1.17018306	1.45409501
0.00000140	1.50806689	1.53254747	1.50068259	1.62497365	1.32867944	1.36920881	1.49103963	1.45432913
0.00000160	1.24954116	1.39035237	1.35638618	1.42185187	1.32867944	1.47189951	1.64203107	1.46299291
0.00000180	1.50806689	1.31135499	1.01007485	1.60240459	1.26688039	1.45478439	1.43441796	1.46299291
0.00000200	1.39316654	1.56414640	1.55840111	1.62497365	1.73037326	1.47189951	1.18905699	1.47001743
0.00000220	1.66605484	1.45355022	1.18323052	1.51212823	1.48317707	1.50612974	1.39667010	1.45011437
0.00000240	1.39316654	1.54834688	1.52954185	1.55726635	1.54497612	1.38632393	1.62315714	1.44449472
0.00000260	1.27826619	1.43775070	1.52954185	1.26386833	1.35957897	1.55747497	1.37779617	1.43910921
0.00000280	1.33571637	1.20075881	1.55840111	1.19616115	1.39047849	1.42055416	1.13243520	1.47025168
0.00000300	1.27826619	1.37455285	1.09665263	1.57983553	1.20508134	1.35209370	1.47216570	1.42342091
0.00000340	1.44343543	1.53254747	1.31309724	1.47827458	1.29777992	1.47189951	1.35892224	1.45749021
0.00000380	1.26390362	1.39035237	1.45739365	1.36542928	1.45227754	1.40343904	1.17018306	1.45116806
0.00000420	1.36444139	1.57994580	1.24094903	1.25258386	1.48317707	1.54891741	1.36835921	1.44554842
0.00000460	1.52961063	1.42985094	1.38524544	1.47827458	1.29777992	1.13815486	1.40610707	1.45959759
0.00000500	1.57269824	1.40615177	1.15437126	1.48955917	1.29777992	1.32642102	1.23624182	1.45561707
0.00000540	1.35007894	1.38245261	1.52954185	1.29772198	1.60677516	1.52324486	1.56653535	1.43477738
0.00000580	1.34289765	1.57994580	1.54397154	1.20744574	1.40592825	1.72006857	1.42498100	1.45830977
0.00000620	1.35007894	1.50884831	1.41410470	1.38799834	1.14328229	1.29219079	1.41554403	1.47575426
0.00000700	1.48652303	1.41405153	1.58726048	1.17359209	1.35957897	1.32214224	1.31645596	1.46504176
0.00000780	1.26390362	1.43380082	1.26259351	1.56290865	1.39047849	1.20233643	1.31173742	1.44683623
0.00000860	1.37162268	1.35875344	1.35638618	1.32029104	1.54497612	1.28363323	1.42026246	1.43085527
0.00000940	1.31417251	1.46539974	1.17601573	1.29772198	1.35957897	1.24512422	1.30230045	1.44197750
0.00001020	1.28903806	1.37850273	1.34917140	1.39928281	1.31322968	1.51896608	1.37779617	1.43296266
0.00001100	1.49729490	1.41405153	1.31309724	1.39364064	1.35185409	1.36920881	1.41082549	1.41200590
0.00001180	1.26749432	1.20075881	1.25537872	1.42185187	1.51407659	1.32642102	1.30701900	1.43360651
0.00001260	1.41830099	1.37455285	1.10386753	1.37107146	1.50635171	1.31786346	1.25039721	1.42751861
0.00001420	1.30160534	1.28370595	1.33113432	1.28079522	1.25915551	1.26865757	1.38015544	1.41458154
0.00001580	1.34648824	1.37850273	1.25898612	1.41903079	1.27074289	1.45050561	1.23152328	1.42201591
0.00001740	1.26390362	1.37652779	1.32031202	1.29490089	1.32095456	1.29646957	1.28578579	1.40313733
0.00001900	1.33751166	1.29160571	1.30227506	1.35132360	1.22053111	1.32214224	1.31881511	1.40187871
0.00002060	1.23338330	1.28963077	1.26980829	1.28925860	1.23598087	1.24940300	1.25983417	1.39213204
0.00002220	1.32673979	1.27778113	1.33474171	1.23847818	1.29391754	1.23442733	1.23388255	1.38487327
0.00002380	1.21543002	1.23630762	1.17240822	1.10306370	1.27460527	1.17880321	1.13243520	1.38039505
0.00002540	1.25492704	1.22445798	1.20126760	1.17641318	1.23211849	1.28363323	1.18905699	1.37363386
0.00002860	1.25667977	1.22806501	1.13640320	1.22146487	1.16127968	1.24342382	1.15185523	1.36161411
0.00003180	1.23046124	1.18947148	1.18171430	1.16471851	1.21750188	1.19828653	1.16369343	1.34937394
0.00003500	1.12649131	1.15186751	1.12915337	1.18741703	1.22331798	1.19506240	1.16132581	1.34410930
0.00003820	1.16717517	1.15087795	1.17446458	1.20160365	1.10118008	1.11875904	1.14001703	1.32996809
0.00004140	1.13643622	1.13306558	1.06209290	1.09662294	1.15740228	1.14989734	1.08674526	1.30503440
0.00004460	1.12558722	1.11327410	1.13277829	1.11222816	1.04301918	1.17568946	1.14593613	1.29884839
0.00004780	1.08580744	1.12613857	1.15452766	1.12074018	1.09924138	1.17246544	1.16724491	1.28419530
0.00005100	1.08219111	1.07863891	1.10555685	1.04696989	1.07016087	1.10476124	1.13173032	1.26886952
0.00005740	1.06321907	1.08281422	1.11631322	1.03073406	1.01902592	1.08902037	1.02106929	1.25168085
0.00006380	1.04383719	1.03674757	1.03941965	1.04990339	1.05196023	1.03258336	1.04356241	1.23869467
0.00007020	0.98426670	1.07538414	1.00052059	1.07049167	0.98121649	1.05192411	1.05480897	1.21320844
0.00007660	1.05602205	1.04913116	1.04846597	1.05347729	1.08195341	1.06481802	0.95361412	1.20120943
0.00008300	1.05511951	1.01148522	0.99780673	1.05773091	0.98024786	0.99392581	0.99623376	1.18759882
0.00008940	1.02668810	1.01346660	1.02042246	0.98400164	0.97637337	1.00520825	1.02583075	1.18262279
0.00009580	0.99284124	1.03823364	1.05298913	1.00597858	1.01899290	1.03207111	1.03115821	1.16062629
0.00010220	1.02984715	1.00058770	1.00775766	1.06056666	0.98896551	1.00305915	1.01339996	1.15415883
0.00011500	1.02140939	1.03255165	0.99598062	0.99753010	1.02807784	1.00916433	1.00263691	1.13211215
0.00012780	1.00696290	1.00336111	1.04164290	1.03755927	0.97914487	1.01533902	1.01359308	1.11730433
0.00014060	1.01127410	1.04370785	1.00276208	0.97985810	0.99610186	1.02500379	0.99849141	1.10341442
0.00015340	1.00429881	1.01847482	0.97970492	0.98623002	1.02371752	1.01238585	1.02277267	1.09253013
0.00016620	1.01107085	1.00734258	1.02355886	0.98165536	0.99949324	1.01265442	0.99908364	1.08070946
0.00017900	1.03906214	0.99670511	1.01180422	1.00749767	1.00582421	0.97131056	0.99878752	1.07176709
0.00019180	1.00068700	0.98460621	1.02129829	1.01776385	0.98644418	1.00030494	1.00796700	1.06895828
0.00020460	1.00994217	0.98631501	1.01948988	1.00537372	0.99468070	1.02205074	1.01714647	1.05990911
0.00023020	1.01267350	1.00087070	1.01745546	1.00357699	1.02976680	0.99213976	0.98932874	1.04807138
0.00025580	1.00556266	1.03499126	1.00660503	0.98376375	1.00963712	0.99026167	1.00797582	1.04187083
0.00028140	0.99064177	0.99382406	0.99572331	0.98995537	1.01545775	0.98771292	0.99865222	1.03737295
0.00030700	1.00544977	1.02163982	1.00657344	0.99051362	1.00381649	1.00139582	1.00915968	1.02885711
0.00033260	0.99630725	1.00173604	1.00657344	1.01896763	1.01985633	0.99200559	1.01507938	1.02470601
0.00035820	0.98456872	0.99580210	1.01651931	0.98040253	0.98981428	1.00045681	0.99732029	1.01578569
0.00038380	0.99754882	1.00556850	1.01086819	1.01083004	1.01895249	0.98892027	0.98903275	1.01443172
0.00040940	0.99325973	1.01399851	1.00973797	0.97827971	1.02744174	1.01252985	1.03049672	1.01389241
0.00046060	1.00899553	0.99991369	1.00747287	1.02026868	0.99975318	1.00690210	1.00836265	1.00948799
0.00051180	0.99395108	0.99632555	0.98644620	1.00096881	1.00647223	0.99979383	1.00878060	1.00965083
0.00056300	1.00840974	1.00783229	1.02236295	1.00718832	0.99856538	0.99083179	0.99204880	1.01021123
0.00061420	1.00011504	1.00300694	0.99975437	1.00698352	0.99811327	1.00285995	1.00042880	1.00520086
0.00066540	1.00558078	1.00139844	0.99531442	1.00191820	1.00027025	0.99501365	0.99621445	1.00454414
0.00071660	1.00682044	1.00659502	1.00556946	1.01216984	0.99651444	0.99396467	0.99251759	1.00553620
0.00076780	0.98946530	1.00678062	1.01088214	1.00734162	0.99196714	1.00201237	1.00816643	1.00646532
0.00081900	1.00197446	1.01515591	1.02079725	0.98728132	0.99560159	0.99175155	1.00424790	1.00390148
0.00092140	1.00551677	1.00842869	1.01151919	1.00806618	0.99897194	0.99756849	1.01057148	1.00247705
0.00102380	0.99457192	1.01045978	0.99917126	1.00886130	1.01813471	0.99049169	1.00160468	0.99991232
0.00112620	1.00757062	0.99784988	1.00819266	0.99923205	1.01425934	1.00642300	1.00441360	0.99912566
0.00122860	0.98775053	1.00564134	0.99397802	0.99390399	0.99642861	0.99877596	1.01012278	1.00074577
0.00133100	1.00097489	1.00582659	0.99189198	1.01016259	0.98292828	1.00131559	0.99156666	0.99940062
0.00143340	0.99030477	0.99951786	0.99279404	0.99388200	0.97648019	1.00379765	1.01381910	0.99565828
0.00153580	1.00374866	1.00554109	1.00837970	0.99744284	1.00233960	0.99582964	1.00781953	0.99758977
0.00163820	1.00712526	0.99130154	1.00561714	0.99380463	1.00328064	1.00594091	0.99719685	0.99771714
0.00184300	1.00678217	1.00607920	1.00453043	1.01012766	0.99916297	0.99036682	1.00483418	0.99975026
0.00204780	1.00169003	1.01324344	0.99620467	1.00127649	1.00073552	0.99928677	1.00174093	0.99720639
0.00225260	1.00018573	1.01266408	0.99050653	0.99466580	1.00938439	0.99436063	0.99995530	1.00037360
0.00245740	0.99958140	1.00955641	1.00063252	0.99349058	0.99450791	1.01012540	1.00055587	1.00067115
0.00266220	1.00190163	1.00139654	0.99766612	0.99405891	0.99708062	0.99795908	0.99830103	1.00279260
0.00286700	0.99015200	0.99892366	0.99211240	0.99690592	1.00536966	0.99222952	1.00329828	0.99745727
0.00307180	0.99917150	1.00826621	1.00116873	1.00723922	1.00059330	0.99694490	1.00454807	0.99921256
0.00327660	0.99947095	0.99684501	1.00093651	1.00181615	1.00631201	0.99211925	0.99901968	0.99804252
0.00368620	0.99758559	1.00121009	1.00474036	0.99792075	1.00371718	0.99565959	0.99428380	1.00347030
0.00409580	1.00364876	1.00574481	0.99618930	1.00024354	0.99932188	1.00179505	1.00104320	1.00195682
0.00450540	1.00437951	1.00315690	0.99101347	1.00018907	1.00699890	0.99991113	1.00020504	1.00085080
0.00491500	0.99981171	1.00142646	0.99374121	1.01345456	1.00098419	1.00397658	0.99673730	0.99881589
0.00532460	0.99731064	1.00149596	1.00526333	1.00085688	1.00405431	0.99948388	1.00573242	0.99907196
0.00573420	1.00281608	0.99311411	0.99977624	0.99701113	1.00715244	0.99776655	1.00492895	1.00122321
0.00614380	1.00207686	1.00316429	0.99793273	0.99490315	1.00502157	0.99877375	1.00325477	0.99979800
0.00655340	1.00512183	1.00259268	0.99515378	1.00336194	0.99769193	0.99827558	1.00018203	0.99837643
0.00737260	1.00011408	0.99651730	1.00044119	1.00568509	1.00203466	0.99930423	1.00002301	1.00206304
0.00819180	1.00111175	1.00038731	1.00350773	1.00287855	1.00234950	1.00216508	0.99757028	1.00015748
0.00901100	0.99647874	1.00087762	1.00220346	1.00140333	0.99855369	1.00293291	1.00323689	0.99846750
0.00983020	0.99710095	1.00452054	1.00139594	1.00037932	1.00072646	1.00008225	0.99820507	0.99781376
0.01064940	1.00225854	0.99889648	1.00051975	0.99772918	0.99948174	1.00154686	0.99749672	1.00270212
0.01146860	1.00224781	1.00125670	0.99883240	0.99926716	1.00084198	1.00238442	1.00227499	0.99720609
0.01228780	1.00030959	1.00017893	1.00380814	1.00391459	0.99551141	1.00338042	1.00179076	0.99962795
0.01310700	1.00530791	1.00057697	0.99841106	0.99941045	1.00455940	1.00226796	1.00330615	0.99950486
0.01474540	0.99965620	1.00439596	0.99930131	0.99844480	1.00262451	0.99994504	0.99980170	1.00185370
0.01638380	1.00307059	0.99653119	0.99947757	1.00093734	1.00136423	1.00002050	1.00063205	0.99787611
0.01802220	1.00109291	1.00112283	1.00040674	1.00234318	1.00246453	0.99838746	1.00129414	1.00005114
0.01966060	1.00374663	0.99771094	1.00238967	1.00322390	0.99615496	0.99781996	1.00073135	0.99984646
0.02129900	1.00253916	1.00092089	1.00075364	1.00239098	0.99844015	1.00324357	1.00069666	0.99829453
0.02293740	0.99998415	0.99530554	0.99218655	1.00095367	1.00136149	0.99964339	1.00146949	1.00125241
0.02457580	1.00127673	1.00154674	0.99838978	0.99809581	0.99759924	0.99949479	1.00287044	0.99897474
0.02621420	1.00049734	1.00028455	0.99845302	1.00207698	1.00180113	0.99947387	0.99808049	1.00002778
0.02949100	1.00032330	1.00112176	0.99900848	1.00260723	0.99881166	0.99856818	1.00254405	1.00035477
0.03276780	1.00006151	1.00053668	1.00133765	0.99945027	1.00030661	0.99920911	1.00032306	1.00112736
0.03604460	1.00189734	0.99921530	1.00073493	1.00063670	0.99841434	0.99873734	1.00026894	1.00038111
0.03932140	1.00158250	0.99940985	0.99932349	1.00232184	1.00024998	0.99957794	0.99909830	1.00223720
0.04259820	1.00026405	1.00151336	0.99873149	1.00366342	1.00121832	0.99923331	1.00083053	1.00161958
0.04587500	1.00046515	0.99998188	0.99866927	1.00172377	0.99868989	1.00082910	1.00039482	1.00103092
0.04915180	1.00005567	0.99848515	1.00033748	1.00228620	0.99987835	1.00115609	1.00057602	1.00088131
0.05242860	0.99978632	1.00126374	1.00081873	1.00181067	1.00126469	1.00023067	0.99964613	1.00203884
0.05898220	1.00094986	1.00083196	1.00010693	1.00189865	0.99819928	1.00033057	1.00116038	0.99987358
0.06553581	1.00129378	1.00140238	0.99861282	0.99924988	1.00135934	1.00005293	1.00124586	0.99995726
0.07208940	1.00088143	1.00022626	0.99880981	1.00178170	1.00018418	0.99937379	1.00125802	1.00128007
0.07864300	1.00183892	1.00087333	0.99868256	1.00056422	1.00179183	0.99901479	1.00054276	1.00044203
0.08519660	0.99935502	0.99782032	0.99969238	1.00121558	1.00006497	1.00026965	1.00119603	1.00170600
0.09175020	1.00224769	1.00055420	1.00024831	1.00214875	1.00045156	0.99984699	1.00112844	1.00048184
0.09830380	1.00223303	0.99896890	1.00032544	1.00221527	1.00028336	0.99986881	1.00163651	0.99991959
0.10485740	1.00186050	1.00216520	1.00029325	1.00158107	1.00058591	0.99954480	1.00027525	0.99918860
0.11796460	1.00033927	1.00132215	1.00061893	1.00098133	1.00121868	1.00005472	0.99965811	1.00087905
0.13107181	1.00067627	1.00007701	1.00026941	1.00073695	1.00057280	0.99934733	1.00163734	1.00100160
0.14417900	0.99998879	1.00061440	0.99908674	1.00029194	1.00005317	1.00044811	1.00059748	1.00090337
0.15728620	1.00117910	1.00104737	1.00142872	0.99980474	1.00143456	1.00057399	0.99950147	1.00115156
0.17039341	1.00019610	1.00092363	1.00140989	1.00124991	1.00048661	1.00065041	0.99972713	1.00120342
0.18350060	1.00027335	1.00050151	0.99837101	1.00044072	0.99974197	1.00009131	0.99975461	1.00098813
0.19660780	1.00065386	1.00019252	0.99986339	1.00044227	0.99935973	0.99997187	1.00042534	1.00073695
0.20971501	1.00064981	1.00022340	1.00072169	1.00024641	0.99955428	1.00059915	1.00037825	1.00143123
0.23592941	1.00094283	1.00019550	1.00047076	1.00105035	0.99976951	0.99980426	1.00098419	1.00045002
0.26214382	1.00022781	1.00074232	1.00015855	1.00032485	0.99916559	1.00013149	1.00071561	1.00064814
0.28835821	1.00050330	0.99979436	1.00109088	1.00064635	0.99982899	0.99948865	0.99952137	1.00081480
0.31457260	0.99987048	1.00027025	1.00003862	0.99914253	1.00045168	1.00000203	1.00051880	1.00096107
0.34078699	1.00013626	1.00092685	0.99848902	1.00005126	1.00056159	1.00000632	1.00010312	1.00055254
0.36700141	1.00012946	1.00116920	1.00103939	0.99980754	0.99978280	1.00016677	0.99925870	1.00095284
0.39321581	1.00049424	0.99908209	1.00043666	0.99971640	0.99951124	0.99986136	1.00037444	1.00058889
0.41943020	1.00040460	0.99949837	0.99992847	0.99966091	0.99991447	0.99992675	1.00021493	1.00081027
0.47185901	1.00009418	1.00004160	1.00006020	0.99988645	1.00031245	1.00062561	0.99999225	1.00066209
0.52428782	1.00023663	1.00076103	1.00005829	0.99915463	1.00118446	1.00011981	1.00059783	1.00051546
0.57671660	1.00005698	0.99941546	0.99941880	0.99969149	0.99987859	1.00009632	1.00034285	1.00047481
0.62914538	1.00021005	1.00039232	1.00044453	0.99939620	0.99950874	1.00009000	0.99996674	1.00073385
0.68157423	0.99951309	0.99992490	0.99995804	1.00062656	0.99932945	0.99957746	0.99976987	1.00034297
0.73400301	0.99969703	0.99994469	1.00006294	0.99966341	0.99969786	1.00021148	0.99989355	1.00037992
0.78643179	0.99998581	0.99993014	1.00041616	1.00011599	0.99909270	0.99982595	0.99950671	1.00048518
0.83886063	0.99977100	0.99969798	0.99972636	1.00000250	0.99905592	0.99957436	0.99996281	1.00026131
0.94371825	0.99980372	0.99921364	0.99996048	1.00043774	1.00011373	0.99986750	0.99985695	1.00034642
1.04857588	0.99947935	1.00015473	1.00002635	1.00019968	1.00047386	0.99977595	0.99992466	1.00018513
1.15343344	0.99989885	0.99979246	0.99958140	0.99987710	0.99987751	1.00009882	0.99984872	1.00008643
1.25829101	1.00015056	0.99980325	1.00021088	0.99946082	1.00001252	1.00006843	1.00021148	1.00014281
1.36314869	0.99999875	0.99987119	0.99999577	0.99999428	1.00005424	0.99969256	0.99965894	1.00007677
1.46800625	0.99989617	0.99962300	1.00046611	0.99987030	0.99987829	0.99952847	0.99978387	1.00003052
1.57286382	0.99927598	0.99990898	0.99990219	0.99928683	1.00039625	0.99984932	0.99956286	0.99990672
1.67772150	0.99995655	0.99996978	0.99985743	0.99959826	0.99995995	1.00013447	0.99987125	1.00012553
1.88743675	0.99993610	0.99992371	0.99976355	0.99897587	0.99978423	0.99980462	0.99982268	1.00009990
2.09715199	0.99992859	1.00008285	1.00001085	1.00030708	1.00012636	1.00021279	0.99949104	1.00014007
2.30686712	0.99982876	0.99978930	0.99979722	0.99953574	0.99962080	1.00009382	0.99976373	1.00008774
2.51658225	0.99987936	0.99990821	0.99978614	0.99992800	1.00011230	0.99994153	0.99968696	1.00042546
2.72629738	1.00013208	1.00002193	1.00038195	1.00031877	1.00033414	1.00024986	0.99978548	1.00049698
2.93601274	0.99990314	1.00008118	1.00009263	0.99982238	0.99978799	1.00027049	1.00030267	1.00050306
3.14572787	1.00030434	1.00050831	0.99975669	1.00004971	1.00011230	0.99998486	1.00036323	1.00046253
3.35544300	0.99986190	1.00005519	0.99965084	1.00034821	0.99922323	1.00017929	1.00003433	1.00033426
3.77487350	0.99951518	1.00025594	1.00005817	1.00089669	0.99990964	0.99971896	1.00012386	0.99992639
4.19430399	1.00009680	0.99989289	1.00008488	0.99938077	1.00010359	0.99991614	1.00034916	0.99995983
4.61373425	1.00040245	1.00007808	0.99996424	1.00057018	1.00016129	0.99999833	0.99931931	1.00008345
5.03316450	1.00000000	1.00000000	1.00000000	1.00000000	1.00000000	1.00000000	1.00000000	1.00000000
5.45259476	0.00000000	0.00000000	0.00000000	0.00000000	0.00000000	0.00000000	0.00000000	0.00000000
5.87202549	0.00000000	0.00000000	0.00000000	0.00000000	0.00000000	0.00000000	0.00000000	0.00000000
6.29145575	0.00000000	0.00000000	0.00000000	0.00000000	0.00000000	0.00000000	0.00000000	0.00000000
6.71088600	0.00000000	0.00000000	0.00000000	0.00000000	0.00000000	0.00000000	0.00000000	0.00000000
7.54974699	0.00000000	0.00000000	0.00000000	0.00000000	0.00000000	0.00000000	0.00000000	0.00000000
8.38860798	0.00000000	0.00000000	0.00000000	0.00000000	0.00000000	0.00000000	0.00000000	0.00000000
9.22746849	0.00000000	0.00000000	0.00000000	0.00000000	0.00000000	0.00000000	0.00000000	0.00000000
10.06632900	0.00000000	0.00000000	0.00000000	0.00000000	0.00000000	0.00000000	0.00000000	0.00000000
10.90518951	0.00000000	0.00000000	0.00000000	0.00000000	0.00000000	0.00000000	0.00000000	0.00000000
11.74405098	0.00000000	0.00000000	0.00000000	0.00000000	0.00000000	0.00000000	0.00000000	0.00000000
12.58291149	0.00000000	0.00000000	0.00000000	0.00000000	0.00000000	0.00000000	0.00000000	0.00000000
13.42177200	0.00000000	0.00000000	0.00000000	0.00000000	0.00000000	0.00000000	0.00000000	0.00000000
15.09949398	0.00000000	0.00000000	0.00000000	0.00000000	0.00000000	0.00000000	0.00000000	0.00000000
16.77721596	0.00000000	0.00000000	0.00000000	0.00000000	0.00000000	0.00000000	0.00000000	0.00000000
18.45493698	0.00000000	0.00000000	0.00000000	0.00000000	0.00000000	0.00000000	0.00000000	0.00000000
20.13265800	0.00000000	0.00000000	0.00000000	0.00000000	0.00000000	0.00000000	0.00000000	0.00000000
21.81037903	0.00000000	0.00000000	0.00000000	0.00000000	0.00000000	0.00000000	0.00000000	0.00000000
23.48810196	0.00000000	0.00000000	0.00000000	0.00000000	0.00000000	0.00000000	0.00000000	0.00000000
25.16582298	0.00000000	0.00000000	0.00000000	0.00000000	0.00000000	0.00000000	0.00000000	0.00000000
26.84354401	0.00000000	0.00000000	0.00000000	0.00000000	0.00000000	0.00000000	0.00000000	0.00000000
30.19898796	0.00000000	0.00000000	0.00000000	0.00000000	0.00000000	0.00000000	0.00000000	0.00000000
33.55443192	0.00000000	0.00000000	0.00000000	0.00000000	0.00000000	0.00000000	0.00000000	0.00000000
36.90987396	0.00000000	0.00000000	0.00000000	0.00000000	0.00000000	0.00000000	0.00000000	0.00000000
40.26531601	0.00000000	0.00000000	0.00000000	0.00000000	0.00000000	0.00000000	0.00000000	0.00000000
43.62075806	0.00000000	0.00000000	0.00000000	0.00000000	0.00000000	0.00000000	0.00000000	0.00000000
46.97620392	0.00000000	0.00000000	0.00000000	0.00000000	0.00000000	0.00000000	0.00000000	0.00000000
50.33164597	0.00000000	0.00000000	0.00000000	0.00000000	0.00000000	0.00000000	0.00000000	0.00000000
53.68708801	0.00000000	0.00000000	0.00000000	0.00000000	0.00000000	0.00000000	0.00000000	0.00000000
60.39797592	0.00000000	0.00000000	0.00000000	0.00000000	0.00000000	0.00000000	0.00000000	0.00000000
67.10886383	0.00000000	0.00000000	0.00000000	0.00000000	0.00000000	0.00000000	0.00000000	0.00000000
73.81974792	0.00000000	0.00000000	0.00000000	0.00000000	0.00000000	0.00000000	0.00000000	0.00000000
80.53063202	0.00000000	0.00000000	0.00000000	0.00000000	0.00000000	0.00000000	0.00000000	0.00000000
87.24151611	0.00000000	0.00000000	0.00000000	0.00000000	0.00000000	0.00000000	0.00000000	0.00000000
93.95240784	0.00000000	0.00000000	0.00000000	0.00000000	0.00000000	0.00000000	0.00000000	0.00000000
100.66329193	0.00000000	0.00000000	0.00000000	0.00000000	0.00000000	0.00000000	0.00000000	0.00000000
107.37417603	0.00000000	0.00000000	0.00000000	0.00000000	0.00000000	0.00000000	0.00000000	0.00000000
120.79595184	0.00000000	0.00000000	0.00000000	0.00000000	0.00000000	0.00000000	0.00000000	0.00000000
134.21772766	0.00000000	0.00000000	0.00000000	0.00000000	0.00000000	0.00000000	0.00000000	0.00000000
147.63949585	0.00000000	0.00000000	0.00000000	0.00000000	0.00000000	0.00000000	0.00000000	0.00000000
161.06126404	0.00000000	0.00000000	0.00000000	0.00000000	0.00000000	0.00000000	0.00000000	0.00000000
174.48303223	0.00000000	0.00000000	0.00000000	0.00000000	0.00000000	0.00000000	0.00000000	0.00000000
187.90481567	0.00000000	0.00000000	0.00000000	0.00000000	0.00000000	0.00000000	0.00000000	0.00000000
201.32658386	0.00000000	0.00000000	0.00000000	0.00000000	0.00000000	0.00000000	0.00000000	0.00000000
214.74835205	0.00000000	0.00000000	0.00000000	0.00000000	0.00000000	0.00000000	0.00000000	0.00000000
241.59190369	0.00000000	0.00000000	0.00000000	0.00000000	0.00000000	0.00000000	0.00000000	0.00000000
268.43545532	0.00000000	0.00000000	0.00000000	0.00000000	0.00000000	0.00000000	0.00000000	0.00000000
295.27899170	0.00000000	0.00000000	0.00000000	0.00000000	0.00000000	0.00000000	0.00000000	0.00000000
322.12252808	0.00000000	0.00000000	0.00000000	0.00000000	0.00000000	0.00000000	0.00000000	0.00000000
348.96606445	0.00000000	0.00000000	0.00000000	0.00000000	0.00000000	0.00000000	0.00000000	0.00000000
375.80963135	0.00000000	0.00000000	0.00000000	0.00000000	0.00000000	0.00000000	0.00000000	0.00000000
402.65316772	0.00000000	0.00000000	0.00000000	0.00000000	0.00000000	0.00000000	0.00000000	0.00000000
429.49670410	0.00000000	0.00000000	0.00000000	0.00000000	0.00000000	0.00000000	0.00000000	0.00000000
483.18380737	0.00000000	0.00000000	0.00000000	0.00000000	0.00000000	0.00000000	0.00000000	0.00000000
536.87091064	0.00000000	0.00000000	0.00000000	0.00000000	0.00000000	0.00000000	0.00000000	0.00000000
590.55798340	0.00000000	0.00000000	0.00000000	0.00000000	0.00000000	0.00000000	0.00000000	0.00000000
644.24505615	0.00000000	0.00000000	0.00000000	0.00000000	0.00000000	0.00000000	0.00000000	0.00000000
697.93212891	0.00000000	0.00000000	0.00000000	0.00000000	0.00000000	0.00000000	0.00000000	0.00000000
751.61926270	0.00000000	0.00000000	0.00000000	0.00000000	0.00000000	0.00000000	0.00000000	0.00000000
805.30633545	0.00000000	0.00000000	0.00000000	0.00000000	0.00000000	0.00000000	0.00000000	0.00000000
858.99340820	0.00000000	0.00000000	0.00000000	0.00000000	0.00000000	0.00000000	0.00000000	0.00000000
966.36761475	0.00000000	0.00000000	0.00000000	0.00000000	0.00000000	0.00000000	0.00000000	0.00000000
1073.74182129	0.00000000	0.00000000	0.00000000	0.00000000	0.00000000	0.00000000	0.00000000	0.00000000
1181.11596680	0.00000000	0.00000000	0.00000000	0.00000000	0.00000000	0.00000000	0.00000000	0.00000000
1288.49011230	0.00000000	0.00000000	0.00000000	0.00000000	0.00000000	0.00000000	0.00000000	0.00000000
1395.86425781	0.00000000	0.00000000	0.00000000	0.00000000	0.00000000	0.00000000	0.00000000	0.00000000
1503.23852539	0.00000000	0.00000000	0.00000000	0.00000000	0.00000000	0.00000000	0.00000000	0.00000000
1610.61267090	0.00000000	0.00000000	0.00000000	0.00000000	0.00000000	0.00000000	0.00000000	0.00000000
1717.98681641	0.00000000	0.00000000	0.00000000	0.00000000	0.00000000	0.00000000	0.00000000	0.00000000
1932.73522949	0.00000000	0.00000000	0.00000000	0.00000000	0.00000000	0.00000000	0.00000000	0.00000000
2147.48364258	0.00000000	0.00000000	0.00000000	0.00000000	0.00000000	0.00000000	0.00000000	0.00000000
2362.23193359	0.00000000	0.00000000	0.00000000	0.00000000	0.00000000	0.00000000	0.00000000	0.00000000
2576.98022461	0.00000000	0.00000000	0.00000000	0.00000000	0.00000000	0.00000000	0.00000000	0.00000000
2791.72851562	0.00000000	0.00000000	0.00000000	0.00000000	0.00000000	0.00000000	0.00000000	0.00000000
3006.47705078	0.00000000	0.00000000	0.00000000	0.00000000	0.00000000	0.00000000	0.00000000	0.00000000
3221.22534180	0.00000000	0.00000000	0.00000000	0.00000000	0.00000000	0.00000000	0.00000000	0.00000000
3435.97363281	0.00000000	0.00000000	0.00000000	0.00000000	0.00000000	0.00000000	0.00000000	0.00000000
0	0	0	0	0	0	0	0	0
