%5/28/2015 8:33:57 PM
%Duration	ID1		ID2		ID3		ID4		ID5		ID6		ID7		ID8
3000.000000	0.000000	21.257401	15.583038	0.000000	17.662048	0.000000	22.182465	63.991547
%Tau		Tau1		Tau2		Tau3		Tau4		Tau5		Tau6		Tau7		Tau8
%		0.000000	0.576717	0.340787	0.000000	0.629145	0.000000	0.838861	0.471859
%Delaytime	D1		D2		D3		D4		D5		D6		D7		D8
0.00000000	0.00000000	2.43529940	0.00000000	0.00000000	2.63465047	0.00000000	3.71153688	4.17343664
0.00000020	0.00000000	14.61179638	16.70877457	0.00000000	9.66038513	0.00000000	9.27884197	19.04130363
0.00000040	0.00000000	11.36472988	36.20234680	0.00000000	12.29503632	0.00000000	10.20672607	18.12836456
0.00000060	0.00000000	16.23532867	13.92397976	0.00000000	7.90395164	0.00000000	7.73236847	17.73710442
0.00000080	0.00000000	16.23532867	11.13918304	0.00000000	10.53860188	0.00000000	9.27884197	18.12836456
0.00000100	0.00000000	16.23532867	22.27836609	0.00000000	13.17325306	0.00000000	9.27884197	13.43324852
0.00000120	0.00000000	13.80002975	13.92397976	0.00000000	13.17325306	0.00000000	7.42307377	16.30248642
0.00000140	0.00000000	11.36472988	19.49357033	0.00000000	14.92968655	0.00000000	6.80448437	15.91122627
0.00000160	0.00000000	16.23532867	19.49357033	0.00000000	13.17325306	0.00000000	10.51602173	17.73710442
0.00000180	0.00000000	9.74119759	30.63275528	0.00000000	6.14751816	0.00000000	11.13461113	15.91122627
0.00000200	0.00000000	21.10592842	13.92397976	0.00000000	13.17325306	0.00000000	9.58813667	18.78046417
0.00000220	0.00000000	12.17649651	25.06316376	0.00000000	7.90395164	0.00000000	7.73236847	15.91122627
0.00000240	0.00000000	17.04709625	2.78479576	0.00000000	10.53860188	0.00000000	7.42307377	17.47626495
0.00000260	0.00000000	12.98826313	13.92397976	0.00000000	10.53860188	0.00000000	9.27884197	16.69374657
0.00000280	0.00000000	14.61179638	19.49357033	0.00000000	13.17325306	0.00000000	9.89743137	16.30248642
0.00000300	0.00000000	12.17649651	25.06316376	0.00000000	9.66038513	0.00000000	8.04166317	16.56332588
0.00000340	0.00000000	11.77061367	29.24035645	0.00000000	11.41681957	0.00000000	7.73236847	17.47626495
0.00000380	0.00000000	14.20591259	18.10117340	0.00000000	16.68612099	0.00000000	8.50560570	15.71559715
0.00000420	0.00000000	9.33531380	16.70877457	0.00000000	13.17325306	0.00000000	10.20672607	14.93307781
0.00000460	0.00000000	17.45297813	22.27836609	0.00000000	9.66038513	0.00000000	8.04166317	18.12836456
0.00000500	0.00000000	13.39414597	16.70877457	0.00000000	10.09949398	0.00000000	7.88701582	16.04164696
0.00000540	0.00000000	15.42356205	20.88596916	0.00000000	8.78216839	0.00000000	7.73236847	18.19357491
0.00000580	0.00000000	10.14708042	18.10117340	0.00000000	8.34306049	0.00000000	8.66025257	15.38954735
0.00000620	0.00000000	11.77061367	18.10117340	0.00000000	11.85592747	0.00000000	9.89743137	17.47626495
0.00000700	0.00000000	14.00297165	16.01257706	0.00000000	10.97771072	0.00000000	9.12419510	16.56332588
0.00000780	0.00000000	14.61179638	13.92397976	0.00000000	8.56261444	0.00000000	9.04687119	18.06315422
0.00000860	0.00000000	16.03238678	18.10117340	0.00000000	11.85592747	0.00000000	9.89743137	16.72635078
0.00000940	0.00000000	13.19120502	13.92397976	0.00000000	8.78216839	0.00000000	6.80448437	16.36769676
0.00001020	0.00000000	13.19120502	15.31637764	0.00000000	14.71013260	0.00000000	9.51081371	15.91122627
0.00001100	0.00000000	12.78532124	13.22778034	0.00000000	11.19726467	0.00000000	8.58292961	15.74820232
0.00001180	0.00000000	13.39414597	15.31637764	0.00000000	11.19726467	0.00000000	6.88180828	17.05240059
0.00001260	0.00000000	12.98826313	9.74678516	0.00000000	9.22127724	0.00000000	7.19110298	17.18282127
0.00001420	0.00000000	12.88679218	18.79737282	0.00000000	11.08748817	0.00000000	8.31229591	15.86231899
0.00001580	0.00000000	11.56767178	15.31637764	0.00000000	10.97771072	0.00000000	7.69370651	16.97088814
0.00001740	0.00000000	12.88679218	19.84167099	0.00000000	11.30704212	0.00000000	8.50560570	15.99273872
0.00001900	0.00000000	13.59708786	13.57588005	0.00000000	12.51459026	0.00000000	8.62159061	15.42215252
0.00002060	0.00000000	13.19120502	17.40497398	0.00000000	9.98971653	0.00000000	8.62159061	16.85677147
0.00002220	0.00000000	12.58238029	12.18348217	0.00000000	9.77016258	0.00000000	8.38961983	16.23727608
0.00002380	0.00000000	10.04560947	15.31637764	0.00000000	9.00172234	0.00000000	7.19110298	16.26988220
0.00002540	0.00000000	12.07502556	16.01257706	0.00000000	9.22127724	0.00000000	8.19631100	16.15576363
0.00002860	0.00000000	15.01141453	17.90056610	0.00000000	11.60163403	0.00000000	8.14496708	21.56492996
0.00003180	0.00000000	14.13355446	20.56660843	0.00000000	12.95656967	0.00000000	8.83702278	21.68949318
0.00003500	0.00000000	15.53813076	20.18574524	0.00000000	10.16201496	0.00000000	7.79893875	20.30373192
0.00003820	0.00000000	12.46561909	20.18574524	0.00000000	10.75479889	0.00000000	8.14496708	20.50614738
0.00004140	0.00000000	12.46561909	18.28142929	0.00000000	12.10973454	0.00000000	8.38452435	20.77275658
0.00004460	0.00000000	14.83584309	18.28142929	0.00000000	11.17821693	0.00000000	7.82555628	19.79173470
0.00004780	0.00000000	15.09920120	23.23265076	0.00000000	10.16201496	0.00000000	7.37305832	20.89925575
0.00005100	0.00000000	12.90454960	18.66229248	0.00000000	9.65391445	0.00000000	7.16011763	20.26075363
0.00005740	0.00000000	13.19305706	18.98755646	0.00000000	9.40047455	0.00000000	7.51764631	19.85866356
0.00006380	0.00000000	12.41699505	18.29076576	0.00000000	9.96289539	0.00000000	7.07847118	19.41142845
0.00007020	0.00000000	12.94798470	16.02619553	0.00000000	9.64151192	0.00000000	7.54348040	19.28158569
0.00007660	0.00000000	11.47755146	17.24557877	0.00000000	10.28427982	0.00000000	7.32389259	19.41142845
0.00008300	0.00000000	12.58037663	16.20039177	0.00000000	10.92933369	0.00000000	7.31097555	19.17508507
0.00008940	0.00000000	14.21419144	15.67779922	0.00000000	10.04534340	0.00000000	7.07931137	18.84323692
0.00009580	0.00000000	12.66206741	16.54878807	0.00000000	9.76407433	0.00000000	7.28600645	18.54024315
0.00010220	0.00000000	12.13107681	17.59397507	0.00000000	10.68824577	0.00000000	6.78218699	18.82880783
0.00011500	0.00000000	11.75563335	15.59883213	0.00000000	9.62635899	0.00000000	6.69357967	18.17254066
0.00012780	0.00000000	11.77493668	16.31147003	0.00000000	9.31769848	0.00000000	7.40806293	18.16549873
0.00014060	0.00000000	12.10309029	15.59883213	0.00000000	9.93502045	0.00000000	6.86360168	17.56224060
0.00015340	0.00000000	12.56636715	17.57838058	0.00000000	10.16651535	0.00000000	6.83226109	18.13499641
0.00016620	0.00000000	12.83661175	16.46983337	0.00000000	10.20509815	0.00000000	6.83226109	17.52496147
0.00017900	0.00000000	12.29612255	18.13265228	0.00000000	9.41415501	0.00000000	6.85733366	17.38600922
0.00019180	0.00000000	12.89452076	16.70737839	0.00000000	9.43344593	0.00000000	6.98269606	17.17736244
0.00020460	0.00000000	12.47753143	17.42725945	0.00000000	9.33698940	0.00000000	7.02030468	16.97738838
0.00023020	0.00000000	11.38432503	17.41827774	0.00000000	9.65447903	0.00000000	6.82216644	16.42878532
0.00025580	0.00000000	11.14715195	16.52326775	0.00000000	8.97211838	0.00000000	6.86521530	16.52509117
0.00028140	0.00000000	11.45730209	17.35303879	0.00000000	9.64525795	0.00000000	6.84106350	16.09250450
0.00030700	0.00000000	11.49608231	15.51311111	0.00000000	9.44239426	0.00000000	6.64482832	15.93146992
0.00033260	0.00000000	11.86103725	15.62134266	0.00000000	9.90344810	0.00000000	6.63577127	16.03566933
0.00035820	0.00000000	12.04351521	15.11626434	0.00000000	9.51616287	0.00000000	6.97088051	15.44678402
0.00038380	0.00000000	11.79717064	15.51311111	0.00000000	9.63603687	0.00000000	6.63879013	15.54308987
0.00040940	0.00000000	11.87016201	15.15234184	0.00000000	9.66370010	0.00000000	7.01616573	15.53145790
0.00046060	0.00000000	11.35611820	15.69467735	0.00000000	9.40264511	0.00000000	6.52026844	14.78517723
0.00051180	0.00000000	11.12607765	16.06435966	0.00000000	9.32508945	0.00000000	6.60035229	14.50232410
0.00056300	0.00000000	11.77119255	15.27458477	0.00000000	9.10369492	0.00000000	6.59235907	14.45423126
0.00061420	0.00000000	11.16908550	14.97211742	0.00000000	8.92718124	0.00000000	6.69796276	14.36631107
0.00066540	0.00000000	11.78839493	14.48480988	0.00000000	9.09486961	0.00000000	6.52975750	14.39411449
0.00071660	0.00000000	10.67209911	16.17137527	0.00000000	9.20519066	0.00000000	6.78319883	13.98532391
0.00076780	0.00000000	11.49625206	14.80975246	0.00000000	9.12313652	0.00000000	6.87787533	14.04883194
0.00081900	0.00000000	11.76741028	15.61664009	0.00000000	9.51154327	0.00000000	6.77890158	13.93385220
0.00092140	0.00000000	11.32405281	15.21990681	0.00000000	9.10112572	0.00000000	6.50588799	13.34190464
0.00102380	0.00000000	11.04925632	14.16236115	0.00000000	8.96063423	0.00000000	6.49033403	13.29512024
0.00112620	0.00000000	10.93443584	14.99822998	0.00000000	9.16979885	0.00000000	6.51720047	13.00483704
0.00122860	0.00000000	11.05344105	15.54233074	0.00000000	8.95949841	0.00000000	6.65940809	13.04192829
0.00133100	0.00000000	11.17454338	15.34172726	0.00000000	9.01563740	0.00000000	6.58797646	13.07662201
0.00143340	0.00000000	11.19711494	15.27028561	0.00000000	9.16601181	0.00000000	6.45925808	13.25842381
0.00153580	0.00000000	11.09051418	14.63819885	0.00000000	9.06342316	0.00000000	6.47976780	12.91190720
0.00163820	0.00000000	11.26088428	14.92667961	0.00000000	9.12588596	0.00000000	6.59224510	12.98486519
0.00184300	0.00000000	10.70879078	14.72233582	0.00000000	8.69908905	0.00000000	6.51735640	12.45475101
0.00204780	0.00000000	10.95297813	14.95787334	0.00000000	8.91899300	0.00000000	6.52872705	12.29143429
0.00225260	0.00000000	10.69338608	14.66319656	0.00000000	8.83349514	0.00000000	6.56654310	12.22938919
0.00245740	0.00000000	10.98668957	14.93099308	0.00000000	8.94078732	0.00000000	6.44754553	12.50826931
0.00266220	0.00000000	10.72963047	14.63258648	0.00000000	8.72851086	0.00000000	6.37962627	12.54520130
0.00286700	0.00000000	10.85616970	14.14589882	0.00000000	8.84818077	0.00000000	6.42151022	12.50167084
0.00307180	0.00000000	10.77851200	14.93793392	0.00000000	8.73946571	0.00000000	6.46956730	12.50371456
0.00327660	0.00000000	10.76892662	14.71547031	0.00000000	8.70687485	0.00000000	6.51090717	12.30288410
0.00368620	0.00000000	10.61589622	14.27069187	0.00000000	8.56124401	0.00000000	6.37396860	12.16339207
0.00409580	0.00000000	10.81644440	14.46963882	0.00000000	8.58457851	0.00000000	6.39469576	12.04692554
0.00450540	0.00000000	10.61369705	14.20825863	0.00000000	8.78649616	0.00000000	6.46058655	12.09196568
0.00491500	0.00000000	10.70102692	14.31615639	0.00000000	8.80661011	0.00000000	6.37682581	12.10491180
0.00532460	0.00000000	10.54536438	14.03600597	0.00000000	8.56563950	0.00000000	6.35363579	12.09742928
0.00573420	0.00000000	10.56364536	14.45425034	0.00000000	8.68423653	0.00000000	6.33951569	12.07516670
0.00614380	0.00000000	10.64558411	14.49260902	0.00000000	8.71552753	0.00000000	6.35874271	12.26263332
0.00655340	0.00000000	10.50247192	14.43403149	0.00000000	8.65077686	0.00000000	6.34834766	12.49878788
0.00737260	0.00000000	10.52657795	14.07962990	0.00000000	8.47885132	0.00000000	6.27027941	11.98936272
0.00819180	0.00000000	10.44509697	13.90523243	0.00000000	8.42084503	0.00000000	6.38677073	12.07970619
0.00901100	0.00000000	10.35894203	13.94078350	0.00000000	8.45716286	0.00000000	6.30046272	11.99393654
0.00983020	0.00000000	10.39510918	13.89896488	0.00000000	8.54750061	0.00000000	6.33301640	11.97698498
0.01064940	0.00000000	10.38488865	14.25838661	0.00000000	8.54992867	0.00000000	6.29643726	11.91417980
0.01146860	0.00000000	10.54179382	13.80693340	0.00000000	8.64179897	0.00000000	6.31436682	11.88553429
0.01228780	0.00000000	10.51373768	13.94511795	0.00000000	8.57715034	0.00000000	6.35889816	11.94454288
0.01310700	0.00000000	10.53812695	14.11079311	0.00000000	8.56048012	0.00000000	6.29516363	11.93745804
0.01474540	0.00000000	10.21935844	13.66438484	0.00000000	8.40129280	0.00000000	6.23488998	11.72559166
0.01638380	0.00000000	10.28597641	13.82230568	0.00000000	8.41988468	0.00000000	6.25872946	11.65601254
0.01802220	0.00000000	10.26339626	13.67410088	0.00000000	8.46147633	0.00000000	6.24392366	11.58946896
0.01966060	0.00000000	10.27670097	13.61293697	0.00000000	8.41660976	0.00000000	6.24165821	11.57606888
0.02129900	0.00000000	10.27756596	13.68320465	0.00000000	8.41620541	0.00000000	6.24554634	11.73637486
0.02293740	0.00000000	10.26700592	13.75936604	0.00000000	8.36626434	0.00000000	6.24552965	11.66484547
0.02457580	0.00000000	10.39841366	13.69864559	0.00000000	8.33334923	0.00000000	6.26696301	11.81505489
0.02621420	0.00000000	10.30265713	13.77506256	0.00000000	8.41263771	0.00000000	6.25036335	11.67869568
0.02949100	0.00000000	10.10986519	13.43482304	0.00000000	8.31706524	0.00000000	6.19494724	11.64964771
0.03276780	0.00000000	10.12539768	13.45028591	0.00000000	8.38626575	0.00000000	6.21426105	11.40589905
0.03604460	0.00000000	10.15077496	13.58880329	0.00000000	8.37300110	0.00000000	6.22216177	11.59634876
0.03932140	0.00000000	10.21845436	13.45722294	0.00000000	8.36183739	0.00000000	6.22841024	11.62326622
0.04259820	0.00000000	10.18402195	13.59452438	0.00000000	8.32757664	0.00000000	6.23191643	11.47983742
0.04587500	0.00000000	10.19320297	13.58710670	0.00000000	8.41162300	0.00000000	6.22590733	11.59492588
0.04915180	0.00000000	10.16062450	13.53533173	0.00000000	8.44104481	0.00000000	6.25160313	11.64923382
0.05242860	0.00000000	10.19644260	13.74567986	0.00000000	8.44996643	0.00000000	6.24581194	11.71236038
0.05898220	0.00000000	10.07594872	13.35094738	0.00000000	8.25302410	0.00000000	6.19663239	11.47481251
0.06553581	0.00000000	10.04860210	13.42037106	0.00000000	8.31050110	0.00000000	6.19946003	11.56693172
0.07208940	0.00000000	10.06151390	13.43428802	0.00000000	8.30715179	0.00000000	6.19531250	11.48146534
0.07864300	0.00000000	10.08904266	13.45923901	0.00000000	8.35152245	0.00000000	6.21336365	11.62312412
0.08519660	0.00000000	10.11103249	13.49092579	0.00000000	8.35357475	0.00000000	6.23599815	11.56899929
0.09175020	0.00000000	10.09313011	13.44820404	0.00000000	8.34101582	0.00000000	6.24835682	11.67808819
0.09830380	0.00000000	10.13659573	13.50552750	0.00000000	8.34829140	0.00000000	6.26747274	11.53574944
0.10485740	0.00000000	10.07229519	13.50458431	0.00000000	8.36011887	0.00000000	6.26722622	11.63689137
0.11796460	0.00000000	10.24300289	13.76867485	0.00000000	8.49771023	0.00000000	6.31453323	11.74141788
0.13107181	0.00000000	10.20509338	13.75175190	0.00000000	8.46845436	0.00000000	6.30646086	11.82401276
0.14417900	0.00000000	10.19349861	13.77810097	0.00000000	8.46484756	0.00000000	6.32750034	11.86445713
0.15728620	0.00000000	10.17834663	13.81211281	0.00000000	8.50440979	0.00000000	6.34202147	11.80929661
0.17039341	0.00000000	10.22974014	13.80477238	0.00000000	8.49961376	0.00000000	6.31711674	11.81221485
0.18350060	0.00000000	10.19732666	13.79063606	0.00000000	8.48807049	0.00000000	6.32322502	11.82565117
0.19660780	0.00000000	10.16472912	13.80688286	0.00000000	8.51831245	0.00000000	6.34289742	11.90281773
0.20971501	0.00000000	10.16764736	13.83151054	0.00000000	8.49346638	0.00000000	6.33742476	11.99414253
0.23592941	0.00000000	10.36789608	14.35391808	0.00000000	8.67354298	0.00000000	6.39933014	12.28235435
0.26214382	0.00000000	10.34690189	14.41487789	0.00000000	8.67279148	0.00000000	6.40548849	12.27033901
0.28835821	0.00000000	10.26083946	14.49289703	0.00000000	8.65403461	0.00000000	6.39282179	12.29557514
0.31457260	0.00000000	10.19705772	14.41758537	0.00000000	8.63372231	0.00000000	6.38035917	12.26708031
0.34078699	0.00000000	10.18888378	14.35475349	0.00000000	8.66977310	0.00000000	6.37740564	12.04626560
0.36700141	0.00000000	10.12429047	14.07886410	0.00000000	8.66044331	0.00000000	6.39191723	12.14354897
0.39321581	0.00000000	10.20244884	13.87164688	0.00000000	8.67778397	0.00000000	6.38019705	12.00163078
0.41943020	0.00000000	10.25327969	13.55854511	0.00000000	8.70578003	0.00000000	6.37011528	11.80657101
0.47185901	0.00000000	10.77682495	11.46283817	0.00000000	8.94145298	0.00000000	6.47727919	12.42893314
0.52428782	0.00000000	10.61383438	0.00000000	0.00000000	8.82766342	0.00000000	6.47301388	11.75968361
0.57671660	0.00000000	9.38266277	0.00000000	0.00000000	8.65812492	0.00000000	6.46977282	0.00000000
0.62914538	0.00000000	0.00000000	0.00000000	0.00000000	8.53149891	0.00000000	6.39350891	0.00000000
0.68157423	0.00000000	0.00000000	0.00000000	0.00000000	8.31711960	0.00000000	6.31352758	0.00000000
0.73400301	0.00000000	0.00000000	0.00000000	0.00000000	0.00000000	0.00000000	6.18899441	0.00000000
0.78643179	0.00000000	0.00000000	0.00000000	0.00000000	0.00000000	0.00000000	6.13169527	0.00000000
0.83886063	0.00000000	0.00000000	0.00000000	0.00000000	0.00000000	0.00000000	6.09523153	0.00000000
0.94371825	0.00000000	0.00000000	0.00000000	0.00000000	0.00000000	0.00000000	0.00000000	0.00000000
1.04857588	0.00000000	0.00000000	0.00000000	0.00000000	0.00000000	0.00000000	0.00000000	0.00000000
1.15343344	0.00000000	0.00000000	0.00000000	0.00000000	0.00000000	0.00000000	0.00000000	0.00000000
1.25829101	0.00000000	0.00000000	0.00000000	0.00000000	0.00000000	0.00000000	0.00000000	0.00000000
1.36314869	0.00000000	0.00000000	0.00000000	0.00000000	0.00000000	0.00000000	0.00000000	0.00000000
1.46800625	0.00000000	0.00000000	0.00000000	0.00000000	0.00000000	0.00000000	0.00000000	0.00000000
1.57286382	0.00000000	0.00000000	0.00000000	0.00000000	0.00000000	0.00000000	0.00000000	0.00000000
1.67772150	0.00000000	0.00000000	0.00000000	0.00000000	0.00000000	0.00000000	0.00000000	0.00000000
1.88743675	0.00000000	0.00000000	0.00000000	0.00000000	0.00000000	0.00000000	0.00000000	0.00000000
2.09715199	0.00000000	0.00000000	0.00000000	0.00000000	0.00000000	0.00000000	0.00000000	0.00000000
2.30686712	0.00000000	0.00000000	0.00000000	0.00000000	0.00000000	0.00000000	0.00000000	0.00000000
2.51658225	0.00000000	0.00000000	0.00000000	0.00000000	0.00000000	0.00000000	0.00000000	0.00000000
2.72629738	0.00000000	0.00000000	0.00000000	0.00000000	0.00000000	0.00000000	0.00000000	0.00000000
2.93601274	0.00000000	0.00000000	0.00000000	0.00000000	0.00000000	0.00000000	1.92446089	0.00000000
3.14572787	0.00000000	0.02454615	0.00000000	0.00000000	2.02770901	0.00000000	3.09405994	0.00000000
3.35544300	0.00000000	4.81513691	1.39672327	0.00000000	4.39782286	0.00000000	3.03704190	3.62885308
3.77487350	0.00000000	0.00000000	0.00000000	0.00000000	0.00000000	0.00000000	0.00000000	0.00000000
4.19430399	0.00000000	0.00000000	0.00000000	0.00000000	0.00000000	0.00000000	0.00000000	0.00000000
4.61373425	0.00000000	0.00000000	0.00000000	0.00000000	0.00000000	0.00000000	0.00000000	0.00000000
5.03316450	0.00000000	0.00000000	0.00000000	0.00000000	0.00000000	0.00000000	0.00000000	0.00000000
5.45259476	0.00000000	0.00000000	0.00000000	0.00000000	0.00000000	0.00000000	0.00000000	0.00000000
5.87202549	0.00000000	0.00000000	0.00000000	0.00000000	0.00000000	0.00000000	0.00000000	0.00000000
6.29145575	0.00000000	0.00000000	0.00000000	0.00000000	0.00000000	0.00000000	0.00000000	0.00000000
6.71088600	0.00000000	0.00000000	0.00000000	0.00000000	0.00000000	0.00000000	0.00000000	0.00000000
7.54974699	0.00000000	0.00000000	0.00000000	0.00000000	0.00000000	0.00000000	0.00000000	0.00000000
8.38860798	0.00000000	0.00000000	0.00000000	0.00000000	0.00000000	0.00000000	0.00000000	0.00000000
9.22746849	0.00000000	0.00000000	0.00000000	0.00000000	0.00000000	0.00000000	0.00000000	0.00000000
10.06632900	0.00000000	0.00000000	0.00000000	0.00000000	0.00000000	0.00000000	0.00000000	0.00000000
10.90518951	0.00000000	0.00000000	0.00000000	0.00000000	0.00000000	0.00000000	0.00000000	0.00000000
11.74405098	0.00000000	0.00000000	0.00000000	0.00000000	0.00000000	0.00000000	0.00000000	0.00000000
12.58291149	0.00000000	0.00000000	0.00000000	0.00000000	0.00000000	0.00000000	0.00000000	0.00000000
13.42177200	0.00000000	0.00000000	0.00000000	0.00000000	0.00000000	0.00000000	0.00000000	0.00000000
15.09949398	0.00000000	0.00000000	0.00000000	0.00000000	0.00000000	0.00000000	0.00000000	0.00000000
16.77721596	0.00000000	0.00000000	0.00000000	0.00000000	0.00000000	0.00000000	0.00000000	0.00000000
18.45493698	0.00000000	0.00000000	0.00000000	0.00000000	0.00000000	0.00000000	0.00000000	0.00000000
20.13265800	0.00000000	0.00000000	0.00000000	0.00000000	0.00000000	0.00000000	0.00000000	0.00000000
21.81037903	0.00000000	0.00000000	0.00000000	0.00000000	0.00000000	0.00000000	0.00000000	0.00000000
23.48810196	0.00000000	0.00000000	0.00000000	0.00000000	0.00000000	0.00000000	0.00000000	0.00000000
25.16582298	0.00000000	0.00000000	0.00000000	0.00000000	0.00000000	0.00000000	0.00000000	0.00000000
26.84354401	0.00000000	0.00000000	0.00000000	0.00000000	0.00000000	0.00000000	0.00000000	0.00000000
30.19898796	0.00000000	0.00000000	0.00000000	0.00000000	0.00000000	0.00000000	0.00000000	0.00000000
33.55443192	0.00000000	0.00000000	0.00000000	0.00000000	0.00000000	0.00000000	0.00000000	0.00000000
36.90987396	0.00000000	0.00000000	0.00000000	0.00000000	0.00000000	0.00000000	0.00000000	0.00000000
40.26531601	0.00000000	0.00000000	0.00000000	0.00000000	0.00000000	0.00000000	0.00000000	0.00000000
43.62075806	0.00000000	0.00000000	0.00000000	0.00000000	0.00000000	0.00000000	0.00000000	0.00000000
46.97620392	0.00000000	0.00000000	0.00000000	0.00000000	0.00000000	0.00000000	0.00000000	0.00000000
50.33164597	0.00000000	0.00000000	0.00000000	0.00000000	0.00000000	0.00000000	0.00000000	0.00000000
53.68708801	0.00000000	0.00000000	0.00000000	0.00000000	0.00000000	0.00000000	0.00000000	0.00000000
60.39797592	0.00000000	0.00000000	0.00000000	0.00000000	0.00000000	0.00000000	0.00000000	0.00000000
67.10886383	0.00000000	0.00000000	0.00000000	0.00000000	0.00000000	0.00000000	0.00000000	0.00000000
73.81974792	0.00000000	0.00000000	0.00000000	0.00000000	0.00000000	0.00000000	0.00000000	0.00000000
80.53063202	0.00000000	0.00000000	0.00000000	0.00000000	0.00000000	0.00000000	0.00000000	0.00000000
87.24151611	0.00000000	0.00000000	0.00000000	0.00000000	0.00000000	0.00000000	0.00000000	0.00000000
93.95240784	0.00000000	0.00000000	0.00000000	0.00000000	0.00000000	0.00000000	0.00000000	0.00000000
100.66329193	0.00000000	0.00000000	0.00000000	0.00000000	0.00000000	0.00000000	0.00000000	0.00000000
107.37417603	0.00000000	0.00000000	0.00000000	0.00000000	0.00000000	0.00000000	0.00000000	0.00000000
120.79595184	0.00000000	0.00000000	0.00000000	0.00000000	0.00000000	0.00000000	0.00000000	0.00000000
134.21772766	0.00000000	0.00000000	0.00000000	0.00000000	0.00000000	0.00000000	0.00000000	0.00000000
147.63949585	0.00000000	0.00000000	0.00000000	0.00000000	0.00000000	0.00000000	0.00000000	0.00000000
161.06126404	0.00000000	0.00000000	0.00000000	0.00000000	0.00000000	0.00000000	0.00000000	0.00000000
174.48303223	0.00000000	0.00000000	0.00000000	0.00000000	0.00000000	0.00000000	0.00000000	0.00000000
187.90481567	0.00000000	0.00000000	0.00000000	0.00000000	0.00000000	0.00000000	0.00000000	0.00000000
201.32658386	0.00000000	0.00000000	0.00000000	0.00000000	0.00000000	0.00000000	0.00000000	0.00000000
214.74835205	0.00000000	0.00000000	0.00000000	0.00000000	0.00000000	0.00000000	0.00000000	0.00000000
241.59190369	0.00000000	0.00000000	0.00000000	0.00000000	0.00000000	0.00000000	0.00000000	0.00000000
268.43545532	0.00000000	0.00000000	0.00000000	0.00000000	0.00000000	0.00000000	0.00000000	0.00000000
295.27899170	0.00000000	0.00000000	0.00000000	0.00000000	0.00000000	0.00000000	0.00000000	0.00000000
322.12252808	0.00000000	0.00000000	0.00000000	0.00000000	0.00000000	0.00000000	0.00000000	0.00000000
348.96606445	0.00000000	0.00000000	0.00000000	0.00000000	0.00000000	0.00000000	0.00000000	0.00000000
375.80963135	0.00000000	0.00000000	0.00000000	0.00000000	0.00000000	0.00000000	0.00000000	0.00000000
402.65316772	0.00000000	0.00000000	0.00000000	0.00000000	0.00000000	0.00000000	0.00000000	0.00000000
429.49670410	0.00000000	0.00000000	0.00000000	0.00000000	0.00000000	0.00000000	0.00000000	0.00000000
483.18380737	0.00000000	0.00000000	0.00000000	0.00000000	0.00000000	0.00000000	0.00000000	0.00000000
536.87091064	0.00000000	0.00000000	0.00000000	0.00000000	0.00000000	0.00000000	0.00000000	0.00000000
590.55798340	0.00000000	0.00000000	0.00000000	0.00000000	0.00000000	0.00000000	0.00000000	0.00000000
644.24505615	0.00000000	0.00000000	0.00000000	0.00000000	0.00000000	0.00000000	0.00000000	0.00000000
697.93212891	0.00000000	0.00000000	0.00000000	0.00000000	0.00000000	0.00000000	0.00000000	0.00000000
751.61926270	0.00000000	0.00000000	0.00000000	0.00000000	0.00000000	0.00000000	0.00000000	0.00000000
805.30633545	0.00000000	0.00000000	0.00000000	0.00000000	0.00000000	0.00000000	0.00000000	0.00000000
858.99340820	0.00000000	0.00000000	0.00000000	0.00000000	0.00000000	0.00000000	0.00000000	0.00000000
966.36761475	0.00000000	0.00000000	0.00000000	0.00000000	0.00000000	0.00000000	0.00000000	0.00000000
1073.74182129	0.00000000	0.00000000	0.00000000	0.00000000	0.00000000	0.00000000	0.00000000	0.00000000
1181.11596680	0.00000000	0.00000000	0.00000000	0.00000000	0.00000000	0.00000000	0.00000000	0.00000000
1288.49011230	0.00000000	0.00000000	0.00000000	0.00000000	0.00000000	0.00000000	0.00000000	0.00000000
1395.86425781	0.00000000	0.00000000	0.00000000	0.00000000	0.00000000	0.00000000	0.00000000	0.00000000
1503.23852539	0.00000000	0.00000000	0.00000000	0.00000000	0.00000000	0.00000000	0.00000000	0.00000000
1610.61267090	0.00000000	0.00000000	0.00000000	0.00000000	0.00000000	0.00000000	0.00000000	0.00000000
1717.98681641	0.00000000	0.00000000	0.00000000	0.00000000	0.00000000	0.00000000	0.00000000	0.00000000
1932.73522949	0.00000000	0.00000000	0.00000000	0.00000000	0.00000000	0.00000000	0.00000000	0.00000000
2147.48364258	0.00000000	0.00000000	0.00000000	0.00000000	0.00000000	0.00000000	0.00000000	0.00000000
2362.23193359	0.00000000	0.00000000	0.00000000	0.00000000	0.00000000	0.00000000	0.00000000	0.00000000
2576.98022461	0.00000000	0.00000000	0.00000000	0.00000000	0.00000000	0.00000000	0.00000000	0.00000000
2791.72851562	0.00000000	0.00000000	0.00000000	0.00000000	0.00000000	0.00000000	0.00000000	0.00000000
3006.47705078	0.00000000	0.00000000	0.00000000	0.00000000	0.00000000	0.00000000	0.00000000	0.00000000
3221.22534180	0.00000000	0.00000000	0.00000000	0.00000000	0.00000000	0.00000000	0.00000000	0.00000000
3435.97363281	0.00000000	0.00000000	0.00000000	0.00000000	0.00000000	0.00000000	0.00000000	0.00000000
0	0	0	0	0	0	0	0	0
