%4/15/2015 2:02:39 PM
%Duration	ID1		ID2		ID3		ID4		ID5		ID6		ID7		ID8
3000.000000	4.711151	7.886887	12.254715	74.291229	65.355301	318.832397	91.142654	57.582855
%Tau		Tau1		Tau2		Tau3		Tau4		Tau5		Tau6		Tau7		Tau8
%		0.000003	0.000002	0.000009	0.000045	0.000032	0.000035	0.000038	0.000038
%Delaytime	D1		D2		D3		D4		D5		D6		D7		D8
0.00000000	5.81623554	8.75962830	6.82429314	2.24057961	2.20495319	1.42798901	1.84705281	2.38531709
0.00000020	1.68364716	2.72650671	1.94636524	1.56178343	1.56289446	1.44559717	1.48583889	1.43601549
0.00000040	2.14282370	1.68231273	1.63398564	1.55319881	1.48535955	1.44126177	1.50351787	1.44126022
0.00000060	1.37752950	1.21822643	1.48981047	1.52253950	1.44789886	1.44212890	1.48503530	1.40454698
0.00000080	2.14282370	0.75414020	1.27354765	1.47593749	1.44789886	1.44216228	1.39985466	1.40664482
0.00000100	1.83670604	1.91435587	1.27354765	1.47041881	1.40521109	1.44746470	1.41271210	1.42342806
0.00000120	0.91835302	1.45026958	1.58592725	1.51211536	1.46183777	1.43239105	1.40588164	1.45384765
0.00000140	1.37752950	1.97236657	1.24951851	1.52744496	1.43831587	1.43305802	1.45690954	1.41923225
0.00000160	0.76529419	1.68231273	1.29757690	1.44527817	1.51759315	1.43322480	1.44204319	1.37098050
0.00000180	1.07141185	1.50828040	1.63398564	1.46060777	1.50713909	1.43642628	1.46333826	1.36258888
0.00000200	0.61223531	1.33424807	1.46578121	1.51947355	1.48187482	1.43322480	1.43762338	1.40140009
0.00000220	1.53058839	1.50828040	1.36966443	1.44098580	1.45399714	1.45336735	1.42235518	1.34475660
0.00000240	1.98976481	1.62430191	1.65801489	1.40971339	1.52804732	1.42798901	1.46454370	1.38461685
0.00000260	1.83670604	1.04419410	1.46578121	1.48452199	1.46009541	1.44289589	1.41954267	1.38461685
0.00000280	0.61223531	2.03037739	1.68204403	1.47287154	1.45138359	1.42372048	1.42958748	1.41818333
0.00000300	1.68364716	1.74032354	1.73010242	1.47287154	1.42524827	1.44316268	1.44284678	1.42552602
0.00000340	1.22447062	1.16021562	1.52585423	1.48605502	1.44267178	1.43249106	1.44385123	1.45856798
0.00000380	1.30100012	1.42126417	1.28556228	1.45447588	1.42699063	1.42021883	1.41452014	1.37465179
0.00000420	1.53058839	1.21822643	1.34563529	1.45938146	1.48231041	1.42138600	1.41532373	1.41923225
0.00000460	1.45405889	0.98618329	1.32160604	1.43454742	1.45181918	1.41369915	1.42135072	1.42709935
0.00000500	1.30100012	1.62430191	1.50182509	1.45447588	1.41348732	1.41585016	1.43059194	1.33007133
0.00000540	1.45405889	1.33424807	1.30959141	1.49402642	1.44572091	1.41745090	1.42456508	1.40769374
0.00000580	0.91835302	1.42126417	1.24951851	1.45447588	1.43700910	1.41565001	1.41833723	1.35052586
0.00000620	1.07141185	1.50828040	1.46578121	1.44466496	1.39911282	1.40114343	1.38498819	1.42290354
0.00000700	1.10967648	1.37775612	1.30358422	1.42381668	1.41849661	1.40441990	1.41522336	1.40428472
0.00000780	1.41579425	1.42126417	1.47779584	1.44021940	1.40891361	1.39442360	1.40347087	1.36599791
0.00000860	1.45405889	1.21822643	1.33962798	1.42872214	1.37232411	1.38894618	1.38759995	1.36730909
0.00000940	1.30100012	1.46477222	1.32160604	1.41952431	1.37210631	1.37392259	1.37504375	1.34737909
0.00001020	1.03314710	1.31974530	1.32160604	1.44374514	1.38931215	1.36976230	1.38699722	1.36258888
0.00001100	1.26273537	1.20372379	1.44175208	1.43715346	1.38539183	1.36258399	1.37695229	1.34265876
0.00001180	1.30100012	1.16021562	1.27354765	1.43837976	1.37341309	1.35250437	1.36449671	1.34606791
0.00001260	1.49232364	1.45026958	1.32761335	1.38595247	1.35076249	1.33531320	1.34330201	1.33452940
0.00001420	1.37752950	1.33424807	1.33962798	1.39154780	1.34281301	1.32317007	1.34897733	1.32325315
0.00001580	0.91835302	1.48652637	1.32460976	1.37138927	1.33148766	1.30831325	1.34194589	1.30528986
0.00001740	1.26273537	1.08770216	1.27054405	1.36019862	1.29108667	1.29178071	1.30633676	1.29191566
0.00001900	1.28186774	1.18196976	1.21047103	1.36487424	1.28923547	1.27722812	1.30869734	1.26228285
0.00002060	1.14794123	1.26173449	1.21647835	1.31627929	1.27388096	1.25786090	1.30362475	1.28195059
0.00002220	1.18620598	1.30524266	1.27655137	1.33329511	1.27812791	1.24190366	1.27790976	1.25625134
0.00002380	1.10967648	1.18196976	1.14439070	1.31827211	1.27322757	1.23147798	1.25922632	1.26031601
0.00002540	1.12880886	1.13846159	1.17743087	1.31091392	1.22117460	1.22039795	1.26495194	1.25848031
0.00002860	1.10170066	1.20084524	1.16788554	1.28154528	1.20406330	1.19460964	1.24122930	1.21754301
0.00003180	1.31246078	1.12828660	1.15128779	1.26546514	1.19827473	1.17302477	1.22106493	1.20438075
0.00003500	1.15918076	1.28065979	1.12110984	1.23246264	1.17612898	1.15660894	1.21114635	1.18054461
0.00003820	1.07296062	1.32419491	1.13468993	1.22925222	1.15392852	1.14038503	1.18108869	1.16325676
0.00004140	1.12086070	1.03758836	1.17090344	1.21803451	1.12921906	1.12775517	1.17746353	1.15356517
0.00004460	1.13044071	1.14642632	1.08187854	1.20739090	1.13974655	1.11390674	1.17031419	1.13935518
0.00004780	1.12086070	1.12828660	1.02152264	1.19636452	1.10881269	1.10527229	1.15644324	1.14150929
0.00005100	0.96758062	1.07023978	1.03661168	1.17052138	1.11819458	1.09668624	1.15392590	1.13627064
0.00005740	1.04467344	1.15186822	1.10640156	1.15739536	1.08745551	1.07894850	1.13448870	1.10692143
0.00006380	1.09259427	1.09019339	1.07243967	1.14553475	1.08273685	1.06913590	1.11961854	1.08714449
0.00007020	1.10217845	1.07749557	1.05885494	1.12974036	1.07875454	1.05875444	1.10336578	1.08256042
0.00007660	0.91049528	1.09019339	1.06866610	1.11536086	1.06592917	1.05324495	1.09578621	1.08520615
0.00008300	0.95362395	1.18996143	1.03998721	1.10471022	1.04713631	1.04756117	1.09632635	1.07705307
0.00008940	0.93924773	1.00493693	0.99017656	1.09229529	1.04659653	1.04304683	1.07803249	1.08075309
0.00009580	0.96320814	1.02126265	1.02489316	1.09335196	1.04324162	1.03648865	1.07680058	1.06280982
0.00010220	1.09738636	1.11196089	1.01511097	1.09384918	1.04321432	1.03311980	1.08286738	1.05698156
0.00011500	1.04099810	1.01668251	0.99602014	1.09000552	1.02694058	1.02795875	1.06541014	1.05632269
0.00012780	1.02432036	0.97496319	0.99526590	1.07688034	1.02741182	1.02479362	1.06126475	1.04477489
0.00014060	1.06739926	1.07563376	1.04014528	1.06137896	1.02410102	1.02056193	1.05264890	1.03876960
0.00015340	1.00517428	1.05296028	1.01072848	1.06096292	1.01627493	1.01666629	1.04177451	1.03228319
0.00016620	1.13919747	1.07749557	1.02468264	1.05170619	1.01107836	1.01294148	1.04085553	1.03999817
0.00017900	1.09611857	1.00493693	1.03637385	1.04266930	1.01291776	1.01224875	1.04001343	1.02866316
0.00019180	1.02671373	0.98589033	1.03527212	1.04400814	1.01297224	1.00856256	1.03292465	1.03442895
0.00020460	0.97166842	1.00221598	1.04620945	1.03389060	1.00268567	1.00858629	1.03036308	1.02992451
0.00023020	1.02268052	0.97360039	1.02228630	1.03006160	1.00657105	1.00741160	1.02845919	1.02291453
0.00025580	1.02148437	1.00350153	1.00292361	1.02461708	1.00722718	1.00669265	1.02582407	1.01648116
0.00028140	0.99636590	1.01759136	0.97148216	1.02485144	1.00147438	1.00579882	1.02293825	1.00844753
0.00030700	1.04421067	0.96820688	0.99175870	1.02455962	1.00501919	1.00471282	1.02211535	1.01284838
0.00033260	0.99277759	0.99172235	0.99342459	1.01823545	1.00682163	1.00304174	1.01829851	1.00775301
0.00035820	1.00713098	1.01029730	1.01937461	1.01825452	1.00358033	1.00150239	1.01745176	1.01142073
0.00038380	1.02746499	1.02298272	0.98850161	1.01484346	1.00368118	1.00286615	1.02033436	1.00127709
0.00040940	0.99995428	1.01251757	0.98191285	1.01465678	1.00527382	1.00272107	1.01471043	1.00951338
0.00046060	1.00940490	1.02193916	1.00211155	1.01374650	1.00724924	1.00133824	1.01411211	1.00811172
0.00051180	0.96028250	1.02691972	1.00910151	1.01501679	1.00222361	1.00225139	1.01476014	1.00989854
0.00056300	0.98005122	1.01741123	1.00442672	1.01293397	0.99986398	1.00084364	1.01369274	1.00794578
0.00061420	1.00274277	0.98616898	1.01204669	1.01006627	1.00047922	0.99829292	1.00950563	1.00367475
0.00066540	1.00820673	1.03167403	0.99533004	1.00454378	0.99770099	1.00084651	1.00597465	1.00290012
0.00071660	1.00274277	0.99816781	0.99156702	1.00676095	1.00039220	0.99908090	1.00419271	1.00083768
0.00076780	1.04107940	1.00699711	0.99307221	1.00685024	1.00794506	0.99939358	1.00650787	1.00544274
0.00081900	0.97039628	0.99296075	1.00812447	1.00590777	1.00140011	1.00063848	1.00626028	0.99727190
0.00092140	1.00113058	0.99710429	0.99971277	1.00176048	0.99891406	1.00243223	1.00007021	1.00172198
0.00102380	0.99783939	0.98489207	0.99554527	1.00433981	1.00075912	1.00175476	1.00349951	1.00034320
0.00112620	1.03052688	0.99054587	1.00324035	0.99753106	1.00155425	0.99963742	1.00235760	1.00481284
0.00122860	0.99402159	0.99925274	1.00794375	0.99774390	1.00138819	0.99788725	1.00254989	1.00175118
0.00133100	0.99319565	0.98817128	1.00244081	1.00141430	1.00043070	1.00035334	1.00198853	1.00116134
0.00143340	0.98212355	0.99450356	0.98972285	1.00262165	1.00287378	1.00120878	1.00052047	0.99801284
0.00153580	0.99013168	1.01682472	0.99406868	1.00358748	1.00407398	1.00203717	1.00512660	0.99702901
0.00163820	1.01676261	1.00363874	0.99606264	1.00389826	0.99720573	1.00052071	1.00201857	1.00224423
0.00184300	1.00174844	0.99074608	0.99425793	1.00242412	0.99962229	1.00006068	1.00342941	0.99986857
0.00204780	0.98216206	1.00017750	1.00228441	1.00486839	0.99963063	0.99938256	1.00211835	1.00392151
0.00225260	1.00817370	1.00742984	0.99443740	1.00293028	1.00230885	0.99977446	1.00295806	1.00303996
0.00245740	1.02237964	1.01228631	0.99464893	1.00099039	0.99824327	0.99855715	1.00151169	1.00176787
0.00266220	1.00480688	0.98933423	0.99468243	0.99784225	1.00052762	1.00015569	1.00197065	1.00067151
0.00286700	0.98701084	0.99118543	0.99101955	1.00272012	1.00088060	1.00081241	1.00134540	1.00110531
0.00307180	1.01430464	1.00811696	0.99838382	1.00166357	0.99624193	0.99875087	1.00427628	1.00086391
0.00327660	1.00869894	1.00271547	1.00989223	1.00242662	1.00137973	0.99937242	1.00269127	1.00292420
0.00368620	0.99388695	0.99220198	1.00133288	1.00388324	1.00259757	1.00115144	1.00056517	1.00004947
0.00409580	1.00502682	1.01114023	0.99614912	1.00435925	1.00027275	0.99975759	1.00023139	0.99897635
0.00450540	0.99171841	1.00380695	1.00556684	0.99763018	0.99966437	1.00024211	1.00128245	1.00090611
0.00491500	1.00361049	0.99062347	1.00203872	1.00164890	0.99736583	0.99950725	1.00149083	0.99851668
0.00532460	1.01086533	1.01645410	1.00427508	1.00045812	0.99954349	1.00009143	1.00429869	1.00008821
0.00573420	0.99815208	1.01102221	0.99874938	1.00273812	1.00092912	1.00037062	1.00047314	1.00208402
0.00614380	0.99822950	0.98761845	0.99470472	1.00084281	1.00183177	1.00029993	1.00129306	0.99994272
0.00655340	0.99584556	1.00144029	1.00139952	1.00016177	1.00007176	1.00148678	1.00184667	1.00366211
0.00737260	0.99134511	0.99817014	0.99929661	1.00086045	0.99892694	1.00038064	0.99964893	1.00012410
0.00819180	1.00120246	0.98904312	0.99674523	1.00118971	1.00086939	0.99950320	0.99926311	0.99752730
0.00901100	0.99779987	1.00533056	1.00461996	1.00059795	1.00080633	0.99923211	1.00082266	0.99940294
0.00983020	1.00456083	1.00281465	1.00326502	1.00111437	1.00100327	1.00060272	1.00091255	0.99869335
0.01064940	1.00747347	0.99702805	1.00298858	0.99891609	1.00079548	1.00012505	1.00116408	0.99920332
0.01146860	1.01019979	0.99447006	1.00204694	1.00117433	1.00027227	0.99935198	1.00066352	1.00099182
0.01228780	0.98972249	1.00521159	0.99722588	1.00183690	1.00080490	0.99912554	1.00036228	1.00062656
0.01310700	0.99727404	0.99800396	0.99862796	1.00044048	0.99963868	0.99934447	1.00078547	0.99799681
0.01474540	1.00185633	0.99897081	0.99746943	0.99907577	1.00025058	0.99938238	1.00014722	0.99928260
0.01638380	1.00404203	0.99707419	1.00239182	1.00028694	1.00068414	1.00028265	0.99972934	1.00095236
0.01802220	0.99912888	1.00301039	0.99623901	0.99899882	0.99953228	1.00060380	1.00101435	0.99972075
0.01966060	1.00185156	1.00087023	0.99778438	0.99912786	0.99978203	1.00085151	1.00144625	1.00029898
0.02129900	0.99483633	0.99502653	0.99608451	1.00057232	1.00042462	1.00046480	1.00104189	1.00057435
0.02293740	1.00451231	0.99702805	1.00104976	1.00001848	0.99978769	0.99931765	1.00129282	1.00008237
0.02457580	0.98838222	0.99498230	1.00182891	0.99988556	0.99976659	1.00089324	1.00102150	1.00041533
0.02621420	1.00332069	0.99958634	1.00156963	1.00017655	1.00068808	1.00039911	1.00065315	1.00048935
0.02949100	0.99881953	1.00165975	0.99960244	0.99909842	1.00035191	1.00028515	1.00057149	1.00006795
0.03276780	1.00093734	0.99957454	0.99826956	1.00063550	1.00056338	1.00004148	1.00175130	0.99945217
0.03604460	0.99995083	0.99737895	0.99883789	1.00026953	1.00084162	1.00014496	1.00058591	0.99934620
0.03932140	0.99214524	0.99934989	0.99837351	1.00035644	0.99976498	0.99998933	1.00025558	1.00049043
0.04259820	0.99869949	1.00112581	1.00145769	0.99883974	0.99976337	0.99996960	1.00021291	1.00004411
0.04587500	0.99605471	0.99965006	0.99882889	0.99999285	1.00007391	1.00030017	0.99894208	1.00023925
0.04915180	1.00139332	0.99643296	0.99842787	1.00054610	1.00031257	1.00048971	1.00005817	0.99914837
0.05242860	0.99915886	0.99810404	1.00320113	1.00023353	1.00082731	1.00026441	0.99932545	0.99994308
0.05898220	0.99603516	1.00055778	1.00155354	0.99906325	0.99970281	1.00012481	1.00079894	1.00017178
0.06553581	0.99986506	1.00144053	1.00144684	1.00042760	0.99950129	1.00037837	1.00012803	1.00012231
0.07208940	0.99903327	0.99827021	1.00164318	0.99974531	1.00064743	1.00004196	0.99999332	0.99956137
0.07864300	0.99936509	1.00041866	1.00000453	0.99920046	0.99993092	1.00022316	1.00086510	1.00003481
0.08519660	1.00012267	1.00169015	0.99862266	1.00014400	1.00017297	0.99990523	1.00041270	1.00036299
0.09175020	0.99643320	0.99943566	1.00099444	1.00113475	0.99982971	1.00061107	1.00005710	0.99921024
0.09830380	0.99935412	1.00007975	1.00095510	1.00083721	1.00043273	1.00050139	1.00007999	1.00061643
0.10485740	0.99984682	0.99892509	1.00129235	0.99994564	1.00031269	1.00013316	1.00122356	0.99963284
0.11796460	0.99791402	0.99977732	1.00126410	0.99992454	0.99969959	1.00022709	1.00080633	1.00026441
0.13107181	1.00069249	1.00147951	0.99924123	1.00133371	1.00076187	1.00003946	1.00079846	1.00035715
0.14417900	0.99783039	0.99917883	0.99984014	0.99981052	0.99990368	1.00030506	1.00042760	0.99968517
0.15728620	1.00210345	0.99970365	1.00002682	1.00078404	1.00034833	1.00010026	1.00039983	1.00027931
0.17039341	1.00090182	0.99927700	1.00151217	0.99993545	1.00030696	1.00005686	1.00013328	0.99972761
0.18350060	0.99902868	0.99903876	1.00022578	1.00021291	1.00044525	1.00035727	0.99998760	0.99961740
0.19660780	1.00416517	1.00219452	1.00029624	1.00057578	0.99988651	1.00002396	1.00000465	1.00022066
0.20971501	0.99969983	0.99867386	0.99969023	0.99958557	1.00018418	1.00007164	1.00036824	1.00058305
0.23592941	0.99885404	1.00078356	0.99983484	1.00003541	1.00005376	1.00018585	1.00071490	1.00018907
0.26214382	1.00080812	1.00014794	1.00022280	1.00019598	1.00037932	1.00021768	1.00045407	1.00032866
0.28835821	1.00202668	1.00005221	0.99974966	1.00035393	1.00059319	0.99993855	1.00029695	1.00000238
0.31457260	0.99863595	1.00118041	1.00028956	1.00003684	0.99999660	1.00006199	0.99996388	0.99985218
0.34078699	1.00130856	0.99920321	1.00039256	0.99990100	1.00005746	1.00012553	1.00027680	1.00006616
0.36700141	0.99885255	0.99974573	1.00088918	1.00051153	1.00026405	1.00013673	1.00004900	1.00037956
0.39321581	1.00059462	1.00004375	1.00059938	1.00045729	0.99992150	0.99999994	0.99993968	1.00006986
0.41943020	1.00115669	1.00096035	1.00014246	1.00042915	1.00007677	1.00010622	1.00059521	1.00030613
0.47185901	1.00091565	0.99913019	0.99981046	0.99999660	1.00027430	1.00013459	1.00036585	1.00013959
0.52428782	0.99889445	1.00063205	0.99995631	1.00014603	1.00013340	1.00002801	1.00026822	0.99996454
0.57671660	1.00065720	1.00059128	1.00011384	0.99981189	1.00012898	1.00001192	0.99988848	1.00020671
0.62914538	0.99995685	0.99958575	0.99991035	0.99977273	1.00000644	1.00002980	0.99986988	1.00030160
0.68157423	0.99938965	1.00045419	0.99991989	0.99986732	0.99985611	1.00005984	0.99994206	1.00006700
0.73400301	1.00040066	0.99999344	1.00078237	0.99999303	1.00004780	1.00002158	1.00000560	1.00007045
0.78643179	1.00056458	0.99967617	0.99999279	0.99990094	1.00009263	1.00001252	0.99992418	0.99986786
0.83886063	0.99912745	1.00073969	0.99971098	0.99961412	0.99975020	0.99985862	0.99984324	1.00020981
0.94371825	0.99913186	0.99958313	1.00015807	0.99988228	0.99998301	0.99996471	0.99969655	1.00009775
1.04857588	0.99973232	0.99982035	0.99999017	0.99980098	0.99985915	0.99996006	0.99978298	1.00016713
1.15343344	1.00039506	0.99991858	1.00010407	0.99973613	0.99976403	0.99995297	0.99981779	1.00002205
1.25829101	0.99937963	0.99949819	1.00019836	0.99998796	0.99978024	0.99994338	0.99971765	1.00003016
1.36314869	0.99973541	1.00039268	1.00003135	0.99966764	0.99991208	0.99992126	0.99945951	0.99996960
1.46800625	0.99971092	0.99985361	0.99995118	0.99976617	0.99973673	0.99992096	0.99968928	0.99993050
1.57286382	1.00009489	0.99988413	0.99973899	0.99996579	0.99999511	0.99986678	0.99970871	0.99999356
1.67772150	0.99960828	1.00029552	0.99985558	0.99999636	0.99985677	1.00001347	1.00004077	0.99993420
1.88743675	1.00001681	0.99976212	0.99964082	0.99997473	1.00009894	0.99998695	0.99963033	0.99995762
2.09715199	0.99992466	1.00006008	0.99961680	1.00005651	1.00016570	0.99988854	0.99968362	0.99997371
2.30686712	1.00009847	0.99990666	0.99998742	1.00007617	1.00009763	0.99999952	0.99985921	0.99986446
2.51658225	1.00040352	0.99992782	0.99984699	0.99993300	1.00009060	0.99991709	1.00003421	1.00001729
2.72629738	0.99988925	0.99994898	0.99988413	0.99971998	0.99993771	0.99984378	1.00037229	1.00004911
2.93601274	1.00010836	1.00009930	0.99995834	0.99985981	0.99974620	0.99991828	1.00020754	1.00000787
3.14572787	0.99995393	1.00021088	0.99996096	0.99974024	0.99981672	0.99980968	1.00013375	1.00000441
3.35544300	0.99996209	1.00006127	1.00005472	1.00012994	0.99972087	0.99997056	1.00016487	0.99996531
3.77487350	0.99967581	0.99991733	1.00001669	1.00018001	1.00005782	1.00021935	0.99988198	1.00007904
4.19430399	0.99959689	0.99966174	0.99997824	0.99997991	1.00009608	0.99998063	1.00008178	0.99992269
4.61373425	0.99984014	1.00008523	1.00000560	1.00000238	0.99999487	1.00003159	0.99993557	0.99999034
5.03316450	1.00000000	1.00000000	1.00000000	1.00000000	1.00000000	1.00000000	1.00000000	1.00000000
5.45259476	0.00000000	0.00000000	0.00000000	0.00000000	0.00000000	0.00000000	0.00000000	0.00000000
5.87202549	0.00000000	0.00000000	0.00000000	0.00000000	0.00000000	0.00000000	0.00000000	0.00000000
6.29145575	0.00000000	0.00000000	0.00000000	0.00000000	0.00000000	0.00000000	0.00000000	0.00000000
6.71088600	0.00000000	0.00000000	0.00000000	0.00000000	0.00000000	0.00000000	0.00000000	0.00000000
7.54974699	0.00000000	0.00000000	0.00000000	0.00000000	0.00000000	0.00000000	0.00000000	0.00000000
8.38860798	0.00000000	0.00000000	0.00000000	0.00000000	0.00000000	0.00000000	0.00000000	0.00000000
9.22746849	0.00000000	0.00000000	0.00000000	0.00000000	0.00000000	0.00000000	0.00000000	0.00000000
10.06632900	0.00000000	0.00000000	0.00000000	0.00000000	0.00000000	0.00000000	0.00000000	0.00000000
10.90518951	0.00000000	0.00000000	0.00000000	0.00000000	0.00000000	0.00000000	0.00000000	0.00000000
11.74405098	0.00000000	0.00000000	0.00000000	0.00000000	0.00000000	0.00000000	0.00000000	0.00000000
12.58291149	0.00000000	0.00000000	0.00000000	0.00000000	0.00000000	0.00000000	0.00000000	0.00000000
13.42177200	0.00000000	0.00000000	0.00000000	0.00000000	0.00000000	0.00000000	0.00000000	0.00000000
15.09949398	0.00000000	0.00000000	0.00000000	0.00000000	0.00000000	0.00000000	0.00000000	0.00000000
16.77721596	0.00000000	0.00000000	0.00000000	0.00000000	0.00000000	0.00000000	0.00000000	0.00000000
18.45493698	0.00000000	0.00000000	0.00000000	0.00000000	0.00000000	0.00000000	0.00000000	0.00000000
20.13265800	0.00000000	0.00000000	0.00000000	0.00000000	0.00000000	0.00000000	0.00000000	0.00000000
21.81037903	0.00000000	0.00000000	0.00000000	0.00000000	0.00000000	0.00000000	0.00000000	0.00000000
23.48810196	0.00000000	0.00000000	0.00000000	0.00000000	0.00000000	0.00000000	0.00000000	0.00000000
25.16582298	0.00000000	0.00000000	0.00000000	0.00000000	0.00000000	0.00000000	0.00000000	0.00000000
26.84354401	0.00000000	0.00000000	0.00000000	0.00000000	0.00000000	0.00000000	0.00000000	0.00000000
30.19898796	0.00000000	0.00000000	0.00000000	0.00000000	0.00000000	0.00000000	0.00000000	0.00000000
33.55443192	0.00000000	0.00000000	0.00000000	0.00000000	0.00000000	0.00000000	0.00000000	0.00000000
36.90987396	0.00000000	0.00000000	0.00000000	0.00000000	0.00000000	0.00000000	0.00000000	0.00000000
40.26531601	0.00000000	0.00000000	0.00000000	0.00000000	0.00000000	0.00000000	0.00000000	0.00000000
43.62075806	0.00000000	0.00000000	0.00000000	0.00000000	0.00000000	0.00000000	0.00000000	0.00000000
46.97620392	0.00000000	0.00000000	0.00000000	0.00000000	0.00000000	0.00000000	0.00000000	0.00000000
50.33164597	0.00000000	0.00000000	0.00000000	0.00000000	0.00000000	0.00000000	0.00000000	0.00000000
53.68708801	0.00000000	0.00000000	0.00000000	0.00000000	0.00000000	0.00000000	0.00000000	0.00000000
60.39797592	0.00000000	0.00000000	0.00000000	0.00000000	0.00000000	0.00000000	0.00000000	0.00000000
67.10886383	0.00000000	0.00000000	0.00000000	0.00000000	0.00000000	0.00000000	0.00000000	0.00000000
73.81974792	0.00000000	0.00000000	0.00000000	0.00000000	0.00000000	0.00000000	0.00000000	0.00000000
80.53063202	0.00000000	0.00000000	0.00000000	0.00000000	0.00000000	0.00000000	0.00000000	0.00000000
87.24151611	0.00000000	0.00000000	0.00000000	0.00000000	0.00000000	0.00000000	0.00000000	0.00000000
93.95240784	0.00000000	0.00000000	0.00000000	0.00000000	0.00000000	0.00000000	0.00000000	0.00000000
100.66329193	0.00000000	0.00000000	0.00000000	0.00000000	0.00000000	0.00000000	0.00000000	0.00000000
107.37417603	0.00000000	0.00000000	0.00000000	0.00000000	0.00000000	0.00000000	0.00000000	0.00000000
120.79595184	0.00000000	0.00000000	0.00000000	0.00000000	0.00000000	0.00000000	0.00000000	0.00000000
134.21772766	0.00000000	0.00000000	0.00000000	0.00000000	0.00000000	0.00000000	0.00000000	0.00000000
147.63949585	0.00000000	0.00000000	0.00000000	0.00000000	0.00000000	0.00000000	0.00000000	0.00000000
161.06126404	0.00000000	0.00000000	0.00000000	0.00000000	0.00000000	0.00000000	0.00000000	0.00000000
174.48303223	0.00000000	0.00000000	0.00000000	0.00000000	0.00000000	0.00000000	0.00000000	0.00000000
187.90481567	0.00000000	0.00000000	0.00000000	0.00000000	0.00000000	0.00000000	0.00000000	0.00000000
201.32658386	0.00000000	0.00000000	0.00000000	0.00000000	0.00000000	0.00000000	0.00000000	0.00000000
214.74835205	0.00000000	0.00000000	0.00000000	0.00000000	0.00000000	0.00000000	0.00000000	0.00000000
241.59190369	0.00000000	0.00000000	0.00000000	0.00000000	0.00000000	0.00000000	0.00000000	0.00000000
268.43545532	0.00000000	0.00000000	0.00000000	0.00000000	0.00000000	0.00000000	0.00000000	0.00000000
295.27899170	0.00000000	0.00000000	0.00000000	0.00000000	0.00000000	0.00000000	0.00000000	0.00000000
322.12252808	0.00000000	0.00000000	0.00000000	0.00000000	0.00000000	0.00000000	0.00000000	0.00000000
348.96606445	0.00000000	0.00000000	0.00000000	0.00000000	0.00000000	0.00000000	0.00000000	0.00000000
375.80963135	0.00000000	0.00000000	0.00000000	0.00000000	0.00000000	0.00000000	0.00000000	0.00000000
402.65316772	0.00000000	0.00000000	0.00000000	0.00000000	0.00000000	0.00000000	0.00000000	0.00000000
429.49670410	0.00000000	0.00000000	0.00000000	0.00000000	0.00000000	0.00000000	0.00000000	0.00000000
483.18380737	0.00000000	0.00000000	0.00000000	0.00000000	0.00000000	0.00000000	0.00000000	0.00000000
536.87091064	0.00000000	0.00000000	0.00000000	0.00000000	0.00000000	0.00000000	0.00000000	0.00000000
590.55798340	0.00000000	0.00000000	0.00000000	0.00000000	0.00000000	0.00000000	0.00000000	0.00000000
644.24505615	0.00000000	0.00000000	0.00000000	0.00000000	0.00000000	0.00000000	0.00000000	0.00000000
697.93212891	0.00000000	0.00000000	0.00000000	0.00000000	0.00000000	0.00000000	0.00000000	0.00000000
751.61926270	0.00000000	0.00000000	0.00000000	0.00000000	0.00000000	0.00000000	0.00000000	0.00000000
805.30633545	0.00000000	0.00000000	0.00000000	0.00000000	0.00000000	0.00000000	0.00000000	0.00000000
858.99340820	0.00000000	0.00000000	0.00000000	0.00000000	0.00000000	0.00000000	0.00000000	0.00000000
966.36761475	0.00000000	0.00000000	0.00000000	0.00000000	0.00000000	0.00000000	0.00000000	0.00000000
1073.74182129	0.00000000	0.00000000	0.00000000	0.00000000	0.00000000	0.00000000	0.00000000	0.00000000
1181.11596680	0.00000000	0.00000000	0.00000000	0.00000000	0.00000000	0.00000000	0.00000000	0.00000000
1288.49011230	0.00000000	0.00000000	0.00000000	0.00000000	0.00000000	0.00000000	0.00000000	0.00000000
1395.86425781	0.00000000	0.00000000	0.00000000	0.00000000	0.00000000	0.00000000	0.00000000	0.00000000
1503.23852539	0.00000000	0.00000000	0.00000000	0.00000000	0.00000000	0.00000000	0.00000000	0.00000000
1610.61267090	0.00000000	0.00000000	0.00000000	0.00000000	0.00000000	0.00000000	0.00000000	0.00000000
1717.98681641	0.00000000	0.00000000	0.00000000	0.00000000	0.00000000	0.00000000	0.00000000	0.00000000
1932.73522949	0.00000000	0.00000000	0.00000000	0.00000000	0.00000000	0.00000000	0.00000000	0.00000000
2147.48364258	0.00000000	0.00000000	0.00000000	0.00000000	0.00000000	0.00000000	0.00000000	0.00000000
2362.23193359	0.00000000	0.00000000	0.00000000	0.00000000	0.00000000	0.00000000	0.00000000	0.00000000
2576.98022461	0.00000000	0.00000000	0.00000000	0.00000000	0.00000000	0.00000000	0.00000000	0.00000000
2791.72851562	0.00000000	0.00000000	0.00000000	0.00000000	0.00000000	0.00000000	0.00000000	0.00000000
3006.47705078	0.00000000	0.00000000	0.00000000	0.00000000	0.00000000	0.00000000	0.00000000	0.00000000
3221.22534180	0.00000000	0.00000000	0.00000000	0.00000000	0.00000000	0.00000000	0.00000000	0.00000000
3435.97363281	0.00000000	0.00000000	0.00000000	0.00000000	0.00000000	0.00000000	0.00000000	0.00000000
0	0	0	0	0	0	0	0	0
