%4/14/2015 2:48:21 PM
%Duration	ID1		ID2		ID3		ID4		ID5		ID6		ID7		ID8
3000.000000	2.880096	3.910065	4.730225	4.024506	8.506775	39.415359	54.025650	38.776398
%Tau		Tau1		Tau2		Tau3		Tau4		Tau5		Tau6		Tau7		Tau8
%		0.000002	0.000012	0.000017	0.000004	1.048576	1.468006	1.887437	1.677722
%Delaytime	D1		D2		D3		D4		D5		D6		D7		D8
0.00000000	0.00000000	0.00000000	25.75336838	0.00000000	4.45431900	3.13130331	2.82215381	2.84370899
0.00000020	83.77501678	27.06340599	25.75336838	0.00000000	3.23950481	6.17797709	4.07889414	3.79161191
0.00000040	0.00000000	0.00000000	12.87668419	0.00000000	4.04938078	6.05103207	3.86943746	4.09216642
0.00000060	83.77501678	0.00000000	0.00000000	0.00000000	4.45431900	5.58556843	3.83636546	4.43896055
0.00000080	0.00000000	13.53170300	25.75336838	0.00000000	3.23950481	6.13566208	3.79226923	4.25400352
0.00000100	0.00000000	13.53170300	12.87668419	0.00000000	2.83456659	5.88177252	3.86943746	4.23088408
0.00000120	0.00000000	13.53170300	0.00000000	144.98828125	4.04938078	5.83945751	4.16708660	3.53729653
0.00000140	0.00000000	13.53170300	38.63005447	144.98828125	3.64444280	6.00871754	3.73714900	4.06904697
0.00000160	0.00000000	13.53170300	0.00000000	0.00000000	2.83456659	5.28936386	4.03479815	4.60079765
0.00000180	0.00000000	0.00000000	0.00000000	0.00000000	4.45431900	5.75482798	3.60486054	4.76263475
0.00000200	0.00000000	13.53170300	0.00000000	0.00000000	5.66913319	5.54325342	3.72612500	4.04592752
0.00000220	0.00000000	0.00000000	0.00000000	0.00000000	4.45431900	5.96640253	3.90250969	4.32336235
0.00000240	83.77501678	13.53170300	12.87668419	144.98828125	6.47900963	6.09334707	4.01275015	4.41584063
0.00000260	83.77501678	0.00000000	12.87668419	0.00000000	4.04938078	5.45862341	3.81431723	3.97656870
0.00000280	0.00000000	13.53170300	25.75336838	0.00000000	2.42962861	5.54325342	3.72612500	4.78575420
0.00000300	0.00000000	13.53170300	12.87668419	144.98828125	3.64444280	5.41630840	3.89148545	4.57767773
0.00000340	41.88750839	6.76585150	6.43834209	0.00000000	4.04938078	5.26820660	3.78675723	3.87253046
0.00000380	0.00000000	20.29755402	6.43834209	0.00000000	2.63209772	5.79714298	3.83085346	4.47363997
0.00000420	41.88750839	13.53170300	6.43834209	0.00000000	2.83456659	5.24704885	3.79778123	4.41584063
0.00000460	0.00000000	13.53170300	6.43834209	72.49414062	5.06172609	5.35283613	3.85841346	4.16152525
0.00000500	0.00000000	0.00000000	6.43834209	0.00000000	3.64444280	5.83945751	3.74266100	3.94188929
0.00000540	0.00000000	13.53170300	12.87668419	144.98828125	3.03703570	5.69135571	3.63242054	4.30024290
0.00000580	41.88750839	27.06340599	0.00000000	0.00000000	3.44197392	5.47978115	3.92455769	4.31180286
0.00000620	0.00000000	13.53170300	12.87668419	0.00000000	3.84691191	5.16241932	3.81982923	4.49675941
0.00000700	20.94375420	10.14877701	12.87668419	36.24707031	3.84691191	5.67019796	3.69305277	4.23666382
0.00000780	0.00000000	13.53170300	12.87668419	0.00000000	3.13827038	5.78656387	3.77022123	3.98234868
0.00000860	20.94375420	10.14877701	9.65751362	0.00000000	4.04938078	5.01431704	3.68478489	4.31758261
0.00000940	0.00000000	0.00000000	12.87668419	36.24707031	3.64444280	4.64406157	3.85565734	4.12106609
0.00001020	20.94375420	6.76585150	12.87668419	72.49414062	2.63209772	5.65961933	3.51115632	3.87253046
0.00001100	0.00000000	10.14877701	22.53419685	0.00000000	3.23950481	5.10952568	3.68754077	4.40428114
0.00001180	20.94375420	10.14877701	3.21917105	0.00000000	3.64444280	5.24704885	3.62139654	4.22510433
0.00001260	41.88750839	3.38292575	9.65751362	72.49414062	3.64444280	5.35283613	3.56076431	3.94188929
0.00001420	10.47187710	10.14877701	14.48626995	18.12353516	3.59382558	5.22060204	3.71234488	4.08060694
0.00001580	10.47187710	6.76585150	9.65751362	18.12353516	3.44197392	5.15184021	3.54285026	3.77716231
0.00001740	31.41563225	10.14877701	8.04792786	54.37060928	3.89752913	4.91910839	3.33890557	3.84652114
0.00001900	10.47187710	5.07438850	3.21917105	36.24707031	3.64444280	4.96671247	3.42571998	3.71358347
0.00002060	0.00000000	5.07438850	4.82875681	18.12353516	2.93580127	5.25762749	3.40367174	3.81762147
0.00002220	31.41563225	8.45731449	8.04792786	36.24707031	3.79629469	4.98787022	3.33063769	3.54885650
0.00002380	20.94375420	1.69146287	3.21917105	0.00000000	3.03703570	4.82389975	3.24795723	3.84652114
0.00002540	0.00000000	8.45731449	3.21917105	36.24707031	3.08765292	4.85563612	3.24795723	3.59220552
0.00002860	0.00000000	12.55409336	12.70073986	0.00000000	3.97163177	4.87573957	3.34550333	3.73745704
0.00003180	34.75306320	10.04327488	16.51096153	0.00000000	2.89900136	5.13080835	3.32248569	3.63826227
0.00003500	0.00000000	12.55409336	8.89792061	0.00000000	3.24688148	4.81033707	3.17882347	3.66527367
0.00003820	23.16870880	5.02163744	12.71131516	154.74851990	3.44981146	4.83976793	3.11691380	3.54264450
0.00004140	34.75306320	10.04327488	15.25357819	77.37425995	3.07294130	4.59777975	3.00341272	3.28875780
0.00004460	23.16870880	7.53245592	11.44018364	0.00000000	2.89900136	4.90864754	3.04230475	3.52078676
0.00004780	11.58435440	7.53245592	8.89792061	0.00000000	3.24688148	4.54565001	3.02814364	3.55441427
0.00005100	23.16870880	2.51081872	6.35565758	154.74851990	3.01496148	4.68627071	2.94956279	3.51069856
0.00005740	21.25820160	8.87892818	9.08203411	28.63531113	3.39084697	4.49808884	2.87535906	3.26182604
0.00006380	37.20185471	6.51121378	11.50391006	57.27062225	3.23346591	4.27847433	2.93942952	3.31816411
0.00007020	21.25820160	8.87892818	7.26562691	0.00000000	3.11900687	4.36503792	2.91091037	3.24207449
0.00007660	26.57275200	5.91928530	11.50391006	171.81185913	3.07608485	4.14702654	2.81994152	3.08906841
0.00008300	21.25820160	8.28699970	13.32031631	57.27062225	3.03316259	4.13901138	2.85164571	3.28921700
0.00008940	10.62910080	10.06278515	11.50391006	0.00000000	3.57684278	4.20954466	2.79694891	3.18748856
0.00009580	15.94365120	6.51121378	8.47656536	57.27062225	3.00454783	4.17107201	2.83763933	3.12545919
0.00010220	21.25820160	8.87892818	10.89844036	57.27062225	2.84716678	4.10855389	2.81699038	3.06260252
0.00011500	19.66529465	8.83113289	10.17810059	60.66944504	2.97032523	4.08217382	2.77423549	3.17347479
0.00012780	34.41426468	6.83700609	8.43328285	40.44629669	3.05519176	4.10338593	2.79272795	3.18408012
0.00014060	12.29080963	6.26725578	4.36204290	70.78102112	2.94910860	4.12459803	2.78675652	3.11963177
0.00015340	24.58161926	7.12188148	7.85167742	50.55786896	3.09055281	4.11202812	2.79658055	3.13227677
0.00016620	0.00000000	8.26138210	9.01488876	20.22314835	2.95618081	4.07998562	2.77429247	3.11279011
0.00017900	17.20713234	7.40675640	10.75970650	40.44629669	2.96325302	3.99277639	2.83701420	3.08545995
0.00019180	12.29080963	8.54625797	9.30569172	30.33472252	3.04104733	4.07998562	2.77999282	3.11492276
0.00020460	7.37448549	7.40675640	10.75970650	10.11157417	3.02690291	4.10198450	2.75629783	3.14878058
0.00023020	17.18120766	7.60062933	11.40858459	41.18430710	2.82621717	3.97796750	2.71386719	3.07441163
0.00025580	19.47203636	7.60062933	8.62600327	49.42116928	3.05301237	3.94539571	2.72118425	3.07300615
0.00028140	12.59955215	5.29329538	8.20861626	45.30273819	2.96578336	4.01015615	2.75729442	3.05181479
0.00030700	24.05369186	7.19345284	8.48687458	41.18430710	2.93787003	3.99192572	2.77287889	3.09819436
0.00033260	12.59955215	8.82895565	8.90426159	41.18430710	2.80877137	4.05515575	2.78817821	3.09969139
0.00035820	14.89037991	7.74231529	9.32164860	37.06587601	2.91693521	4.06183624	2.75003338	3.09406948
0.00038380	8.01789665	7.74231529	6.81732512	32.94744492	2.95531583	3.99553800	2.71667838	3.07740450
0.00040940	14.89037991	7.33482504	8.90426159	32.94744492	2.88553262	4.00971746	2.70580506	3.07539678
0.00046060	11.91590595	9.49273014	9.42828369	42.94812012	2.98817086	3.99462390	2.73246312	3.05259919
0.00051180	15.02440262	9.55865192	8.32151222	47.90367126	2.97612858	4.00831079	2.71117973	3.07338548
0.00056300	10.36165714	8.56982613	8.19046497	47.90367126	3.01815534	3.97600079	2.71039224	3.02145171
0.00061420	16.06056786	8.43798256	8.71465492	31.38516426	3.00955176	3.97769141	2.73819780	3.04840064
0.00066540	8.28932571	8.50390434	10.42615795	31.38516426	2.78585720	3.97975755	2.71718574	3.09803033
0.00071660	14.50632000	7.11954737	8.59010506	34.68886566	3.04396629	3.96244812	2.71394205	3.07404423
0.00076780	14.50632000	7.44915628	8.45895863	37.99256897	2.85124469	4.02060843	2.74311638	3.09742785
0.00081900	16.57865143	8.30613899	10.42615795	41.29626846	2.96309209	3.95796156	2.74123168	3.09533906
0.00092140	16.44597054	7.39133406	8.36999607	37.83360291	2.89846563	3.91487241	2.69809437	3.07813835
0.00102380	15.04659367	7.77200365	8.30729866	43.70433426	3.01582241	3.98478746	2.72742772	3.07182574
0.00112620	13.85241890	7.13755417	9.56123066	31.41706657	2.85303402	3.94497156	2.71825194	3.05893874
0.00122860	12.41941071	7.64511395	9.81201744	26.18088913	2.92340612	3.93097687	2.72400570	3.03391862
0.00133100	12.92350864	8.72367764	9.31044483	30.10802078	2.84031630	3.92460918	2.70753574	3.07120800
0.00143340	15.89310265	7.61339140	10.12550068	34.03515625	2.89712262	3.94501209	2.70462632	3.02736783
0.00153580	10.59540176	8.12700176	8.99696159	36.65324402	2.96579885	3.91300201	2.72643352	3.06211090
0.00163820	13.00344753	7.61906433	8.71482658	32.83780289	2.87747407	3.92145753	2.72028255	3.05299568
0.00184300	14.11007118	7.80365896	8.35549736	34.24748993	2.85709095	3.91778612	2.69866014	3.03074384
0.00204780	14.66999435	7.69570303	8.40642166	38.35718918	2.87539196	3.90259337	2.70507026	3.01071215
0.00225260	12.20633125	8.11210346	8.41861343	34.35418320	2.80990553	3.93965173	2.68883801	3.04425669
0.00245740	11.87037754	7.21761322	8.81447887	29.13234520	2.89964128	3.92824388	2.70051026	3.02483201
0.00266220	13.99808598	8.54392719	8.73087120	33.25484848	2.90202093	3.91160274	2.71469402	3.02493525
0.00286700	12.99022388	8.28782940	8.14581299	29.40717888	2.88482451	3.95588708	2.68406343	3.03988123
0.00307180	15.78984165	8.05632591	8.81227779	32.91022873	2.90363073	3.93740654	2.69310570	3.04209638
0.00327660	14.55801010	7.79395485	8.93237686	31.25089073	2.92321467	3.87671876	2.68906903	3.04146957
0.00368620	13.99532413	7.44998074	7.86251116	32.37899399	2.85125613	3.89430952	2.69391227	3.02005363
0.00409580	12.65173721	7.70164108	8.37949848	32.10479736	2.87014270	3.90419912	2.68111348	3.01030898
0.00450540	12.33544445	7.31357384	8.50874519	28.01960945	2.88759017	3.87814236	2.68448520	3.01627898
0.00491500	13.62692451	7.42551613	8.35077667	31.63880920	2.85814071	3.89052749	2.68842316	3.01341057
0.00532460	14.20791721	7.44374371	8.64412689	31.84840965	2.88601589	3.91053033	2.68384051	3.01611853
0.00573420	13.38873386	7.81561136	8.99541855	32.08258820	2.85806751	3.86924195	2.69021964	3.01210999
0.00614380	13.78588963	7.03778982	8.39018154	31.38005257	2.88754654	3.90049529	2.68642974	3.02548862
0.00655340	14.10402584	7.41174221	8.71819878	32.01213074	2.84307766	3.89690590	2.69509101	3.00850677
0.00737260	12.63882160	7.44853115	8.43073463	30.51138687	2.86489940	3.86248231	2.67066312	2.99584317
0.00819180	12.36524582	7.75609827	8.58769989	29.42778587	2.82558990	3.87139845	2.66974115	2.99156404
0.00901100	12.98081303	6.99845982	8.35098934	27.85492134	2.86413789	3.85963488	2.67002296	3.00233197
0.00983020	13.35192108	7.43336058	8.16301441	28.36229706	2.88990164	3.85833979	2.66576529	3.01155353
0.01064940	13.42745876	7.53317547	8.48966122	30.89917564	2.90717602	3.88832116	2.67118168	3.00277591
0.01146860	13.89990616	7.84968948	8.45021820	29.19608498	2.82122040	3.86484361	2.67460752	3.01118493
0.01228780	13.10420513	7.79706383	8.31641483	30.48566437	2.86505604	3.86444664	2.67203474	3.00192499
0.01310700	13.80442905	7.75746107	8.26852417	30.39661980	2.83869267	3.88756800	2.66588211	2.99900818
0.01474540	12.61971855	7.33283281	8.16984463	26.53979683	2.83398008	3.83332348	2.66172004	2.98476052
0.01638380	13.66941738	7.34309483	8.28341675	28.56570816	2.85117006	3.84065819	2.65568686	2.98235464
0.01802220	12.56096745	7.31990385	8.25634098	28.11984634	2.85556149	3.84456015	2.65748286	2.97780609
0.01966060	13.45710182	7.43502235	8.02386761	27.57918739	2.83727241	3.83928847	2.65831947	2.98857188
0.02129900	13.10692024	7.32999277	8.26828861	27.70173073	2.84748864	3.85467291	2.66050196	2.98342633
0.02293740	12.49998665	7.48127222	8.30855942	29.02310944	2.87870026	3.84725833	2.65981174	2.98938513
0.02457580	13.05157185	7.41521454	8.07468128	28.52326584	2.82831788	3.85998178	2.66406679	2.98172545
0.02621420	13.18676090	7.49934864	8.12837124	28.18876457	2.86031723	3.84925437	2.66148496	2.98306727
0.02949100	12.38419247	7.36996460	8.21218681	28.00861168	2.84825897	3.83474135	2.64843774	2.96522069
0.03276780	12.82410526	7.36486769	8.15674210	27.89833832	2.84050345	3.82556581	2.65610600	2.97407269
0.03604460	13.06830502	7.33336401	8.38892841	29.00919724	2.83492327	3.83699179	2.65678596	2.97141027
0.03932140	12.89386272	7.32895136	8.13004589	28.24486542	2.83914900	3.83191919	2.65618038	2.97445107
0.04259820	12.96080971	7.32449913	8.14400768	28.78940773	2.84362674	3.83708525	2.65917444	2.97460628
0.04587500	13.21212959	7.33068705	8.38215828	28.69435310	2.83069539	3.83182597	2.66080904	2.98051691
0.04915180	12.79676342	7.28144646	8.32592010	28.80275345	2.85474110	3.83891201	2.65860772	2.97816825
0.05242860	13.37517166	7.45091581	8.16072178	28.99261475	2.84432054	3.84442425	2.65984607	2.98105812
0.05898220	12.88834190	7.32874489	8.18663025	27.11363792	2.83259463	3.81589174	2.65175724	2.96514416
0.06553581	12.62311363	7.23240662	8.22342491	27.79142761	2.83904815	3.82356381	2.65256214	2.96841288
0.07208940	12.98647499	7.40715933	8.30454922	27.95859337	2.83601809	3.82612205	2.65525126	2.96902275
0.07864300	12.64906311	7.35636663	8.24003220	28.68922615	2.84238195	3.83279657	2.65809536	2.96902895
0.08519660	12.73393631	7.41638613	8.24864960	28.54621124	2.84742737	3.83038306	2.66478777	2.97282243
0.09175020	12.97915268	7.33178139	8.38736057	28.50470734	2.85223365	3.83126068	2.66267896	2.97658372
0.09830380	12.99168015	7.41988373	8.24662304	28.39447975	2.84471250	3.83574891	2.66587448	2.97704244
0.10485740	13.08633804	7.49932575	8.24075699	28.85756683	2.85000944	3.84028029	2.67033887	2.97858095
0.11796460	13.31600857	7.54025888	8.36898422	29.77767754	2.86947346	3.86023402	2.67973971	2.99406672
0.13107181	13.30664349	7.58756208	8.39808941	29.41943741	2.85445786	3.86253452	2.68137264	2.98970652
0.14417900	13.27704525	7.60178041	8.38358593	30.39155197	2.85630727	3.85895658	2.67960811	2.98314476
0.15728620	13.41786480	7.53814030	8.46978760	29.11941719	2.85294819	3.85539579	2.67697835	2.98342919
0.17039341	13.47996998	7.48194075	8.40059662	30.16202545	2.84961724	3.85655022	2.67626977	2.98004460
0.18350060	13.18663979	7.62813139	8.43996906	29.32129860	2.84028888	3.85295296	2.67424178	2.97420168
0.19660780	13.29919720	7.51111746	8.35676575	29.46666718	2.85350966	3.85578322	2.66922903	2.97073793
0.20971501	13.39593983	7.65962696	8.35663223	28.62999916	2.83714986	3.85456896	2.66421556	2.96777558
0.23592941	14.00065804	7.60751390	8.58063126	26.24523735	2.84663200	3.87257075	2.67205572	2.97365451
0.26214382	14.22372055	7.66299438	8.60802364	15.57142830	2.84010768	3.86961460	2.66685700	2.96375799
0.28835821	14.75501060	7.69520283	8.47533226	0.00000000	2.83027768	3.86520720	2.66181731	2.95928311
0.31457260	14.42455482	7.64017916	8.54951572	0.00000000	2.83218360	3.85697842	2.65641284	2.95001554
0.34078699	14.80513096	7.62552929	8.58989906	0.00000000	2.81718230	3.85482264	2.65026426	2.94826388
0.36700141	14.39159393	7.67920446	8.46639347	0.00000000	2.80316877	3.84619951	2.64548635	2.93042803
0.39321581	15.16987705	7.56106520	8.53322601	0.00000000	2.78989601	3.83960342	2.64003277	2.92208552
0.41943020	14.87120724	7.47789288	8.62207794	0.00000000	2.78334665	3.82978129	2.63516903	2.91445518
0.47185901	7.71102667	7.71855450	8.87717342	0.00000000	2.78084731	3.84172463	2.62690997	2.91184759
0.52428782	0.00000000	7.64061403	9.02553654	0.00000000	2.76355433	3.82692242	2.61497307	2.88868976
0.57671660	0.00000000	7.58351803	9.09522724	0.00000000	2.75038671	3.80752611	2.59913421	2.86749125
0.62914538	0.00000000	7.33698177	9.04940033	0.00000000	2.72969079	3.79270029	2.58450627	2.84899688
0.68157423	0.00000000	7.32282257	9.17199039	0.00000000	2.70778775	3.77922034	2.56887841	2.82292604
0.73400301	0.00000000	6.44859791	0.00000000	0.00000000	2.68138480	3.76623511	2.54970288	2.80131030
0.78643179	0.00000000	5.28396845	0.00000000	0.00000000	2.66324258	3.74221802	2.53301668	2.77344370
0.83886063	0.00000000	0.00000000	0.00000000	0.00000000	2.65219045	3.72749543	2.51433468	2.74497271
0.94371825	0.00000000	0.00000000	0.00000000	0.00000000	2.65283036	3.78673172	2.51189780	2.75253415
1.04857588	0.00000000	0.00000000	0.00000000	0.00000000	2.60103989	3.73350596	2.46772146	2.70265889
1.15343344	0.00000000	0.00000000	0.00000000	0.00000000	2.57008886	3.68116975	2.42856717	2.66019821
1.25829101	0.00000000	0.00000000	0.00000000	0.00000000	2.50862050	3.58441210	2.37912631	2.61343551
1.36314869	0.00000000	0.00000000	0.00000000	0.00000000	2.45272541	3.53004241	2.33641028	2.54614735
1.46800625	0.00000000	0.00000000	0.00000000	0.00000000	2.40235615	3.44178724	2.28889203	2.50082922
1.57286382	0.00000000	0.00000000	0.00000000	0.00000000	2.33848548	0.00000000	2.24503279	2.45913649
1.67772150	0.00000000	0.00000000	0.00000000	0.00000000	2.27775550	0.00000000	2.20041394	2.40524888
1.88743675	0.00000000	0.00000000	0.00000000	0.00000000	2.20769167	0.00000000	2.12002587	0.00000000
2.09715199	0.00000000	0.00000000	0.00000000	0.00000000	0.00000000	0.00000000	1.80295360	0.00000000
2.30686712	0.00000000	0.00000000	0.00000000	0.00000000	0.00000000	0.00000000	0.00000000	0.00000000
2.51658225	0.00000000	0.00000000	0.00000000	0.00000000	0.00000000	0.00000000	0.00291470	0.00000000
2.72629738	0.00000000	0.06469501	0.00000000	0.00000000	0.07287871	0.00000000	0.86085021	0.00000000
2.93601274	0.00000000	3.46025872	2.34426236	0.00000000	1.12506509	0.00000000	1.06544030	0.71822751
3.14572787	2.69306922	4.26987076	4.83702993	0.00000000	1.21967721	0.00000000	1.08245349	1.20527971
3.35544300	8.53135300	4.10720873	4.58244944	11.00000000	1.11374283	0.73545659	1.09247148	1.22756124
3.77487350	0.00000000	0.00000000	0.00000000	0.00000000	1.05899966	1.43927157	1.07089102	1.10378170
4.19430399	0.00000000	0.00000000	0.00000000	0.00000000	1.06135321	1.20952797	1.03843081	1.04205120
4.61373425	0.00000000	0.00000000	0.00000000	0.00000000	0.00000000	0.00000000	0.00000000	0.00000000
5.03316450	0.00000000	0.00000000	0.00000000	0.00000000	0.00000000	0.00000000	0.00000000	0.00000000
5.45259476	0.00000000	0.00000000	0.00000000	0.00000000	0.00000000	0.00000000	0.00000000	0.00000000
5.87202549	0.00000000	0.00000000	0.00000000	0.00000000	0.00000000	0.00000000	0.00000000	0.00000000
6.29145575	0.00000000	0.00000000	0.00000000	0.00000000	0.00000000	0.00000000	0.00000000	0.00000000
6.71088600	0.00000000	0.00000000	0.00000000	0.00000000	0.00000000	0.00000000	0.00000000	0.00000000
7.54974699	0.00000000	0.00000000	0.00000000	0.00000000	0.00000000	0.00000000	0.00000000	0.00000000
8.38860798	0.00000000	0.00000000	0.00000000	0.00000000	0.00000000	0.00000000	0.00000000	0.00000000
9.22746849	0.00000000	0.00000000	0.00000000	0.00000000	0.00000000	0.00000000	0.00000000	0.00000000
10.06632900	0.00000000	0.00000000	0.00000000	0.00000000	0.00000000	0.00000000	0.00000000	0.00000000
10.90518951	0.00000000	0.00000000	0.00000000	0.00000000	0.00000000	0.00000000	0.00000000	0.00000000
11.74405098	0.00000000	0.00000000	0.00000000	0.00000000	0.00000000	0.00000000	0.00000000	0.00000000
12.58291149	0.00000000	0.00000000	0.00000000	0.00000000	0.00000000	0.00000000	0.00000000	0.00000000
13.42177200	0.00000000	0.00000000	0.00000000	0.00000000	0.00000000	0.00000000	0.00000000	0.00000000
15.09949398	0.00000000	0.00000000	0.00000000	0.00000000	0.00000000	0.00000000	0.00000000	0.00000000
16.77721596	0.00000000	0.00000000	0.00000000	0.00000000	0.00000000	0.00000000	0.00000000	0.00000000
18.45493698	0.00000000	0.00000000	0.00000000	0.00000000	0.00000000	0.00000000	0.00000000	0.00000000
20.13265800	0.00000000	0.00000000	0.00000000	0.00000000	0.00000000	0.00000000	0.00000000	0.00000000
21.81037903	0.00000000	0.00000000	0.00000000	0.00000000	0.00000000	0.00000000	0.00000000	0.00000000
23.48810196	0.00000000	0.00000000	0.00000000	0.00000000	0.00000000	0.00000000	0.00000000	0.00000000
25.16582298	0.00000000	0.00000000	0.00000000	0.00000000	0.00000000	0.00000000	0.00000000	0.00000000
26.84354401	0.00000000	0.00000000	0.00000000	0.00000000	0.00000000	0.00000000	0.00000000	0.00000000
30.19898796	0.00000000	0.00000000	0.00000000	0.00000000	0.00000000	0.00000000	0.00000000	0.00000000
33.55443192	0.00000000	0.00000000	0.00000000	0.00000000	0.00000000	0.00000000	0.00000000	0.00000000
36.90987396	0.00000000	0.00000000	0.00000000	0.00000000	0.00000000	0.00000000	0.00000000	0.00000000
40.26531601	0.00000000	0.00000000	0.00000000	0.00000000	0.00000000	0.00000000	0.00000000	0.00000000
43.62075806	0.00000000	0.00000000	0.00000000	0.00000000	0.00000000	0.00000000	0.00000000	0.00000000
46.97620392	0.00000000	0.00000000	0.00000000	0.00000000	0.00000000	0.00000000	0.00000000	0.00000000
50.33164597	0.00000000	0.00000000	0.00000000	0.00000000	0.00000000	0.00000000	0.00000000	0.00000000
53.68708801	0.00000000	0.00000000	0.00000000	0.00000000	0.00000000	0.00000000	0.00000000	0.00000000
60.39797592	0.00000000	0.00000000	0.00000000	0.00000000	0.00000000	0.00000000	0.00000000	0.00000000
67.10886383	0.00000000	0.00000000	0.00000000	0.00000000	0.00000000	0.00000000	0.00000000	0.00000000
73.81974792	0.00000000	0.00000000	0.00000000	0.00000000	0.00000000	0.00000000	0.00000000	0.00000000
80.53063202	0.00000000	0.00000000	0.00000000	0.00000000	0.00000000	0.00000000	0.00000000	0.00000000
87.24151611	0.00000000	0.00000000	0.00000000	0.00000000	0.00000000	0.00000000	0.00000000	0.00000000
93.95240784	0.00000000	0.00000000	0.00000000	0.00000000	0.00000000	0.00000000	0.00000000	0.00000000
100.66329193	0.00000000	0.00000000	0.00000000	0.00000000	0.00000000	0.00000000	0.00000000	0.00000000
107.37417603	0.00000000	0.00000000	0.00000000	0.00000000	0.00000000	0.00000000	0.00000000	0.00000000
120.79595184	0.00000000	0.00000000	0.00000000	0.00000000	0.00000000	0.00000000	0.00000000	0.00000000
134.21772766	0.00000000	0.00000000	0.00000000	0.00000000	0.00000000	0.00000000	0.00000000	0.00000000
147.63949585	0.00000000	0.00000000	0.00000000	0.00000000	0.00000000	0.00000000	0.00000000	0.00000000
161.06126404	0.00000000	0.00000000	0.00000000	0.00000000	0.00000000	0.00000000	0.00000000	0.00000000
174.48303223	0.00000000	0.00000000	0.00000000	0.00000000	0.00000000	0.00000000	0.00000000	0.00000000
187.90481567	0.00000000	0.00000000	0.00000000	0.00000000	0.00000000	0.00000000	0.00000000	0.00000000
201.32658386	0.00000000	0.00000000	0.00000000	0.00000000	0.00000000	0.00000000	0.00000000	0.00000000
214.74835205	0.00000000	0.00000000	0.00000000	0.00000000	0.00000000	0.00000000	0.00000000	0.00000000
241.59190369	0.00000000	0.00000000	0.00000000	0.00000000	0.00000000	0.00000000	0.00000000	0.00000000
268.43545532	0.00000000	0.00000000	0.00000000	0.00000000	0.00000000	0.00000000	0.00000000	0.00000000
295.27899170	0.00000000	0.00000000	0.00000000	0.00000000	0.00000000	0.00000000	0.00000000	0.00000000
322.12252808	0.00000000	0.00000000	0.00000000	0.00000000	0.00000000	0.00000000	0.00000000	0.00000000
348.96606445	0.00000000	0.00000000	0.00000000	0.00000000	0.00000000	0.00000000	0.00000000	0.00000000
375.80963135	0.00000000	0.00000000	0.00000000	0.00000000	0.00000000	0.00000000	0.00000000	0.00000000
402.65316772	0.00000000	0.00000000	0.00000000	0.00000000	0.00000000	0.00000000	0.00000000	0.00000000
429.49670410	0.00000000	0.00000000	0.00000000	0.00000000	0.00000000	0.00000000	0.00000000	0.00000000
483.18380737	0.00000000	0.00000000	0.00000000	0.00000000	0.00000000	0.00000000	0.00000000	0.00000000
536.87091064	0.00000000	0.00000000	0.00000000	0.00000000	0.00000000	0.00000000	0.00000000	0.00000000
590.55798340	0.00000000	0.00000000	0.00000000	0.00000000	0.00000000	0.00000000	0.00000000	0.00000000
644.24505615	0.00000000	0.00000000	0.00000000	0.00000000	0.00000000	0.00000000	0.00000000	0.00000000
697.93212891	0.00000000	0.00000000	0.00000000	0.00000000	0.00000000	0.00000000	0.00000000	0.00000000
751.61926270	0.00000000	0.00000000	0.00000000	0.00000000	0.00000000	0.00000000	0.00000000	0.00000000
805.30633545	0.00000000	0.00000000	0.00000000	0.00000000	0.00000000	0.00000000	0.00000000	0.00000000
858.99340820	0.00000000	0.00000000	0.00000000	0.00000000	0.00000000	0.00000000	0.00000000	0.00000000
966.36761475	0.00000000	0.00000000	0.00000000	0.00000000	0.00000000	0.00000000	0.00000000	0.00000000
1073.74182129	0.00000000	0.00000000	0.00000000	0.00000000	0.00000000	0.00000000	0.00000000	0.00000000
1181.11596680	0.00000000	0.00000000	0.00000000	0.00000000	0.00000000	0.00000000	0.00000000	0.00000000
1288.49011230	0.00000000	0.00000000	0.00000000	0.00000000	0.00000000	0.00000000	0.00000000	0.00000000
1395.86425781	0.00000000	0.00000000	0.00000000	0.00000000	0.00000000	0.00000000	0.00000000	0.00000000
1503.23852539	0.00000000	0.00000000	0.00000000	0.00000000	0.00000000	0.00000000	0.00000000	0.00000000
1610.61267090	0.00000000	0.00000000	0.00000000	0.00000000	0.00000000	0.00000000	0.00000000	0.00000000
1717.98681641	0.00000000	0.00000000	0.00000000	0.00000000	0.00000000	0.00000000	0.00000000	0.00000000
1932.73522949	0.00000000	0.00000000	0.00000000	0.00000000	0.00000000	0.00000000	0.00000000	0.00000000
2147.48364258	0.00000000	0.00000000	0.00000000	0.00000000	0.00000000	0.00000000	0.00000000	0.00000000
2362.23193359	0.00000000	0.00000000	0.00000000	0.00000000	0.00000000	0.00000000	0.00000000	0.00000000
2576.98022461	0.00000000	0.00000000	0.00000000	0.00000000	0.00000000	0.00000000	0.00000000	0.00000000
2791.72851562	0.00000000	0.00000000	0.00000000	0.00000000	0.00000000	0.00000000	0.00000000	0.00000000
3006.47705078	0.00000000	0.00000000	0.00000000	0.00000000	0.00000000	0.00000000	0.00000000	0.00000000
3221.22534180	0.00000000	0.00000000	0.00000000	0.00000000	0.00000000	0.00000000	0.00000000	0.00000000
3435.97363281	0.00000000	0.00000000	0.00000000	0.00000000	0.00000000	0.00000000	0.00000000	0.00000000
0	0	0	0	0	0	0	0	0
