%4/13/2015 10:17:35 PM
%Duration	ID1		ID2		ID3		ID4		ID5		ID6		ID7		ID8
3000.000000	3.423691	6.790161	8.029938	8.878708	8.459091	35.953522	21.524429	28.524399
%Tau		Tau1		Tau2		Tau3		Tau4		Tau5		Tau6		Tau7		Tau8
%		0.000003	0.000005	0.000005	0.000003	0.000003	0.000019	0.000016	0.000014
%Delaytime	D1		D2		D3		D4		D5		D6		D7		D8
0.00000000	6.86480236	10.98186111	8.79637527	6.96437931	7.34685326	1.87047851	3.29959154	3.47705317
0.00000020	1.77976358	1.87098372	2.02316642	2.43135142	1.94618630	1.39280260	1.63142395	1.70426989
0.00000040	2.54251933	1.46424818	1.71529329	1.77200186	1.50829434	1.56878841	1.60202885	1.55439699
0.00000060	1.77976358	2.03367805	1.58334768	1.40111768	1.21636641	1.47576737	1.43300748	1.32316434
0.00000080	2.28826737	1.78963661	1.80325699	1.15386164	1.41098499	1.55873215	1.40361249	1.49016571
0.00000100	2.03401542	0.73212409	1.58334768	1.19507098	1.21636641	1.41040111	1.46975124	1.60149992
0.00000120	1.77976358	1.38290107	1.36343825	1.97804856	1.50829434	1.50845039	1.36686873	1.46447313
0.00000140	1.01700771	1.62694240	1.67131138	1.11265230	1.80022228	1.54364765	1.26398611	1.52442241
0.00000160	1.27125967	1.70828950	1.31945634	1.56595516	1.16771173	1.40034485	1.52119255	1.51157606
0.00000180	1.27125967	1.62694240	1.67131138	1.60716450	1.16771173	1.40537298	1.49179757	1.36598516
0.00000200	1.77976358	1.46424818	1.27547443	1.68958318	1.41098499	1.48582363	1.43300748	1.51585817
0.00000220	1.27125967	1.46424818	1.53936577	1.97804856	1.31367576	1.53359127	1.41830993	1.49444771
0.00000240	1.27125967	1.13885963	1.62732947	1.31869900	1.60560369	1.47325325	1.47710001	1.55439699
0.00000260	1.52551162	1.13885963	1.58334768	1.23628032	1.07040238	1.41291523	1.45505381	1.43021643
0.00000280	1.52551162	1.95233083	1.23149264	1.73079252	1.21636641	1.54364765	1.34482241	1.36598516
0.00000300	2.03401542	1.87098372	2.02316642	1.15386164	1.16771173	1.40537298	1.52854133	1.50729406
0.00000340	1.27125967	1.54559529	1.01158321	1.58655977	1.48396707	1.43302786	1.41463554	1.46661425
0.00000380	2.03401542	1.26088035	1.75927520	1.48353636	1.28934836	1.42799973	1.37421739	1.39167774
0.00000420	1.39838564	1.50492167	1.03357410	1.17446637	1.28934836	1.40034485	1.33379924	1.45376790
0.00000460	1.39838564	1.17953324	1.49538386	1.46293175	1.38665771	1.44308424	1.36319435	1.38311350
0.00000500	0.38137791	1.50492167	1.20950162	1.21567571	1.14338446	1.40914416	1.41463554	1.41522920
0.00000540	1.90688956	1.74896312	1.07755601	1.38051307	1.45963967	1.33372164	1.44035625	1.32102334
0.00000580	1.27125967	0.97616541	1.18751073	1.75139713	1.53262162	1.38777435	1.45505381	1.44948590
0.00000620	0.76275581	1.26088035	1.36343825	1.77200186	1.24069369	1.36766171	1.31542742	1.42807543
0.00000700	1.27125967	1.24054360	1.49538386	1.16416395	1.61776733	1.37708950	1.37789178	1.34243369
0.00000780	1.14413369	1.62694240	1.39642465	1.26718736	1.09472978	1.34440649	1.27684641	1.30710649
0.00000860	1.01700771	1.46424818	1.22049713	1.39081538	1.16771173	1.34503496	1.36319435	1.37026727
0.00000940	1.46194863	0.95582867	1.41841555	1.18476868	1.13122070	1.35320568	1.36686873	1.31245911
0.00001020	1.39838564	1.11852288	1.33045185	1.43202472	1.39882135	1.28846812	1.34114802	1.40666497
0.00001100	1.65263760	1.36256421	1.26447904	1.48353636	1.17987537	1.32240820	1.26949763	1.28676665
0.00001180	1.27125967	1.52525854	1.18751073	1.22597802	1.28934836	1.27778316	1.26766050	1.26963830
0.00001260	1.08057070	1.15919650	1.52837026	1.21567571	1.20420277	1.28469694	1.31910181	1.23645210
0.00001420	1.33482265	1.09818614	1.31395864	1.23628032	1.24677551	1.25672781	1.26490474	1.19523704
0.00001580	1.17591524	1.24054360	1.17651522	1.22597802	1.27718472	1.20864594	1.17304528	1.25572145
0.00001740	1.04878926	1.19986999	1.12703562	1.25173390	1.11905706	1.23378670	1.22540510	1.20701277
0.00001900	1.20769668	1.08801770	1.08855152	1.23112917	1.09472978	1.20456052	1.19509149	1.16365671
0.00002060	1.20769668	1.21003842	1.09954691	1.25688505	1.21636641	1.19387567	1.19692874	1.15402198
0.00002220	1.36660421	0.92532349	1.23699033	1.05598950	1.20420277	1.18067670	1.16477787	1.16526246
0.00002380	1.39838564	1.06768095	1.23699033	1.03023362	1.24069369	1.18036246	1.09588325	1.13421738
0.00002540	1.08057070	1.18970168	1.03357410	1.23112917	1.13122070	1.14296544	1.12895274	1.14224625
0.00002860	1.01097775	0.95855129	1.19911921	1.22227764	1.11923933	1.12880409	1.14316452	1.16271162
0.00003180	1.01097775	1.01973546	1.13326371	1.08015227	1.01583135	1.12456346	1.10693908	1.08185995
0.00003500	1.07416379	1.21348512	1.16619146	1.09307277	1.11315656	1.08843923	1.06979656	1.05748463
0.00003820	0.97938466	0.91776186	1.09759200	1.08532047	0.97933441	1.05152965	1.06704521	1.06123269
0.00004140	0.86880898	1.00443935	1.10582387	1.11116147	1.01583135	1.05011606	1.01706338	1.06176805
0.00004460	1.40589082	1.20838654	1.15795946	1.08532047	1.07361817	1.06864941	1.07942605	1.03768599
0.00004780	1.02686954	0.97384733	1.07838404	1.06981599	0.99454147	1.02561450	1.04641056	1.04491448
0.00005100	1.05846548	1.01973546	1.11954379	1.17576385	1.16486049	1.03692293	1.04870331	1.01037848
0.00005740	0.90006793	1.11856997	1.10144305	1.05673683	0.98017222	1.02866769	0.99304605	1.03120470
0.00006380	1.05007923	1.12621391	1.02590764	1.02702415	1.03953052	1.03031671	1.02422202	1.02143097
0.00007020	0.98691660	1.02684212	1.08221591	1.06707168	1.00909030	0.99999481	1.01713181	0.98715562
0.00007660	0.92375392	0.98862219	0.97783971	0.96630704	1.03800845	1.00933051	1.03478312	0.98367453
0.00008300	1.12113726	1.01410210	1.07672238	1.01281381	1.02583241	1.00170398	1.00864995	0.99947327
0.00008940	0.82111460	1.16188586	1.03414786	1.01668930	1.06540465	1.01285493	1.02263355	1.02049375
0.00009580	1.05007923	0.91727829	1.01492071	1.05156946	1.01822245	1.02062917	0.99257189	1.01741433
0.00010220	1.00270724	0.95295024	1.04513490	1.01798117	1.06236064	1.00186098	0.99073803	0.99465334
0.00011500	0.97516406	1.05786395	1.05475545	1.01520085	1.07392418	0.99195004	0.99794382	0.99784398
0.00012780	1.03438461	0.99923539	1.00803006	0.99006259	0.99710667	1.00307524	1.00150132	1.00668454
0.00014060	1.03842890	1.04511869	1.03620267	1.03969467	1.00167012	0.99847960	0.99174684	0.99436134
0.00015340	0.98709971	0.97119564	0.99909729	0.98297232	1.02372658	0.99669117	0.97992665	0.99616963
0.00016620	0.96735775	1.03492236	1.00803006	1.06934500	1.06099451	0.99770325	1.00138652	0.98324364
0.00017900	0.94366735	0.98649001	1.05819106	1.00875521	1.01459980	1.00316310	1.00586212	1.00419438
0.00019180	0.95551252	0.91639060	1.00184584	0.98039401	1.01003635	1.00198472	0.99105829	1.01189625
0.00020460	1.02658367	1.06296217	1.03070557	0.99779743	1.02600837	1.00819087	0.99817330	1.00544250
0.00023020	1.09669793	0.97648710	1.01924419	1.04567420	0.98381561	0.99421507	0.99195075	0.99720103
0.00025580	0.89711863	0.94152576	1.02371454	0.98342401	0.99559098	0.99523789	0.99826384	1.00052845
0.00028140	1.04532111	0.99054366	1.00785732	0.99955100	0.98685443	0.99572903	1.00377333	0.99664372
0.00030700	1.01953804	1.03574204	1.00751340	1.00567925	0.99597085	1.00889170	1.01175082	0.99627537
0.00033260	0.97400308	0.98290449	1.00854504	1.01245260	0.98533499	1.00420570	1.00830734	1.00420308
0.00035820	0.96214908	0.99945605	1.04881740	0.96278143	0.96824169	1.00866532	1.01169336	1.01096809
0.00038380	0.96610045	0.95935047	1.02573812	1.00406659	1.01078510	0.99478483	1.01088989	0.99482584
0.00040940	0.89497650	0.98099476	1.02333105	1.02954721	0.98457533	1.00499976	0.99428809	0.99628741
0.00046060	1.01710021	1.03788984	1.02356994	0.99195904	0.99716210	0.99790418	0.99757928	0.99988514
0.00051180	1.01115227	1.01463449	1.01570654	1.00243807	0.97245163	1.00481749	0.99674666	1.00376725
0.00056300	1.01511753	1.01782012	1.03546405	0.97003371	0.97625327	0.99822772	0.99535555	1.00561011
0.00061420	1.05873597	1.01272309	1.02721739	1.00150824	1.01735210	1.00665390	0.99999386	1.00596189
0.00066540	1.01313496	0.99775046	1.02618659	1.02008700	1.00951731	1.00235248	0.98530918	1.00105035
0.00071660	0.98736048	0.99520195	1.01227045	0.98619223	0.99925297	1.00083947	1.00010872	1.00581276
0.00076780	0.93977684	0.98054790	1.01089597	1.01617944	1.01540983	1.00205672	1.00336599	0.99540949
0.00081900	0.99727374	1.00444043	1.02996624	0.98538613	1.03080630	0.99532932	1.00411248	1.00066972
0.00092140	0.99079496	0.99764532	1.02068377	1.00506043	1.01337802	1.00327778	1.00089669	1.00268543
0.00102380	1.04435146	0.99047834	1.01978564	1.00788152	0.99934590	1.00505757	0.99314868	1.00342238
0.00112620	0.98633194	0.99090391	1.01918459	1.00054657	0.98891681	1.00125575	1.00319159	0.99863756
0.00122860	0.97790176	0.98952270	1.03953397	0.98156065	1.01214063	0.99739116	1.00145376	0.99798536
0.00133100	0.96252906	0.99122238	1.01698434	0.99944985	1.00919008	1.00532115	1.00125122	0.99558920
0.00143340	1.02947462	0.99838901	1.01105917	0.99647307	1.00014806	1.00698638	1.00666237	0.99300390
0.00153580	0.97443050	0.97168487	1.01342440	1.00026166	1.00765419	1.00841630	0.99751300	1.00273740
0.00163820	1.00715947	0.99106318	1.04691327	1.01585257	1.00532866	1.00117826	1.00235403	1.00165153
0.00184300	0.99280757	0.99489123	1.02431655	1.00733984	1.00543165	1.00175941	1.00217688	1.00292015
0.00204780	1.01066470	0.98987699	1.03084993	1.00447762	1.00796771	0.99956334	1.00202465	1.00267994
0.00225260	0.97312379	0.99491841	1.01116610	1.00363374	0.99858367	1.00280464	0.99669325	1.00300586
0.00245740	1.02188337	1.00200164	1.04205751	1.01342249	1.00596857	1.00035751	1.00358212	1.00068438
0.00266220	1.00269651	1.00611353	1.02220798	0.99652714	0.99911422	1.00448942	0.99752176	0.99636805
0.00286700	1.01806915	1.01187038	1.02409506	1.01281774	1.01533318	0.99955940	0.99930209	0.99929404
0.00307180	1.00468004	1.00019801	1.02731752	0.99097282	0.99281675	0.99842662	0.99280393	1.00103354
0.00327660	1.02327609	0.99083459	1.03543806	0.98282957	1.01148367	1.00161755	1.00080669	1.00360644
0.00368620	0.99005473	0.98922271	1.01599073	1.00241351	1.00026774	1.00413024	1.00303257	0.99840719
0.00409580	1.02453518	1.00335944	1.03192818	0.99960542	1.00545573	1.00106096	1.00493443	1.00245881
0.00450540	0.99315292	1.00071001	1.02106214	0.99269849	1.00967789	1.00342739	0.99822742	1.00237751
0.00491500	1.00566959	0.99812567	1.02382958	0.99699116	0.99272871	1.00144172	1.00506580	1.00078106
0.00532460	1.00300455	1.00048363	1.03064394	1.00879109	1.00631297	1.00227821	0.99847013	1.00293458
0.00573420	1.02038014	1.00422013	1.02420187	0.99697942	0.99433810	1.00032890	1.00014400	0.99856126
0.00614380	1.00579119	0.99597943	1.01323831	0.99877053	1.00062430	1.00074482	1.00213599	1.00024796
0.00655340	0.99519855	1.00266969	1.03556216	1.01032794	1.00103867	1.00375473	1.00131369	1.00170946
0.00737260	0.99092227	0.99499291	1.02284813	1.00364172	1.00024807	1.00123906	1.00301516	1.00156558
0.00819180	0.98773003	0.99693209	1.02581000	0.99737048	1.00214195	1.00207448	1.00037062	1.00202191
0.00901100	1.01072061	1.00629330	1.02470481	0.99475348	1.00574923	1.00174069	1.00051582	1.00090110
0.00983020	1.00390244	0.99724132	1.02875078	0.99697506	1.00784886	1.00272250	1.00166571	1.00101554
0.01064940	1.01462197	0.99896961	1.01633167	1.00348711	1.00604534	1.00163174	1.00109231	1.00254655
0.01146860	1.00718701	0.99758041	1.02220440	1.00061059	1.00178659	1.00108492	1.00118828	1.00114357
0.01228780	0.99718100	0.99551302	1.02186430	0.99654490	1.00414872	1.00265253	1.00093484	0.99971777
0.01310700	0.99783134	0.99423975	1.02497113	0.99994791	1.00583124	0.99949926	0.99896443	1.00237417
0.01474540	1.00235701	1.00002742	1.02641416	1.00353789	0.99679041	1.00147295	1.00134516	1.00178123
0.01638380	1.00974083	0.99964613	1.02091169	1.00081861	1.00280464	1.00074244	1.00304151	1.00126565
0.01802220	0.99475765	1.00368953	1.02376795	1.00072980	1.00080514	1.00072384	1.00164056	1.00066221
0.01966060	1.00000012	0.99786520	1.02548707	1.00311375	1.00009000	1.00150704	1.00214577	1.00190103
0.02129900	1.01184607	0.99759454	1.02266967	0.99902463	1.00027776	1.00340450	1.00379312	1.00142717
0.02293740	0.99603146	0.99353045	1.02116013	1.00004280	0.99814194	1.00111532	1.00168633	1.00161397
0.02457580	1.00647950	0.99360001	1.03004408	1.00075245	1.00184155	1.00165617	1.00206387	1.00305033
0.02621420	1.00012422	1.00614107	1.02477229	1.00260544	0.99621719	1.00223958	1.00214732	1.00150192
0.02949100	0.99605894	0.99891055	1.02376330	1.00088358	1.00130486	1.00097501	1.00183320	1.00178647
0.03276780	1.00259042	1.00319588	1.02395701	1.00031888	1.00120544	1.00117970	0.99986380	1.00118184
0.03604460	0.99533272	1.00100768	1.02298200	1.00130916	1.00029707	1.00157678	1.00204873	0.99992192
0.03932140	0.99831003	1.00309563	1.02316129	1.00250435	1.00066042	1.00152218	1.00399804	1.00049186
0.04259820	1.00389135	1.00040209	1.01979637	1.00289750	1.00085056	1.00151873	1.00121808	1.00128114
0.04587500	1.00251234	1.00033259	1.02267647	1.00218379	1.00102007	1.00116861	1.00316763	1.00060630
0.04915180	1.00747645	1.00070035	1.02502096	1.00114715	1.00202584	1.00228131	1.00082552	1.00120509
0.05242860	1.00223327	0.99929774	1.02330625	1.00251269	0.99949265	1.00117207	1.00102675	1.00123608
0.05898220	1.00120139	1.00156713	1.02423477	0.99971372	0.99881428	1.00150931	1.00137126	1.00032568
0.06553581	0.99965900	0.99551618	1.02326059	1.00141788	1.00215328	1.00113118	1.00164258	1.00061977
0.07208940	1.00296068	1.00032032	1.02192259	1.00169611	1.00211620	1.00126350	1.00107050	1.00126052
0.07864300	0.99876791	1.00180542	1.02120221	1.00152445	1.00008023	1.00137508	1.00114834	1.00179112
0.08519660	1.00192952	0.99780881	1.02343178	1.00296462	1.00040865	1.00147641	1.00179839	1.00082612
0.09175020	0.99608052	1.00038099	1.01993334	0.99900877	1.00180483	1.00110745	1.00247622	1.00106573
0.09830380	1.00209653	1.00072229	1.02171922	1.00293219	1.00149417	1.00120938	1.00213826	1.00119472
0.10485740	1.00279236	1.00043106	1.02260530	1.00183201	1.00095928	1.00148988	1.00163841	1.00083435
0.11796460	1.00099921	0.99966943	1.02301288	1.00211453	1.00276566	1.00066805	1.00125408	1.00033724
0.13107181	0.99996877	0.99972200	1.02071047	1.00150311	1.00195146	1.00195050	1.00143576	1.00103414
0.14417900	1.00007379	1.00034487	1.01951039	1.00060701	1.00093079	1.00106823	1.00230491	1.00113904
0.15728620	1.00048816	1.00131047	1.01977217	1.00000918	1.00165701	1.00145471	1.00159299	1.00087059
0.17039341	1.00055265	1.00063145	1.01803493	1.00015652	0.99990976	1.00132251	1.00169802	1.00081444
0.18350060	1.00160635	0.99860501	1.01831770	1.00138104	1.00324011	1.00144410	1.00153565	1.00093067
0.19660780	0.99962437	1.00137317	1.01846910	1.00044227	1.00200975	1.00159645	1.00143170	1.00027585
0.20971501	0.99971437	1.00060451	1.01548195	0.99968493	1.00138795	1.00123417	1.00150430	1.00021458
0.23592941	1.00042737	1.00049770	1.01555133	1.00102615	1.00065243	1.00130212	1.00148058	1.00087249
0.26214382	1.00180185	0.99981123	1.01419425	1.00015509	1.00228989	1.00128520	1.00104678	1.00080562
0.28835821	0.99581659	1.00166750	1.01211953	0.99991149	1.00095737	1.00128281	1.00128186	1.00060749
0.31457260	0.99964553	0.99784052	1.01074219	0.99991047	1.00230432	1.00103939	1.00131607	1.00075114
0.34078699	0.99850249	0.99941534	1.00829089	1.00011325	1.00115681	1.00097382	1.00111711	1.00033247
0.36700141	0.99665928	0.99966645	1.00525892	1.00058925	1.00100720	1.00073075	1.00095308	1.00071621
0.39321581	0.99832994	1.00023162	1.00535131	1.00046968	0.99961168	1.00089121	1.00082409	1.00060666
0.41943020	0.99877143	0.99841756	1.00236142	1.00024498	0.99977899	1.00061584	1.00086939	1.00037813
0.47185901	0.99910110	1.00056279	0.99876648	0.99980545	0.99956810	1.00071990	1.00034213	1.00049925
0.52428782	0.99979997	0.99879009	0.99552035	1.00079143	0.99954915	1.00039494	1.00063372	1.00035000
0.57671660	0.99942702	1.00001752	0.99195176	1.00038779	1.00008893	1.00056291	1.00030959	1.00021076
0.62914538	0.99832284	1.00028849	0.98882115	1.00050652	0.99868643	1.00015390	1.00005507	1.00004220
0.68157423	0.99924731	0.99904227	0.98658085	1.00039995	0.99995142	0.99993360	1.00002897	0.99980539
0.73400301	0.99832338	0.99936610	0.98447460	1.00058591	0.99848616	1.00009060	0.99993241	0.99976981
0.78643179	1.00028169	1.00040591	0.98378170	1.00031519	0.99843681	1.00002515	0.99986100	0.99973559
0.83886063	0.99888647	1.00147021	0.98245102	1.00023496	0.99865711	0.99979222	0.99974161	0.99992943
0.94371825	0.99936092	0.99901527	0.98454356	0.99974495	0.99839407	0.99953866	0.99946249	0.99969465
1.04857588	0.99801832	1.00067472	0.98914707	0.99932247	0.99907547	0.99970782	0.99951452	1.00002217
1.15343344	1.00038517	0.99937624	0.99370557	0.99970710	0.99824268	0.99956167	0.99948031	0.99984211
1.25829101	0.99974859	1.00075185	0.99854612	1.00001216	0.99987721	0.99982893	0.99963987	0.99989492
1.36314869	1.00338686	1.00023985	1.00299621	1.00034535	0.99946809	1.00002396	0.99982637	1.00000429
1.46800625	1.00097191	1.00008154	1.00569355	1.00008476	0.99913919	1.00016105	0.99991721	1.00006270
1.57286382	1.00165200	1.00017190	1.00825012	1.00026751	1.00122178	1.00022149	1.00003445	1.00018370
1.67772150	0.99917001	0.99994272	1.00699282	1.00013220	1.00017011	1.00014496	1.00016391	1.00007117
1.88743675	0.99977839	1.00045395	1.00009620	0.99991030	1.00100720	1.00037217	1.00028944	0.99995363
2.09715199	0.99956584	1.00015759	0.99442214	0.99979877	1.00101519	1.00050378	1.00059319	0.99978888
2.30686712	0.99793863	0.99986291	0.99376166	0.99965250	1.00034511	1.00015712	1.00032473	0.99973410
2.51658225	1.00100613	1.00014961	0.99820727	1.00009131	1.00039518	0.99969405	0.99967068	0.99962151
2.72629738	1.00086999	0.99974614	1.00298095	0.99987525	0.99977690	0.99916154	0.99887633	0.99974108
2.93601274	1.00075376	0.99970770	1.00787365	0.99908710	1.00012183	0.99881315	0.99862134	0.99953187
3.14572787	0.99924743	0.99987507	1.00700974	0.99893564	0.99959934	0.99906182	0.99871469	0.99971908
3.35544300	1.00046384	1.00000870	1.00603235	1.00049901	0.99944884	0.99956584	0.99935150	0.99962002
3.77487350	0.99961543	1.00068760	0.99783474	1.00024164	1.00002503	1.00029862	1.00065386	1.00038028
4.19430399	1.00176001	0.99992990	0.99649048	1.00000489	1.00059092	1.00009620	1.00011659	1.00048220
4.61373425	1.00013161	0.99917328	0.99783385	0.99975646	0.99973661	1.00034523	0.99948609	1.00025654
5.03316450	1.00000000	1.00000000	1.00000000	1.00000000	1.00000000	1.00000000	1.00000000	1.00000000
5.45259476	0.00000000	0.00000000	0.00000000	0.00000000	0.00000000	0.00000000	0.00000000	0.00000000
5.87202549	0.00000000	0.00000000	0.00000000	0.00000000	0.00000000	0.00000000	0.00000000	0.00000000
6.29145575	0.00000000	0.00000000	0.00000000	0.00000000	0.00000000	0.00000000	0.00000000	0.00000000
6.71088600	0.00000000	0.00000000	0.00000000	0.00000000	0.00000000	0.00000000	0.00000000	0.00000000
7.54974699	0.00000000	0.00000000	0.00000000	0.00000000	0.00000000	0.00000000	0.00000000	0.00000000
8.38860798	0.00000000	0.00000000	0.00000000	0.00000000	0.00000000	0.00000000	0.00000000	0.00000000
9.22746849	0.00000000	0.00000000	0.00000000	0.00000000	0.00000000	0.00000000	0.00000000	0.00000000
10.06632900	0.00000000	0.00000000	0.00000000	0.00000000	0.00000000	0.00000000	0.00000000	0.00000000
10.90518951	0.00000000	0.00000000	0.00000000	0.00000000	0.00000000	0.00000000	0.00000000	0.00000000
11.74405098	0.00000000	0.00000000	0.00000000	0.00000000	0.00000000	0.00000000	0.00000000	0.00000000
12.58291149	0.00000000	0.00000000	0.00000000	0.00000000	0.00000000	0.00000000	0.00000000	0.00000000
13.42177200	0.00000000	0.00000000	0.00000000	0.00000000	0.00000000	0.00000000	0.00000000	0.00000000
15.09949398	0.00000000	0.00000000	0.00000000	0.00000000	0.00000000	0.00000000	0.00000000	0.00000000
16.77721596	0.00000000	0.00000000	0.00000000	0.00000000	0.00000000	0.00000000	0.00000000	0.00000000
18.45493698	0.00000000	0.00000000	0.00000000	0.00000000	0.00000000	0.00000000	0.00000000	0.00000000
20.13265800	0.00000000	0.00000000	0.00000000	0.00000000	0.00000000	0.00000000	0.00000000	0.00000000
21.81037903	0.00000000	0.00000000	0.00000000	0.00000000	0.00000000	0.00000000	0.00000000	0.00000000
23.48810196	0.00000000	0.00000000	0.00000000	0.00000000	0.00000000	0.00000000	0.00000000	0.00000000
25.16582298	0.00000000	0.00000000	0.00000000	0.00000000	0.00000000	0.00000000	0.00000000	0.00000000
26.84354401	0.00000000	0.00000000	0.00000000	0.00000000	0.00000000	0.00000000	0.00000000	0.00000000
30.19898796	0.00000000	0.00000000	0.00000000	0.00000000	0.00000000	0.00000000	0.00000000	0.00000000
33.55443192	0.00000000	0.00000000	0.00000000	0.00000000	0.00000000	0.00000000	0.00000000	0.00000000
36.90987396	0.00000000	0.00000000	0.00000000	0.00000000	0.00000000	0.00000000	0.00000000	0.00000000
40.26531601	0.00000000	0.00000000	0.00000000	0.00000000	0.00000000	0.00000000	0.00000000	0.00000000
43.62075806	0.00000000	0.00000000	0.00000000	0.00000000	0.00000000	0.00000000	0.00000000	0.00000000
46.97620392	0.00000000	0.00000000	0.00000000	0.00000000	0.00000000	0.00000000	0.00000000	0.00000000
50.33164597	0.00000000	0.00000000	0.00000000	0.00000000	0.00000000	0.00000000	0.00000000	0.00000000
53.68708801	0.00000000	0.00000000	0.00000000	0.00000000	0.00000000	0.00000000	0.00000000	0.00000000
60.39797592	0.00000000	0.00000000	0.00000000	0.00000000	0.00000000	0.00000000	0.00000000	0.00000000
67.10886383	0.00000000	0.00000000	0.00000000	0.00000000	0.00000000	0.00000000	0.00000000	0.00000000
73.81974792	0.00000000	0.00000000	0.00000000	0.00000000	0.00000000	0.00000000	0.00000000	0.00000000
80.53063202	0.00000000	0.00000000	0.00000000	0.00000000	0.00000000	0.00000000	0.00000000	0.00000000
87.24151611	0.00000000	0.00000000	0.00000000	0.00000000	0.00000000	0.00000000	0.00000000	0.00000000
93.95240784	0.00000000	0.00000000	0.00000000	0.00000000	0.00000000	0.00000000	0.00000000	0.00000000
100.66329193	0.00000000	0.00000000	0.00000000	0.00000000	0.00000000	0.00000000	0.00000000	0.00000000
107.37417603	0.00000000	0.00000000	0.00000000	0.00000000	0.00000000	0.00000000	0.00000000	0.00000000
120.79595184	0.00000000	0.00000000	0.00000000	0.00000000	0.00000000	0.00000000	0.00000000	0.00000000
134.21772766	0.00000000	0.00000000	0.00000000	0.00000000	0.00000000	0.00000000	0.00000000	0.00000000
147.63949585	0.00000000	0.00000000	0.00000000	0.00000000	0.00000000	0.00000000	0.00000000	0.00000000
161.06126404	0.00000000	0.00000000	0.00000000	0.00000000	0.00000000	0.00000000	0.00000000	0.00000000
174.48303223	0.00000000	0.00000000	0.00000000	0.00000000	0.00000000	0.00000000	0.00000000	0.00000000
187.90481567	0.00000000	0.00000000	0.00000000	0.00000000	0.00000000	0.00000000	0.00000000	0.00000000
201.32658386	0.00000000	0.00000000	0.00000000	0.00000000	0.00000000	0.00000000	0.00000000	0.00000000
214.74835205	0.00000000	0.00000000	0.00000000	0.00000000	0.00000000	0.00000000	0.00000000	0.00000000
241.59190369	0.00000000	0.00000000	0.00000000	0.00000000	0.00000000	0.00000000	0.00000000	0.00000000
268.43545532	0.00000000	0.00000000	0.00000000	0.00000000	0.00000000	0.00000000	0.00000000	0.00000000
295.27899170	0.00000000	0.00000000	0.00000000	0.00000000	0.00000000	0.00000000	0.00000000	0.00000000
322.12252808	0.00000000	0.00000000	0.00000000	0.00000000	0.00000000	0.00000000	0.00000000	0.00000000
348.96606445	0.00000000	0.00000000	0.00000000	0.00000000	0.00000000	0.00000000	0.00000000	0.00000000
375.80963135	0.00000000	0.00000000	0.00000000	0.00000000	0.00000000	0.00000000	0.00000000	0.00000000
402.65316772	0.00000000	0.00000000	0.00000000	0.00000000	0.00000000	0.00000000	0.00000000	0.00000000
429.49670410	0.00000000	0.00000000	0.00000000	0.00000000	0.00000000	0.00000000	0.00000000	0.00000000
483.18380737	0.00000000	0.00000000	0.00000000	0.00000000	0.00000000	0.00000000	0.00000000	0.00000000
536.87091064	0.00000000	0.00000000	0.00000000	0.00000000	0.00000000	0.00000000	0.00000000	0.00000000
590.55798340	0.00000000	0.00000000	0.00000000	0.00000000	0.00000000	0.00000000	0.00000000	0.00000000
644.24505615	0.00000000	0.00000000	0.00000000	0.00000000	0.00000000	0.00000000	0.00000000	0.00000000
697.93212891	0.00000000	0.00000000	0.00000000	0.00000000	0.00000000	0.00000000	0.00000000	0.00000000
751.61926270	0.00000000	0.00000000	0.00000000	0.00000000	0.00000000	0.00000000	0.00000000	0.00000000
805.30633545	0.00000000	0.00000000	0.00000000	0.00000000	0.00000000	0.00000000	0.00000000	0.00000000
858.99340820	0.00000000	0.00000000	0.00000000	0.00000000	0.00000000	0.00000000	0.00000000	0.00000000
966.36761475	0.00000000	0.00000000	0.00000000	0.00000000	0.00000000	0.00000000	0.00000000	0.00000000
1073.74182129	0.00000000	0.00000000	0.00000000	0.00000000	0.00000000	0.00000000	0.00000000	0.00000000
1181.11596680	0.00000000	0.00000000	0.00000000	0.00000000	0.00000000	0.00000000	0.00000000	0.00000000
1288.49011230	0.00000000	0.00000000	0.00000000	0.00000000	0.00000000	0.00000000	0.00000000	0.00000000
1395.86425781	0.00000000	0.00000000	0.00000000	0.00000000	0.00000000	0.00000000	0.00000000	0.00000000
1503.23852539	0.00000000	0.00000000	0.00000000	0.00000000	0.00000000	0.00000000	0.00000000	0.00000000
1610.61267090	0.00000000	0.00000000	0.00000000	0.00000000	0.00000000	0.00000000	0.00000000	0.00000000
1717.98681641	0.00000000	0.00000000	0.00000000	0.00000000	0.00000000	0.00000000	0.00000000	0.00000000
1932.73522949	0.00000000	0.00000000	0.00000000	0.00000000	0.00000000	0.00000000	0.00000000	0.00000000
2147.48364258	0.00000000	0.00000000	0.00000000	0.00000000	0.00000000	0.00000000	0.00000000	0.00000000
2362.23193359	0.00000000	0.00000000	0.00000000	0.00000000	0.00000000	0.00000000	0.00000000	0.00000000
2576.98022461	0.00000000	0.00000000	0.00000000	0.00000000	0.00000000	0.00000000	0.00000000	0.00000000
2791.72851562	0.00000000	0.00000000	0.00000000	0.00000000	0.00000000	0.00000000	0.00000000	0.00000000
3006.47705078	0.00000000	0.00000000	0.00000000	0.00000000	0.00000000	0.00000000	0.00000000	0.00000000
3221.22534180	0.00000000	0.00000000	0.00000000	0.00000000	0.00000000	0.00000000	0.00000000	0.00000000
3435.97363281	0.00000000	0.00000000	0.00000000	0.00000000	0.00000000	0.00000000	0.00000000	0.00000000
0	0	0	0	0	0	0	0	0
